0 	1
0.0007 	1
0.0014 	1
0.0021 	1
0.0028 	1
0.0035 	1
0.0042 	1
0.0049 	1
0.0056 	1
0.0063 	1
0.007 	1
0.0077 	1
0.0084 	1
0.0091 	1
0.0098 	1
0.0105 	1
0.0112 	1
0.0119 	1
0.0126 	1
0.0133 	1
0.014 	1
0.0147 	1
0.0154 	1
0.0161 	1
0.0168 	1
0.0175 	1
0.0182 	1
0.0189 	1
0.0196 	1
0.0203 	1
0.021 	1
0.0217 	1
0.0224 	1
0.0231 	1
0.0238 	1
0.0245 	1
0.0252 	1
0.0259 	1
0.0266 	1
0.0273 	1
0.028 	1
0.0287 	1
0.0294 	1
0.0301 	1
0.0308 	1
0.0315 	1
0.0322 	1
0.0329 	1
0.0336 	1
0.0343 	1
0.035 	1
0.0357 	1
0.0364 	1
0.0371 	1
0.0378 	1
0.0385 	1
0.0392 	1
0.0399 	1
0.0406 	1
0.0413 	1
0.042 	1
0.0427 	1
0.0434 	1
0.0441 	1
0.0448 	1
0.0455 	1
0.0462 	1
0.0469 	1
0.0476 	1
0.0483 	1
0.049 	1
0.0497 	1
0.0504 	1
0.0511 	1
0.0518 	1
0.0525 	1
0.0532 	1
0.0539 	1
0.0546 	1
0.0553 	1
0.056 	1
0.0567 	1
0.0574 	1
0.0581 	1
0.0588 	1
0.0595 	1
0.0602 	1
0.0609 	1
0.0616 	1
0.0623 	1
0.063 	1
0.0637 	1
0.0644 	1
0.0651 	1
0.0658 	1
0.0665 	1
0.0672 	1
0.0679 	1
0.0686 	1
0.0693 	1
0.07 	1
0.0707 	1
0.0714 	1
0.0721 	1
0.0728 	1
0.0735 	1
0.0742 	1
0.0749 	1
0.0756 	1
0.0763 	1
0.077 	1
0.0777 	1
0.0784 	1
0.0791 	1
0.0798 	1
0.0805 	1
0.0812 	1
0.0819 	1
0.0826 	1
0.0833 	1
0.084 	1
0.0847 	1
0.0854 	1
0.0861 	1
0.0868 	1
0.0875 	1
0.0882 	1
0.0889 	1
0.0896 	1
0.0903 	1
0.091 	1
0.0917 	1
0.0924 	1
0.0931 	1
0.0938 	1
0.0945 	1
0.0952 	1
0.0959 	1
0.0966 	1
0.0973 	1
0.098 	1
0.0987 	1
0.0994 	1
0.1001 	1
0.1008 	1
0.1015 	1
0.1022 	1
0.1029 	1
0.1036 	1
0.1043 	1
0.105 	1
0.1057 	1
0.1064 	1
0.1071 	1
0.1078 	1
0.1085 	1
0.1092 	1
0.1099 	1
0.1106 	1
0.1113 	1
0.112 	1
0.1127 	1
0.1134 	1
0.1141 	1
0.1148 	1
0.1155 	1
0.1162 	1
0.1169 	1
0.1176 	1
0.1183 	1
0.119 	1
0.1197 	1
0.1204 	1
0.1211 	1
0.1218 	1
0.1225 	1
0.1232 	1
0.1239 	1
0.1246 	1
0.1253 	1
0.126 	1
0.1267 	1
0.1274 	1
0.1281 	1
0.1288 	1
0.1295 	1
0.1302 	1
0.1309 	1
0.1316 	1
0.1323 	1
0.133 	1
0.1337 	1
0.1344 	1
0.1351 	1
0.1358 	1
0.1365 	1
0.1372 	1
0.1379 	1
0.1386 	1
0.1393 	1
0.14 	1
0.1407 	0.999999
0.1414 	0.999999
0.1421 	0.999999
0.1428 	0.999999
0.1435 	0.999999
0.1442 	0.999999
0.1449 	0.999999
0.1456 	0.999999
0.1463 	0.999999
0.147 	0.999999
0.1477 	0.999999
0.1484 	0.999999
0.1491 	0.999999
0.1498 	0.999999
0.1505 	1
0.1512 	1
0.1519 	1
0.1526 	1
0.1533 	1
0.154 	1
0.1547 	0.999999
0.1554 	0.999999
0.1561 	0.999999
0.1568 	0.999999
0.1575 	0.999999
0.1582 	0.999998
0.1589 	0.999998
0.1596 	0.999998
0.1603 	0.999997
0.161 	0.999997
0.1617 	0.999997
0.1624 	0.999996
0.1631 	0.999996
0.1638 	0.999995
0.1645 	0.999995
0.1652 	0.999995
0.1659 	0.999994
0.1666 	0.999994
0.1673 	0.999994
0.168 	0.999994
0.1687 	0.999994
0.1694 	0.999994
0.1701 	0.999994
0.1708 	0.999994
0.1715 	0.999994
0.1722 	0.999994
0.1729 	0.999994
0.1736 	0.999995
0.1743 	0.999995
0.175 	0.999995
0.1757 	0.999995
0.1764 	0.999996
0.1771 	0.999996
0.1778 	0.999996
0.1785 	0.999997
0.1792 	0.999997
0.1799 	0.999998
0.1806 	0.999998
0.1813 	0.999998
0.182 	0.999998
0.1827 	0.999998
0.1834 	0.999998
0.1841 	0.999999
0.1848 	0.999999
0.1855 	0.999999
0.1862 	0.999999
0.1869 	0.999999
0.1876 	0.999999
0.1883 	0.999998
0.189 	0.999998
0.1897 	0.999998
0.1904 	0.999998
0.1911 	0.999998
0.1918 	0.999998
0.1925 	0.999998
0.1932 	0.999998
0.1939 	0.999999
0.1946 	0.999999
0.1953 	0.999999
0.196 	0.999999
0.1967 	0.999999
0.1974 	1
0.1981 	1
0.1988 	1
0.1995 	1
0.2002 	1
0.2009 	0.999999
0.2016 	0.99746
0.2023 	0.991992
0.203 	0.966602
0.2044 	0.900047
0.2058 	0.87053
0.2065 	0.879793
0.2072 	0.907672
0.2079 	0.933521
0.2093 	0.950922
0.21 	0.935502
0.2114 	0.903314
0.2121 	0.906279
0.2135 	0.910858
0.2149 	0.891663
0.2163 	0.803733
0.2177 	0.505498
0.2191 	0.173689
0.2205 	0.0317182
0.2219 	0.00446022
0.2233 	0.000565477
0.2247 	6.53605e-05
0.2254 	2.04392e-05
0.2261 	8.68202e-06
0.2268 	6.15546e-06
0.2282 	6.17029e-06
0.2296 	6.45831e-06
0.231 	6.71802e-06
0.2324 	6.36111e-06
0.2338 	6.23104e-06
0.2352 	9.23797e-06
0.2359 	9.81923e-06
0.2366 	9.10003e-06
0.238 	5.8281e-06
0.2387 	4.88261e-06
0.2401 	1.57314e-05
0.2415 	6.38506e-05
0.2429 	9.21155e-05
0.2443 	6.05371e-05
0.2457 	2.1279e-05
0.2471 	8.32966e-06
0.2485 	9.17159e-06
0.2499 	1.3907e-05
0.2513 	1.98244e-05
0.2527 	1.95417e-05
0.2541 	1.15866e-05
0.2555 	6.27177e-06
0.2562 	7.52463e-06
0.2576 	1.35905e-05
0.259 	1.45238e-05
0.2604 	1.33573e-05
0.2611 	1.28056e-05
0.2625 	1.07009e-05
0.2639 	6.37419e-06
0.2653 	3.66067e-06
0.2667 	2.52057e-06
0.2681 	1.12355e-06
0.2695 	1.97275e-07
0.2702 	3.12226e-08
0.2716 	1.26416e-08
0.273 	2.63361e-08
0.2737 	3.39514e-08
0.2744 	5.91684e-08
0.2758 	3.02932e-07
0.2772 	7.2594e-07
0.2779 	8.29667e-07
0.2786 	8.46162e-07
0.2793 	8.04303e-07
0.2807 	7.16863e-07
0.2821 	6.10628e-07
0.2828 	5.0115e-07
0.2842 	2.04453e-07
0.2849 	9.00898e-08
0.2856 	5.85124e-08
0.2863 	4.12015e-08
0.2877 	1.97278e-08
0.2891 	5.68978e-09
0.2905 	2.7696e-09
0.2919 	2.66427e-09
0.2933 	2.14642e-09
0.2947 	1.58389e-09
0.2954 	1.76845e-09
0.2968 	2.66678e-09
0.2982 	2.69322e-09
0.2996 	1.64796e-09
0.301 	9.27567e-10
0.3024 	1.14022e-09
0.3038 	1.52176e-09
0.3052 	2.72959e-09
0.3059 	5.55845e-09
0.3073 	2.70655e-08
0.3087 	4.42611e-08
0.3101 	3.33699e-08
0.3115 	2.02957e-08
0.3129 	7.2222e-09
0.3136 	2.65992e-09
0.315 	1.83395e-09
0.3164 	1.19608e-08
0.3171 	1.70328e-08
0.3178 	2.12465e-08
0.3185 	2.43155e-08
0.3199 	3.53511e-08
0.3206 	3.71616e-08
0.3213 	3.79194e-08
0.3227 	2.98324e-08
0.3241 	1.62622e-08
0.3255 	3.82055e-09
0.3269 	2.31799e-09
0.3276 	1.03621e-08
0.3283 	5.66801e-08
0.329 	2.18768e-07
0.3304 	1.14801e-06
0.3318 	2.12504e-06
0.3325 	2.28695e-06
0.3339 	1.60801e-06
0.3353 	1.01864e-06
0.3367 	3.75298e-07
0.3381 	4.54468e-08
0.3395 	1.13453e-09
0.3409 	7.47496e-12
0.3423 	5.70597e-12
0.343 	6.52851e-12
0.3437 	7.28579e-12
0.3444 	7.60993e-12
0.3458 	7.80923e-12
0.3465 	7.63534e-12
0.3479 	6.52115e-12
0.3493 	4.36678e-12
0.3507 	1.95631e-12
0.3521 	4.83089e-13
0.3535 	5.07453e-14
0.3549 	2.02659e-15
0.3556 	7.61176e-16
0.3563 	5.17959e-16
0.3577 	2.65036e-16
0.3591 	8.03704e-17
0.3598 	3.1599e-17
0.3612 	1.78426e-18
0.3619 	5.53017e-19
0.3633 	1.01154e-20
0.3647 	8.77241e-22
0.3661 	4.50378e-22
0.3675 	2.1833e-22
0.3689 	1.62835e-22
0.3696 	1.58776e-22
0.371 	1.55898e-22
0.3717 	1.55501e-22
0.3731 	1.5424e-22
0.3745 	1.51025e-22
0.3759 	1.43557e-22
0.3773 	1.28461e-22
0.378 	1.16189e-22
0.3787 	1.02421e-22
0.3801 	6.58417e-23
0.3815 	3.06201e-23
0.3829 	9.37241e-24
0.3843 	1.9787e-24
0.3857 	5.93372e-25
0.3871 	4.11094e-25
0.3885 	3.15736e-25
0.3899 	1.99523e-25
0.3913 	8.83103e-26
0.3927 	2.61097e-26
0.3941 	6.09849e-27
0.3948 	3.35711e-27
0.3955 	2.12634e-27
0.3969 	1.17697e-27
0.3976 	8.90298e-28
0.399 	4.95707e-28
0.3997 	3.53954e-28
0.4004 	2.46234e-28
0.4011 	1.64039e-28
0.4025 	7.14019e-29
0.4039 	3.19553e-29
0.4053 	1.29193e-29
0.4067 	4.16819e-30
0.4081 	9.44551e-31
0.4095 	1.51422e-31
0.4109 	3.70631e-32
0.4116 	2.80321e-32
0.4123 	2.51971e-32
0.4137 	2.24551e-32
0.4151 	2.04598e-32
0.4165 	1.87028e-32
0.4172 	1.78517e-32
0.4179 	1.70107e-32
0.4186 	1.61773e-32
0.4193 	1.52851e-32
0.4207 	1.33101e-32
0.4221 	1.08648e-32
0.4228 	9.41815e-33
0.4242 	6.11244e-33
0.4256 	2.9051e-33
0.427 	8.30854e-34
0.4277 	2.78326e-34
0.4291 	2.05407e-35
0.4298 	7.11364e-36
0.4312 	2.36586e-36
0.4326 	1.83445e-36
0.434 	1.14912e-36
0.4354 	4.62147e-37
0.4368 	9.45553e-38
0.4382 	7.17076e-39
0.4396 	1.63315e-40
0.441 	1.20049e-41
0.4424 	3.789e-42
0.4438 	6.01303e-43
0.4452 	2.01063e-43
0.4466 	1.1652e-43
0.448 	5.09547e-44
0.4494 	1.30331e-44
0.4501 	3.74196e-45
0.4515 	7.03897e-46
0.4529 	2.65918e-46
0.4536 	2.51029e-46
0.4543 	2.35494e-46
0.4557 	1.94503e-46
0.4571 	1.16485e-46
0.4585 	3.90657e-47
0.4599 	5.50152e-48
0.4613 	2.10757e-49
0.4627 	4.29476e-50
0.4634 	3.52383e-50
0.4648 	1.61211e-50
0.4662 	3.00879e-51
0.4676 	2.43097e-52
0.469 	1.0631e-52
0.4697 	9.94683e-53
0.4711 	9.25001e-53
0.4725 	6.05808e-53
0.4739 	2.38552e-53
0.4746 	1.14802e-53
0.476 	9.97655e-55
0.4774 	5.07768e-56
0.4788 	4.23414e-56
0.4802 	2.55007e-56
0.4816 	8.08326e-57
0.483 	1.11495e-57
0.4844 	4.4225e-59
0.4858 	2.24197e-61
0.4872 	6.55099e-63
0.4886 	1.11631e-62
0.49 	1.30354e-62
0.4914 	1.19716e-62
0.4928 	9.97539e-63
0.4942 	8.62041e-63
0.4956 	6.82488e-63
0.497 	4.10523e-63
0.4977 	2.69221e-63
0.4991 	1.19229e-63
0.4998 	5.31189e-64
0.5012 	6.72745e-65
0.5026 	8.65093e-66
0.504 	6.14822e-66
0.5054 	7.12421e-66
0.5068 	6.81338e-66
0.5075 	5.33447e-66
0.5089 	1.83722e-66
0.5103 	3.67177e-67
0.511 	1.51507e-67
0.5124 	4.09367e-68
0.5138 	3.33699e-68
0.5152 	2.47786e-68
0.5166 	1.26872e-68
0.5173 	7.02681e-69
0.5187 	9.88994e-70
0.5201 	2.10646e-71
0.5215 	-7.99777e-72
0.5229 	-1.13184e-71
0.5243 	-1.41029e-71
0.5257 	-1.6156e-71
0.5271 	-1.75153e-71
0.5285 	-1.82513e-71
0.5299 	-1.84499e-71
0.5306 	-1.83415e-71
0.532 	-1.79032e-71
0.5334 	-1.71676e-71
0.5341 	-1.67135e-71
0.5355 	-1.56753e-71
0.5369 	-1.45285e-71
0.5383 	-1.33266e-71
0.539 	-1.27193e-71
0.5397 	-1.21123e-71
0.5404 	-1.15124e-71
0.5411 	-1.0918e-71
0.5418 	-1.03407e-71
0.5432 	-9.22363e-72
0.5439 	-8.68635e-72
0.5453 	-7.67868e-72
0.5467 	-6.75079e-72
0.5474 	-6.31191e-72
0.5481 	-5.90491e-72
0.5495 	-5.14069e-72
0.5509 	-4.45568e-72
0.5523 	-3.84601e-72
0.5537 	-3.30684e-72
0.5551 	-2.83666e-72
0.5565 	-2.42698e-72
0.5579 	-2.07004e-72
0.5593 	-1.76036e-72
0.5607 	-1.49271e-72
0.5614 	-1.37121e-72
0.5628 	-1.15923e-72
0.5642 	-9.77473e-73
0.5649 	-8.95066e-73
0.5663 	-7.51375e-73
0.567 	-6.89634e-73
0.5684 	-5.77043e-73
0.5698 	-4.8161e-73
0.5712 	-4.00935e-73
0.5726 	-3.33613e-73
0.574 	-2.7723e-73
0.5754 	-2.29845e-73
0.5768 	-1.90116e-73
0.5782 	-1.56886e-73
0.5789 	-1.42115e-73
0.5803 	-1.17058e-73
0.581 	-1.06086e-73
0.5824 	-8.69251e-74
0.5838 	-7.11421e-74
0.5852 	-5.82399e-74
0.5859 	-5.26859e-74
0.5873 	-4.29102e-74
0.588 	-3.87817e-74
0.5887 	-3.48682e-74
0.5901 	-2.83453e-74
0.5915 	-2.30264e-74
0.5929 	-1.8668e-74
0.5936 	-1.67607e-74
0.5943 	-1.51046e-74
0.595 	-1.35169e-74
0.5964 	-1.09254e-74
0.5971 	-9.82972e-75
0.5985 	-7.90615e-75
0.5999 	-6.34661e-75
0.6006 	-5.70636e-75
0.6013 	-5.09248e-75
0.6027 	-4.09149e-75
0.6041 	-3.28206e-75
0.6055 	-2.62872e-75
0.6069 	-2.10227e-75
0.6076 	-1.87244e-75
0.609 	-1.49759e-75
0.6097 	-1.33877e-75
0.6111 	-1.0662e-75
0.6125 	-8.48064e-76
0.6139 	-6.77189e-76
0.6153 	-5.40348e-76
0.616 	-4.82188e-76
0.6167 	-4.30904e-76
0.6174 	-3.83436e-76
0.6181 	-3.43473e-76
0.6195 	-2.73718e-76
0.6209 	-2.18124e-76
0.6223 	-1.73857e-76
0.6237 	-1.3864e-76
0.6251 	-1.11011e-76
0.6265 	-8.9143e-77
0.6272 	-7.99292e-77
0.6286 	-6.41774e-77
0.63 	-5.16247e-77
0.6307 	-4.66181e-77
0.6314 	-4.18066e-77
0.6321 	-3.77096e-77
0.6335 	-3.05702e-77
0.6349 	-2.4837e-77
0.6363 	-2.02488e-77
0.6377 	-1.65839e-77
0.6384 	-1.50272e-77
0.6398 	-1.23079e-77
0.6412 	-1.00883e-77
0.6426 	-8.29117e-78
0.6433 	-7.53387e-78
0.6447 	-6.18253e-78
0.6461 	-5.06575e-78
0.6475 	-4.14128e-78
0.6489 	-3.38801e-78
0.6503 	-2.76219e-78
0.6517 	-2.24277e-78
0.6531 	-1.81248e-78
0.6545 	-1.457e-78
0.6559 	-1.16437e-78
0.6573 	-9.24522e-79
0.658 	-8.23982e-79
0.6594 	-6.49073e-79
0.6608 	-5.07503e-79
0.6622 	-3.93671e-79
0.6636 	-3.02792e-79
0.665 	-2.30799e-79
0.6664 	-1.75449e-79
0.6678 	-1.32182e-79
0.6692 	-9.86534e-80
0.6706 	-7.29049e-80
0.672 	-5.33201e-80
0.6734 	-3.85717e-80
0.6741 	-3.26858e-80
0.6748 	-2.75824e-80
0.6762 	-1.9484e-80
0.6776 	-1.36912e-80
0.6783 	-1.15165e-80
0.6797 	-7.93635e-81
0.6811 	-5.39604e-81
0.6825 	-3.61683e-81
0.6839 	-2.42551e-81
0.6846 	-1.98795e-81
0.686 	-1.29736e-81
0.6874 	-8.33737e-82
0.6888 	-5.30424e-82
0.6902 	-3.36752e-82
0.6916 	-2.10811e-82
0.693 	-1.3006e-82
0.6944 	-7.91547e-83
0.6951 	-6.03989e-83
0.6958 	-4.77976e-83
0.6972 	-2.95107e-83
0.6986 	-1.96508e-83
0.6993 	-1.7662e-83
0.7 	-1.62901e-83
