0 	1
0.0007 	1
0.0014 	1
0.0028 	1
0.0035 	1
0.0042 	1
0.0049 	1
0.0056 	1
0.0063 	1
0.007 	1
0.0077 	1
0.0084 	1
0.0091 	1
0.0098 	1
0.0112 	1
0.0119 	1
0.0133 	1
0.014 	1
0.0147 	1
0.0154 	1
0.0161 	1
0.0168 	1
0.0175 	1
0.0182 	1
0.0189 	1
0.0196 	1
0.0203 	1
0.021 	1
0.0217 	1
0.0224 	1
0.0231 	1
0.0238 	1
0.0245 	1
0.0252 	1
0.0266 	1
0.0273 	1
0.028 	1
0.0287 	1
0.0294 	1
0.0301 	1
0.0315 	1
0.0329 	1
0.0336 	1
0.0343 	1
0.035 	1
0.0357 	1
0.0364 	1
0.0371 	1
0.0378 	1
0.0385 	1
0.0392 	1
0.0399 	1
0.0406 	1
0.0413 	1
0.042 	1
0.0427 	1
0.0434 	1
0.0441 	1
0.0448 	1
0.0455 	1
0.0462 	1
0.0469 	1
0.0476 	1
0.0483 	1
0.049 	1
0.0497 	1
0.0511 	1
0.0518 	1
0.0525 	1
0.0532 	1
0.0539 	1
0.0546 	1
0.0553 	1
0.056 	1
0.0567 	1
0.0574 	1
0.0581 	1
0.0588 	1
0.0595 	1
0.0602 	1
0.0609 	1
0.0616 	1
0.0623 	1
0.063 	1
0.0637 	1
0.0644 	1
0.0651 	1
0.0658 	1
0.0665 	1
0.0672 	1
0.0679 	1
0.0686 	1
0.0693 	1
0.07 	1
0.0707 	1
0.0714 	1
0.0721 	1
0.0728 	1
0.0735 	1
0.0742 	1
0.0749 	1
0.0756 	1
0.0763 	1
0.077 	1
0.0777 	1
0.0784 	1
0.0791 	1
0.0798 	1
0.0805 	1
0.0812 	1
0.0826 	1
0.0833 	1
0.084 	1
0.0847 	1
0.0854 	1
0.0861 	1
0.0868 	1
0.0882 	1
0.0889 	1
0.0896 	1
0.0903 	1
0.091 	1
0.0917 	1
0.0924 	1
0.0931 	1
0.0938 	1
0.0945 	1
0.0952 	1
0.0959 	1
0.0966 	1
0.0973 	1
0.098 	1
0.0987 	1
0.0994 	1
0.1001 	1
0.1015 	1
0.1029 	1
0.1036 	1
0.1043 	1
0.105 	1
0.1057 	1
0.1064 	1
0.1071 	1
0.1078 	1
0.1085 	1
0.1092 	1
0.1099 	1
0.1106 	1
0.1113 	1
0.112 	1
0.1127 	1
0.1134 	1
0.1141 	1
0.1148 	1
0.1155 	1
0.1169 	1
0.1176 	1
0.1183 	1
0.119 	1
0.1197 	1
0.1204 	1
0.1211 	1
0.1218 	1
0.1225 	1
0.1232 	1
0.1239 	1
0.1246 	1
0.1253 	1
0.126 	1
0.1267 	1
0.1274 	1
0.1281 	1
0.1288 	1
0.1295 	1
0.1302 	1
0.1309 	1
0.1316 	1
0.1323 	1
0.133 	1
0.1337 	1
0.1344 	1
0.1351 	1
0.1358 	1
0.1365 	1
0.1372 	1
0.1379 	1
0.1386 	1
0.1393 	1
0.14 	1
0.1407 	1
0.1414 	1
0.1421 	1
0.1428 	1
0.1435 	1
0.1442 	1
0.1449 	1
0.1456 	1
0.1463 	1
0.147 	1
0.1477 	1
0.1484 	1
0.1491 	1
0.1498 	1
0.1505 	1
0.1512 	1
0.1519 	1
0.1526 	1
0.1533 	1
0.154 	1
0.1547 	1
0.1554 	1
0.1561 	1
0.1568 	1
0.1575 	1
0.1582 	1
0.1589 	1
0.1596 	1
0.1603 	1
0.161 	1
0.1617 	1
0.1624 	1
0.1631 	1
0.1638 	1
0.1645 	1
0.1652 	1
0.1659 	1
0.1666 	1
0.1673 	1
0.168 	1
0.1687 	1
0.1694 	1
0.1701 	1
0.1708 	1
0.1715 	1
0.1722 	1
0.1736 	1
0.1743 	1
0.175 	1
0.1757 	1
0.1764 	1
0.1771 	1
0.1785 	1
0.1792 	1
0.1799 	1
0.1806 	1
0.1813 	1
0.182 	1
0.1827 	1
0.1834 	1
0.1841 	1
0.1848 	1
0.1855 	1
0.1869 	1
0.1876 	1
0.1883 	1
0.189 	1
0.1897 	1
0.1904 	1
0.1911 	1
0.1918 	1
0.1925 	1
0.1932 	1
0.1939 	1
0.1946 	1
0.1953 	1
0.196 	1
0.1967 	1
0.1974 	1
0.1981 	1
0.1988 	1
0.1995 	1
0.2002 	1
0.2009 	1
0.2016 	1
0.2023 	1
0.203 	1
0.2037 	1
0.2044 	1
0.2051 	1
0.2065 	1
0.2072 	1
0.2079 	1
0.2086 	1
0.2093 	1
0.21 	1
0.2107 	1
0.2114 	1
0.2121 	1
0.2128 	1
0.2135 	1
0.2142 	1
0.2149 	1
0.2163 	1
0.217 	1
0.2177 	1
0.2184 	1
0.2191 	1
0.2198 	1
0.2205 	1
0.2212 	1
0.2219 	1
0.2226 	1
0.2233 	1
0.224 	1
0.2247 	1
0.2254 	1
0.2261 	1
0.2268 	1
0.2275 	1
0.2282 	1
0.2289 	1
0.2296 	1
0.2303 	1
0.231 	1
0.2317 	1
0.2324 	1
0.2331 	1
0.2338 	1
0.2345 	1
0.2352 	1
0.2366 	1
0.2373 	1
0.238 	1
0.2387 	1
0.2394 	1
0.2401 	1
0.2408 	1
0.2415 	1
0.2422 	1
0.2429 	1
0.2436 	1
0.2443 	1
0.245 	1
0.2457 	1
0.2464 	0.999999
0.2471 	0.999999
0.2478 	0.999999
0.2485 	0.999998
0.2492 	0.999998
0.2499 	0.999998
0.2506 	0.999996
0.2513 	0.999993
0.252 	0.999991
0.2527 	0.999989
0.2534 	0.999986
0.2541 	0.999984
0.2548 	0.999981
0.2555 	0.999964
0.2569 	0.999918
0.2576 	0.999894
0.2583 	0.999871
0.259 	0.999848
0.2597 	0.999824
0.2604 	0.999665
0.2611 	0.999404
0.2618 	0.999143
0.2625 	0.998882
0.2632 	0.998621
0.2639 	0.99836
0.2646 	0.9981
0.2653 	0.99598
0.266 	0.991381
0.2667 	0.986783
0.2674 	0.982185
0.2681 	0.977587
0.2688 	0.972989
0.2695 	0.968391
0.2702 	0.953927
0.2716 	0.875668
0.2723 	0.83654
0.273 	0.797412
0.2737 	0.758283
0.2744 	0.719155
0.2751 	0.676845
0.2758 	0.615444
0.2765 	0.554044
0.2772 	0.492643
0.2779 	0.431242
0.2786 	0.369841
0.2793 	0.308441
0.28 	0.24704
0.2807 	0.216606
0.2814 	0.186171
0.2821 	0.155736
0.2828 	0.1253
0.2835 	0.0948644
0.2842 	0.0644288
0.2849 	0.0339932
0.2856 	0.0262381
0.2863 	0.0222631
0.2877 	0.0143125
0.2891 	0.00636187
0.2898 	0.00238656
0.2905 	0.00112743
0.2912 	0.000954763
0.2919 	0.000782078
0.2926 	0.000609393
0.2933 	0.000436707
0.294 	0.000264021
0.2947 	9.13354e-05
0.2954 	1.59463e-05
0.2961 	1.35297e-05
0.2968 	1.11128e-05
0.2975 	8.69587e-06
0.2982 	6.27891e-06
0.2989 	3.86196e-06
0.2996 	1.445e-06
0.3003 	6.00496e-08
0.301 	5.11148e-08
0.3017 	4.21786e-08
0.3024 	3.32417e-08
0.3031 	2.43048e-08
0.3038 	1.53679e-08
0.3045 	6.43101e-09
0.3052 	4.56039e-11
0.3059 	3.89562e-11
0.3066 	3.23074e-11
0.3073 	2.56573e-11
0.308 	1.90072e-11
0.3087 	1.23571e-11
0.3094 	5.70697e-12
0.3101 	6.76106e-15
0.3108 	5.91672e-15
0.3115 	5.07223e-15
0.3122 	4.22747e-15
0.3129 	3.38271e-15
0.3136 	2.53795e-15
0.3143 	1.69318e-15
0.315 	8.48421e-16
0.3157 	7.98078e-16
0.3164 	7.47737e-16
0.3178 	6.4708e-16
0.3185 	5.96752e-16
0.3192 	5.46423e-16
0.3199 	4.96095e-16
0.3206 	4.57099e-16
0.3213 	4.19993e-16
0.322 	3.82884e-16
0.3227 	3.45775e-16
0.3234 	3.08666e-16
0.3241 	2.71557e-16
0.3248 	2.34448e-16
0.3255 	2.0704e-16
0.3262 	1.83511e-16
0.3269 	1.59964e-16
0.3276 	1.36415e-16
0.3283 	1.12867e-16
0.329 	8.93183e-17
0.3297 	6.57697e-17
0.3304 	5.16026e-17
0.3311 	4.44717e-17
0.3318 	3.73293e-17
0.3325 	3.01838e-17
0.3332 	2.30383e-17
0.3339 	1.58927e-17
0.3346 	8.74719e-18
0.3353 	4.38912e-18
0.336 	3.74768e-18
0.3367 	3.10462e-18
0.3374 	2.46066e-18
0.3381 	1.8167e-18
0.3388 	1.17275e-18
0.3395 	5.28787e-19
0.3402 	6.6081e-20
0.3409 	5.65078e-20
0.3416 	4.6903e-20
0.3423 	3.72667e-20
0.343 	2.76304e-20
0.3437 	1.79941e-20
0.3444 	8.35777e-21
0.3451 	9.61294e-23
0.3458 	8.25019e-23
0.3465 	6.88258e-23
0.3472 	5.50623e-23
0.3479 	4.12988e-23
0.3486 	2.75353e-23
0.3493 	1.37718e-23
0.35 	8.33902e-27
0.3507 	7.18369e-27
0.3514 	6.0249e-27
0.3521 	4.85343e-27
0.3528 	3.68197e-27
0.3535 	2.5105e-27
0.3542 	1.33904e-27
0.3549 	1.67576e-28
0.3556 	1.97269e-31
0.3563 	1.66233e-31
0.357 	1.34784e-31
0.3577 	1.03336e-31
0.3584 	7.18876e-32
0.3591 	4.04392e-32
0.3598 	8.99086e-33
0.3605 	5.06007e-36
0.3619 	3.49406e-36
0.3626 	2.70511e-36
0.3633 	1.91616e-36
0.364 	1.12721e-36
0.3647 	3.38256e-37
0.3654 	1.24305e-40
0.3661 	1.05604e-40
0.3668 	8.66961e-41
0.3675 	6.7732e-41
0.3682 	4.87679e-41
0.3689 	2.98038e-41
0.3696 	1.08397e-41
0.3703 	2.92411e-45
0.371 	2.49341e-45
0.3717 	2.05885e-45
0.3724 	1.62214e-45
0.3731 	1.18543e-45
0.3738 	7.48714e-46
0.3745 	3.12004e-46
0.3752 	6.49143e-50
0.3759 	5.5551e-50
0.3766 	4.61217e-50
0.3773 	3.66263e-50
0.378 	2.7131e-50
0.3787 	1.76356e-50
0.3794 	8.14025e-51
0.3801 	1.34478e-54
0.3808 	1.15477e-54
0.3815 	9.6378e-55
0.3822 	7.71029e-55
0.3829 	5.78278e-55
0.3836 	3.85527e-55
0.3843 	1.92777e-55
0.385 	2.59619e-59
0.3857 	2.23672e-59
0.3864 	1.87611e-59
0.3871 	1.51132e-59
0.3878 	1.14653e-59
0.3885 	7.81738e-60
0.3892 	4.16948e-60
0.3899 	5.21589e-61
0.3906 	4.06149e-64
0.3913 	3.42289e-64
0.392 	2.77533e-64
0.3927 	2.12777e-64
0.3934 	1.48021e-64
0.3941 	8.32653e-65
0.3948 	1.85094e-65
0.3955 	6.97771e-69
0.3969 	4.81906e-69
0.3976 	3.73092e-69
0.3983 	2.64277e-69
0.399 	1.55462e-69
0.3997 	4.66473e-70
0.4004 	1.1443e-73
0.4011 	9.72349e-74
0.4018 	7.98298e-74
0.4025 	6.23675e-74
0.4032 	4.49051e-74
0.4039 	2.74428e-74
0.4046 	9.98041e-75
0.4053 	1.80274e-78
0.406 	1.53756e-78
0.4067 	1.26971e-78
0.4074 	1.00039e-78
0.4081 	7.31059e-79
0.4088 	4.61732e-79
0.4095 	1.92405e-79
0.4102 	2.73723e-83
0.4109 	2.34291e-83
0.4116 	1.94548e-83
0.4123 	1.54495e-83
0.413 	1.14442e-83
0.4137 	7.43884e-84
0.4144 	3.43353e-84
0.4151 	4.0115e-88
0.4158 	3.4453e-88
0.4165 	2.87589e-88
0.4172 	2.30072e-88
0.4179 	1.72556e-88
0.4186 	1.15039e-88
0.4193 	5.75224e-89
0.42 	5.69618e-93
0.4207 	4.90814e-93
0.4214 	4.1174e-93
0.4221 	3.31681e-93
0.4228 	2.51622e-93
0.4235 	1.71563e-93
0.4242 	9.15039e-94
0.4249 	1.14449e-94
0.4256 	6.91338e-98
0.427 	4.72466e-98
0.4277 	3.62226e-98
0.4284 	2.51987e-98
0.4291 	1.41748e-98
0.4298 	3.15086e-99
0.4305 	1.05149e-102
0.4312 	8.90034e-103
0.4319 	7.26232e-103
0.4326 	5.62249e-103
0.4333 	3.98267e-103
0.434 	2.34285e-103
0.4347 	7.03021e-104
0.4354 	2.20522e-107
0.4361 	1.87359e-107
0.4368 	1.53817e-107
0.4375 	1.20171e-107
0.4382 	8.65256e-108
0.4389 	5.288e-108
0.4396 	1.92343e-108
0.4403 	7.7381e-112
0.4417 	5.44767e-112
0.4424 	4.29219e-112
0.4431 	3.1367e-112
0.4438 	1.98121e-112
0.4445 	8.2573e-113
0.4452 	3.67781e-116
0.4466 	2.61225e-116
0.4473 	2.07447e-116
0.448 	1.53669e-116
0.4487 	9.98918e-117
0.4494 	4.61141e-117
0.4501 	1.86294e-120
0.4508 	1.59926e-120
0.4515 	1.33445e-120
0.4522 	1.06758e-120
0.4529 	8.00706e-121
0.4536 	5.33835e-121
0.4543 	2.66964e-121
0.455 	9.28086e-125
0.4557 	7.99294e-125
0.4564 	6.70178e-125
0.4571 	5.39874e-125
0.4578 	4.09571e-125
0.4585 	2.79267e-125
0.4592 	1.48963e-125
0.4599 	1.8659e-126
0.4606 	3.89324e-129
0.4613 	3.27927e-129
0.462 	2.65891e-129
0.4627 	2.03855e-129
0.4634 	1.41818e-129
0.4641 	7.9782e-130
0.4648 	1.77456e-130
0.4655 	1.8842e-133
0.4662 	1.59365e-133
0.4669 	1.30028e-133
0.4676 	1.00669e-133
0.4683 	7.13103e-134
0.469 	4.19514e-134
0.4697 	1.25926e-134
0.4704 	9.45249e-138
0.4711 	8.02486e-138
0.4718 	6.58691e-138
0.4725 	5.14615e-138
0.4732 	3.70538e-138
0.4739 	2.26461e-138
0.4746 	8.23849e-139
0.4753 	5.21765e-142
0.476 	4.44521e-142
0.4767 	3.66906e-142
0.4774 	2.89085e-142
0.4781 	2.11264e-142
0.4788 	1.33443e-142
0.4795 	5.56222e-143
0.4802 	3.43479e-146
0.4809 	2.94791e-146
0.4816 	2.45967e-146
0.4823 	1.97008e-146
0.483 	1.48049e-146
0.4837 	9.90891e-147
0.4844 	5.01297e-147
0.4851 	8.10414e-148
0.4865 	7.25857e-148
0.4872 	6.83572e-148
0.4879 	6.41287e-148
0.4886 	5.99002e-148
0.4893 	5.56716e-148
0.49 	5.14431e-148
0.4907 	4.87439e-148
0.4914 	4.60446e-148
0.4921 	4.33451e-148
0.4928 	4.06455e-148
0.4935 	3.7946e-148
0.4942 	3.52464e-148
0.4949 	3.25469e-148
0.4956 	3.0555e-148
0.497 	2.68068e-148
0.4977 	2.49325e-148
0.4984 	2.30582e-148
0.4991 	2.11839e-148
0.4998 	1.93096e-148
0.5005 	1.79277e-148
0.5012 	1.67427e-148
0.5019 	1.55574e-148
0.5026 	1.43721e-148
0.5033 	1.31868e-148
0.504 	1.20015e-148
0.5047 	1.08162e-148
0.5054 	9.91058e-149
0.5061 	9.21463e-149
0.5068 	8.51852e-149
0.5075 	7.82237e-149
0.5082 	7.12621e-149
0.5089 	6.43006e-149
0.5096 	5.73391e-149
0.5103 	5.17195e-149
0.5117 	4.40583e-149
0.5124 	4.02268e-149
0.5131 	3.63952e-149
0.5138 	3.25637e-149
0.5145 	2.87321e-149
0.5152 	2.54316e-149
0.5159 	2.34589e-149
0.5166 	2.14857e-149
0.5173 	1.95121e-149
0.518 	1.75385e-149
0.5187 	1.55649e-149
0.5194 	1.35913e-149
0.5201 	1.1764e-149
0.5208 	1.08149e-149
0.5215 	9.86553e-150
0.5222 	8.91592e-150
0.5229 	7.9663e-150
0.5236 	7.01669e-150
0.5243 	6.06707e-150
0.525 	5.11745e-150
0.5257 	4.69094e-150
0.5264 	4.26438e-150
0.5271 	3.83763e-150
0.5278 	3.41088e-150
0.5285 	2.98413e-150
0.5292 	2.55739e-150
0.5299 	2.13064e-150
0.5306 	1.91602e-150
0.5313 	1.73675e-150
0.5327 	1.378e-150
0.5334 	1.19862e-150
0.5341 	1.01925e-150
0.5348 	8.39871e-151
0.5355 	7.38159e-151
0.5362 	6.67512e-151
0.5369 	5.9682e-151
0.5376 	5.26125e-151
0.5383 	4.5543e-151
0.539 	3.84735e-151
0.5397 	3.1404e-151
0.5404 	2.68782e-151
0.5411 	2.426e-151
0.5418 	2.16403e-151
0.5425 	1.90202e-151
0.5432 	1.64002e-151
0.5439 	1.37801e-151
0.5446 	1.116e-151
0.5453 	9.27057e-152
0.546 	8.3554e-152
0.5467 	7.43977e-152
0.5474 	6.52387e-152
0.5481 	5.60797e-152
0.5488 	4.69208e-152
0.5495 	3.77618e-152
0.5502 	3.03551e-152
0.5509 	2.73291e-152
0.5516 	2.43019e-152
0.5523 	2.12733e-152
0.553 	1.82447e-152
0.5537 	1.52161e-152
0.5544 	1.21876e-152
0.5551 	9.45607e-153
0.5565 	7.55772e-153
0.5572 	6.60783e-153
0.5579 	5.65794e-153
0.5586 	4.70805e-153
0.5593 	3.75816e-153
0.56 	2.80827e-153
0.5607 	2.52524e-153
0.5614 	2.24215e-153
0.5621 	1.95885e-153
0.5628 	1.67554e-153
0.5635 	1.39224e-153
0.5642 	1.10893e-153
0.5649 	8.25627e-154
0.5656 	7.16194e-154
0.567 	5.55195e-154
0.5684 	3.9412e-154
0.5691 	3.13582e-154
0.5698 	2.33044e-154
0.5705 	1.94428e-154
0.5712 	1.72581e-154
0.5719 	1.50712e-154
0.5726 	1.28841e-154
0.5733 	1.0697e-154
0.574 	8.50995e-155
0.5747 	6.32288e-155
0.5754 	5.06107e-155
0.5761 	4.49322e-155
0.5768 	3.92485e-155
0.5775 	3.35635e-155
0.5782 	2.78785e-155
0.5789 	2.21935e-155
0.5796 	1.65085e-155
0.5803 	1.26532e-155
0.581 	1.12377e-155
0.5817 	9.82112e-156
0.5824 	8.40391e-156
0.5831 	6.98671e-156
0.5838 	5.5695e-156
0.5845 	4.15229e-156
0.5852 	3.04314e-156
0.5859 	2.70414e-156
0.5866 	2.36492e-156
0.5873 	2.0255e-156
0.588 	1.68607e-156
0.5887 	1.34664e-156
0.5894 	1.00722e-156
0.5901 	7.05115e-157
0.5908 	6.26981e-157
0.5915 	5.4881e-157
0.5922 	4.70574e-157
0.5929 	3.92337e-157
0.5936 	3.14101e-157
0.5943 	2.35865e-157
0.595 	1.57629e-157
0.5957 	1.4027e-157
0.5964 	1.22907e-157
0.5971 	1.05524e-157
0.5978 	8.81423e-158
0.5985 	7.07601e-158
0.5992 	5.33779e-158
0.5999 	3.59958e-158
0.6006 	3.03217e-158
0.6013 	2.65986e-158
0.6027 	1.91428e-158
0.6034 	1.54149e-158
0.6041 	1.1687e-158
0.6048 	7.95912e-159
0.6055 	6.34265e-159
0.6069 	4.79781e-159
0.6076 	4.02479e-159
0.6083 	3.25178e-159
0.609 	2.47876e-159
0.6097 	1.70574e-159
0.6104 	1.28585e-159
0.6111 	1.13082e-159
0.6118 	9.75598e-160
0.6125 	8.20329e-160
0.6132 	6.6506e-160
0.6139 	5.09792e-160
0.6146 	3.54523e-160
0.6153 	2.52862e-160
0.616 	2.22677e-160
0.6167 	1.92463e-160
0.6174 	1.62231e-160
0.6181 	1.32e-160
0.6188 	1.01769e-160
0.6195 	7.15378e-161
0.6202 	4.83132e-161
0.6209 	4.26052e-161
0.6216 	3.68927e-161
0.6223 	3.11756e-161
0.6237 	1.97414e-161
0.6244 	1.40244e-161
0.6251 	8.97417e-162
0.6258 	7.92531e-162
0.6265 	6.87585e-162
0.6272 	5.82528e-162
0.6279 	4.77471e-162
0.6286 	3.72415e-162
0.6293 	2.67358e-162
0.63 	1.62301e-162
0.6314 	1.24776e-162
0.6321 	1.05985e-162
0.6328 	8.71943e-163
0.6335 	6.84035e-163
0.6342 	4.96126e-163
0.6349 	3.08218e-163
0.6356 	2.53355e-163
0.6363 	2.20663e-163
0.637 	1.87918e-163
0.6377 	1.55173e-163
0.6384 	1.22428e-163
0.6391 	8.96828e-164
0.6398 	5.69378e-164
0.6405 	4.36152e-164
0.6412 	3.80615e-164
0.6419 	3.24987e-164
0.6426 	2.69352e-164
0.6433 	2.13717e-164
0.644 	1.58081e-164
0.6447 	1.02446e-164
0.6454 	7.33368e-165
0.6461 	6.41222e-165
0.6468 	5.48944e-165
0.6475 	4.56629e-165
0.6482 	3.64315e-165
0.6489 	2.72001e-165
0.6496 	1.79687e-165
0.6503 	1.20532e-165
0.651 	1.0559e-165
0.6517 	9.06297e-166
0.6524 	7.56596e-166
0.6531 	6.06896e-166
0.6538 	4.57195e-166
0.6545 	3.07495e-166
0.6552 	1.93795e-166
0.6559 	1.70095e-166
0.6566 	1.46372e-166
0.6573 	1.22627e-166
0.658 	9.88819e-167
0.6587 	7.51366e-167
0.6594 	5.13913e-167
0.6601 	3.05124e-167
0.6615 	2.31491e-167
0.6622 	1.94615e-167
0.6629 	1.57738e-167
0.6636 	1.20862e-167
0.6643 	8.39863e-168
0.665 	4.71102e-168
0.6657 	4.15056e-168
0.6664 	3.58986e-168
0.6671 	3.02827e-168
0.6678 	2.46668e-168
0.6685 	1.90509e-168
0.6692 	1.3435e-168
0.6699 	7.81909e-169
0.6706 	6.2991e-169
0.6713 	5.46164e-169
0.672 	4.62257e-169
0.6727 	3.7835e-169
0.6734 	2.94444e-169
0.6741 	2.10537e-169
0.6748 	1.2663e-169
0.6755 	9.38819e-170
0.6762 	8.15967e-170
0.6769 	6.92874e-170
0.6776 	5.69762e-170
0.6783 	4.4665e-170
0.679 	3.23538e-170
0.6797 	2.00426e-170
0.6804 	1.37539e-170
0.6811 	1.19821e-170
0.6818 	1.02073e-170
0.6825 	8.43173e-171
0.6832 	6.6561e-171
0.6839 	4.88048e-171
0.6846 	3.10486e-171
0.6853 	1.98247e-171
0.686 	1.73106e-171
0.6867 	1.47929e-171
0.6874 	1.22732e-171
0.6881 	9.75344e-172
0.6888 	7.23373e-172
0.6895 	4.71401e-172
0.6902 	2.81383e-172
0.6909 	2.46252e-172
0.6916 	2.11081e-172
0.6923 	1.75869e-172
0.693 	1.40657e-172
0.6937 	1.05446e-172
0.6944 	7.02339e-173
0.6951 	3.93632e-173
0.6965 	2.97855e-173
0.6972 	2.51574e-173
0.6979 	2.05293e-173
0.6986 	1.59012e-173
0.6993 	1.12732e-173
0.7 	6.64507e-174
