0 	1
0.0007 	1
0.0014 	1
0.0021 	1
0.0028 	1
0.0035 	1
0.0042 	1
0.0049 	1
0.0056 	1
0.0063 	1
0.007 	1
0.0077 	1
0.0084 	1
0.0091 	1
0.0098 	1
0.0105 	1
0.0112 	1
0.0119 	1
0.0126 	1
0.0133 	1
0.014 	1
0.0147 	1
0.0154 	1
0.0161 	1
0.0168 	1
0.0175 	1
0.0182 	1
0.0189 	1
0.0196 	1
0.0203 	1
0.021 	1
0.0217 	1
0.0224 	1
0.0231 	1
0.0238 	1
0.0245 	1
0.0252 	1
0.0259 	1
0.0266 	1
0.0273 	1
0.028 	1
0.0287 	1
0.0294 	1
0.0301 	1
0.0308 	1
0.0315 	1
0.0322 	1
0.0329 	1
0.0336 	1
0.0343 	1
0.035 	1
0.0357 	1
0.0364 	1
0.0371 	1
0.0378 	1
0.0385 	1
0.0392 	1
0.0399 	1
0.0406 	1
0.0413 	1
0.042 	1
0.0427 	1
0.0434 	1
0.0441 	1
0.0448 	1
0.0455 	1
0.0462 	1
0.0469 	1
0.0476 	1
0.0483 	1
0.049 	1
0.0497 	1
0.0504 	1
0.0511 	1
0.0518 	1
0.0525 	1
0.0532 	1
0.0539 	1
0.0546 	1
0.0553 	1
0.056 	1
0.0567 	1
0.0574 	1
0.0581 	1
0.0588 	1
0.0595 	1
0.0602 	1
0.0609 	1
0.0616 	1
0.0623 	1
0.063 	1
0.0637 	1
0.0644 	1
0.0651 	1
0.0658 	1
0.0665 	1
0.0672 	1
0.0679 	1
0.0686 	1
0.0693 	1
0.07 	1
0.0707 	1
0.0714 	1
0.0721 	1
0.0728 	1
0.0735 	1
0.0742 	1
0.0749 	1
0.0756 	1
0.0763 	1
0.077 	1
0.0777 	1
0.0784 	1
0.0791 	1
0.0798 	1
0.0805 	1
0.0812 	1
0.0819 	1
0.0826 	1
0.0833 	1
0.084 	1
0.0847 	1
0.0854 	1
0.0861 	1
0.0868 	1
0.0875 	1
0.0882 	1
0.0889 	1
0.0896 	1
0.0903 	1
0.091 	1
0.0917 	1
0.0924 	1
0.0931 	1
0.0938 	1
0.0945 	1
0.0952 	1
0.0959 	1
0.0966 	1
0.0973 	1
0.098 	1
0.0987 	1
0.0994 	1
0.1001 	1
0.1008 	1
0.1015 	1
0.1022 	1
0.1029 	1
0.1036 	1
0.1043 	1
0.105 	1
0.1057 	1
0.1064 	1
0.1071 	1
0.1078 	1
0.1085 	1
0.1092 	1
0.1099 	1
0.1106 	1
0.1113 	1
0.112 	1
0.1127 	1
0.1134 	1
0.1141 	1
0.1148 	1
0.1155 	1
0.1162 	1
0.1169 	1
0.1176 	1
0.1183 	1
0.119 	1
0.1197 	1
0.1204 	1
0.1211 	1
0.1218 	1
0.1225 	1
0.1232 	1
0.1239 	1
0.1246 	1
0.1253 	1
0.126 	1
0.1267 	1
0.1274 	1
0.1281 	1
0.1288 	1
0.1295 	1
0.1302 	1
0.1309 	1
0.1316 	1
0.1323 	1
0.133 	1
0.1337 	1
0.1344 	1
0.1351 	1
0.1358 	1
0.1365 	1
0.1372 	1
0.1379 	1
0.1386 	1
0.1393 	1
0.14 	1
0.1407 	1
0.1414 	1
0.1421 	1
0.1428 	1
0.1435 	1
0.1442 	1
0.1449 	1
0.1456 	1
0.1463 	1
0.147 	1
0.1477 	1
0.1484 	1
0.1491 	1
0.1498 	1
0.1505 	1
0.1512 	1
0.1519 	1
0.1526 	1
0.1533 	1
0.154 	1
0.1547 	1
0.1554 	1
0.1561 	1
0.1568 	1
0.1575 	1
0.1582 	1
0.1589 	1
0.1596 	1
0.1603 	1
0.161 	1
0.1617 	1
0.1624 	1
0.1631 	1
0.1638 	1
0.1645 	1
0.1652 	1
0.1659 	1
0.1666 	1
0.1673 	1
0.168 	1
0.1687 	1
0.1694 	1
0.1701 	1
0.1708 	1
0.1715 	1
0.1722 	1
0.1729 	1
0.1736 	1
0.1743 	1
0.175 	1
0.1757 	1
0.1764 	1
0.1771 	1
0.1778 	1
0.1785 	1
0.1792 	1
0.1799 	1
0.1806 	1
0.1813 	1
0.182 	1
0.1827 	1
0.1834 	1
0.1841 	1
0.1848 	1
0.1855 	1
0.1862 	1
0.1869 	1
0.1876 	1
0.1883 	1
0.189 	1
0.1897 	1
0.1904 	1
0.1911 	1
0.1918 	1
0.1925 	1
0.1932 	1
0.1939 	1
0.1946 	1
0.1953 	1
0.196 	1
0.1967 	1
0.1974 	1
0.1981 	1
0.1988 	1
0.1995 	1
0.2002 	1
0.2009 	1
0.2016 	1
0.2023 	1
0.203 	1
0.2037 	1
0.2044 	1
0.2051 	1
0.2058 	1
0.2065 	1
0.2072 	1
0.2079 	1
0.2086 	1
0.2093 	1
0.21 	1
0.2107 	1
0.2114 	1
0.2121 	1
0.2128 	1
0.2135 	1
0.2142 	1
0.2149 	1
0.2156 	1
0.2163 	1
0.217 	1
0.2177 	1
0.2184 	1
0.2191 	1
0.2198 	1
0.2205 	1
0.2212 	1
0.2219 	1
0.2226 	1
0.2233 	1
0.224 	1
0.2247 	1
0.2254 	1
0.2261 	1
0.2268 	1
0.2275 	1
0.2282 	1
0.2289 	1
0.2296 	1
0.2303 	1
0.231 	1
0.2317 	1
0.2324 	1
0.2331 	1
0.2338 	1
0.2345 	1
0.2352 	1
0.2359 	1
0.2366 	1
0.2373 	1
0.238 	1
0.2387 	1
0.2394 	1
0.2401 	1
0.2408 	1
0.2415 	1
0.2422 	1
0.2429 	1
0.2436 	1
0.2443 	1
0.245 	1
0.2457 	1
0.2464 	1
0.2471 	1
0.2478 	1
0.2485 	1
0.2492 	1
0.2499 	1
0.2506 	1
0.2513 	1
0.252 	1
0.2527 	1
0.2534 	1
0.2541 	1
0.2548 	1
0.2555 	1
0.2562 	1
0.2569 	1
0.2576 	1
0.2583 	1
0.259 	1
0.2597 	0.999999
0.2604 	0.999997
0.2611 	0.999993
0.2618 	0.999988
0.2625 	0.999983
0.2632 	0.999978
0.2639 	0.999973
0.2646 	0.999969
0.2653 	0.999815
0.266 	0.999266
0.2667 	0.998718
0.2674 	0.998169
0.2681 	0.997621
0.2688 	0.997072
0.2695 	0.996524
0.2702 	0.994521
0.2709 	0.982779
0.2716 	0.971037
0.2723 	0.959296
0.273 	0.947554
0.2737 	0.935813
0.2744 	0.924072
0.2751 	0.911147
0.2758 	0.859477
0.2765 	0.807272
0.2772 	0.755068
0.2779 	0.702864
0.2786 	0.65066
0.2793 	0.598456
0.28 	0.542223
0.2807 	0.481492
0.2814 	0.424022
0.2821 	0.366551
0.2828 	0.30908
0.2835 	0.25161
0.2842 	0.194139
0.2849 	0.13695
0.2856 	0.111651
0.2863 	0.0944533
0.287 	0.0772554
0.2877 	0.0600575
0.2884 	0.0428595
0.2891 	0.0256616
0.2898 	0.00846372
0.2905 	0.00521182
0.2912 	0.00443102
0.2919 	0.00365021
0.2926 	0.0028694
0.2933 	0.00208859
0.294 	0.00130777
0.2947 	0.000526963
0.2954 	0.000267053
0.2961 	0.000226379
0.2968 	0.0001857
0.2975 	0.000145021
0.2982 	0.000104342
0.2989 	6.36621e-05
0.2996 	2.29827e-05
0.3003 	5.44182e-06
0.301 	4.61334e-06
0.3017 	3.7849e-06
0.3024 	2.9565e-06
0.3031 	2.12809e-06
0.3038 	1.29968e-06
0.3045 	4.71271e-07
0.3052 	1.59067e-08
0.3059 	1.35295e-08
0.3066 	1.11526e-08
0.3073 	8.77613e-09
0.308 	6.39964e-09
0.3087 	4.02314e-09
0.3094 	1.64664e-09
0.3101 	1.25706e-11
0.3108 	1.19406e-11
0.3115 	1.14386e-11
0.3122 	1.0936e-11
0.3129 	1.04334e-11
0.3136 	9.93074e-12
0.3143 	9.4281e-12
0.315 	9.1273e-12
0.3157 	9.55517e-12
0.3164 	9.93295e-12
0.3171 	1.03094e-11
0.3178 	1.06859e-11
0.3185 	1.10623e-11
0.3192 	1.14388e-11
0.3199 	1.18063e-11
0.3206 	1.18066e-11
0.3213 	1.1762e-11
0.322 	1.17175e-11
0.3227 	1.16729e-11
0.3234 	1.16284e-11
0.3241 	1.15839e-11
0.3248 	1.15393e-11
0.3255 	1.13124e-11
0.3262 	1.09733e-11
0.3269 	1.0635e-11
0.3276 	1.02966e-11
0.3283 	9.95832e-12
0.329 	9.62e-12
0.3297 	9.28168e-12
0.3304 	8.81998e-12
0.3311 	8.29732e-12
0.3318 	7.77562e-12
0.3325 	7.25418e-12
0.3332 	6.73275e-12
0.3339 	6.21131e-12
0.3346 	5.68988e-12
0.3353 	5.18497e-12
0.336 	4.75244e-12
0.3367 	4.32052e-12
0.3374 	3.88894e-12
0.3381 	3.45736e-12
0.3388 	3.02577e-12
0.3395 	2.59419e-12
0.3402 	2.20519e-12
0.3409 	1.97412e-12
0.3416 	1.74329e-12
0.3423 	1.5127e-12
0.343 	1.28211e-12
0.3437 	1.05153e-12
0.3444 	8.20938e-13
0.3451 	6.18219e-13
0.3458 	5.40609e-13
0.3465 	4.66377e-13
0.3472 	3.92237e-13
0.3479 	3.18098e-13
0.3486 	2.43959e-13
0.3493 	1.6982e-13
0.35 	1.0432e-13
0.3507 	8.7266e-14
0.3514 	7.40305e-14
0.3521 	6.08142e-14
0.3528 	4.75979e-14
0.3535 	3.43815e-14
0.3542 	2.11652e-14
0.3549 	8.42674e-15
0.3556 	6.75923e-15
0.3563 	5.68439e-15
0.357 	4.61126e-15
0.3577 	3.53813e-15
0.3584 	2.465e-15
0.3591 	1.39187e-15
0.3598 	3.18743e-16
0.3605 	1.70861e-16
0.3612 	1.43606e-16
0.3619 	1.16389e-16
0.3626 	8.91745e-17
0.3633 	6.19605e-17
0.364 	3.47465e-17
0.3647 	7.53243e-18
0.3654 	8.49038e-19
0.3661 	7.15914e-19
0.3668 	5.82912e-19
0.3675 	4.49945e-19
0.3682 	3.16978e-19
0.3689 	1.8401e-19
0.3696 	5.10428e-20
0.3703 	5.33024e-22
0.371 	4.51238e-22
0.3717 	3.69484e-22
0.3724 	2.87749e-22
0.3731 	2.06013e-22
0.3738 	1.24278e-22
0.3745 	4.25422e-23
0.3752 	3.70497e-26
0.3759 	3.14874e-26
0.3766 	2.59255e-26
0.3773 	2.03639e-26
0.378 	1.48023e-26
0.3787 	9.24069e-27
0.3794 	3.67908e-27
0.3801 	2.76603e-30
0.3808 	2.25638e-30
0.3815 	1.86755e-30
0.3822 	1.47868e-30
0.3829 	1.08981e-30
0.3836 	7.00944e-31
0.3843 	3.12075e-31
0.385 	2.13754e-34
0.3857 	1.57099e-34
0.3864 	1.30675e-34
0.3871 	1.04242e-34
0.3878 	7.78082e-35
0.3885 	5.13746e-35
0.3892 	2.4941e-35
0.3899 	1.40064e-38
0.3906 	1.05061e-38
0.3913 	8.78046e-39
0.392 	7.05357e-39
0.3927 	5.32668e-39
0.3934 	3.5998e-39
0.3941 	1.87291e-39
0.3948 	1.4602e-40
0.3955 	6.76443e-43
0.3962 	5.67889e-43
0.3969 	4.59221e-43
0.3976 	3.50545e-43
0.3983 	2.41869e-43
0.399 	1.33193e-43
0.3997 	2.45169e-44
0.4004 	4.22428e-47
0.4011 	3.56155e-47
0.4018 	2.89807e-47
0.4025 	2.23438e-47
0.4032 	1.5707e-47
0.4039 	9.07022e-48
0.4046 	2.4334e-48
0.4053 	2.58068e-51
0.406 	2.18466e-51
0.4067 	1.7882e-51
0.4074 	1.3915e-51
0.4081 	9.94806e-52
0.4088 	5.98109e-52
0.4095 	2.01412e-52
0.4102 	1.55364e-55
0.4109 	1.32032e-55
0.4116 	1.08677e-55
0.4123 	8.52996e-56
0.413 	6.19222e-56
0.4137 	3.85449e-56
0.4144 	1.51675e-56
0.4151 	9.8801e-60
0.4158 	7.90117e-60
0.4165 	6.53807e-60
0.4172 	5.1731e-60
0.4179 	3.80814e-60
0.4186 	2.44317e-60
0.4193 	1.07821e-60
0.42 	6.65117e-64
0.4207 	4.69531e-64
0.4214 	3.90484e-64
0.4221 	3.11295e-64
0.4228 	2.32106e-64
0.4235 	1.52917e-64
0.4242 	7.37276e-65
0.4249 	3.78338e-68
0.4256 	2.77124e-68
0.4263 	2.31571e-68
0.427 	1.85916e-68
0.4277 	1.4026e-68
0.4284 	9.46051e-69
0.4291 	4.89499e-69
0.4298 	3.29467e-70
0.4305 	1.61208e-72
0.4312 	1.3463e-72
0.4319 	1.08455e-72
0.4326 	8.23108e-73
0.4333 	5.61666e-73
0.434 	3.00225e-73
0.4347 	3.87827e-74
0.4354 	-1.90311e-74
0.4361 	-2.50598e-74
0.4368 	-2.63662e-74
0.4375 	-2.63846e-74
0.4382 	-2.64031e-74
0.4389 	-2.64216e-74
0.4396 	-2.64401e-74
0.4403 	-2.66569e-74
0.441 	-2.76162e-74
0.4417 	-2.79608e-74
0.4424 	-2.79639e-74
0.4431 	-2.7967e-74
0.4438 	-2.79702e-74
0.4445 	-2.79733e-74
0.4452 	-2.78459e-74
0.4459 	-2.5914e-74
0.4466 	-2.49461e-74
0.4473 	-2.4942e-74
0.448 	-2.4938e-74
0.4487 	-2.49339e-74
0.4494 	-2.49298e-74
0.4501 	-3.09292e-74
0.4508 	-2.21193e-74
0.4515 	-2.01616e-74
0.4522 	-2.01553e-74
0.4529 	-2.0149e-74
0.4536 	-2.01426e-74
0.4543 	-2.01363e-74
0.455 	-3.44952e-74
0.4557 	-1.76618e-74
0.4564 	-1.51692e-74
0.4571 	-1.51627e-74
0.4578 	-1.51562e-74
0.4585 	-1.51497e-74
0.4592 	-1.51432e-74
0.4599 	-1.92213e-74
0.4606 	-1.33568e-74
0.4613 	-1.07511e-74
0.462 	-1.07454e-74
0.4627 	-1.07397e-74
0.4634 	-1.0734e-74
0.4641 	-1.07282e-74
0.4648 	-1.07225e-74
0.4655 	-9.62271e-75
0.4662 	-7.37987e-75
0.4669 	-7.21542e-75
0.4676 	-7.21085e-75
0.4683 	-7.20628e-75
0.469 	-7.20171e-75
0.4697 	-7.19714e-75
0.4704 	-6.62221e-75
0.4711 	-4.9627e-75
0.4718 	-4.60441e-75
0.4725 	-4.601e-75
0.4732 	-4.59759e-75
0.4739 	-4.59418e-75
0.4746 	-4.59077e-75
0.4753 	-4.35816e-75
0.476 	-3.21007e-75
0.4767 	-2.7985e-75
0.4774 	-2.79611e-75
0.4781 	-2.79371e-75
0.4788 	-2.79131e-75
0.4795 	-2.78891e-75
0.4802 	-2.74492e-75
0.4809 	-1.99758e-75
0.4816 	-1.62312e-75
0.4823 	-1.62152e-75
0.483 	-1.61993e-75
0.4837 	-1.61833e-75
0.4844 	-1.61674e-75
0.4851 	-2.17835e-75
0.4858 	-1.1957e-75
0.4865 	-8.99611e-76
0.4872 	-8.98603e-76
0.4879 	-8.97596e-76
0.4886 	-8.96588e-76
0.4893 	-8.95581e-76
0.49 	-1.7394e-75
0.4907 	-6.88272e-76
0.4914 	-4.77079e-76
0.4921 	-4.76472e-76
0.4928 	-4.75866e-76
0.4935 	-4.75259e-76
0.4942 	-4.74653e-76
0.4949 	-6.5622e-76
0.4956 	-3.80926e-76
0.4963 	-2.42398e-76
0.497 	-2.4205e-76
0.4977 	-2.41701e-76
0.4984 	-2.41353e-76
0.4991 	-2.41005e-76
0.4998 	-2.40656e-76
0.5005 	-2.02711e-76
0.5012 	-1.23786e-76
0.5019 	-1.1797e-76
0.5026 	-1.17779e-76
0.5033 	-1.17587e-76
0.504 	-1.17396e-76
0.5047 	-1.17204e-76
0.5054 	-1.03753e-76
0.5061 	-6.38806e-77
0.5068 	-5.52574e-77
0.5075 	-5.51566e-77
0.5082 	-5.50559e-77
0.5089 	-5.49552e-77
0.5096 	-5.48544e-77
0.5103 	-5.11123e-77
0.511 	-3.18346e-77
0.5117 	-2.4917e-77
0.5124 	-2.48662e-77
0.5131 	-2.48153e-77
0.5138 	-2.47645e-77
0.5145 	-2.47137e-77
0.5152 	-2.42574e-77
0.5159 	-1.53188e-77
0.5166 	-1.08372e-77
0.5173 	-1.08126e-77
0.518 	-1.07879e-77
0.5187 	-1.07633e-77
0.5194 	-1.07387e-77
0.5201 	-1.58906e-77
0.5208 	-7.11679e-78
0.5215 	-4.54886e-78
0.5222 	-4.53736e-78
0.5229 	-4.52586e-78
0.5236 	-4.51436e-78
0.5243 	-4.50287e-78
0.525 	-9.96982e-78
0.5257 	-3.19102e-78
0.5264 	-1.84338e-78
0.5271 	-1.83821e-78
0.5278 	-1.83304e-78
0.5285 	-1.82787e-78
0.5292 	-1.8227e-78
0.5299 	-2.76999e-78
0.5306 	-1.38075e-78
0.5313 	-7.21908e-79
0.532 	-7.19669e-79
0.5327 	-7.1743e-79
0.5334 	-7.15191e-79
0.5341 	-7.12952e-79
0.5348 	-7.10713e-79
0.5355 	-5.76816e-79
0.5362 	-2.93685e-79
0.5369 	-2.72593e-79
0.5376 	-2.71658e-79
0.5383 	-2.70723e-79
0.539 	-2.69788e-79
0.5397 	-2.68854e-79
0.5404 	-2.32826e-79
0.5411 	-1.23755e-79
0.5418 	-1.00087e-79
0.5425 	-9.97105e-80
0.5432 	-9.93339e-80
0.5439 	-9.89574e-80
0.5446 	-9.85809e-80
0.5453 	-9.09412e-80
0.546 	-5.02894e-80
0.5467 	-3.56766e-80
0.5474 	-3.55301e-80
0.5481 	-3.53835e-80
0.5488 	-3.52369e-80
0.5495 	-3.50903e-80
0.5502 	-3.44171e-80
0.5509 	-1.97157e-80
0.5516 	-1.23373e-80
0.5523 	-1.2282e-80
0.553 	-1.22267e-80
0.5537 	-1.21714e-80
0.5544 	-1.21161e-80
0.5551 	-1.98494e-80
0.5558 	-7.46003e-81
0.5565 	-4.14151e-81
0.5572 	-4.12132e-81
0.5579 	-4.10113e-81
0.5586 	-4.08095e-81
0.5593 	-4.06076e-81
0.56 	-1.03239e-80
0.5607 	-2.72782e-81
0.5614 	-1.35249e-81
0.5621 	-1.34536e-81
0.5628 	-1.33823e-81
0.5635 	-1.3311e-81
0.5642 	-1.32398e-81
0.5649 	-2.23935e-81
0.5656 	-9.65868e-82
0.5663 	-4.30239e-82
0.567 	-4.27797e-82
0.5677 	-4.25355e-82
0.5684 	-4.22913e-82
0.5691 	-4.20471e-82
0.5698 	-4.18029e-82
0.5705 	-3.31627e-82
0.5712 	-1.46527e-82
0.5719 	-1.3255e-82
0.5726 	-1.31737e-82
0.5733 	-1.30924e-82
0.574 	-1.30111e-82
0.5747 	-1.29298e-82
0.5754 	-1.10483e-82
0.5761 	-5.26235e-83
0.5768 	-4.00182e-83
0.5775 	-3.9755e-83
0.5782 	-3.94918e-83
0.5789 	-3.92286e-83
0.5796 	-3.89654e-83
0.5803 	-3.57293e-83
0.581 	-1.81284e-83
0.5817 	-1.17891e-83
0.5824 	-1.17063e-83
0.5831 	-1.16235e-83
0.5838 	-1.15407e-83
0.5845 	-1.1458e-83
0.5852 	-1.12345e-83
0.5859 	-6.0159e-84
0.5866 	-3.39396e-84
0.5873 	-3.36862e-84
0.588 	-3.34328e-84
0.5887 	-3.31794e-84
0.5894 	-3.29259e-84
0.5901 	-6.05448e-84
0.5908 	-1.92938e-84
0.5915 	-9.55198e-85
0.5922 	-9.47633e-85
0.5929 	-9.40068e-85
0.5936 	-9.32503e-85
0.5943 	-9.24938e-85
0.595 	-2.72419e-84
0.5957 	-5.99268e-85
0.5964 	-2.62828e-85
0.5971 	-2.60624e-85
0.5978 	-2.5842e-85
0.5985 	-2.56216e-85
0.5992 	-2.54013e-85
0.5999 	-4.82586e-85
0.6006 	-1.80559e-85
0.6013 	-7.077e-86
0.602 	-7.01437e-86
0.6027 	-6.95175e-86
0.6034 	-6.88912e-86
0.6041 	-6.8265e-86
0.6048 	-6.76387e-86
0.6055 	-5.28792e-86
0.6062 	-2.09368e-86
0.6069 	-1.84938e-86
0.6076 	-1.832e-86
0.6083 	-1.81462e-86
0.609 	-1.79724e-86
0.6097 	-1.77986e-86
0.6104 	-1.50802e-86
0.6111 	-6.62661e-87
0.6118 	-4.77807e-87
0.6125 	-4.73089e-87
0.6132 	-4.68372e-87
0.6139 	-4.63654e-87
0.6146 	-4.58937e-87
0.6153 	-4.19191e-87
0.616 	-2.00075e-87
0.6167 	-1.21014e-87
0.6174 	-1.19761e-87
0.6181 	-1.18508e-87
0.6188 	-1.17256e-87
0.6195 	-1.16003e-87
0.6202 	-1.13692e-87
0.6209 	-5.80443e-88
0.6216 	-3.00576e-88
0.6223 	-2.97319e-88
0.623 	-2.94062e-88
0.6237 	-2.90805e-88
0.6244 	-2.87549e-88
0.6251 	-5.9821e-88
0.6258 	-1.62596e-88
0.6265 	-7.32431e-89
0.6272 	-7.2414e-89
0.6279 	-7.15849e-89
0.6286 	-7.07558e-89
0.6293 	-6.99267e-89
0.63 	-2.40202e-88
0.6307 	-4.41342e-89
0.6314 	-1.75203e-89
0.6321 	-1.73135e-89
0.6328 	-1.71067e-89
0.6335 	-1.68999e-89
0.6342 	-1.66931e-89
0.6349 	-3.59524e-89
0.6356 	-1.16409e-89
0.6363 	-4.11697e-90
0.637 	-4.06639e-90
0.6377 	-4.01582e-90
0.6384 	-3.96524e-90
0.6391 	-3.91466e-90
0.6398 	-3.86409e-90
0.6405 	-2.99051e-90
0.6412 	-1.086e-90
0.6419 	-9.38697e-91
0.6426 	-9.26559e-91
0.6433 	-9.1442e-91
0.644 	-9.02282e-91
0.6447 	-8.90143e-91
0.6454 	-7.49604e-91
0.6461 	-3.09612e-91
0.6468 	-2.1308e-91
0.6475 	-2.1022e-91
0.6482 	-2.07359e-91
0.6489 	-2.04498e-91
0.6496 	-2.01637e-91
0.6503 	-1.83606e-91
0.651 	-8.3692e-92
0.6517 	-4.75827e-92
0.6524 	-4.69202e-92
0.6531 	-4.62577e-92
0.6538 	-4.55952e-92
0.6545 	-4.49327e-92
0.6552 	-4.39984e-92
0.6559 	-2.16861e-92
0.6566 	-1.04546e-92
0.6573 	-1.03038e-92
0.658 	-1.01529e-92
0.6587 	-1.00021e-92
0.6594 	-9.85126e-93
0.6601 	-2.33359e-92
0.6608 	-5.42277e-93
0.6615 	-2.26024e-93
0.6622 	-2.22647e-93
0.6629 	-2.1927e-93
0.6636 	-2.15893e-93
0.6643 	-2.12516e-93
0.665 	-8.53911e-93
0.6657 	-1.31438e-93
0.6664 	-4.80909e-94
0.6671 	-4.73474e-94
0.6678 	-4.66038e-94
0.6685 	-4.58603e-94
0.6692 	-4.51168e-94
0.6699 	-1.10596e-93
0.6706 	-3.09787e-94
0.6713 	-1.00729e-94
0.672 	-9.91189e-95
0.6727 	-9.75086e-95
0.6734 	-9.58983e-95
0.6741 	-9.4288e-95
0.6748 	-9.26777e-95
0.6755 	-7.1171e-95
0.6762 	-2.41138e-95
0.6769 	-2.04339e-95
0.6776 	-2.00907e-95
0.6783 	-1.97476e-95
0.679 	-1.94044e-95
0.6797 	-1.90612e-95
0.6804 	-1.59691e-95
0.6811 	-6.28155e-96
0.6818 	-4.14908e-96
0.6825 	-4.07708e-96
0.6832 	-4.00509e-96
0.6839 	-3.93309e-96
0.6846 	-3.86109e-96
0.6853 	-3.50414e-96
0.686 	-1.54035e-96
0.6867 	-8.29428e-97
0.6874 	-8.14552e-97
0.6881 	-7.99677e-97
0.6888 	-7.84801e-97
0.6895 	-7.69925e-97
0.6902 	-7.52363e-97
0.6909 	-3.59916e-97
0.6916 	-1.62178e-97
0.6923 	-1.59147e-97
0.693 	-1.56116e-97
0.6937 	-1.53086e-97
0.6944 	-1.50055e-97
0.6951 	-4.06181e-97
0.6958 	-6.48224e-98
0.6965 	-3.83154e-99
0.6972 	-3.22225e-99
0.6979 	-2.61295e-99
0.6986 	-2.00365e-99
0.6993 	-1.39436e-99
0.7 	-7.39747e-100
