0 	1
0.0007 	1
0.0014 	1
0.0021 	1
0.0028 	1
0.0035 	1
0.0042 	1
0.0049 	1
0.0056 	1
0.0063 	1
0.007 	1
0.0077 	1
0.0084 	1
0.0091 	1
0.0098 	1
0.0105 	1
0.0112 	1
0.0119 	1
0.0126 	1
0.0133 	1
0.014 	1
0.0147 	1
0.0154 	1
0.0161 	1
0.0168 	1
0.0175 	1
0.0182 	1
0.0189 	1
0.0196 	1
0.0203 	1
0.021 	1
0.0217 	1
0.0224 	1
0.0231 	1
0.0238 	1
0.0245 	1
0.0252 	1
0.0259 	1
0.0266 	1
0.0273 	1
0.028 	1
0.0287 	1
0.0294 	1
0.0301 	1
0.0308 	1
0.0315 	1
0.0322 	1
0.0329 	1
0.0336 	1
0.0343 	1
0.035 	1
0.0357 	1
0.0364 	1
0.0371 	1
0.0378 	1
0.0385 	1
0.0392 	1
0.0399 	1
0.0406 	1
0.0413 	1
0.042 	1
0.0427 	1
0.0434 	1
0.0441 	1
0.0448 	1
0.0455 	1
0.0462 	1
0.0469 	1
0.0476 	1
0.0483 	1
0.049 	1
0.0497 	1
0.0504 	1
0.0511 	1
0.0518 	1
0.0525 	1
0.0532 	1
0.0539 	1
0.0546 	1
0.0553 	1
0.056 	1
0.0567 	1
0.0574 	1
0.0581 	1
0.0588 	1
0.0595 	1
0.0602 	1
0.0609 	1
0.0616 	1
0.0623 	1
0.063 	1
0.0637 	1
0.0644 	1
0.0651 	1
0.0658 	1
0.0665 	1
0.0672 	1
0.0679 	1
0.0686 	1
0.0693 	1
0.07 	1
0.0707 	1
0.0714 	1
0.0721 	1
0.0728 	1
0.0735 	1
0.0742 	1
0.0749 	1
0.0756 	1
0.0763 	1
0.077 	1
0.0777 	1
0.0784 	1
0.0791 	1
0.0798 	1
0.0805 	1
0.0812 	1
0.0819 	1
0.0826 	1
0.0833 	1
0.084 	1
0.0847 	1
0.0854 	1
0.0861 	1
0.0868 	1
0.0875 	1
0.0882 	1
0.0889 	1
0.0896 	1
0.0903 	1
0.091 	1
0.0917 	1
0.0924 	1
0.0931 	1
0.0938 	1
0.0945 	1
0.0952 	1
0.0959 	1
0.0966 	1
0.0973 	1
0.098 	1
0.0987 	1
0.0994 	1
0.1001 	1
0.1008 	1
0.1015 	1
0.1022 	1
0.1029 	1
0.1036 	1
0.1043 	1
0.105 	1
0.1057 	1
0.1064 	1
0.1071 	1
0.1078 	1
0.1085 	1
0.1092 	1
0.1099 	1
0.1106 	1
0.1113 	1
0.112 	1
0.1127 	1
0.1134 	1
0.1141 	1
0.1148 	1
0.1155 	1
0.1162 	1
0.1169 	1
0.1176 	1
0.1183 	1
0.119 	1
0.1197 	1
0.1204 	1
0.1211 	1
0.1218 	1
0.1225 	1
0.1232 	1
0.1239 	1
0.1246 	1
0.1253 	1
0.126 	1
0.1267 	1
0.1274 	1
0.1281 	1
0.1288 	1
0.1295 	1
0.1302 	1
0.1309 	1
0.1316 	1
0.1323 	1
0.133 	1
0.1337 	1
0.1344 	1
0.1351 	1
0.1358 	1
0.1365 	1
0.1372 	1
0.1379 	1
0.1386 	1
0.1393 	1
0.14 	1
0.1407 	1
0.1414 	1
0.1421 	1
0.1428 	1
0.1435 	1
0.1442 	1
0.1449 	1
0.1456 	1
0.1463 	1
0.147 	1
0.1477 	1
0.1484 	1
0.1491 	1
0.1498 	1
0.1505 	1
0.1512 	1
0.1519 	1
0.1526 	1
0.1533 	1
0.154 	1
0.1547 	1
0.1554 	1
0.1561 	1
0.1568 	1
0.1575 	1
0.1582 	1
0.1589 	1
0.1596 	1
0.1603 	1
0.161 	1
0.1617 	1
0.1624 	1
0.1631 	1
0.1638 	1
0.1645 	1
0.1652 	1
0.1659 	1
0.1666 	1
0.1673 	1
0.168 	1
0.1687 	1
0.1694 	1
0.1701 	1
0.1708 	1
0.1715 	1
0.1722 	1
0.1729 	1
0.1736 	1
0.1743 	1
0.175 	1
0.1757 	1
0.1764 	1
0.1771 	1
0.1778 	1
0.1785 	1
0.1792 	1
0.1799 	1
0.1806 	1
0.1813 	1
0.182 	1
0.1827 	1
0.1834 	1
0.1841 	1
0.1848 	1
0.1855 	1
0.1862 	1
0.1869 	1
0.1876 	1
0.1883 	1
0.189 	1
0.1897 	1
0.1904 	1
0.1911 	1
0.1918 	1
0.1925 	1
0.1932 	1
0.1939 	1
0.1946 	1
0.1953 	1
0.196 	1
0.1967 	1
0.1974 	1
0.1981 	1
0.1988 	1
0.1995 	1
0.2002 	1
0.2009 	1
0.2016 	1
0.2023 	1
0.203 	1
0.2037 	1
0.2051 	1
0.2058 	1
0.2072 	1
0.2086 	1
0.21 	1
0.2107 	1
0.2114 	1
0.2128 	1
0.2142 	1
0.2156 	1
0.217 	1
0.2184 	1
0.2198 	1
0.2212 	1
0.2219 	1
0.2226 	1
0.224 	1
0.2254 	1
0.2261 	1
0.2275 	1
0.2282 	1
0.2296 	1
0.231 	1
0.2324 	1
0.2338 	1
0.2352 	1
0.2366 	1
0.238 	1
0.2394 	1
0.2408 	1
0.2422 	1
0.2429 	1
0.2436 	0.999999
0.245 	0.999936
0.2464 	0.994598
0.2478 	0.939567
0.2492 	0.718773
0.2499 	0.534973
0.2506 	0.356213
0.252 	0.109749
0.2527 	0.0486842
0.2541 	0.00956926
0.2555 	0.00136628
0.2569 	0.000134671
0.2583 	8.96714e-06
0.2597 	4.37867e-07
0.2604 	8.24624e-08
0.2618 	1.23851e-08
0.2632 	2.45986e-09
0.2646 	4.1862e-10
0.2653 	1.37994e-10
0.2667 	4.39746e-11
0.2681 	4.34945e-11
0.2695 	4.74424e-11
0.2709 	5.7431e-11
0.2723 	9.24678e-11
0.2737 	1.63818e-10
0.2751 	2.15605e-10
0.2765 	2.1781e-10
0.2779 	1.78913e-10
0.2793 	9.61943e-11
0.2807 	2.50028e-11
0.2821 	2.06676e-12
0.2835 	2.36496e-14
0.2849 	1.1059e-17
0.2863 	1.72357e-24
0.2877 	6.30818e-27
0.2891 	4.67596e-30
0.2905 	2.18763e-34
0.2919 	4.43595e-39
0.2933 	6.60306e-44
0.2947 	6.60532e-49
0.2961 	3.95623e-54
0.2975 	3.79416e-58
0.2982 	1.87079e-58
0.2996 	1.1586e-59
0.301 	1.58923e-62
0.3024 	8.52214e-69
0.3038 	6.41205e-71
0.3052 	1.06645e-72
0.3059 	3.55392e-73
0.3066 	9.83945e-77
0.308 	1.08851e-82
0.3094 	5.55758e-89
0.3108 	-4.25636e-82
0.3122 	-6.7461e-82
0.3129 	-4.64866e-82
0.3136 	-9.24546e-83
0.315 	-3.71467e-86
0.3164 	-5.86789e-86
0.3171 	-3.17709e-85
0.3185 	-2.96384e-83
0.3199 	-1.58648e-81
0.3213 	-6.66307e-80
0.322 	-3.62997e-79
0.3227 	-7.50464e-79
0.3234 	-1.36568e-78
0.3241 	-1.54933e-78
0.3248 	-1.30163e-78
0.3262 	-1.83626e-78
0.3276 	-7.47887e-77
0.329 	-4.97121e-76
0.3304 	-3.63949e-76
0.3318 	-1.43979e-76
0.3325 	-2.08505e-76
0.3339 	-2.89388e-76
0.3353 	-1.2406e-76
0.3367 	-1.08115e-78
0.3381 	-1.32971e-78
0.3388 	-1.38642e-78
0.3402 	-5.8253e-79
0.3416 	-4.96753e-81
0.343 	-5.45009e-81
0.3444 	-4.0863e-81
0.3458 	-9.79352e-82
0.3472 	-1.55554e-83
0.3486 	-1.58204e-83
0.35 	-7.53385e-84
0.3514 	-2.41994e-86
0.3528 	-2.45019e-86
0.3535 	-2.42418e-86
0.3542 	-1.95777e-86
0.3549 	-1.24669e-86
0.3563 	-1.82204e-89
0.3577 	-1.81307e-89
0.3591 	-1.50074e-89
0.3605 	-5.00008e-90
0.3619 	-4.91366e-93
0.3633 	-4.74837e-93
0.3647 	-2.79713e-93
0.3661 	-2.64983e-94
0.3675 	-3.26365e-97
0.3689 	-2.89382e-97
0.3703 	-1.10623e-97
0.3717 	-4.59738e-102
0.3731 	-4.35756e-102
0.3745 	-2.85967e-102
0.3759 	-5.50702e-103
0.3773 	-1.03034e-106
0.3787 	-9.37024e-107
0.3801 	-3.98855e-107
0.3808 	-1.56055e-107
0.3815 	-8.69677e-112
0.3829 	-8.16463e-112
0.3836 	-7.76848e-112
0.385 	-3.56705e-112
0.3864 	-1.60422e-176
0.3878 	-1.40371e-176
0.3892 	-1.02552e-176
0.3906 	-3.10485e-177
0.392 	2.98192e-197
0.3934 	2.81267e-197
0.3948 	1.53649e-197
0.3962 	5.21252e-199
0.3976 	1.02242e-204
0.399 	8.69986e-205
0.4004 	3.12965e-205
0.4018 	0
0.4025 	0
0.4032 	0
0.4046 	0
0.406 	0
0.4074 	0
0.4081 	0
0.4095 	0
0.4109 	0
0.4123 	0
0.4137 	0
0.4151 	0
0.4165 	0
0.4172 	0
0.4186 	0
0.42 	0
0.4214 	0
0.4228 	0
0.4242 	0
0.4256 	0
0.427 	0
0.4284 	0
0.4298 	0
0.4312 	0
0.4319 	0
0.4326 	0
0.434 	0
0.4354 	0
0.4368 	0
0.4382 	0
0.4396 	0
0.4403 	0
0.441 	0
0.4417 	0
0.4424 	0
0.4438 	0
0.4452 	0
0.4459 	0
0.4466 	0
0.448 	0
0.4494 	0
0.4508 	0
0.4522 	0
0.4529 	0
0.4543 	0
0.4557 	0
0.4571 	0
0.4585 	0
0.4592 	0
0.4606 	0
0.462 	0
0.4627 	0
0.4641 	0
0.4655 	0
0.4669 	0
0.4683 	0
0.4697 	0
0.4711 	0
0.4725 	0
0.4739 	0
0.4746 	0
0.4753 	0
0.4767 	0
0.4781 	0
0.4788 	0
0.4795 	0
0.4809 	0
0.4823 	0
0.4837 	0
0.4851 	0
0.4865 	0
0.4872 	0
0.4886 	0
0.49 	0
0.4907 	0
0.4914 	0
0.4928 	0
0.4942 	0
0.4956 	0
0.497 	0
0.4984 	0
0.4991 	0
0.4998 	0
0.5005 	0
0.5019 	0
0.5033 	0
0.5047 	0
0.5061 	0
0.5075 	0
0.5089 	0
0.5096 	0
0.511 	0
0.5124 	0
0.5138 	0
0.5152 	0
0.5159 	0
0.5173 	0
0.518 	0
0.5194 	0
0.5201 	0
0.5215 	0
0.5222 	0
0.5236 	0
0.525 	0
0.5257 	0
0.5264 	0
0.5271 	0
0.5278 	0
0.5285 	0
0.5292 	0
0.5306 	0
0.532 	0
0.5334 	0
0.5348 	0
0.5362 	0
0.5376 	0
0.539 	0
0.5404 	0
0.5418 	0
0.5425 	0
0.5439 	0
0.5453 	0
0.5467 	0
0.5481 	0
0.5495 	0
0.5502 	0
0.5516 	0
0.553 	0
0.5544 	0
0.5558 	0
0.5572 	0
0.5586 	0
0.56 	0
0.5614 	0
0.5628 	0
0.5635 	0
0.5649 	0
0.5663 	0
0.567 	0
0.5677 	0
0.5684 	0
0.5691 	0
0.5705 	0
0.5712 	0
0.5726 	0
0.574 	0
0.5754 	0
0.5768 	0
0.5782 	0
0.5796 	0
0.581 	0
0.5824 	0
0.5838 	0
0.5852 	0
0.5866 	0
0.588 	0
0.5894 	0
0.5901 	0
0.5908 	0
0.5915 	0
0.5929 	0
0.5936 	0
0.5943 	0
0.595 	0
0.5964 	0
0.5978 	0
0.5992 	0
0.5999 	0
0.6013 	0
0.6027 	0
0.6034 	0
0.6048 	0
0.6062 	0
0.6076 	0
0.6083 	0
0.6097 	0
0.6111 	0
0.6125 	0
0.6139 	0
0.6153 	0
0.6167 	0
0.6181 	0
0.6195 	0
0.6209 	0
0.6223 	0
0.6237 	0
0.6251 	0
0.6265 	0
0.6279 	0
0.6293 	0
0.6307 	0
0.6321 	0
0.6335 	0
0.6349 	0
0.6356 	0
0.6363 	0
0.6377 	0
0.6391 	0
0.6405 	0
0.6419 	0
0.6433 	0
0.6447 	0
0.6454 	0
0.6468 	0
0.6475 	0
0.6489 	0
0.6496 	0
0.651 	0
0.6524 	0
0.6531 	0
0.6538 	0
0.6545 	0
0.6559 	0
0.6573 	0
0.6587 	0
0.6601 	0
0.6615 	0
0.6629 	0
0.6643 	0
0.6657 	0
0.6671 	0
0.6678 	0
0.6692 	0
0.6706 	0
0.672 	0
0.6734 	0
0.6748 	0
0.6755 	0
0.6762 	0
0.6776 	0
0.679 	0
0.6804 	0
0.6818 	0
0.6832 	0
0.6846 	0
0.686 	0
0.6874 	0
0.6888 	0
0.6902 	0
0.6909 	0
0.6923 	0
0.6937 	0
0.6951 	0
0.6958 	0
0.6965 	0
0.6979 	0
0.6993 	0
0.7 	0
