0 	1
0.0007 	1
0.0014 	1
0.0021 	1
0.0028 	1
0.0035 	1
0.0042 	1
0.0049 	1
0.0056 	1
0.0063 	1
0.007 	1
0.0077 	1
0.0084 	1
0.0091 	1
0.0098 	1
0.0105 	1
0.0112 	1
0.0119 	1
0.0126 	1
0.0133 	1
0.014 	1
0.0147 	1
0.0154 	1
0.0161 	1
0.0168 	1
0.0175 	1
0.0182 	1
0.0189 	1
0.0196 	1
0.0203 	1
0.021 	1
0.0217 	1
0.0224 	1
0.0231 	1
0.0238 	1
0.0245 	1
0.0252 	1
0.0259 	1
0.0266 	1
0.0273 	1
0.028 	1
0.0287 	1
0.0294 	1
0.0301 	1
0.0308 	1
0.0315 	1
0.0322 	1
0.0329 	1
0.0336 	1
0.0343 	1
0.035 	1
0.0357 	1
0.0364 	1
0.0371 	1
0.0378 	1
0.0385 	1
0.0392 	1
0.0399 	1
0.0406 	1
0.0413 	1
0.042 	1
0.0427 	1
0.0434 	1
0.0441 	1
0.0448 	1
0.0455 	1
0.0462 	1
0.0469 	1
0.0476 	1
0.0483 	1
0.049 	1
0.0497 	1
0.0504 	1
0.0511 	1
0.0518 	1
0.0525 	1
0.0532 	1
0.0539 	1
0.0546 	1
0.0553 	1
0.056 	1
0.0567 	1
0.0574 	1
0.0581 	1
0.0588 	1
0.0595 	1
0.0602 	1
0.0609 	1
0.0616 	1
0.0623 	1
0.063 	1
0.0637 	1
0.0644 	1
0.0651 	1
0.0658 	1
0.0665 	1
0.0672 	1
0.0679 	1
0.0686 	1
0.0693 	1
0.07 	1
0.0707 	1
0.0714 	1
0.0721 	1
0.0728 	1
0.0735 	1
0.0742 	1
0.0749 	1
0.0756 	1
0.0763 	1
0.077 	1
0.0777 	1
0.0784 	1
0.0791 	1
0.0798 	1
0.0805 	1
0.0812 	1
0.0819 	1
0.0826 	1
0.0833 	1
0.084 	1
0.0847 	1
0.0854 	1
0.0861 	1
0.0868 	1
0.0875 	1
0.0882 	1
0.0889 	1
0.0896 	1
0.0903 	1
0.091 	1
0.0917 	1
0.0924 	1
0.0931 	1
0.0938 	1
0.0945 	1
0.0952 	1
0.0959 	1
0.0966 	1
0.0973 	1
0.098 	1
0.0987 	1
0.0994 	1
0.1001 	1
0.1008 	1
0.1015 	1
0.1022 	1
0.1029 	1
0.1036 	1
0.1043 	1
0.105 	1
0.1057 	1
0.1064 	1
0.1071 	1
0.1078 	1
0.1085 	1
0.1092 	1
0.1099 	1
0.1106 	1
0.1113 	1
0.112 	1
0.1127 	1
0.1134 	1
0.1141 	1
0.1148 	1
0.1155 	1
0.1162 	1
0.1169 	1
0.1176 	1
0.1183 	1
0.119 	1
0.1197 	1
0.1204 	1
0.1211 	1
0.1218 	1
0.1225 	1
0.1232 	1
0.1239 	1
0.1246 	1
0.1253 	1
0.126 	1
0.1267 	1
0.1274 	1
0.1281 	1
0.1288 	1
0.1295 	1
0.1302 	1
0.1309 	1
0.1316 	1
0.1323 	1
0.133 	1
0.1337 	1
0.1344 	1
0.1351 	1
0.1358 	1
0.1365 	1
0.1372 	1
0.1379 	1
0.1386 	1
0.1393 	1
0.14 	1
0.1407 	1
0.1414 	1
0.1421 	1
0.1428 	1
0.1435 	1
0.1442 	1
0.1449 	1
0.1456 	1
0.1463 	1
0.147 	1
0.1477 	1
0.1484 	1
0.1491 	1
0.1498 	1
0.1505 	1
0.1512 	1
0.1519 	1
0.1526 	1
0.1533 	1
0.154 	1
0.1547 	1
0.1554 	1
0.1561 	1
0.1568 	1
0.1575 	1
0.1582 	1
0.1589 	1
0.1596 	1
0.1603 	1
0.161 	1
0.1617 	1
0.1624 	1
0.1631 	1
0.1638 	1
0.1645 	1
0.1652 	1
0.1659 	1
0.1666 	1
0.1673 	1
0.168 	1
0.1687 	1
0.1694 	1
0.1701 	1
0.1708 	1
0.1715 	1
0.1722 	1
0.1729 	1
0.1736 	1
0.1743 	1
0.175 	1
0.1757 	1
0.1764 	1
0.1771 	1
0.1778 	1
0.1785 	1
0.1792 	1
0.1799 	1
0.1806 	1
0.1813 	1
0.182 	1
0.1827 	1
0.1834 	1
0.1841 	1
0.1848 	1
0.1855 	1
0.1862 	1
0.1869 	1
0.1876 	1
0.1883 	1
0.189 	1
0.1897 	1
0.1904 	1
0.1911 	1
0.1918 	1
0.1925 	1
0.1932 	1
0.1939 	1
0.1946 	1
0.1953 	1
0.196 	1
0.1967 	1
0.1974 	1
0.1981 	1
0.1988 	1
0.1995 	1
0.2002 	1
0.2009 	1
0.2016 	1
0.2023 	1
0.203 	1
0.2037 	1
0.2044 	1
0.2051 	1
0.2058 	1
0.2065 	1
0.2072 	1
0.2079 	1
0.2086 	1
0.2093 	1
0.21 	1
0.2107 	1
0.2114 	1
0.2121 	1
0.2128 	1
0.2135 	1
0.2142 	1
0.2149 	1
0.2156 	1
0.2163 	1
0.217 	1
0.2177 	1
0.2184 	1
0.2191 	1
0.2198 	1
0.2205 	1
0.2212 	1
0.2219 	1
0.2226 	1
0.2233 	1
0.224 	1
0.2247 	1
0.2254 	0.999998
0.2261 	0.999996
0.2268 	0.999993
0.2275 	0.99999
0.2282 	0.999987
0.2289 	0.999984
0.2296 	0.999981
0.2303 	0.999789
0.231 	0.999344
0.2317 	0.9989
0.2324 	0.998455
0.2331 	0.998011
0.2338 	0.997566
0.2345 	0.997121
0.2352 	0.993811
0.2359 	0.983333
0.2366 	0.972856
0.2373 	0.962378
0.238 	0.9519
0.2387 	0.941423
0.2394 	0.930945
0.2401 	0.914777
0.2408 	0.864447
0.2415 	0.814117
0.2422 	0.763787
0.2429 	0.713457
0.2436 	0.663127
0.2443 	0.612798
0.245 	0.562464
0.2457 	0.503818
0.2464 	0.445174
0.2471 	0.38653
0.2478 	0.327886
0.2485 	0.269243
0.2492 	0.210599
0.2499 	0.151955
0.2506 	0.127129
0.2513 	0.107942
0.252 	0.0887545
0.2527 	0.069567
0.2534 	0.0503795
0.2541 	0.031192
0.2548 	0.0120045
0.2555 	0.00590028
0.2562 	0.00502674
0.2569 	0.0041532
0.2576 	0.00327966
0.2583 	0.00240611
0.259 	0.00153257
0.2597 	0.000659031
0.2604 	0.000263136
0.2611 	0.000225325
0.2618 	0.000187514
0.2625 	0.000149704
0.2632 	0.000111893
0.2639 	7.40824e-05
0.2646 	3.62718e-05
0.2653 	1.38328e-05
0.266 	1.18812e-05
0.2667 	9.92948e-06
0.2674 	7.97779e-06
0.2681 	6.0261e-06
0.2688 	4.07441e-06
0.2695 	2.12272e-06
0.2702 	7.01077e-07
0.2709 	6.03888e-07
0.2716 	5.067e-07
0.2723 	4.09514e-07
0.273 	3.12328e-07
0.2737 	2.15142e-07
0.2744 	1.17956e-07
0.2751 	3.39994e-08
0.2758 	2.9353e-08
0.2765 	2.47069e-08
0.2772 	2.00614e-08
0.2779 	1.5416e-08
0.2786 	1.07705e-08
0.2793 	6.12511e-09
0.28 	1.48017e-09
0.2807 	1.27996e-09
0.2814 	1.07982e-09
0.2821 	8.79763e-10
0.2828 	6.79707e-10
0.2835 	4.7965e-10
0.2842 	2.79594e-10
0.2849 	7.95379e-11
0.2856 	4.52553e-11
0.2863 	3.85777e-11
0.287 	3.19061e-11
0.2877 	2.52345e-11
0.2884 	1.85629e-11
0.2891 	1.18913e-11
0.2898 	5.21971e-12
0.2905 	3.1598e-12
0.2912 	2.94353e-12
0.2919 	2.72745e-12
0.2926 	2.51138e-12
0.2933 	2.29531e-12
0.294 	2.07924e-12
0.2947 	1.86317e-12
0.2954 	1.69558e-12
0.2961 	1.56433e-12
0.2968 	1.43335e-12
0.2975 	1.30245e-12
0.2982 	1.17155e-12
0.2989 	1.04065e-12
0.2996 	9.09745e-13
0.3003 	7.95772e-13
0.301 	7.04399e-13
0.3017 	6.13262e-13
0.3024 	5.22256e-13
0.3031 	4.3125e-13
0.3038 	3.40244e-13
0.3045 	2.49237e-13
0.3052 	1.78279e-13
0.3059 	1.57428e-13
0.3066 	1.3663e-13
0.3073 	1.15886e-13
0.308 	9.51411e-14
0.3087 	7.43964e-14
0.3094 	5.36518e-14
0.3101 	3.52893e-14
0.3108 	3.12122e-14
0.3115 	2.7143e-14
0.3122 	2.30883e-14
0.3129 	1.90337e-14
0.3136 	1.4979e-14
0.3143 	1.09243e-14
0.315 	6.86998e-15
0.3157 	6.03804e-15
0.3164 	5.20726e-15
0.3171 	4.38034e-15
0.3178 	3.55342e-15
0.3185 	2.7265e-15
0.3192 	1.89958e-15
0.3199 	1.07266e-15
0.3206 	8.5042e-16
0.3213 	7.28956e-16
0.322 	6.08222e-16
0.3227 	4.87487e-16
0.3234 	3.66753e-16
0.3241 	2.46019e-16
0.3248 	1.25285e-16
0.3255 	8.22461e-17
0.3262 	7.02724e-17
0.3269 	5.83762e-17
0.3276 	4.6486e-17
0.3283 	3.45958e-17
0.329 	2.27056e-17
0.3297 	1.08154e-17
0.3304 	5.27662e-18
0.3311 	4.49951e-18
0.3318 	3.72692e-18
0.3325 	2.95556e-18
0.3332 	2.1842e-18
0.3339 	1.41285e-18
0.3346 	6.41492e-19
0.3353 	1.88846e-19
0.336 	1.60955e-19
0.3367 	1.33206e-19
0.3374 	1.05535e-19
0.3381 	7.78635e-20
0.3388 	5.01924e-20
0.3395 	2.25213e-20
0.3402 	2.64867e-21
0.3409 	2.26099e-21
0.3416 	1.87493e-21
0.3423 	1.4905e-21
0.343 	1.10607e-21
0.3437 	7.21635e-22
0.3444 	3.37203e-22
0.3451 	7.58053e-24
0.3458 	6.49049e-24
0.3465 	5.40391e-24
0.3472 	4.32357e-24
0.3479 	3.24324e-24
0.3486 	2.1629e-24
0.3493 	1.08257e-24
0.35 	2.36511e-27
0.3507 	2.03162e-27
0.3514 	1.69886e-27
0.3521 	1.36854e-27
0.3528 	1.03823e-27
0.3535 	7.07912e-28
0.3542 	3.77596e-28
0.3549 	4.72803e-29
0.3556 	1.16864e-31
0.3563 	9.81422e-32
0.357 	7.95757e-32
0.3577 	6.10092e-32
0.3584 	4.24427e-32
0.3591 	2.38761e-32
0.3598 	5.30963e-33
0.3605 	6.47211e-36
0.3612 	5.45812e-36
0.3619 	4.45222e-36
0.3626 	3.44693e-36
0.3633 	2.44165e-36
0.364 	1.43637e-36
0.3647 	4.31086e-37
0.3654 	3.43339e-40
0.3661 	2.9074e-40
0.3668 	2.38482e-40
0.3675 	1.86317e-40
0.3682 	1.34151e-40
0.3689 	8.19862e-41
0.3696 	2.9821e-41
0.3703 	1.75408e-44
0.371 	1.49118e-44
0.3717 	1.22962e-44
0.3724 	9.68803e-45
0.3731 	7.07987e-45
0.3738 	4.47171e-45
0.3745 	1.86356e-45
0.3752 	8.70921e-49
0.3759 	7.43155e-49
0.3766 	6.15876e-49
0.3773 	4.89084e-49
0.378 	3.62291e-49
0.3787 	2.35499e-49
0.3794 	1.08707e-49
0.3801 	4.22624e-53
0.3808 	3.6191e-53
0.3815 	3.01355e-53
0.3822 	2.41086e-53
0.3829 	1.80818e-53
0.3836 	1.2055e-53
0.3843 	6.02812e-54
0.385 	2.01198e-57
0.3857 	1.72875e-57
0.3864 	1.44601e-57
0.3871 	1.16485e-57
0.3878 	8.83697e-58
0.3885 	6.02539e-58
0.3892 	3.21381e-58
0.3899 	4.02232e-59
0.3906 	8.09627e-62
0.3913 	6.80126e-62
0.392 	5.51459e-62
0.3927 	4.22791e-62
0.3934 	2.94123e-62
0.3941 	1.65456e-62
0.3948 	3.67878e-63
0.3955 	3.71113e-66
0.3962 	3.13058e-66
0.3969 	2.55369e-66
0.3976 	1.97707e-66
0.3983 	1.40046e-66
0.399 	8.23846e-67
0.3997 	2.47231e-67
0.4004 	1.66473e-70
0.4011 	1.41002e-70
0.4018 	1.15665e-70
0.4025 	9.03643e-71
0.4032 	6.50635e-71
0.4039 	3.97627e-71
0.4046 	1.44619e-71
0.4053 	6.88333e-75
0.406 	5.8171e-75
0.4067 	4.73816e-75
0.4074 	3.65214e-75
0.4081 	2.56613e-75
0.4088 	1.48012e-75
0.4095 	3.94108e-76
0.4102 	-3.69472e-76
0.4109 	-3.27413e-76
0.4116 	-3.06403e-76
0.4123 	-3.06442e-76
0.413 	-3.06482e-76
0.4137 	-3.06521e-76
0.4144 	-3.06561e-76
0.4151 	-3.00278e-76
0.4158 	-2.56029e-76
0.4165 	-2.27581e-76
0.4172 	-2.27574e-76
0.4179 	-2.27567e-76
0.4186 	-2.2756e-76
0.4193 	-2.27553e-76
0.42 	-2.27548e-76
0.4207 	-1.88788e-76
0.4214 	-1.58332e-76
0.4221 	-1.58326e-76
0.4228 	-1.58321e-76
0.4235 	-1.58315e-76
0.4242 	-1.5831e-76
0.4249 	-1.58304e-76
0.4256 	-1.32191e-76
0.4263 	-1.03898e-76
0.427 	-1.03894e-76
0.4277 	-1.0389e-76
0.4284 	-1.03886e-76
0.4291 	-1.03882e-76
0.4298 	-1.03878e-76
0.4305 	-8.8145e-77
0.4312 	-6.61159e-77
0.4319 	-6.454e-77
0.4326 	-6.45375e-77
0.4333 	-6.45349e-77
0.434 	-6.45324e-77
0.4347 	-6.45299e-77
0.4354 	-5.6058e-77
0.4361 	-4.12311e-77
0.4368 	-3.80527e-77
0.4375 	-3.80511e-77
0.4382 	-3.80495e-77
0.4389 	-3.80479e-77
0.4396 	-3.80464e-77
0.4403 	-3.40363e-77
0.441 	-2.46791e-77
0.4417 	-2.13366e-77
0.4424 	-2.13356e-77
0.4431 	-2.13347e-77
0.4438 	-2.13337e-77
0.4445 	-2.13328e-77
0.4452 	-1.9743e-77
0.4459 	-1.41789e-77
0.4466 	-1.13966e-77
0.4473 	-1.13961e-77
0.448 	-1.13955e-77
0.4487 	-1.1395e-77
0.4494 	-1.13945e-77
0.4501 	-1.09474e-77
0.4508 	-7.81884e-78
0.4515 	-5.8075e-78
0.4522 	-5.8072e-78
0.4529 	-5.80691e-78
0.4536 	-5.80661e-78
0.4543 	-5.80631e-78
0.455 	-5.80606e-78
0.4557 	-4.13799e-78
0.4564 	-2.82722e-78
0.4571 	-2.82706e-78
0.4578 	-2.8269e-78
0.4585 	-2.82674e-78
0.4592 	-2.82659e-78
0.4599 	-2.82643e-78
0.4606 	-2.10173e-78
0.4613 	-1.31654e-78
0.462 	-1.31646e-78
0.4627 	-1.31638e-78
0.4634 	-1.3163e-78
0.4641 	-1.31622e-78
0.4648 	-1.31614e-78
0.4655 	-1.02454e-78
0.4662 	-6.16277e-79
0.4669 	-5.87078e-79
0.4676 	-5.87038e-79
0.4683 	-5.86999e-79
0.469 	-5.86959e-79
0.4697 	-5.86919e-79
0.4704 	-4.79435e-79
0.4711 	-2.91329e-79
0.4718 	-2.51006e-79
0.4725 	-2.50987e-79
0.4732 	-2.50968e-79
0.4739 	-2.50949e-79
0.4746 	-2.5093e-79
0.4753 	-2.15427e-79
0.476 	-1.32589e-79
0.4767 	-1.02998e-79
0.4774 	-1.0299e-79
0.4781 	-1.02981e-79
0.4788 	-1.02972e-79
0.4795 	-1.02964e-79
0.4802 	-9.29847e-80
0.4809 	-5.80656e-80
0.4816 	-4.06042e-80
0.4823 	-4.06004e-80
0.483 	-4.05967e-80
0.4837 	-4.05929e-80
0.4844 	-4.05891e-80
0.4851 	-3.8572e-80
0.4858 	-2.44636e-80
0.4865 	-1.53933e-80
0.4872 	-1.53917e-80
0.4879 	-1.53901e-80
0.4886 	-1.53886e-80
0.4893 	-1.5387e-80
0.49 	-1.53856e-80
0.4907 	-9.91555e-81
0.4914 	-5.61715e-81
0.4921 	-5.61652e-81
0.4928 	-5.61589e-81
0.4935 	-5.61526e-81
0.4942 	-5.61464e-81
0.4949 	-5.61401e-81
0.4956 	-3.86724e-81
0.4963 	-1.97473e-81
0.497 	-1.97449e-81
0.4977 	-1.97425e-81
0.4984 	-1.97401e-81
0.4991 	-1.97377e-81
0.4998 	-1.97353e-81
0.5005 	-1.45188e-81
0.5012 	-7.21542e-82
0.5019 	-6.69294e-82
0.5026 	-6.69206e-82
0.5033 	-6.69118e-82
0.504 	-6.6903e-82
0.5047 	-6.68941e-82
0.5054 	-5.24941e-82
0.5061 	-2.72957e-82
0.5068 	-2.18936e-82
0.5075 	-2.18905e-82
0.5082 	-2.18874e-82
0.5089 	-2.18843e-82
0.5096 	-2.18812e-82
0.5103 	-1.82893e-82
0.511 	-9.91014e-83
0.5117 	-6.9169e-83
0.5124 	-6.91585e-83
0.5131 	-6.9148e-83
0.5138 	-6.91376e-83
0.5145 	-6.91271e-83
0.5152 	-6.14429e-83
0.5159 	-3.45638e-83
0.5166 	-2.11226e-83
0.5173 	-2.11192e-83
0.518 	-2.11158e-83
0.5187 	-2.11123e-83
0.5194 	-2.11089e-83
0.5201 	-1.99176e-83
0.5208 	-1.15921e-83
0.5215 	-6.2396e-84
0.5222 	-6.23853e-84
0.5229 	-6.23747e-84
0.5236 	-6.2364e-84
0.5243 	-6.23534e-84
0.525 	-6.23432e-84
0.5257 	-3.74241e-84
0.5264 	-1.78423e-84
0.5271 	-1.78391e-84
0.5278 	-1.78359e-84
0.5285 	-1.78327e-84
0.5292 	-1.78295e-84
0.5299 	-1.78262e-84
0.5306 	-1.16422e-84
0.5313 	-4.94227e-85
0.532 	-4.94133e-85
0.5327 	-4.9404e-85
0.5334 	-4.93946e-85
0.5341 	-4.93853e-85
0.5348 	-4.93759e-85
0.5355 	-3.49334e-85
0.5362 	-1.47144e-85
0.5369 	-1.32677e-85
0.5376 	-1.32651e-85
0.5383 	-1.32625e-85
0.539 	-1.32598e-85
0.5397 	-1.32572e-85
0.5404 	-1.01205e-85
0.5411 	-4.63219e-86
0.5418 	-3.45556e-86
0.5425 	-3.45485e-86
0.5432 	-3.45413e-86
0.5439 	-3.45342e-86
0.5446 	-3.4527e-86
0.5453 	-2.83355e-86
0.546 	-1.38944e-86
0.5467 	-8.7357e-87
0.5474 	-8.73382e-87
0.5481 	-8.73193e-87
0.5488 	-8.73005e-87
0.5495 	-8.72816e-87
0.5502 	-7.6741e-87
0.5509 	-3.98815e-87
0.5516 	-2.14494e-87
0.5523 	-2.14446e-87
0.553 	-2.14398e-87
0.5537 	-2.1435e-87
0.5544 	-2.14301e-87
0.5551 	-2.01224e-87
0.5558 	-1.09898e-87
0.5565 	-5.1185e-88
0.5572 	-5.11731e-88
0.5579 	-5.11612e-88
0.5586 	-5.11492e-88
0.5593 	-5.11373e-88
0.56 	-5.11258e-88
0.5607 	-2.9148e-88
0.5614 	-1.18776e-88
0.5621 	-1.18747e-88
0.5628 	-1.18719e-88
0.5635 	-1.1869e-88
0.5642 	-1.18661e-88
0.5649 	-1.18632e-88
0.5656 	-7.45619e-89
0.5663 	-2.68166e-89
0.567 	-2.68099e-89
0.5677 	-2.68031e-89
0.5684 	-2.67964e-89
0.5691 	-2.67897e-89
0.5698 	-2.67829e-89
0.5705 	-1.84269e-89
0.5712 	-6.72943e-90
0.5719 	-5.89247e-90
0.5726 	-5.89094e-90
0.5733 	-5.8894e-90
0.574 	-5.88787e-90
0.5747 	-5.88634e-90
0.5754 	-4.4062e-90
0.5761 	-1.8166e-90
0.5768 	-1.26142e-90
0.5775 	-1.26108e-90
0.5782 	-1.26074e-90
0.5789 	-1.2604e-90
0.5796 	-1.26006e-90
0.5803 	-1.02071e-90
0.581 	-4.62544e-91
0.5817 	-2.6315e-91
0.5824 	-2.63077e-91
0.5831 	-2.63003e-91
0.5838 	-2.6293e-91
0.5845 	-2.62857e-91
0.5852 	-2.29331e-91
0.5859 	-1.12132e-91
0.5866 	-5.35241e-92
0.5873 	-5.35087e-92
0.588 	-5.34932e-92
0.5887 	-5.34777e-92
0.5894 	-5.34622e-92
0.5901 	-5.0025e-92
0.5908 	-2.60399e-92
0.5915 	-1.06198e-92
0.5922 	-1.06166e-92
0.5929 	-1.06134e-92
0.5936 	-1.06102e-92
0.5943 	-1.0607e-92
0.595 	-1.06039e-92
0.5957 	-5.8176e-93
0.5964 	-2.05644e-93
0.5971 	-2.0558e-93
0.5978 	-2.05516e-93
0.5985 	-2.05452e-93
0.5992 	-2.05388e-93
0.5999 	-2.05323e-93
0.6006 	-1.25433e-93
0.6013 	-3.88829e-94
0.602 	-3.88703e-94
0.6027 	-3.88578e-94
0.6034 	-3.88452e-94
0.6041 	-3.88326e-94
0.6048 	-3.88201e-94
0.6055 	-2.61637e-94
0.6062 	-8.44705e-95
0.6069 	-7.17934e-95
0.6076 	-7.17693e-95
0.6083 	-7.17451e-95
0.609 	-7.1721e-95
0.6097 	-7.16969e-95
0.6104 	-5.2897e-95
0.6111 	-2.00091e-95
0.6118 	-1.29582e-95
0.6125 	-1.29536e-95
0.6132 	-1.29491e-95
0.6139 	-1.29446e-95
0.6146 	-1.294e-95
0.6153 	-1.03818e-95
0.616 	-4.41726e-96
0.6167 	-2.28652e-96
0.6174 	-2.28568e-96
0.6181 	-2.28485e-96
0.6188 	-2.28402e-96
0.6195 	-2.28319e-96
0.6202 	-1.98062e-96
0.6209 	-9.23323e-97
0.6216 	-3.94598e-97
0.6223 	-3.94449e-97
0.623 	-3.94299e-97
0.6237 	-3.9415e-97
0.6244 	-3.94e-97
0.6251 	-3.67711e-97
0.6258 	-1.84449e-97
0.6265 	-6.66283e-98
0.6272 	-6.6602e-98
0.6279 	-6.65756e-98
0.6286 	-6.65493e-98
0.6293 	-6.65229e-98
0.63 	-6.64971e-98
0.6307 	-3.5427e-98
0.6314 	-1.10116e-98
0.6321 	-1.10071e-98
0.6328 	-1.10025e-98
0.6335 	-1.0998e-98
0.6342 	-1.09934e-98
0.6349 	-1.09889e-98
0.6356 	-6.56951e-99
0.6363 	-1.78194e-99
0.637 	-1.78117e-99
0.6377 	-1.7804e-99
0.6384 	-1.77963e-99
0.6391 	-1.77886e-99
0.6398 	-1.77809e-99
0.6405 	-1.17975e-99
0.6412 	-3.4226e-100
0.6419 	-2.82321e-100
0.6426 	-2.82193e-100
0.6433 	-2.82065e-100
0.644 	-2.81938e-100
0.6447 	-2.8181e-100
0.6454 	-2.0564e-100
0.6461 	-7.24123e-101
0.6468 	-4.38472e-101
0.6475 	-4.38265e-101
0.6482 	-4.38057e-101
0.6489 	-4.37849e-101
0.6496 	-4.37641e-101
0.6503 	-3.48559e-101
0.651 	-1.40926e-101
0.6517 	-6.67495e-102
0.6524 	-6.67164e-102
0.6531 	-6.66832e-102
0.6538 	-6.66501e-102
0.6545 	-6.66169e-102
0.6552 	-5.75357e-102
0.6559 	-2.58225e-102
0.6566 	-9.96328e-103
0.6573 	-9.95809e-103
0.658 	-9.9529e-103
0.6587 	-9.94772e-103
0.6594 	-9.94253e-103
0.6601 	-9.26021e-103
0.6608 	-4.51158e-103
0.6615 	-1.4586e-103
0.6622 	-1.4578e-103
0.6629 	-1.45701e-103
0.6636 	-1.45621e-103
0.6643 	-1.45542e-103
0.665 	-1.45463e-103
0.6657 	-7.57395e-104
0.6664 	-2.09491e-104
0.6671 	-2.09371e-104
0.6678 	-2.09252e-104
0.6685 	-2.09132e-104
0.6692 	-2.09013e-104
0.6699 	-2.08893e-104
0.6706 	-1.22792e-104
0.6713 	-2.95226e-105
0.672 	-2.9505e-105
0.6727 	-2.94875e-105
0.6734 	-2.94699e-105
0.6741 	-2.94523e-105
0.6748 	-2.94347e-105
0.6755 	-1.92906e-105
0.6762 	-5.09383e-106
0.6769 	-4.07743e-106
0.6776 	-4.0749e-106
0.6783 	-4.07237e-106
0.679 	-4.06984e-106
0.6797 	-4.06731e-106
0.6804 	-2.94125e-106
0.6811 	-9.72181e-107
0.6818 	-5.49959e-107
0.6825 	-5.49605e-107
0.6832 	-5.4925e-107
0.6839 	-5.48895e-107
0.6846 	-5.4854e-107
0.6853 	-4.33733e-107
0.686 	-1.66257e-107
0.6867 	-7.06984e-108
0.6874 	-7.06502e-108
0.6881 	-7.06019e-108
0.6888 	-7.05536e-108
0.6895 	-7.05054e-108
0.6902 	-6.04654e-108
0.6909 	-2.54332e-108
0.6916 	-7.91394e-109
0.6923 	-7.9077e-109
0.693 	-7.90145e-109
0.6937 	-7.89521e-109
0.6944 	-7.88897e-109
0.6951 	-7.25368e-109
0.6958 	-2.84088e-109
0.6965 	-3.82318e-112
0.6972 	-3.12355e-112
0.6979 	-2.42391e-112
0.6986 	-1.72428e-112
0.6993 	-1.02464e-112
0.7 	-3.25083e-113
