0 	1
0.0007 	1
0.0014 	1
0.0021 	1
0.0028 	1
0.0035 	1
0.0042 	1
0.0049 	1
0.0056 	1
0.0063 	1
0.007 	1
0.0077 	1
0.0084 	1
0.0091 	1
0.0098 	1
0.0105 	1
0.0112 	1
0.0119 	1
0.0126 	1
0.0133 	1
0.014 	1
0.0147 	1
0.0154 	1
0.0161 	1
0.0168 	1
0.0175 	1
0.0182 	1
0.0189 	1
0.0196 	1
0.0203 	1
0.021 	1
0.0217 	1
0.0224 	1
0.0231 	1
0.0238 	1
0.0245 	1
0.0252 	1
0.0259 	1
0.0266 	1
0.0273 	1
0.028 	1
0.0287 	1
0.0294 	1
0.0301 	1
0.0308 	1
0.0315 	1
0.0322 	1
0.0329 	1
0.0336 	1
0.0343 	1
0.035 	1
0.0357 	1
0.0364 	1
0.0371 	1
0.0378 	1
0.0385 	1
0.0392 	1
0.0399 	1
0.0406 	1
0.0413 	1
0.042 	1
0.0427 	1
0.0434 	1
0.0441 	1
0.0448 	1
0.0455 	1
0.0462 	1
0.0469 	1
0.0476 	1
0.0483 	1
0.049 	1
0.0497 	1
0.0504 	1
0.0511 	1
0.0518 	1
0.0525 	1
0.0532 	1
0.0539 	1
0.0546 	1
0.0553 	1
0.056 	1
0.0567 	1
0.0574 	1
0.0581 	1
0.0588 	1
0.0595 	1
0.0602 	1
0.0609 	1
0.0616 	1
0.0623 	1
0.063 	1
0.0637 	1
0.0644 	1
0.0651 	1
0.0658 	1
0.0665 	1
0.0672 	1
0.0679 	1
0.0686 	1
0.0693 	1
0.07 	1
0.0707 	1
0.0714 	1
0.0721 	1
0.0728 	1
0.0735 	1
0.0742 	1
0.0749 	1
0.0756 	1
0.0763 	1
0.077 	1
0.0777 	1
0.0784 	1
0.0791 	1
0.0798 	1
0.0805 	1
0.0812 	1
0.0819 	1
0.0826 	1
0.0833 	1
0.084 	1
0.0847 	1
0.0854 	1
0.0861 	1
0.0868 	1
0.0875 	1
0.0882 	1
0.0889 	1
0.0896 	1
0.0903 	1
0.091 	1
0.0917 	1
0.0924 	1
0.0931 	1
0.0938 	1
0.0945 	1
0.0952 	1
0.0959 	1
0.0966 	1
0.0973 	1
0.098 	1
0.0987 	1
0.0994 	1
0.1001 	1
0.1008 	1
0.1015 	1
0.1022 	1
0.1029 	1
0.1036 	1
0.1043 	1
0.105 	1
0.1057 	1
0.1064 	1
0.1071 	1
0.1078 	1
0.1085 	1
0.1092 	1
0.1099 	1
0.1106 	1
0.1113 	1
0.112 	1
0.1127 	1
0.1134 	1
0.1141 	1
0.1148 	1
0.1155 	1
0.1162 	1
0.1169 	1
0.1176 	1
0.1183 	1
0.119 	1
0.1197 	1
0.1204 	1
0.1211 	1
0.1218 	1
0.1225 	1
0.1232 	1
0.1239 	1
0.1246 	1
0.1253 	1
0.126 	1
0.1267 	1
0.1274 	1
0.1281 	1
0.1288 	1
0.1295 	1
0.1302 	1
0.1309 	1
0.1316 	1
0.1323 	1
0.133 	1
0.1337 	1
0.1344 	1
0.1351 	1
0.1358 	1
0.1365 	1
0.1372 	1
0.1379 	1
0.1386 	1
0.1393 	1
0.14 	1
0.1407 	1
0.1414 	1
0.1421 	1
0.1428 	1
0.1435 	1
0.1442 	1
0.1449 	1
0.1456 	1
0.1463 	1
0.147 	1
0.1477 	1
0.1484 	1
0.1491 	1
0.1498 	1
0.1505 	1
0.1512 	1
0.1519 	1
0.1526 	1
0.1533 	1
0.154 	1
0.1547 	1
0.1554 	1
0.1561 	1
0.1568 	1
0.1575 	1
0.1582 	1
0.1589 	1
0.1596 	1
0.1603 	1
0.161 	1
0.1617 	1
0.1624 	1
0.1631 	1
0.1638 	1
0.1645 	1
0.1652 	1
0.1659 	1
0.1666 	1
0.1673 	1
0.168 	1
0.1687 	1
0.1694 	1
0.1701 	1
0.1708 	1
0.1715 	1
0.1722 	1
0.1729 	1
0.1736 	1
0.1743 	1
0.175 	1
0.1757 	1
0.1764 	1
0.1771 	1
0.1778 	1
0.1785 	1
0.1792 	1
0.1799 	1
0.1806 	1
0.1813 	1
0.182 	1
0.1827 	1
0.1834 	1
0.1841 	1
0.1848 	1
0.1855 	1
0.1862 	1
0.1869 	1
0.1876 	1
0.1883 	1
0.189 	1
0.1897 	1
0.1904 	1
0.1911 	1
0.1918 	1
0.1925 	1
0.1932 	1
0.1939 	1
0.1946 	1
0.1953 	1
0.196 	1
0.1967 	1
0.1974 	1
0.1981 	1
0.1988 	1
0.1995 	1
0.2002 	1
0.2009 	1
0.2016 	1
0.2023 	1
0.203 	1
0.2037 	1
0.2044 	1
0.2051 	1
0.2058 	1
0.2065 	1
0.2072 	1
0.2079 	1
0.2086 	1
0.2093 	1
0.21 	1
0.2107 	1
0.2114 	1
0.2121 	1
0.2128 	1
0.2135 	1
0.2142 	1
0.2149 	1
0.2156 	1
0.2163 	1
0.217 	1
0.2177 	1
0.2184 	1
0.2191 	1
0.2198 	1
0.2205 	1
0.2212 	1
0.2219 	1
0.2226 	1
0.2233 	1
0.224 	1
0.2247 	1
0.2254 	1
0.2261 	1
0.2268 	1
0.2275 	1
0.2282 	1
0.2289 	1
0.2296 	1
0.2303 	1
0.231 	1
0.2317 	1
0.2324 	1
0.2331 	1
0.2338 	1
0.2345 	1
0.2352 	1
0.2359 	1
0.2366 	1
0.2373 	1
0.238 	1
0.2387 	1
0.2394 	1
0.2401 	1
0.2408 	1
0.2415 	1
0.2422 	1
0.2429 	1
0.2436 	1
0.2443 	1
0.245 	1
0.2457 	0.999994
0.2464 	0.999988
0.2471 	0.999982
0.2478 	0.999976
0.2485 	0.99997
0.2492 	0.999963
0.2499 	0.999957
0.2506 	0.999331
0.2513 	0.998601
0.252 	0.99787
0.2527 	0.99714
0.2534 	0.99641
0.2541 	0.99568
0.2548 	0.994949
0.2555 	0.984799
0.2562 	0.97088
0.2569 	0.956961
0.2576 	0.943041
0.2583 	0.929122
0.259 	0.915202
0.2597 	0.901283
0.2604 	0.863712
0.2611 	0.808402
0.2618 	0.753091
0.2625 	0.69778
0.2632 	0.642469
0.2639 	0.587158
0.2646 	0.531847
0.2653 	0.476441
0.266 	0.420913
0.2667 	0.365386
0.2674 	0.309858
0.2681 	0.254331
0.2688 	0.198803
0.2695 	0.143276
0.2702 	0.0996324
0.2709 	0.0856981
0.2716 	0.0717639
0.2723 	0.05783
0.273 	0.043896
0.2737 	0.029962
0.2744 	0.016028
0.2751 	0.00400713
0.2758 	0.00346129
0.2765 	0.00291546
0.2772 	0.00236964
0.2779 	0.00182382
0.2786 	0.00127799
0.2793 	0.000732174
0.28 	0.000186375
0.2807 	0.000161589
0.2814 	0.000136805
0.2821 	0.000112021
0.2828 	8.72365e-05
0.2835 	6.24526e-05
0.2842 	3.76686e-05
0.2849 	1.28846e-05
0.2856 	8.26884e-06
0.2863 	7.01344e-06
0.287 	5.758e-06
0.2877 	4.50255e-06
0.2884 	3.2471e-06
0.2891 	1.99165e-06
0.2898 	7.36199e-07
0.2905 	3.40155e-07
0.2912 	2.87806e-07
0.2919 	2.35455e-07
0.2926 	1.83104e-07
0.2933 	1.30752e-07
0.294 	7.84011e-08
0.2947 	2.60499e-08
0.2954 	3.32741e-09
0.2961 	2.82247e-09
0.2968 	2.31758e-09
0.2975 	1.81271e-09
0.2982 	1.30783e-09
0.2989 	8.02959e-10
0.2996 	2.98086e-10
0.3003 	9.32948e-12
0.301 	8.67349e-12
0.3017 	8.01777e-12
0.3024 	7.36221e-12
0.3031 	6.70665e-12
0.3038 	6.0511e-12
0.3045 	5.39554e-12
0.3052 	4.89202e-12
0.3059 	4.76845e-12
0.3066 	4.64503e-12
0.3073 	4.52177e-12
0.308 	4.3985e-12
0.3087 	4.27523e-12
0.3094 	4.15197e-12
0.3101 	4.00263e-12
0.3108 	3.69689e-12
0.3115 	3.39113e-12
0.3122 	3.08531e-12
0.3129 	2.77949e-12
0.3136 	2.47368e-12
0.3143 	2.16786e-12
0.315 	1.86205e-12
0.3157 	1.68182e-12
0.3164 	1.50152e-12
0.3171 	1.32095e-12
0.3178 	1.14038e-12
0.3185 	9.59805e-13
0.3192 	7.79232e-13
0.3199 	5.98659e-13
0.3206 	5.20576e-13
0.3213 	4.59561e-13
0.322 	3.9839e-13
0.3227 	3.37218e-13
0.3234 	2.76047e-13
0.3241 	2.14876e-13
0.3248 	1.53705e-13
0.3255 	1.24667e-13
0.3262 	1.08482e-13
0.3269 	9.22384e-14
0.3276 	7.59898e-14
0.3283 	5.97413e-14
0.329 	4.34927e-14
0.3297 	2.72441e-14
0.3304 	1.88004e-14
0.3311 	1.62095e-14
0.3318 	1.36076e-14
0.3325 	1.10027e-14
0.3332 	8.39777e-15
0.3339 	5.79285e-15
0.3346 	3.18794e-15
0.3353 	1.60168e-15
0.336 	1.37344e-15
0.3367 	1.14411e-15
0.3374 	9.14165e-16
0.3381 	6.84224e-16
0.3388 	4.54284e-16
0.3395 	2.24343e-16
0.3402 	5.77446e-17
0.3409 	4.94661e-17
0.3416 	4.11433e-17
0.3423 	3.27761e-17
0.343 	2.4409e-17
0.3437 	1.60418e-17
0.3444 	7.67466e-18
0.3451 	4.93284e-19
0.3458 	4.23742e-19
0.3465 	3.53802e-19
0.3472 	2.83146e-19
0.3479 	2.12491e-19
0.3486 	1.41835e-19
0.3493 	7.11798e-20
0.35 	5.27885e-22
0.3507 	4.55239e-22
0.3514 	3.8224e-22
0.3521 	3.07924e-22
0.3528 	2.33608e-22
0.3535 	1.59291e-22
0.3542 	8.4975e-23
0.3549 	1.06587e-23
0.3556 	4.05396e-26
0.3563 	3.42403e-26
0.357 	2.77628e-26
0.3577 	2.12853e-26
0.3584 	1.48077e-26
0.3591 	8.33022e-27
0.3598 	1.85271e-27
0.3605 	2.10285e-30
0.3612 	1.78373e-30
0.3619 	1.45572e-30
0.3626 	1.12704e-30
0.3633 	7.98346e-31
0.364 	4.69657e-31
0.3647 	1.40968e-31
0.3654 	1.09465e-34
0.3661 	9.31976e-35
0.3668 	7.65548e-35
0.3675 	5.98095e-35
0.3682 	4.30643e-35
0.3689 	2.6319e-35
0.3696 	9.57373e-36
0.3703 	5.56251e-39
0.371 	4.75303e-39
0.3717 	3.92829e-39
0.3724 	3.09507e-39
0.3731 	2.26184e-39
0.3738 	1.42862e-39
0.3745 	5.95396e-40
0.3752 	2.70738e-43
0.3759 	2.32154e-43
0.3766 	1.92995e-43
0.3773 	1.53263e-43
0.378 	1.13531e-43
0.3787 	7.37989e-44
0.3794 	3.40668e-44
0.3801 	1.25402e-47
0.3808 	1.07895e-47
0.3815 	9.01978e-48
0.3822 	7.21592e-48
0.3829 	5.41205e-48
0.3836 	3.60819e-48
0.3843 	1.80432e-48
0.385 	5.53669e-52
0.3857 	4.77907e-52
0.3864 	4.01652e-52
0.3871 	3.23557e-52
0.3878 	2.45461e-52
0.3885 	1.67366e-52
0.3892 	8.92705e-53
0.3899 	1.11751e-53
0.3906 	2.03009e-56
0.3913 	1.71483e-56
0.392 	1.39041e-56
0.3927 	1.066e-56
0.3934 	7.41588e-57
0.3941 	4.17176e-57
0.3948 	9.27634e-58
0.3955 	8.32362e-61
0.3962 	7.06202e-61
0.3969 	5.76349e-61
0.3976 	4.46212e-61
0.3983 	3.16075e-61
0.399 	1.85938e-61
0.3997 	5.58016e-62
0.4004 	3.31509e-65
0.4011 	2.82329e-65
0.4018 	2.31929e-65
0.4025 	1.81197e-65
0.4032 	1.30465e-65
0.4039 	7.97327e-66
0.4046 	2.90006e-66
0.4053 	1.28778e-69
0.406 	1.10069e-69
0.4067 	9.09808e-70
0.4074 	7.16827e-70
0.4081 	5.23846e-70
0.4088 	3.30864e-70
0.4095 	1.37883e-70
0.4102 	4.89229e-74
0.4109 	4.19587e-74
0.4116 	3.48855e-74
0.4123 	2.77035e-74
0.413 	2.05215e-74
0.4137 	1.33395e-74
0.4144 	6.15746e-75
0.4151 	1.81887e-78
0.4158 	1.56507e-78
0.4165 	1.30845e-78
0.4172 	1.04677e-78
0.4179 	7.85093e-79
0.4186 	5.23412e-79
0.4193 	2.61732e-79
0.42 	6.61685e-83
0.4207 	5.71137e-83
0.4214 	4.8e-83
0.4221 	3.8667e-83
0.4228 	2.9334e-83
0.4235 	2.0001e-83
0.4242 	1.0668e-83
0.4249 	1.33505e-84
0.4256 	2.03749e-87
0.4263 	1.72091e-87
0.427 	1.39534e-87
0.4277 	1.06978e-87
0.4284 	7.44211e-88
0.4291 	4.18645e-88
0.4298 	9.30785e-89
0.4305 	7.10117e-92
0.4312 	6.0239e-92
0.4319 	4.91618e-92
0.4326 	3.80612e-92
0.4333 	2.69606e-92
0.434 	1.586e-92
0.4347 	4.75937e-93
0.4354 	2.41656e-96
0.4361 	2.05768e-96
0.4368 	1.69027e-96
0.4375 	1.32054e-96
0.4382 	9.50805e-97
0.4389 	5.81072e-97
0.4396 	2.11338e-97
0.4403 	7.9118e-101
0.441 	6.73735e-101
0.4417 	5.54458e-101
0.4424 	4.34163e-101
0.4431 	3.13869e-101
0.4438 	1.93575e-101
0.4445 	7.32803e-102
0.4452 	-1.25613e-102
0.4459 	-1.2296e-102
0.4466 	-1.21652e-102
0.4473 	-1.21691e-102
0.448 	-1.21729e-102
0.4487 	-1.21768e-102
0.4494 	-1.21806e-102
0.4501 	-1.19651e-102
0.4508 	-1.04323e-102
0.4515 	-9.44689e-103
0.4522 	-9.44688e-103
0.4529 	-9.44688e-103
0.4536 	-9.44687e-103
0.4543 	-9.44686e-103
0.455 	-9.44688e-103
0.4557 	-7.79251e-103
0.4564 	-6.49258e-103
0.4571 	-6.49254e-103
0.4578 	-6.49249e-103
0.4585 	-6.49245e-103
0.4592 	-6.49241e-103
0.4599 	-6.49236e-103
0.4606 	-5.33849e-103
0.4613 	-4.08838e-103
0.462 	-4.08833e-103
0.4627 	-4.08829e-103
0.4634 	-4.08824e-103
0.4641 	-4.08819e-103
0.4648 	-4.08814e-103
0.4655 	-3.4093e-103
0.4662 	-2.45886e-103
0.4669 	-2.39094e-103
0.4676 	-2.3909e-103
0.4683 	-2.39086e-103
0.469 	-2.39082e-103
0.4697 	-2.39078e-103
0.4704 	-2.04432e-103
0.4711 	-1.43797e-103
0.4718 	-1.30802e-103
0.4725 	-1.30799e-103
0.4732 	-1.30797e-103
0.4739 	-1.30794e-103
0.4746 	-1.30791e-103
0.4753 	-1.15544e-103
0.476 	-7.99673e-104
0.4767 	-6.72601e-104
0.4774 	-6.72583e-104
0.4781 	-6.72566e-104
0.4788 	-6.72548e-104
0.4795 	-6.72531e-104
0.4802 	-6.1713e-104
0.4809 	-4.23227e-104
0.4816 	-3.2627e-104
0.4823 	-3.2626e-104
0.483 	-3.2625e-104
0.4837 	-3.26239e-104
0.4844 	-3.26229e-104
0.4851 	-3.1211e-104
0.4858 	-2.1329e-104
0.4865 	-1.49761e-104
0.4872 	-1.49756e-104
0.4879 	-1.4975e-104
0.4886 	-1.49745e-104
0.4893 	-1.49739e-104
0.49 	-1.49734e-104
0.4907 	-1.02408e-104
0.4914 	-6.52197e-105
0.4921 	-6.52169e-105
0.4928 	-6.52141e-105
0.4935 	-6.52114e-105
0.4942 	-6.52086e-105
0.4949 	-6.52058e-105
0.4956 	-4.68728e-105
0.4963 	-2.7011e-105
0.497 	-2.70097e-105
0.4977 	-2.70084e-105
0.4984 	-2.70071e-105
0.4991 	-2.70057e-105
0.4998 	-2.70044e-105
0.5005 	-2.04675e-105
0.5012 	-1.13155e-105
0.5019 	-1.06612e-105
0.5026 	-1.06606e-105
0.5033 	-1.066e-105
0.504 	-1.06594e-105
0.5047 	-1.06588e-105
0.5054 	-8.53396e-106
0.5061 	-4.81547e-106
0.5068 	-4.01845e-106
0.5075 	-4.0182e-106
0.5082 	-4.01795e-106
0.5089 	-4.0177e-106
0.5096 	-4.01745e-106
0.5103 	-3.401e-106
0.511 	-1.96274e-106
0.5117 	-1.44901e-106
0.5124 	-1.44891e-106
0.5131 	-1.44881e-106
0.5138 	-1.44871e-106
0.5145 	-1.44861e-106
0.5152 	-1.29692e-106
0.5159 	-7.66124e-107
0.5166 	-5.00707e-107
0.5173 	-5.00669e-107
0.518 	-5.0063e-107
0.5187 	-5.00592e-107
0.5194 	-5.00554e-107
0.5201 	-4.73775e-107
0.5208 	-2.86466e-107
0.5215 	-1.66049e-107
0.5222 	-1.66035e-107
0.5229 	-1.66021e-107
0.5236 	-1.66007e-107
0.5243 	-1.65993e-107
0.525 	-1.65979e-107
0.5257 	-1.02672e-107
0.5264 	-5.29263e-108
0.5271 	-5.29214e-108
0.5278 	-5.29165e-108
0.5285 	-5.29117e-108
0.5292 	-5.29068e-108
0.5299 	-5.29019e-108
0.5306 	-3.53028e-108
0.5313 	-1.62363e-108
0.532 	-1.62347e-108
0.5327 	-1.62331e-108
0.5334 	-1.62315e-108
0.5341 	-1.62299e-108
0.5348 	-1.62282e-108
0.5355 	-1.16567e-108
0.5362 	-5.25662e-109
0.5369 	-4.79899e-109
0.5376 	-4.79847e-109
0.5383 	-4.79795e-109
0.539 	-4.79743e-109
0.5397 	-4.79691e-109
0.5404 	-3.69983e-109
0.5411 	-1.7801e-109
0.5418 	-1.36861e-109
0.5425 	-1.36845e-109
0.5432 	-1.36829e-109
0.5439 	-1.36813e-109
0.5446 	-1.36797e-109
0.5453 	-1.1301e-109
0.546 	-5.75208e-110
0.5467 	-3.77e-110
0.5474 	-3.76953e-110
0.5481 	-3.76906e-110
0.5488 	-3.76859e-110
0.5495 	-3.76812e-110
0.5502 	-3.32568e-110
0.5509 	-1.77795e-110
0.5516 	-1.00403e-110
0.5523 	-1.00389e-110
0.553 	-1.00376e-110
0.5537 	-1.00362e-110
0.5544 	-1.00349e-110
0.5551 	-9.43832e-111
0.5558 	-5.26852e-111
0.5565 	-2.58779e-111
0.5572 	-2.58742e-111
0.5579 	-2.58706e-111
0.5586 	-2.58669e-111
0.5593 	-2.58632e-111
0.56 	-2.58596e-111
0.5607 	-1.4997e-111
0.5614 	-6.46141e-112
0.5621 	-6.46043e-112
0.5628 	-6.45945e-112
0.5635 	-6.45847e-112
0.5642 	-6.4575e-112
0.5649 	-6.45652e-112
0.5656 	-4.10826e-112
0.5663 	-1.56426e-112
0.567 	-1.56401e-112
0.5677 	-1.56376e-112
0.5684 	-1.5635e-112
0.5691 	-1.56325e-112
0.5698 	-1.563e-112
0.5705 	-1.08477e-112
0.5712 	-4.1528e-113
0.5719 	-3.67402e-113
0.5726 	-3.67339e-113
0.5733 	-3.67277e-113
0.574 	-3.67215e-113
0.5747 	-3.67152e-113
0.5754 	-2.76478e-113
0.5761 	-1.17826e-113
0.5768 	-8.38171e-114
0.5775 	-8.38021e-114
0.5782 	-8.37871e-114
0.5789 	-8.37721e-114
0.5796 	-8.37571e-114
0.5803 	-6.81118e-114
0.581 	-3.16203e-114
0.5817 	-1.85854e-114
0.5824 	-1.85819e-114
0.5831 	-1.85784e-114
0.5838 	-1.85749e-114
0.5845 	-1.85714e-114
0.5852 	-1.62397e-114
0.5859 	-8.08561e-115
0.5866 	-4.00818e-115
0.5873 	-4.00739e-115
0.588 	-4.0066e-115
0.5887 	-4.00581e-115
0.5894 	-4.00501e-115
0.5901 	-3.75141e-115
0.5908 	-1.98007e-115
0.5915 	-8.41291e-116
0.5922 	-8.41117e-116
0.5929 	-8.40943e-116
0.5936 	-8.40768e-116
0.5943 	-8.40594e-116
0.595 	-8.40423e-116
0.5957 	-4.66105e-116
0.5964 	-1.71974e-116
0.5971 	-1.71936e-116
0.5978 	-1.71899e-116
0.5985 	-1.71862e-116
0.5992 	-1.71825e-116
0.5999 	-1.71787e-116
0.6006 	-1.05774e-116
0.6013 	-3.42598e-117
0.602 	-3.4252e-117
0.6027 	-3.42443e-117
0.6034 	-3.42365e-117
0.6041 	-3.42288e-117
0.6048 	-3.4221e-117
0.6055 	-2.31943e-117
0.6062 	-7.75847e-118
0.6069 	-6.65446e-118
0.6076 	-6.65289e-118
0.6083 	-6.65131e-118
0.609 	-6.64974e-118
0.6097 	-6.64817e-118
0.6104 	-4.92416e-118
0.6111 	-1.90796e-118
0.6118 	-1.26139e-118
0.6125 	-1.26108e-118
0.6132 	-1.26077e-118
0.6139 	-1.26046e-118
0.6146 	-1.26015e-118
0.6153 	-1.01364e-118
0.616 	-4.38772e-119
0.6167 	-2.33424e-119
0.6174 	-2.33364e-119
0.6181 	-2.33305e-119
0.6188 	-2.33245e-119
0.6195 	-2.33185e-119
0.6202 	-2.02598e-119
0.6209 	-9.56649e-120
0.6216 	-4.2193e-120
0.6223 	-4.21818e-120
0.623 	-4.21705e-120
0.6237 	-4.21593e-120
0.6244 	-4.21481e-120
0.6251 	-3.9365e-120
0.6258 	-1.99411e-120
0.6265 	-7.45357e-121
0.6272 	-7.45151e-121
0.6279 	-7.44946e-121
0.6286 	-7.4474e-121
0.6293 	-7.44535e-121
0.63 	-7.44332e-121
0.6307 	-3.9962e-121
0.6314 	-1.2875e-121
0.6321 	-1.28714e-121
0.6328 	-1.28677e-121
0.6335 	-1.2864e-121
0.6342 	-1.28603e-121
0.6349 	-1.28567e-121
0.6356 	-7.72984e-122
0.6363 	-2.17587e-122
0.637 	-2.17523e-122
0.6377 	-2.17459e-122
0.6384 	-2.17394e-122
0.6391 	-2.1733e-122
0.6398 	-2.17266e-122
0.6405 	-1.44748e-122
0.6412 	-4.32394e-123
0.6419 	-3.59785e-123
0.6426 	-3.59675e-123
0.6433 	-3.59565e-123
0.644 	-3.59455e-123
0.6447 	-3.59345e-123
0.6454 	-2.62981e-123
0.6461 	-9.44061e-124
0.6468 	-5.82684e-124
0.6475 	-5.825e-124
0.6482 	-5.82316e-124
0.6489 	-5.82132e-124
0.6496 	-5.81948e-124
0.6503 	-4.64405e-124
0.651 	-1.90339e-124
0.6517 	-9.24394e-125
0.6524 	-9.24092e-125
0.6531 	-9.23791e-125
0.6538 	-9.23489e-125
0.6545 	-9.23188e-125
0.6552 	-7.9832e-125
0.6559 	-3.61929e-125
0.6566 	-1.4371e-125
0.6573 	-1.43662e-125
0.658 	-1.43613e-125
0.6587 	-1.43565e-125
0.6594 	-1.43517e-125
0.6601 	-1.33754e-125
0.6608 	-6.56719e-126
0.6615 	-2.19022e-126
0.6622 	-2.18946e-126
0.6629 	-2.1887e-126
0.6636 	-2.18794e-126
0.6643 	-2.18718e-126
0.665 	-2.18643e-126
0.6657 	-1.14539e-126
0.6664 	-3.27352e-127
0.6671 	-3.27235e-127
0.6678 	-3.27118e-127
0.6685 	-3.27001e-127
0.6692 	-3.26884e-127
0.6699 	-3.26767e-127
0.6706 	-1.92955e-127
0.6713 	-4.79968e-128
0.672 	-4.79791e-128
0.6727 	-4.79615e-128
0.6734 	-4.79438e-128
0.6741 	-4.79262e-128
0.6748 	-4.79086e-128
0.6755 	-3.15054e-128
0.6762 	-8.54581e-129
0.6769 	-6.90342e-129
0.6776 	-6.90081e-129
0.6783 	-6.8982e-129
0.679 	-6.89559e-129
0.6797 	-6.89298e-129
0.6804 	-4.99873e-129
0.6811 	-1.68535e-129
0.6818 	-9.75045e-130
0.6825 	-9.74666e-130
0.6832 	-9.74286e-130
0.6839 	-9.73907e-130
0.6846 	-9.73528e-130
0.6853 	-7.72163e-130
0.686 	-3.0274e-130
0.6867 	-1.35054e-130
0.6874 	-1.35e-130
0.6881 	-1.34946e-130
0.6888 	-1.34891e-130
0.6895 	-1.34837e-130
0.6902 	-1.16112e-130
0.6909 	-5.06932e-131
0.6916 	-1.79799e-131
0.6923 	-1.79723e-131
0.693 	-1.79647e-131
0.6937 	-1.79571e-131
0.6944 	-1.79494e-131
0.6951 	-1.65086e-131
0.6958 	-6.46375e-132
0.6965 	-5.9722e-135
0.6972 	-4.93269e-135
0.6979 	-3.89317e-135
0.6986 	-2.85366e-135
0.6993 	-1.81414e-135
0.7 	-7.74699e-136
