0 	1
0.0007 	1
0.0014 	1
0.0021 	1
0.0028 	1
0.0035 	1
0.0042 	1
0.0049 	1
0.0056 	1
0.0063 	1
0.007 	1
0.0077 	1
0.0084 	1
0.0091 	1
0.0098 	1
0.0105 	1
0.0112 	1
0.0119 	1
0.0126 	1
0.0133 	1
0.014 	1
0.0147 	1
0.0154 	1
0.0161 	1
0.0168 	1
0.0175 	1
0.0182 	1
0.0189 	1
0.0196 	1
0.0203 	1
0.021 	1
0.0217 	1
0.0224 	1
0.0231 	1
0.0238 	1
0.0245 	1
0.0252 	1
0.0259 	1
0.0266 	1
0.0273 	1
0.028 	1
0.0287 	1
0.0294 	1
0.0301 	1
0.0308 	1
0.0315 	1
0.0322 	1
0.0329 	1
0.0336 	1
0.0343 	1
0.035 	1
0.0357 	1
0.0364 	1
0.0371 	1
0.0378 	1
0.0385 	1
0.0392 	1
0.0399 	1
0.0406 	1
0.0413 	1
0.042 	1
0.0427 	1
0.0434 	1
0.0441 	1
0.0448 	1
0.0455 	1
0.0462 	1
0.0469 	1
0.0476 	1
0.0483 	1
0.049 	1
0.0497 	1
0.0504 	1
0.0511 	1
0.0518 	1
0.0525 	1
0.0532 	1
0.0539 	1
0.0546 	1
0.0553 	1
0.056 	1
0.0567 	1
0.0574 	1
0.0581 	1
0.0588 	1
0.0595 	1
0.0602 	1
0.0609 	1
0.0616 	1
0.0623 	1
0.063 	1
0.0637 	1
0.0644 	1
0.0651 	1
0.0658 	1
0.0665 	1
0.0672 	1
0.0679 	1
0.0686 	1
0.0693 	1
0.07 	1
0.0707 	1
0.0714 	1
0.0721 	1
0.0728 	1
0.0735 	1
0.0742 	1
0.0749 	1
0.0756 	1
0.0763 	1
0.077 	1
0.0777 	1
0.0784 	1
0.0791 	1
0.0798 	1
0.0805 	1
0.0812 	1
0.0819 	1
0.0826 	1
0.0833 	1
0.084 	1
0.0847 	1
0.0854 	1
0.0861 	1
0.0868 	1
0.0875 	1
0.0882 	1
0.0889 	1
0.0896 	1
0.0903 	1
0.091 	1
0.0917 	1
0.0924 	1
0.0931 	1
0.0938 	1
0.0945 	1
0.0952 	1
0.0959 	1
0.0966 	1
0.0973 	1
0.098 	1
0.0987 	1
0.0994 	1
0.1001 	1
0.1008 	1
0.1015 	1
0.1022 	1
0.1029 	1
0.1036 	1
0.1043 	1
0.105 	1
0.1057 	1
0.1064 	1
0.1071 	1
0.1078 	1
0.1085 	1
0.1092 	1
0.1099 	1
0.1106 	1
0.1113 	1
0.112 	1
0.1127 	1
0.1134 	1
0.1141 	1
0.1148 	1
0.1155 	1
0.1162 	1
0.1169 	1
0.1176 	1
0.1183 	1
0.119 	1
0.1197 	1
0.1204 	1
0.1211 	1
0.1218 	1
0.1225 	1
0.1232 	1
0.1239 	1
0.1246 	1
0.1253 	1
0.126 	1
0.1267 	1
0.1274 	1
0.1281 	1
0.1288 	1
0.1295 	1
0.1302 	1
0.1309 	1
0.1316 	1
0.1323 	1
0.133 	1
0.1337 	1
0.1344 	1
0.1351 	1
0.1358 	1
0.1365 	1
0.1372 	1
0.1379 	1
0.1386 	1
0.1393 	1
0.14 	1
0.1407 	1
0.1414 	1
0.1421 	1
0.1428 	1
0.1435 	1
0.1442 	1
0.1449 	1
0.1456 	1
0.1463 	1
0.147 	1
0.1477 	1
0.1484 	1
0.1491 	1
0.1498 	1
0.1505 	1
0.1512 	1
0.1519 	1
0.1526 	1
0.1533 	1
0.154 	1
0.1547 	1
0.1554 	1
0.1561 	0.999999
0.1568 	0.999997
0.1575 	0.999995
0.1582 	0.999994
0.1589 	0.999992
0.1596 	0.99999
0.1603 	0.999989
0.161 	0.999986
0.1617 	0.999977
0.1624 	0.999969
0.1631 	0.99996
0.1638 	0.999951
0.1645 	0.999942
0.1652 	0.999934
0.1659 	0.999932
0.1666 	0.999917
0.1673 	0.999903
0.168 	0.999888
0.1687 	0.999874
0.1694 	0.999859
0.1701 	0.999841
0.1708 	0.999842
0.1715 	0.999841
0.1722 	0.99984
0.1729 	0.999838
0.1736 	0.999837
0.1743 	0.999836
0.175 	0.999829
0.1757 	0.999815
0.1764 	0.999816
0.1771 	0.999817
0.1778 	0.999818
0.1785 	0.999819
0.1792 	0.99982
0.1799 	0.999823
0.1806 	0.999776
0.1813 	0.999776
0.182 	0.999776
0.1827 	0.999776
0.1834 	0.999775
0.1841 	0.999775
0.1848 	0.999791
0.1855 	0.999797
0.1862 	0.999813
0.1869 	0.99983
0.1876 	0.999846
0.1883 	0.999861
0.189 	0.999876
0.1897 	0.999891
0.1904 	0.999933
0.1911 	0.999947
0.1918 	0.999963
0.1925 	0.999973
0.1932 	0.999977
0.1939 	0.999975
0.1946 	0.999973
0.1953 	0.999975
0.196 	0.999978
0.1967 	0.999982
0.1974 	0.999985
0.1981 	0.999992
0.1988 	0.999995
0.1995 	0.999994
0.2002 	0.999997
0.2009 	0.999999
0.2016 	1
0.2023 	0.999999
0.203 	0.999998
0.2037 	0.999996
0.2044 	0.999994
0.2051 	0.999993
0.2058 	0.999994
0.2065 	0.999996
0.2072 	0.999999
0.2079 	1
0.2086 	1
0.2093 	1
0.21 	1
0.2107 	1
0.2114 	1
0.2128 	1
0.2135 	1
0.2142 	1
0.2149 	1
0.2156 	1
0.2163 	1
0.217 	1
0.2177 	1
0.2184 	1
0.2191 	1
0.2198 	1
0.2212 	0.999924
0.2219 	0.997452
0.2226 	0.989289
0.2233 	0.948094
0.224 	0.856728
0.2247 	0.675055
0.2261 	0.239848
0.2268 	0.118556
0.2275 	0.0262042
0.2282 	0.0169421
0.2289 	0.00938472
0.2296 	0.00807768
0.2303 	0.00712548
0.231 	0.00664642
0.2317 	0.00591799
0.2324 	0.00505099
0.2331 	0.00410495
0.2338 	0.00315378
0.2345 	0.00230894
0.2373 	0.000678174
0.238 	0.000894041
0.2394 	0.00132414
0.2401 	0.00135903
0.2408 	0.00108369
0.2415 	0.000815853
0.2422 	0.000560845
0.2429 	0.000365049
0.2436 	0.000213662
0.245 	0.000138566
0.2471 	0.00085624
0.2478 	0.000989572
0.2485 	0.000892247
0.2492 	0.000654635
0.2499 	0.000339062
0.2506 	0.000210089
0.2513 	0.000121081
0.252 	0.00014768
0.2527 	0.000185851
0.2534 	0.000252954
0.2541 	0.000286842
0.2548 	0.000287518
0.2555 	0.000253583
0.2562 	0.000205803
0.2569 	0.00018592
0.2576 	0.000167139
0.259 	0.000121806
0.2597 	0.000109084
0.2604 	9.91693e-05
0.2611 	9.1359e-05
0.2618 	7.01207e-05
0.2625 	4.52083e-05
0.2632 	2.95261e-05
0.2639 	1.59316e-05
0.2646 	9.96987e-06
0.2653 	5.71066e-06
0.2674 	2.9239e-06
0.2681 	3.76697e-06
0.2688 	4.9174e-06
0.2695 	8.11661e-06
0.2702 	1.12694e-05
0.2716 	1.63569e-05
0.2723 	1.74234e-05
0.273 	2.63205e-05
0.2737 	3.83499e-05
0.2744 	6.63428e-05
0.2751 	9.37615e-05
0.2758 	0.000110406
0.2765 	0.000112486
0.2779 	5.97197e-05
0.2786 	2.76457e-05
0.2793 	1.30201e-05
0.28 	3.14796e-06
0.2807 	3.26848e-06
0.2814 	4.16889e-06
0.2821 	7.9243e-06
0.2828 	1.13901e-05
0.2835 	1.44699e-05
0.2849 	1.30731e-05
0.2856 	9.17019e-06
0.2863 	5.00725e-06
0.287 	2.62339e-06
0.2877 	1.07398e-06
0.2884 	1.61067e-06
0.2891 	2.58138e-06
0.2898 	3.98489e-06
0.2905 	5.32259e-06
0.2912 	6.63397e-06
0.2926 	6.21048e-06
0.2933 	4.28457e-06
0.294 	2.53458e-06
0.2947 	1.10132e-06
0.2954 	3.37587e-07
0.2961 	7.60047e-08
0.2982 	2.42188e-10
0.2989 	9.9364e-12
0.2996 	4.01561e-12
0.3003 	5.23773e-13
0.301 	2.7053e-13
0.3017 	1.34847e-13
0.3031 	3.33899e-14
0.3038 	1.02602e-14
0.3045 	5.22509e-15
0.3052 	1.41863e-15
0.3059 	6.83654e-16
0.3066 	2.5024e-16
0.3073 	1.18426e-16
0.308 	5.68183e-17
0.3087 	2.3294e-17
0.3094 	1.27548e-17
0.3101 	4.92844e-18
0.3108 	2.76386e-18
0.3115 	1.17315e-18
0.3122 	6.15365e-19
0.3136 	1.365e-19
0.3143 	7.03496e-20
0.315 	2.77711e-20
0.3157 	1.61414e-20
0.3164 	6.35841e-21
0.3171 	3.34336e-21
0.3178 	1.31454e-21
0.3185 	6.00703e-22
0.3192 	2.46077e-22
0.3199 	9.09453e-23
0.3206 	4.20781e-23
0.3213 	1.26785e-23
0.322 	6.09454e-24
0.3234 	5.2432e-25
0.3241 	1.40466e-25
0.3248 	4.729e-26
0.3255 	1.32877e-26
0.3262 	2.95478e-27
0.3269 	1.18292e-27
0.3276 	2.121e-28
0.329 	2.74255e-29
0.3297 	1.4509e-29
0.3304 	7.62119e-30
0.3311 	5.25487e-30
0.3318 	4.12179e-30
0.3332 	2.63907e-30
0.3339 	1.98276e-30
0.3346 	1.43898e-30
0.3353 	9.82929e-31
0.336 	6.43846e-31
0.3374 	2.02241e-31
0.3381 	1.26058e-31
0.3388 	7.13726e-32
0.3395 	3.92614e-32
0.3409 	9.47499e-33
0.3416 	5.31067e-33
0.3423 	2.31554e-33
0.3437 	5.84169e-34
0.3444 	3.02208e-34
0.3451 	7.05044e-35
0.3465 	7.95043e-36
0.3472 	3.69425e-36
0.3479 	1.31162e-36
0.3486 	3.34162e-37
0.3493 	9.20203e-38
0.35 	4.99824e-38
0.3507 	3.15914e-38
0.3514 	1.5717e-38
0.3521 	9.06232e-39
0.3528 	4.33507e-39
0.3535 	2.17776e-39
0.3542 	1.02278e-39
0.3549 	4.24283e-40
0.3556 	2.13516e-40
0.3563 	7.54894e-41
0.357 	4.27823e-41
0.3577 	1.727e-41
0.3584 	9.7449e-42
0.3591 	4.92679e-42
0.3598 	2.81417e-42
0.3612 	9.27109e-43
0.3619 	5.95454e-43
0.3626 	3.18944e-43
0.3633 	1.80996e-43
0.364 	7.50402e-44
0.3647 	2.66605e-44
0.3654 	4.0538e-45
0.3661 	7.76784e-46
0.3668 	4.34273e-47
0.3675 	3.81675e-48
0.3682 	2.38522e-48
0.3689 	1.10879e-48
0.3696 	4.04839e-49
0.3703 	2.10861e-51
0.371 	1.00288e-51
0.3717 	4.18788e-52
0.3731 	4.88062e-53
0.3738 	1.14891e-53
0.3752 	7.00541e-55
0.3773 	6.28311e-56
0.378 	3.76196e-56
0.3787 	1.83106e-56
0.3801 	2.63184e-57
0.3808 	1.18856e-57
0.3815 	2.105e-58
0.3822 	7.02966e-59
0.3829 	7.98352e-60
0.3836 	4.08837e-60
0.3843 	1.82122e-60
0.385 	1.16177e-65
0.3857 	1.16181e-65
0.3864 	1.02228e-65
0.3871 	3.71714e-66
0.3878 	-8.10634e-70
0.3885 	-1.85158e-69
0.3892 	-2.21632e-69
0.3899 	-2.20486e-69
0.3913 	-2.0577e-69
0.3927 	-1.81542e-69
0.3934 	-1.67735e-69
0.3941 	-1.5375e-69
0.3955 	-1.25958e-69
0.3969 	-1.00446e-69
0.3976 	-8.86998e-70
0.3983 	-7.84437e-70
0.399 	-6.88192e-70
0.3997 	-6.03308e-70
0.4004 	-5.27649e-70
0.4011 	-4.58909e-70
0.4018 	-4.01014e-70
0.4032 	-3.02517e-70
0.4039 	-2.60936e-70
0.4046 	-2.26604e-70
0.4053 	-1.95452e-70
0.406 	-1.68539e-70
0.4067 	-1.45437e-70
0.4074 	-1.24452e-70
0.4081 	-1.07501e-70
0.4088 	-9.14882e-71
0.4095 	-7.89237e-71
0.4102 	-6.71922e-71
0.4109 	-5.75431e-71
0.4116 	-4.90323e-71
0.4123 	-4.16595e-71
0.413 	-3.55489e-71
0.4137 	-2.99433e-71
0.4151 	-2.15126e-71
0.4172 	-1.30168e-71
0.4179 	-1.09708e-71
0.4193 	-7.76119e-72
0.42 	-6.43547e-72
0.4207 	-5.45538e-72
0.4214 	-4.53076e-72
0.4221 	-3.80941e-72
0.4228 	-3.17068e-72
0.4235 	-2.64213e-72
0.4242 	-2.20547e-72
0.4249 	-1.81983e-72
0.4256 	-1.52457e-72
0.4263 	-1.24991e-72
0.427 	-1.04717e-72
0.4277 	-8.60624e-73
0.4284 	-7.14562e-73
0.4291 	-5.89132e-73
0.4298 	-4.84328e-73
0.4305 	-4.00877e-73
0.4312 	-3.25966e-73
0.4319 	-2.71092e-73
0.4326 	-2.19974e-73
0.4333 	-1.82156e-73
0.434 	-1.48304e-73
0.4347 	-1.21591e-73
0.4354 	-9.93995e-74
0.4361 	-8.05996e-74
0.4368 	-6.62152e-74
0.4375 	-5.30347e-74
0.4382 	-4.38315e-74
0.4389 	-3.52289e-74
0.4403 	-2.32688e-74
0.441 	-1.88323e-74
0.4417 	-1.52783e-74
0.4424 	-1.22145e-74
0.4431 	-9.97024e-75
0.4438 	-7.91003e-75
0.4445 	-6.46566e-75
0.4452 	-5.15209e-75
0.4459 	-4.16553e-75
0.4466 	-3.33647e-75
0.4487 	-1.69221e-75
0.4494 	-1.37395e-75
0.4501 	-1.0806e-75
0.4508 	-8.7337e-76
0.4515 	-6.90473e-76
0.4529 	-4.38573e-76
0.4536 	-3.45534e-76
0.4543 	-2.76894e-76
0.455 	-2.14905e-76
0.4557 	-1.73735e-76
0.4564 	-1.35545e-76
0.4571 	-1.08282e-76
0.4578 	-8.49944e-77
0.4592 	-5.29826e-77
0.4599 	-4.11596e-77
0.4606 	-3.28299e-77
0.4613 	-2.52744e-77
0.462 	-2.02116e-77
0.4627 	-1.56534e-77
0.4634 	-1.23566e-77
0.4641 	-9.63898e-78
0.4648 	-7.50029e-78
0.4655 	-5.90118e-78
0.4662 	-4.51789e-78
0.4669 	-3.59041e-78
0.4676 	-2.74348e-78
0.4683 	-2.16967e-78
0.469 	-1.66954e-78
0.4697 	-1.30199e-78
0.4704 	-1.01033e-78
0.4711 	-7.75584e-79
0.4718 	-6.07759e-79
0.4725 	-4.58178e-79
0.4732 	-3.63179e-79
0.4739 	-2.75659e-79
0.4746 	-2.15552e-79
0.476 	-1.27033e-79
0.4774 	-7.4269e-80
0.4788 	-4.34353e-80
0.4795 	-3.40686e-80
0.4802 	-2.57098e-80
0.4809 	-1.98705e-80
0.4816 	-1.51344e-80
0.4823 	-1.15011e-80
0.483 	-8.85317e-81
0.4837 	-6.59944e-81
0.4844 	-5.14534e-81
0.4851 	-3.82906e-81
0.4858 	-2.97094e-81
0.4865 	-2.2308e-81
0.4872 	-1.70294e-81
0.4879 	-1.29173e-81
0.4886 	-9.67994e-82
0.49 	-5.45455e-82
0.4907 	-4.24965e-82
0.4914 	-3.14593e-82
0.4921 	-2.41302e-82
0.4928 	-1.80369e-82
0.4935 	-1.35915e-82
0.4942 	-1.02774e-82
0.4949 	-7.59157e-83
0.4956 	-5.82086e-83
0.4963 	-4.24876e-83
0.497 	-3.27513e-83
0.4977 	-2.41276e-83
0.4991 	-1.36186e-83
0.5012 	-5.56129e-84
0.5019 	-4.26215e-84
0.5026 	-3.09502e-84
0.5033 	-2.35931e-84
0.504 	-1.73097e-84
0.5047 	-1.29584e-84
0.5054 	-9.62711e-85
0.5068 	-5.32276e-85
0.5075 	-3.81062e-85
0.5082 	-2.92191e-85
0.5089 	-2.11218e-85
0.5096 	-1.59193e-85
0.5103 	-1.16448e-85
0.511 	-8.60774e-86
0.5117 	-6.38432e-86
0.5124 	-4.61282e-86
0.5131 	-3.47623e-86
0.5138 	-2.47644e-86
0.5152 	-1.35369e-86
0.5159 	-1.00842e-86
0.5166 	-7.36087e-87
0.5173 	-5.36671e-87
0.518 	-3.97619e-87
0.5187 	-2.82714e-87
0.5194 	-2.13275e-87
0.5201 	-1.51359e-87
0.5208 	-1.13617e-87
0.5215 	-8.16437e-88
0.5229 	-4.37605e-88
0.5236 	-3.14389e-88
0.525 	-1.62916e-88
0.5257 	-1.2321e-88
0.5264 	-8.71921e-89
0.5271 	-6.46917e-89
0.5278 	-4.6382e-89
0.5285 	-3.36596e-89
0.5292 	-2.45103e-89
0.5299 	-1.73455e-89
0.5306 	-1.28725e-89
0.5313 	-8.97428e-90
0.532 	-6.71454e-90
0.5327 	-4.73868e-90
0.5334 	-3.47252e-90
0.5348 	-1.77956e-90
0.5355 	-1.29673e-90
0.5362 	-9.03419e-91
0.5369 	-6.72077e-91
0.5376 	-4.67086e-91
0.5383 	-3.45517e-91
0.539 	-2.43351e-91
0.5397 	-1.76103e-91
0.5404 	-1.26079e-91
0.5411 	-8.89728e-92
0.5418 	-6.49362e-92
0.5425 	-4.44626e-92
0.5432 	-3.31896e-92
0.5439 	-2.30078e-92
0.5446 	-1.68254e-92
0.5453 	-1.1843e-92
0.546 	-8.46052e-93
0.5467 	-6.06282e-93
0.5474 	-4.21207e-93
0.5481 	-3.08143e-93
0.5488 	-2.10377e-93
0.5495 	-1.55408e-93
0.5502 	-1.07621e-93
0.5523 	-3.85798e-94
0.553 	-2.76853e-94
0.5537 	-1.89112e-94
0.5551 	-9.46658e-95
0.5558 	-6.91785e-95
0.5565 	-4.78927e-95
0.5572 	-3.41673e-95
0.5579 	-2.40698e-95
0.5586 	-1.66932e-95
0.5593 	-1.20104e-95
0.56 	-8.06195e-96
0.5614 	-4.05481e-96
0.5621 	-2.92805e-96
0.5628 	-2.02666e-96
0.5635 	-1.42578e-96
0.5642 	-1.00602e-96
0.5649 	-6.86863e-97
0.5656 	-4.96273e-97
0.5663 	-3.32792e-97
0.567 	-2.43086e-97
0.5677 	-1.65444e-97
0.5684 	-1.17962e-97
0.5691 	-8.17067e-98
0.5698 	-5.66746e-98
0.5705 	-4.01156e-98
0.5719 	-1.95681e-98
0.5726 	-1.31053e-98
0.5747 	-4.53332e-99
0.5754 	-3.14715e-99
0.5761 	-2.15127e-99
0.5768 	-1.5289e-99
0.5775 	-1.00836e-99
0.5789 	-4.9311e-100
0.5803 	-2.39904e-100
0.581 	-1.66676e-100
0.5824 	-7.80687e-101
0.5831 	-5.5749e-101
0.5838 	-3.6727e-101
0.5845 	-2.65546e-101
0.5852 	-1.77907e-101
0.5859 	-1.25482e-101
0.5866 	-8.57513e-102
0.5873 	-5.87108e-102
0.588 	-4.10396e-102
0.5887 	-2.7116e-102
0.5894 	-1.94901e-102
0.5901 	-1.28459e-102
0.5908 	-9.18854e-103
0.5915 	-6.16804e-103
0.5922 	-4.29348e-103
0.5929 	-2.94198e-103
0.5936 	-1.98278e-103
0.5943 	-1.39308e-103
0.595 	-9.0411e-104
0.5964 	-4.32548e-104
0.5978 	-2.05671e-104
0.5992 	-9.71349e-105
0.5999 	-6.44484e-105
0.6006 	-4.55985e-105
0.6013 	-2.96382e-105
0.6027 	-1.40554e-105
0.6034 	-9.81364e-106
0.6041 	-6.62351e-106
0.6069 	-1.44566e-106
0.6076 	-9.40989e-107
0.6083 	-6.6745e-107
0.609 	-4.42582e-107
0.6097 	-3.05297e-107
0.6104 	-2.07128e-107
0.6111 	-1.38297e-107
0.6118 	-9.63971e-108
0.6125 	-6.18389e-108
0.6132 	-4.45107e-108
0.6139 	-2.90403e-108
0.6146 	-2.03794e-108
0.6153 	-1.35767e-108
0.616 	-9.25149e-109
0.6167 	-6.31621e-109
0.6174 	-4.15288e-109
0.6181 	-2.91747e-109
0.6188 	-1.87549e-109
0.6195 	-1.33722e-109
0.6202 	-8.76201e-110
0.6216 	-4.07569e-110
0.6223 	-2.74004e-110
0.623 	-1.88331e-110
0.6237 	-1.21815e-110
0.6251 	-5.57534e-111
0.6258 	-3.93669e-111
0.6265 	-2.59245e-111
0.6272 	-1.77798e-111
0.6279 	-1.19787e-111
0.6286 	-7.93519e-112
0.63 	-3.4954e-112
0.6328 	-7.48911e-113
0.6335 	-5.06467e-113
0.6342 	-3.43072e-113
0.6349 	-2.2358e-113
0.6356 	-1.5609e-113
0.6363 	-9.94004e-114
0.637 	-7.04203e-114
0.6377 	-4.565e-114
0.6384 	-3.14046e-114
0.6391 	-2.07964e-114
0.6398 	-1.38246e-114
0.6412 	-5.99673e-115
0.6419 	-4.21094e-115
0.6426 	-2.67143e-115
0.6433 	-1.86328e-115
0.644 	-1.20412e-115
0.6447 	-8.13044e-116
0.6454 	-5.37682e-116
0.6461 	-3.49103e-116
0.6468 	-2.37444e-116
0.6475 	-1.46755e-116
0.6482 	-1.03396e-116
0.6489 	-6.49191e-117
0.6496 	-4.43392e-117
0.6503 	-2.84151e-117
0.651 	-1.86987e-117
0.6524 	-7.72294e-118
0.6531 	-5.24053e-118
0.6545 	-2.19797e-118
0.6552 	-1.36081e-118
0.6559 	-9.05081e-119
0.6566 	-5.73021e-119
0.6573 	-3.64599e-119
0.658 	-2.37543e-119
0.6587 	-1.43034e-119
0.6594 	-9.68411e-120
0.6601 	-5.77247e-120
0.6608 	-3.87813e-120
0.6615 	-2.36097e-120
0.6622 	-1.52256e-120
0.6629 	-9.529e-121
0.6636 	-5.84802e-121
0.6643 	-3.79845e-121
0.665 	-2.19369e-121
0.6657 	-1.49754e-121
0.6664 	-8.86051e-122
0.6678 	-3.57065e-122
0.6685 	-2.26903e-122
0.6692 	-1.44161e-122
0.6699 	-8.77597e-123
0.6706 	-5.86153e-123
0.6713 	-3.49963e-123
0.672 	-2.41417e-123
0.6727 	-1.49968e-123
0.6734 	-1.0126e-123
0.6741 	-6.57374e-124
0.6748 	-4.33971e-124
0.6755 	-2.9509e-124
0.6762 	-1.90018e-124
0.6769 	-1.35423e-124
0.6776 	-8.83707e-125
0.679 	-4.26395e-125
0.6797 	-2.99685e-125
0.6804 	-2.08172e-125
0.6811 	-1.43058e-125
0.6818 	-1.02476e-125
0.6825 	-6.85818e-126
0.6839 	-3.47665e-126
0.6846 	-2.53446e-126
0.6853 	-1.7807e-126
0.686 	-1.2782e-126
0.6867 	-9.24335e-127
0.6874 	-6.53021e-127
0.6888 	-3.41709e-127
0.6902 	-1.83845e-127
0.6909 	-1.35509e-127
0.6916 	-9.71902e-128
0.6923 	-6.8885e-128
0.693 	-4.87883e-128
0.6944 	-2.15225e-128
0.6951 	-1.22e-128
0.6958 	-6.75322e-129
0.6965 	-2.59251e-129
0.6979 	-8.18526e-132
0.6993 	-9.13915e-133
0.7 	-2.56343e-138
