0 	1
0.0007 	1
0.0014 	1
0.0021 	1
0.0028 	1
0.0035 	1
0.0042 	1
0.0049 	1
0.0056 	1
0.0063 	1
0.007 	1
0.0077 	1
0.0084 	1
0.0091 	1
0.0098 	1
0.0105 	1
0.0112 	1
0.0119 	1
0.0126 	1
0.0133 	1
0.014 	1
0.0147 	1
0.0154 	1
0.0161 	1
0.0168 	1
0.0175 	1
0.0182 	1
0.0189 	1
0.0196 	1
0.0203 	1
0.021 	1
0.0217 	1
0.0224 	1
0.0231 	1
0.0238 	1
0.0245 	1
0.0252 	1
0.0259 	1
0.0266 	1
0.0273 	1
0.028 	1
0.0287 	1
0.0294 	1
0.0301 	1
0.0308 	1
0.0315 	1
0.0322 	1
0.0329 	1
0.0336 	1
0.0343 	1
0.035 	1
0.0357 	1
0.0364 	1
0.0371 	1
0.0378 	1
0.0385 	1
0.0392 	1
0.0399 	1
0.0406 	1
0.0413 	1
0.042 	1
0.0427 	1
0.0434 	1
0.0441 	1
0.0448 	1
0.0455 	1
0.0462 	1
0.0469 	1
0.0476 	1
0.0483 	1
0.049 	1
0.0497 	1
0.0504 	1
0.0511 	1
0.0518 	1
0.0525 	1
0.0532 	1
0.0539 	1
0.0546 	1
0.0553 	1
0.056 	1
0.0567 	1
0.0574 	1
0.0581 	1
0.0588 	1
0.0595 	1
0.0602 	1
0.0609 	1
0.0616 	1
0.0623 	1
0.063 	1
0.0637 	1
0.0644 	1
0.0651 	1
0.0658 	1
0.0665 	1
0.0672 	1
0.0679 	1
0.0686 	1
0.0693 	1
0.07 	1
0.0707 	1
0.0714 	1
0.0721 	1
0.0728 	1
0.0735 	1
0.0742 	1
0.0749 	1
0.0756 	1
0.0763 	1
0.077 	1
0.0777 	1
0.0784 	1
0.0791 	1
0.0798 	1
0.0805 	1
0.0812 	1
0.0819 	1
0.0826 	1
0.0833 	1
0.084 	1
0.0847 	1
0.0854 	1
0.0861 	1
0.0868 	1
0.0875 	1
0.0882 	1
0.0889 	1
0.0896 	1
0.0903 	1
0.091 	1
0.0917 	1
0.0924 	1
0.0931 	1
0.0938 	1
0.0945 	1
0.0952 	1
0.0959 	1
0.0966 	1
0.0973 	1
0.098 	1
0.0987 	1
0.0994 	1
0.1001 	1
0.1008 	1
0.1015 	1
0.1022 	1
0.1029 	1
0.1036 	1
0.1043 	1
0.105 	1
0.1057 	1
0.1064 	1
0.1071 	1
0.1078 	1
0.1085 	1
0.1092 	1
0.1099 	1
0.1106 	1
0.1113 	1
0.112 	1
0.1127 	1
0.1134 	1
0.1141 	1
0.1148 	1
0.1155 	1
0.1162 	1
0.1169 	1
0.1176 	1
0.1183 	1
0.119 	1
0.1197 	1
0.1204 	1
0.1211 	1
0.1218 	1
0.1225 	1
0.1232 	1
0.1239 	1
0.1246 	1
0.1253 	1
0.126 	1
0.1267 	1
0.1274 	1
0.1281 	1
0.1288 	1
0.1295 	1
0.1302 	1
0.1309 	1
0.1316 	1
0.1323 	1
0.133 	1
0.1337 	1
0.1344 	1
0.1351 	1
0.1358 	1
0.1365 	1
0.1372 	1
0.1379 	1
0.1386 	1
0.1393 	1
0.14 	1
0.1407 	1
0.1414 	1
0.1421 	1
0.1428 	1
0.1435 	1
0.1442 	1
0.1449 	1
0.1456 	1
0.1463 	1
0.147 	1
0.1477 	1
0.1484 	1
0.1491 	1
0.1498 	1
0.1505 	1
0.1512 	1
0.1519 	1
0.1526 	1
0.1533 	1
0.154 	1
0.1547 	1
0.1554 	1
0.1561 	1
0.1568 	1
0.1575 	1
0.1582 	1
0.1589 	1
0.1596 	1
0.1603 	1
0.161 	1
0.1617 	1
0.1624 	1
0.1631 	1
0.1638 	1
0.1645 	1
0.1652 	1
0.1659 	1
0.1666 	1
0.1673 	1
0.168 	1
0.1687 	1
0.1694 	1
0.1701 	1
0.1708 	1
0.1715 	1
0.1722 	1
0.1729 	1
0.1736 	1
0.1743 	1
0.175 	1
0.1757 	1
0.1764 	1
0.1771 	1
0.1778 	1
0.1785 	1
0.1792 	1
0.1799 	1
0.1806 	1
0.1813 	1
0.182 	1
0.1827 	1
0.1834 	1
0.1841 	1
0.1848 	1
0.1855 	1
0.1862 	1
0.1869 	1
0.1876 	1
0.1883 	1
0.189 	1
0.1897 	1
0.1904 	1
0.1911 	1
0.1918 	1
0.1925 	1
0.1932 	1
0.1939 	1
0.1946 	1
0.1953 	1
0.196 	1
0.1967 	1
0.1974 	1
0.1981 	1
0.1988 	1
0.1995 	1
0.2002 	1
0.2009 	1
0.2016 	1
0.2023 	1
0.203 	1
0.2037 	1
0.2044 	1
0.2051 	1
0.2058 	1
0.2065 	1
0.2072 	1
0.2079 	1
0.2086 	1
0.2093 	1
0.21 	1
0.2107 	1
0.2114 	1
0.2121 	1
0.2128 	1
0.2135 	1
0.2142 	1
0.2149 	1
0.2156 	1
0.2163 	1
0.217 	1
0.2177 	1
0.2184 	1
0.2191 	1
0.2198 	1
0.2205 	1
0.2212 	1
0.2219 	1
0.2226 	1
0.2233 	1
0.224 	1
0.2247 	1
0.2254 	1
0.2261 	1
0.2268 	1
0.2275 	1
0.2282 	1
0.2289 	1
0.2296 	1
0.2303 	1
0.231 	1
0.2317 	1
0.2324 	1
0.2331 	1
0.2338 	1
0.2345 	1
0.2352 	1
0.2359 	0.999999
0.2366 	0.999999
0.2373 	0.999999
0.238 	0.999998
0.2387 	0.999998
0.2394 	0.999998
0.2401 	0.999996
0.2408 	0.999989
0.2415 	0.999981
0.2422 	0.999974
0.2429 	0.999966
0.2436 	0.999959
0.2443 	0.999951
0.245 	0.999944
0.2457 	0.999819
0.2464 	0.999694
0.2471 	0.999569
0.2478 	0.999444
0.2485 	0.999319
0.2492 	0.999194
0.2499 	0.999069
0.2506 	0.996508
0.2513 	0.993538
0.252 	0.990568
0.2527 	0.987598
0.2534 	0.984627
0.2541 	0.981657
0.2548 	0.978687
0.2555 	0.953887
0.2562 	0.920333
0.2569 	0.886778
0.2576 	0.853223
0.2583 	0.819668
0.259 	0.786113
0.2597 	0.752558
0.2604 	0.702471
0.2611 	0.640014
0.2618 	0.577556
0.2625 	0.515099
0.2632 	0.452641
0.2639 	0.390183
0.2646 	0.327726
0.2653 	0.276506
0.266 	0.240313
0.2667 	0.204121
0.2674 	0.167928
0.2681 	0.131736
0.2688 	0.0955442
0.2695 	0.0593521
0.2702 	0.0322108
0.2709 	0.0276463
0.2716 	0.0230819
0.2723 	0.0185177
0.273 	0.0139534
0.2737 	0.00938915
0.2744 	0.00482489
0.2751 	0.000897129
0.2758 	0.000769531
0.2765 	0.000641935
0.2772 	0.000514339
0.2779 	0.000386743
0.2786 	0.000259148
0.2793 	0.000131552
0.28 	4.03845e-06
0.2807 	3.47304e-06
0.2814 	2.90801e-06
0.2821 	2.34291e-06
0.2828 	1.77782e-06
0.2835 	1.21273e-06
0.2842 	6.47638e-07
0.2849 	8.25461e-08
0.2856 	1.92412e-09
0.2863 	1.61813e-09
0.287 	1.31199e-09
0.2877 	1.00584e-09
0.2884 	6.99696e-10
0.2891 	3.93551e-10
0.2898 	8.74057e-11
0.2905 	1.22407e-13
0.2912 	1.03383e-13
0.2919 	8.43393e-14
0.2926 	6.52942e-14
0.2933 	4.62491e-14
0.294 	2.72041e-14
0.2947 	8.15904e-15
0.2954 	8.61823e-18
0.2961 	7.30847e-18
0.2968 	5.99703e-18
0.2975 	4.68513e-18
0.2982 	3.37323e-18
0.2989 	2.06133e-18
0.2996 	7.49425e-19
0.3003 	5.92109e-22
0.301 	5.04082e-22
0.3017 	4.15925e-22
0.3024 	3.27695e-22
0.3031 	2.39465e-22
0.3038 	1.51234e-22
0.3045 	6.30041e-23
0.3052 	3.9038e-26
0.3059 	3.33582e-26
0.3066 	2.76698e-26
0.3073 	2.19728e-26
0.308 	1.62758e-26
0.3087 	1.05789e-26
0.3094 	4.88189e-27
0.3101 	2.48924e-30
0.3108 	2.13461e-30
0.3115 	1.77952e-30
0.3122 	1.4236e-30
0.3129 	1.06768e-30
0.3136 	7.11759e-31
0.3143 	3.55839e-31
0.315 	1.53679e-34
0.3157 	1.32219e-34
0.3164 	1.10754e-34
0.3171 	8.92172e-35
0.3178 	6.76807e-35
0.3185 	4.61443e-35
0.3192 	2.46078e-35
0.3199 	3.07137e-36
0.3206 	7.933e-39
0.3213 	6.6755e-39
0.322 	5.4125e-39
0.3227 	4.14951e-39
0.3234 	2.88652e-39
0.3241 	1.62352e-39
0.3248 	3.60528e-40
0.3255 	4.59744e-43
0.3262 	3.88528e-43
0.3269 	3.16974e-43
0.3276 	2.45395e-43
0.3283 	1.73816e-43
0.329 	1.02237e-43
0.3297 	3.06572e-44
0.3304 	2.56723e-47
0.3311 	2.17827e-47
0.3318 	1.78765e-47
0.3325 	1.39657e-47
0.3332 	1.0055e-47
0.3339 	6.14429e-48
0.3346 	2.23357e-48
0.3353 	1.37723e-51
0.336 	1.17303e-51
0.3367 	9.6808e-52
0.3374 	7.62717e-52
0.3381 	5.57353e-52
0.3388 	3.51989e-52
0.3395 	1.46626e-52
0.3402 	7.08002e-56
0.3409 	6.05221e-56
0.3416 	5.02137e-56
0.3423 	3.98749e-56
0.343 	2.95361e-56
0.3437 	1.91973e-56
0.3444 	8.85851e-57
0.3451 	3.48238e-60
0.3458 	2.98717e-60
0.3465 	2.4909e-60
0.3472 	1.99268e-60
0.3479 	1.49447e-60
0.3486 	9.96258e-61
0.3493 	4.98046e-61
0.35 	1.63841e-64
0.3507 	1.40996e-64
0.3514 	1.18135e-64
0.3521 	9.51625e-65
0.3528 	7.21903e-65
0.3535 	4.92181e-65
0.3542 	2.62459e-65
0.3549 	3.27373e-66
0.3556 	6.36906e-69
0.3563 	5.36069e-69
0.357 	4.34644e-69
0.3577 	3.33219e-69
0.3584 	2.31793e-69
0.3591 	1.30368e-69
0.3598 	2.89421e-70
0.3605 	2.75761e-73
0.3612 	2.33089e-73
0.3619 	1.90164e-73
0.3626 	1.4722e-73
0.3633 	1.04276e-73
0.364 	6.13325e-74
0.3647 	1.83886e-74
0.3654 	1.14665e-77
0.3661 	9.73057e-78
0.3668 	7.98589e-78
0.3675 	6.23883e-78
0.3682 	4.49177e-78
0.3689 	2.74471e-78
0.3696 	9.97652e-79
0.3703 	4.58834e-82
0.371 	3.9084e-82
0.3717 	3.22567e-82
0.3724 	2.54138e-82
0.3731 	1.85709e-82
0.3738 	1.1728e-82
0.3745 	4.88511e-83
0.3752 	1.77062e-86
0.3759 	1.51367e-86
0.3766 	1.2559e-86
0.3773 	9.97308e-87
0.378 	7.3872e-87
0.3787 	4.80132e-87
0.3794 	2.21544e-87
0.3801 	6.60303e-91
0.3808 	5.66414e-91
0.3815 	4.72316e-91
0.3822 	3.77842e-91
0.3829 	2.83368e-91
0.3836 	1.88894e-91
0.3843 	9.44201e-92
0.385 	8.36044e-96
0.3857 	8.42548e-97
0.3864 	-5.98856e-96
0.3871 	-1.02959e-95
0.3878 	-1.46033e-95
0.3885 	-1.89106e-95
0.3892 	-2.3218e-95
0.3899 	-2.75254e-95
0.3906 	-2.6362e-95
0.3913 	-2.44144e-95
0.392 	-2.4105e-95
0.3927 	-2.37957e-95
0.3934 	-2.34863e-95
0.3941 	-2.3177e-95
0.3948 	-2.28677e-95
0.3955 	-2.02032e-95
0.3962 	-1.65931e-95
0.3969 	-1.55318e-95
0.3976 	-1.46664e-95
0.3983 	-1.38011e-95
0.399 	-1.29358e-95
0.3997 	-1.20705e-95
0.4004 	-1.04228e-95
0.4011 	-8.185e-96
0.4018 	-7.24834e-96
0.4025 	-6.66657e-96
0.4032 	-6.08479e-96
0.4039 	-5.50301e-96
0.4046 	-4.92123e-96
0.4053 	-4.17906e-96
0.406 	-3.22075e-96
0.4067 	-2.71095e-96
0.4074 	-2.45033e-96
0.4081 	-2.18972e-96
0.4088 	-1.9291e-96
0.4095 	-1.66848e-96
0.4102 	-1.38955e-96
0.4109 	-1.06352e-96
0.4116 	-8.54789e-97
0.4123 	-7.63343e-97
0.413 	-6.71896e-97
0.4137 	-5.8045e-97
0.4144 	-4.89004e-97
0.4151 	-3.97385e-97
0.4158 	-3.03914e-97
0.4165 	-2.34239e-97
0.4172 	-2.07395e-97
0.4179 	-1.80552e-97
0.4186 	-1.53708e-97
0.4193 	-1.26865e-97
0.42 	-1.00044e-97
0.4207 	-7.67202e-98
0.4214 	-5.69234e-98
0.4221 	-5.00921e-98
0.4228 	-4.32609e-98
0.4235 	-3.64297e-98
0.4242 	-2.95985e-98
0.4249 	-2.27672e-98
0.4256 	-1.73615e-98
0.4263 	-1.24441e-98
0.427 	-1.09033e-98
0.4277 	-9.3625e-99
0.4284 	-7.82168e-99
0.4291 	-6.28087e-99
0.4298 	-4.74005e-99
0.4305 	-3.56148e-99
0.4312 	-2.52556e-99
0.4319 	-2.1611e-99
0.4326 	-1.8483e-99
0.4333 	-1.5355e-99
0.434 	-1.22271e-99
0.4347 	-9.09906e-100
0.4354 	-6.68171e-100
0.4361 	-4.79184e-100
0.4368 	-3.93266e-100
0.4375 	-3.35459e-100
0.4382 	-2.77652e-100
0.4389 	-2.19844e-100
0.4396 	-1.62037e-100
0.4403 	-1.15474e-100
0.441 	-8.37737e-101
0.4417 	-6.61448e-101
0.4424 	-5.63335e-101
0.4431 	-4.65222e-101
0.4438 	-3.67108e-101
0.4445 	-2.68995e-101
0.4452 	-1.84941e-101
0.4459 	-1.35714e-101
0.4466 	-1.034e-101
0.4473 	-8.79985e-102
0.448 	-7.25969e-102
0.4487 	-5.71953e-102
0.4494 	-4.17937e-102
0.4501 	-2.75896e-102
0.4508 	-2.04728e-102
0.4515 	-1.50944e-102
0.4522 	-1.28453e-102
0.4529 	-1.05961e-102
0.4536 	-8.34691e-103
0.4543 	-6.09773e-103
0.455 	-3.85017e-103
0.4557 	-2.88811e-103
0.4564 	-2.06611e-103
0.4571 	-1.75905e-103
0.4578 	-1.452e-103
0.4585 	-1.14494e-103
0.4592 	-8.37883e-104
0.4599 	-5.30827e-104
0.4606 	-3.82446e-104
0.4613 	-2.66123e-104
0.462 	-2.26772e-104
0.4627 	-1.87422e-104
0.4634 	-1.48071e-104
0.4641 	-1.0872e-104
0.4648 	-6.93697e-105
0.4655 	-4.77049e-105
0.4662 	-3.30679e-105
0.4669 	-2.761e-105
0.4676 	-2.28581e-105
0.4683 	-1.81062e-105
0.469 	-1.33544e-105
0.4697 	-8.60251e-106
0.4704 	-5.62274e-106
0.4711 	-3.96515e-106
0.4718 	-3.18368e-106
0.4725 	-2.64117e-106
0.4732 	-2.09865e-106
0.4739 	-1.55613e-106
0.4746 	-1.01361e-106
0.4753 	-6.27764e-107
0.476 	-4.49777e-107
0.4767 	-3.48469e-107
0.4774 	-2.8976e-107
0.4781 	-2.3105e-107
0.4788 	-1.72341e-107
0.4795 	-1.13632e-107
0.4802 	-6.65533e-108
0.4809 	-4.83875e-108
0.4816 	-3.6286e-108
0.4823 	-3.02488e-108
0.483 	-2.42116e-108
0.4837 	-1.81744e-108
0.4844 	-1.21372e-108
0.4851 	-6.71484e-109
0.4858 	-4.9486e-109
0.4865 	-3.60199e-109
0.4872 	-3.01071e-109
0.4879 	-2.41944e-109
0.4886 	-1.82816e-109
0.4893 	-1.23689e-109
0.49 	-6.46009e-110
0.4907 	-4.82142e-110
0.4914 	-3.41498e-110
0.4921 	-2.86232e-110
0.4928 	-2.30965e-110
0.4935 	-1.75698e-110
0.4942 	-1.20432e-110
0.4949 	-6.51649e-111
0.4956 	-4.48402e-111
0.4963 	-3.09764e-111
0.497 	-2.60369e-111
0.4977 	-2.10975e-111
0.4984 	-1.61581e-111
0.4991 	-1.12187e-111
0.4998 	-6.27925e-112
0.5005 	-3.98797e-112
0.5012 	-2.75073e-112
0.5019 	-2.26971e-112
0.5026 	-1.84687e-112
0.5033 	-1.42402e-112
0.504 	-1.00118e-112
0.5047 	-5.78336e-113
0.5054 	-3.3975e-113
0.5061 	-2.38806e-113
0.5068 	-1.8989e-113
0.5075 	-1.55162e-113
0.5082 	-1.20435e-113
0.5089 	-8.57075e-114
0.5096 	-5.09801e-114
0.5103 	-2.77698e-114
0.511 	-1.9856e-114
0.5117 	-1.5268e-114
0.5124 	-1.25277e-114
0.5131 	-9.7874e-115
0.5138 	-7.04711e-115
0.5145 	-4.30682e-115
0.5152 	-2.18089e-115
0.5159 	-1.5839e-115
0.5166 	-1.18138e-115
0.5173 	-9.73334e-116
0.518 	-7.65289e-116
0.5187 	-5.57245e-116
0.5194 	-3.49201e-116
0.5201 	-1.64827e-116
0.5208 	-1.21428e-116
0.5215 	-8.80928e-117
0.5222 	-7.2873e-117
0.5229 	-5.76533e-117
0.5236 	-4.24335e-117
0.5243 	-2.72137e-117
0.525 	-1.20037e-117
0.5257 	-8.96044e-118
0.5264 	-6.33821e-118
0.5271 	-5.26389e-118
0.5278 	-4.18957e-118
0.5285 	-3.11525e-118
0.5292 	-2.04093e-118
0.5299 	-9.6661e-119
0.5306 	-6.37116e-119
0.5313 	-4.40376e-119
0.532 	-3.67146e-119
0.5327 	-2.93916e-119
0.5334 	-2.20685e-119
0.5341 	-1.47455e-119
0.5348 	-7.42247e-120
0.5355 	-4.37049e-120
0.5362 	-3.01977e-120
0.5369 	-2.4752e-120
0.5376 	-1.99264e-120
0.5383 	-1.51009e-120
0.539 	-1.02753e-120
0.5397 	-5.44978e-121
0.5404 	-2.89584e-121
0.5411 	-2.03976e-121
0.5418 	-1.61454e-121
0.5425 	-1.30682e-121
0.5432 	-9.99111e-122
0.5439 	-6.91399e-122
0.5446 	-3.83686e-122
0.5453 	-1.85537e-122
0.546 	-1.32979e-122
0.5467 	-1.0199e-122
0.5474 	-8.29835e-123
0.5481 	-6.39769e-123
0.5488 	-4.49704e-123
0.5495 	-2.59638e-123
0.5502 	-1.15068e-123
0.5509 	-8.37831e-124
0.5516 	-6.24497e-124
0.5523 	-5.10676e-124
0.553 	-3.96855e-124
0.5537 	-2.83033e-124
0.5544 	-1.69212e-124
0.5551 	-6.9146e-125
0.5558 	-5.10758e-125
0.5565 	-3.70969e-125
0.5572 	-3.04826e-125
0.5579 	-2.38683e-125
0.5586 	-1.7254e-125
0.5593 	-1.06397e-125
0.56 	-4.02943e-126
0.5607 	-3.01608e-126
0.5614 	-2.13962e-126
0.5621 	-1.76633e-126
0.5628 	-1.39304e-126
0.5635 	-1.01974e-126
0.5642 	-6.46448e-127
0.5649 	-2.73154e-127
0.5656 	-1.727e-127
0.5663 	-1.19915e-127
0.567 	-9.94376e-128
0.5677 	-7.89605e-128
0.5684 	-5.84833e-128
0.5691 	-3.80062e-128
0.5698 	-1.75291e-128
0.5705 	-9.59821e-129
0.5712 	-6.66685e-129
0.5719 	-5.44286e-129
0.5726 	-4.35021e-129
0.5733 	-3.25757e-129
0.574 	-2.16492e-129
0.5747 	-1.07227e-129
0.5754 	-5.18235e-130
0.5761 	-3.66899e-130
0.5768 	-2.89878e-130
0.5775 	-2.33124e-130
0.5782 	-1.7637e-130
0.5789 	-1.19616e-130
0.5796 	-6.28621e-131
0.5803 	-2.72067e-131
0.581 	-1.95962e-131
0.5817 	-1.50321e-131
0.5824 	-1.21606e-131
0.5831 	-9.28897e-132
0.5838 	-6.41739e-132
0.5845 	-3.5458e-132
0.5852 	-1.38994e-132
0.5859 	-1.01689e-132
0.5866 	-7.59551e-133
0.5873 	-6.17924e-133
0.588 	-4.76296e-133
0.5887 	-3.34669e-133
0.5894 	-1.93042e-133
0.5901 	-6.91887e-134
0.5908 	-5.13433e-134
0.5915 	-3.74366e-134
0.5922 	-3.06197e-134
0.5929 	-2.38029e-134
0.5936 	-1.6986e-134
0.5943 	-1.01691e-134
0.595 	-3.35635e-135
0.5957 	-2.52345e-135
0.5964 	-1.8002e-135
0.5971 	-1.47995e-135
0.5978 	-1.15969e-135
0.5985 	-8.39442e-136
0.5992 	-5.19191e-136
0.5999 	-1.98939e-136
0.6006 	-1.20832e-136
0.6013 	-8.45076e-137
0.602 	-6.98139e-137
0.6027 	-5.51203e-137
0.6034 	-4.04266e-137
0.6041 	-2.57329e-137
0.6048 	-1.10393e-137
0.6055 	-5.64146e-138
0.6062 	-3.94894e-138
0.6069 	-3.2163e-138
0.6076 	-2.55749e-138
0.6083 	-1.89868e-138
0.609 	-1.23988e-138
0.6097 	-5.81072e-139
0.6104 	-2.57012e-139
0.6111 	-1.83284e-139
0.6118 	-1.44792e-139
0.6125 	-1.15911e-139
0.6132 	-8.7029e-140
0.6139 	-5.81473e-140
0.6146 	-2.92656e-140
0.6153 	-1.14334e-140
0.616 	-8.29162e-141
0.6167 	-6.37324e-141
0.6174 	-5.13454e-141
0.6181 	-3.89584e-141
0.6188 	-2.65715e-141
0.6195 	-1.41845e-141
0.6202 	-4.97001e-142
0.6209 	-3.65959e-142
0.6216 	-2.74436e-142
0.6223 	-2.22435e-142
0.623 	-1.70433e-142
0.6237 	-1.18431e-142
0.6244 	-6.64292e-143
0.6251 	-2.1124e-143
0.6258 	-1.57716e-143
0.6265 	-1.15671e-143
0.6272 	-9.42912e-144
0.6279 	-7.29111e-144
0.6286 	-5.15311e-144
0.6293 	-3.0151e-144
0.63 	-8.78354e-145
0.6307 	-6.64221e-145
0.6314 	-4.77464e-145
0.6321 	-3.91333e-145
0.6328 	-3.05202e-145
0.6335 	-2.19072e-145
0.6342 	-1.32941e-145
0.6349 	-4.68104e-146
0.6356 	-2.73568e-146
0.6363 	-1.93112e-146
0.637 	-1.59096e-146
0.6377 	-1.2508e-146
0.6384 	-9.10647e-147
0.6391 	-5.7049e-147
0.6398 	-2.30333e-147
0.6405 	-1.10264e-147
0.6412 	-7.79357e-148
0.6419 	-6.33917e-148
0.6426 	-5.02158e-148
0.6433 	-3.70399e-148
0.644 	-2.3864e-148
0.6447 	-1.06881e-148
0.6454 	-4.35209e-149
0.6461 	-3.13175e-149
0.6468 	-2.47676e-149
0.6475 	-1.97596e-149
0.6482 	-1.47516e-149
0.6489 	-9.7436e-150
0.6496 	-4.7356e-150
0.6503 	-1.68316e-150
0.651 	-1.23096e-150
0.6517 	-9.49339e-151
0.6524 	-7.62475e-151
0.6531 	-5.75611e-151
0.6538 	-3.88747e-151
0.6545 	-2.01883e-151
0.6552 	-6.38208e-152
0.6559 	-4.7366e-152
0.6566 	-3.57146e-152
0.6573 	-2.88668e-152
0.658 	-2.20189e-152
0.6587 	-1.51711e-152
0.6594 	-8.32326e-153
0.6601 	-2.3738e-153
0.6608 	-1.78554e-153
0.6615 	-1.31932e-153
0.6622 	-1.07275e-153
0.6629 	-8.26192e-154
0.6636 	-5.79629e-154
0.6643 	-3.33067e-154
0.665 	-8.66477e-155
0.6657 	-6.59849e-155
0.6664 	-4.7875e-155
0.6671 	-3.91491e-155
0.6678 	-3.04231e-155
0.6685 	-2.16971e-155
0.6692 	-1.29712e-155
0.6699 	-4.24519e-156
0.6706 	-2.39191e-156
0.6713 	-1.70722e-156
0.672 	-1.40358e-156
0.6727 	-1.09993e-156
0.6734 	-7.96284e-157
0.6741 	-4.92638e-157
0.6748 	-1.88992e-157
0.6755 	-8.50933e-158
0.6762 	-6.08365e-158
0.6769 	-4.94536e-158
0.6776 	-3.9061e-158
0.6783 	-2.86684e-158
0.679 	-1.82758e-158
0.6797 	-7.88325e-159
0.6804 	-2.9723e-159
0.6811 	-2.16162e-159
0.6818 	-1.71294e-159
0.6825 	-1.363e-159
0.6832 	-1.01305e-159
0.6839 	-6.63105e-160
0.6846 	-3.13159e-160
0.6853 	-1.01975e-160
0.686 	-7.53169e-161
0.6867 	-5.83417e-161
0.6874 	-4.67462e-161
0.6881 	-3.51506e-161
0.6888 	-2.35551e-161
0.6895 	-1.19596e-161
0.6902 	-3.43749e-162
0.6909 	-2.57478e-162
0.6916 	-1.95435e-162
0.6923 	-1.57619e-162
0.693 	-1.19803e-162
0.6937 	-8.19874e-163
0.6944 	-4.41717e-163
0.6951 	-1.13756e-163
0.6958 	-8.53872e-164
0.6965 	-6.28314e-164
0.6972 	-5.07392e-164
0.6979 	-3.8647e-164
0.6986 	-2.65548e-164
0.6993 	-1.44626e-164
0.7 	-2.37745e-165
