0 	1
0.0007 	1
0.0014 	1
0.0021 	1
0.0028 	1
0.0035 	1
0.0042 	1
0.0049 	1
0.0056 	1
0.0063 	1
0.007 	1
0.0077 	1
0.0084 	1
0.0091 	1
0.0098 	1
0.0105 	1
0.0112 	1
0.0119 	1
0.0126 	1
0.0133 	1
0.014 	1
0.0147 	1
0.0154 	1
0.0161 	1
0.0168 	1
0.0175 	1
0.0182 	1
0.0189 	1
0.0196 	1
0.0203 	1
0.021 	1
0.0217 	1
0.0224 	1
0.0231 	1
0.0238 	1
0.0245 	1
0.0252 	1
0.0259 	1
0.0266 	1
0.0273 	1
0.028 	1
0.0287 	1
0.0294 	1
0.0301 	1
0.0308 	1
0.0315 	1
0.0322 	1
0.0329 	1
0.0336 	1
0.0343 	1
0.035 	1
0.0357 	1
0.0364 	1
0.0371 	1
0.0378 	1
0.0385 	1
0.0392 	1
0.0399 	1
0.0406 	1
0.0413 	1
0.042 	1
0.0427 	1
0.0434 	1
0.0441 	1
0.0448 	1
0.0455 	1
0.0462 	1
0.0469 	1
0.0476 	1
0.0483 	1
0.049 	1
0.0497 	1
0.0504 	1
0.0511 	1
0.0518 	1
0.0525 	1
0.0532 	1
0.0539 	1
0.0546 	1
0.0553 	1
0.056 	1
0.0567 	1
0.0574 	1
0.0581 	1
0.0588 	1
0.0595 	1
0.0602 	1
0.0609 	1
0.0616 	1
0.0623 	1
0.063 	1
0.0637 	1
0.0644 	1
0.0651 	1
0.0658 	1
0.0665 	1
0.0672 	1
0.0679 	1
0.0686 	1
0.0693 	1
0.07 	1
0.0707 	1
0.0714 	1
0.0721 	1
0.0728 	1
0.0735 	1
0.0742 	1
0.0749 	1
0.0756 	1
0.0763 	1
0.077 	1
0.0777 	1
0.0784 	1
0.0791 	1
0.0798 	1
0.0805 	1
0.0812 	1
0.0819 	1
0.0826 	1
0.0833 	1
0.084 	1
0.0847 	1
0.0854 	1
0.0861 	1
0.0868 	1
0.0875 	1
0.0882 	1
0.0889 	1
0.0896 	1
0.0903 	1
0.091 	1
0.0917 	1
0.0924 	1
0.0931 	1
0.0938 	1
0.0945 	1
0.0952 	1
0.0959 	1
0.0966 	1
0.0973 	1
0.098 	1
0.0987 	1
0.0994 	1
0.1001 	1
0.1008 	1
0.1015 	1
0.1022 	1
0.1029 	1
0.1036 	1
0.1043 	1
0.105 	1
0.1057 	1
0.1064 	1
0.1071 	1
0.1078 	1
0.1085 	1
0.1092 	1
0.1099 	1
0.1106 	1
0.1113 	1
0.112 	1
0.1127 	1
0.1134 	1
0.1141 	1
0.1148 	1
0.1155 	1
0.1162 	1
0.1169 	1
0.1176 	1
0.1183 	1
0.119 	1
0.1197 	1
0.1204 	1
0.1211 	1
0.1218 	1
0.1225 	1
0.1232 	1
0.1239 	1
0.1246 	1
0.1253 	1
0.126 	1
0.1267 	1
0.1274 	1
0.1281 	1
0.1288 	1
0.1295 	1
0.1302 	1
0.1309 	1
0.1316 	1
0.1323 	1
0.133 	1
0.1337 	1
0.1344 	1
0.1351 	1
0.1358 	1
0.1365 	1
0.1372 	1
0.1379 	1
0.1386 	1
0.1393 	1
0.14 	1
0.1407 	1
0.1414 	1
0.1421 	1
0.1428 	1
0.1435 	1
0.1442 	1
0.1449 	1
0.1456 	1
0.1463 	1
0.147 	1
0.1477 	1
0.1484 	1
0.1491 	1
0.1498 	1
0.1505 	1
0.1512 	1
0.1519 	1
0.1526 	1
0.1533 	1
0.154 	1
0.1547 	1
0.1554 	1
0.1561 	1
0.1568 	1
0.1575 	1
0.1582 	1
0.1589 	1
0.1596 	1
0.1603 	1
0.161 	1
0.1617 	1
0.1624 	1
0.1631 	1
0.1638 	1
0.1645 	1
0.1652 	1
0.1659 	1
0.1666 	1
0.1673 	1
0.168 	1
0.1687 	1
0.1694 	1
0.1701 	1
0.1708 	1
0.1715 	1
0.1722 	1
0.1729 	1
0.1736 	1
0.1743 	1
0.175 	1
0.1757 	1
0.1764 	1
0.1771 	1
0.1778 	1
0.1785 	1
0.1792 	1
0.1799 	1
0.1806 	1
0.1813 	1
0.182 	1
0.1827 	1
0.1834 	1
0.1841 	1
0.1848 	1
0.1855 	1
0.1862 	1
0.1869 	1
0.1876 	1
0.1883 	1
0.189 	1
0.1897 	1
0.1904 	1
0.1911 	1
0.1918 	1
0.1925 	1
0.1932 	1
0.1939 	1
0.1946 	1
0.1953 	1
0.196 	1
0.1967 	1
0.1974 	1
0.1981 	1
0.1988 	1
0.1995 	1
0.2002 	1
0.2009 	1
0.2016 	1
0.2023 	1
0.203 	1
0.2037 	1
0.2044 	1
0.2051 	1
0.2058 	1
0.2065 	1
0.2072 	1
0.2079 	1
0.2086 	1
0.2093 	1
0.21 	1
0.2107 	1
0.2114 	1
0.2121 	1
0.2128 	1
0.2135 	1
0.2142 	1
0.2149 	1
0.2156 	1
0.2163 	1
0.217 	1
0.2177 	1
0.2184 	1
0.2191 	1
0.2198 	1
0.2205 	1
0.2212 	1
0.2219 	1
0.2226 	1
0.2233 	1
0.224 	1
0.2247 	1
0.2254 	1
0.2261 	1
0.2268 	1
0.2275 	1
0.2282 	1
0.2289 	1
0.2296 	1
0.2303 	1
0.231 	1
0.2317 	1
0.2324 	1
0.2331 	1
0.2338 	0.999999
0.2345 	0.999999
0.2352 	0.999996
0.2359 	0.999985
0.2366 	0.999975
0.2373 	0.999964
0.238 	0.999953
0.2387 	0.999942
0.2394 	0.999931
0.2401 	0.999886
0.2408 	0.99963
0.2415 	0.999374
0.2422 	0.999119
0.2429 	0.998863
0.2436 	0.998607
0.2443 	0.998352
0.245 	0.998096
0.2457 	0.991156
0.2464 	0.984215
0.2471 	0.977273
0.2478 	0.970332
0.2485 	0.96339
0.2492 	0.956448
0.2499 	0.949507
0.2506 	0.908103
0.2513 	0.860952
0.252 	0.813799
0.2527 	0.766647
0.2534 	0.719495
0.2541 	0.672342
0.2548 	0.62519
0.2555 	0.567955
0.2562 	0.5067
0.2569 	0.445444
0.2576 	0.384189
0.2583 	0.322934
0.259 	0.261679
0.2597 	0.200424
0.2604 	0.161277
0.2611 	0.13871
0.2618 	0.116144
0.2625 	0.0935783
0.2632 	0.0710125
0.2639 	0.0484467
0.2646 	0.0258809
0.2653 	0.0122208
0.266 	0.0104283
0.2667 	0.00863587
0.2674 	0.00684352
0.2681 	0.00505116
0.2688 	0.00325881
0.2695 	0.00146646
0.2702 	0.000179039
0.2709 	0.000152976
0.2716 	0.000126916
0.2723 	0.000100858
0.273 	7.47998e-05
0.2737 	4.87419e-05
0.2744 	2.26839e-05
0.2751 	3.45611e-07
0.2758 	2.96235e-07
0.2765 	2.46864e-07
0.2772 	1.97502e-07
0.2779 	1.4814e-07
0.2786 	9.87782e-08
0.2793 	4.94162e-08
0.28 	6.22648e-11
0.2807 	5.3545e-11
0.2814 	4.48264e-11
0.2821 	3.61104e-11
0.2828 	2.73944e-11
0.2835 	1.86784e-11
0.2842 	9.96243e-12
0.2849 	1.24644e-12
0.2856 	2.41484e-15
0.2863 	2.03058e-15
0.287 	1.64643e-15
0.2877 	1.26227e-15
0.2884 	8.78123e-16
0.2891 	4.93971e-16
0.2898 	1.0982e-16
0.2905 	1.14264e-19
0.2912 	9.64875e-20
0.2919 	7.87138e-20
0.2926 	6.09403e-20
0.2933 	4.31668e-20
0.294 	2.53934e-20
0.2947 	7.6199e-21
0.2954 	5.27056e-24
0.2961 	4.46854e-24
0.2968 	3.66652e-24
0.2975 	2.86449e-24
0.2982 	2.06247e-24
0.2989 	1.26044e-24
0.2996 	4.58415e-25
0.3003 	2.3864e-28
0.301 	2.03104e-28
0.3017 	1.67564e-28
0.3024 	1.32021e-28
0.3031 	9.64784e-29
0.3038 	6.09355e-29
0.3045 	2.53926e-29
0.3052 	1.05763e-32
0.3059 	9.0345e-33
0.3066 	7.49234e-33
0.3073 	5.94984e-33
0.308 	4.40734e-33
0.3087 	2.86483e-33
0.3094 	1.32233e-33
0.3101 	4.54435e-37
0.3108 	3.89549e-37
0.3115 	3.24648e-37
0.3122 	2.5972e-37
0.3129 	1.94792e-37
0.3136 	1.29864e-37
0.3143 	6.49353e-38
0.315 	1.87391e-41
0.3157 	1.61172e-41
0.3164 	1.3495e-41
0.3171 	1.0871e-41
0.3178 	8.24705e-42
0.3185 	5.62307e-42
0.3192 	2.99908e-42
0.3199 	3.75101e-43
0.3206 	6.35483e-46
0.3213 	5.34469e-46
0.322 	4.33355e-46
0.3227 	3.3224e-46
0.3234 	2.31126e-46
0.3241 	1.30012e-46
0.3248 	2.88977e-47
0.3255 	2.38082e-50
0.3262 	2.01086e-50
0.3269 	1.64047e-50
0.3276 	1.27005e-50
0.3283 	8.99622e-51
0.329 	5.29199e-51
0.3297 	1.58776e-51
0.3304 	8.47525e-55
0.3311 	7.18706e-55
0.3318 	5.89741e-55
0.3325 	4.60737e-55
0.3332 	3.31732e-55
0.3339 	2.02728e-55
0.3346 	7.37233e-56
0.3353 	2.87139e-59
0.336 	2.44429e-59
0.3367 	2.01674e-59
0.3374 	1.58895e-59
0.3381 	1.16116e-59
0.3388 	7.33371e-60
0.3395 	3.0558e-60
0.3402 	9.2794e-64
0.3409 	7.92804e-64
0.3416 	6.57548e-64
0.3423 	5.22171e-64
0.343 	3.86794e-64
0.3437 	2.51417e-64
0.3444 	1.16041e-64
0.3451 	2.86683e-68
0.3458 	2.45789e-68
0.3465 	2.04867e-68
0.3472 	1.63894e-68
0.3479 	1.2292e-68
0.3486 	8.19471e-69
0.3493 	4.09739e-69
0.35 	8.48303e-73
0.3507 	7.29723e-73
0.3514 	6.11095e-73
0.3521 	4.92271e-73
0.3528 	3.73447e-73
0.3535 	2.54623e-73
0.3542 	1.35799e-73
0.3549 	1.69753e-74
0.3556 	2.0776e-77
0.3563 	1.74765e-77
0.357 	1.41702e-77
0.3577 	1.08638e-77
0.3584 	7.55741e-78
0.3591 	4.25103e-78
0.3598 	9.44658e-79
0.3605 	5.67792e-82
0.3612 	4.79646e-82
0.3619 	3.91302e-82
0.3626 	3.02943e-82
0.3633 	2.14585e-82
0.364 	1.26226e-82
0.3647 	3.78667e-83
0.3654 	1.49041e-86
0.3661 	1.26409e-86
0.3668 	1.0373e-86
0.3675 	8.1039e-87
0.3682 	5.83479e-87
0.3689 	3.56568e-87
0.3696 	1.29658e-87
0.3703 	3.7591e-91
0.371 	3.20046e-91
0.3717 	2.64083e-91
0.3724 	2.08065e-91
0.3731 	1.52047e-91
0.3738 	9.60289e-92
0.3745 	4.0011e-92
0.3752 	9.11277e-96
0.3759 	7.78684e-96
0.3766 	6.45898e-96
0.3773 	5.12918e-96
0.378 	3.79937e-96
0.3787 	2.46957e-96
0.3794 	1.13977e-96
0.3801 	2.12389e-100
0.3808 	1.82119e-100
0.3815 	1.51816e-100
0.3822 	1.21452e-100
0.3829 	9.1089e-101
0.3836 	6.07255e-101
0.3843 	3.0362e-101
0.385 	4.76084e-105
0.3857 	4.09593e-105
0.3864 	3.43058e-105
0.3871 	2.76352e-105
0.3878 	2.09645e-105
0.3885 	1.42939e-105
0.3892 	7.62322e-106
0.3899 	9.52574e-107
0.3906 	8.86241e-110
0.3913 	7.45627e-110
0.392 	6.04561e-110
0.3927 	4.63495e-110
0.3934 	3.22428e-110
0.3941 	1.81362e-110
0.3948 	4.02957e-111
0.3955 	1.84585e-114
0.3962 	1.55959e-114
0.3969 	1.27235e-114
0.3976 	9.85041e-115
0.3983 	6.97731e-115
0.399 	4.10422e-115
0.3997 	1.23112e-115
0.4004 	3.70314e-119
0.4011 	3.14138e-119
0.4018 	2.57792e-119
0.4025 	2.01399e-119
0.4032 	1.45006e-119
0.4039 	8.8613e-120
0.4046 	3.22201e-120
0.4053 	7.16136e-124
0.406 	6.09822e-124
0.4067 	5.03229e-124
0.4074 	3.96482e-124
0.4081 	2.89734e-124
0.4088 	1.82987e-124
0.4095 	7.62393e-125
0.4102 	1.33604e-128
0.4109 	1.14185e-128
0.4116 	9.4724e-129
0.4123 	7.52217e-129
0.413 	5.57193e-129
0.4137 	3.62169e-129
0.4144 	1.67146e-129
0.4151 	2.4066e-133
0.4158 	2.06397e-133
0.4165 	1.7208e-133
0.4172 	1.37663e-133
0.4179 	1.03246e-133
0.4186 	6.88299e-134
0.4193 	3.44133e-134
0.42 	4.18898e-138
0.4207 	3.60457e-138
0.4214 	3.01959e-138
0.4221 	2.43243e-138
0.4228 	1.84527e-138
0.4235 	1.25811e-138
0.4242 	6.70956e-139
0.4249 	8.37968e-140
0.4256 	3.35418e-143
0.4263 	2.03252e-143
0.427 	9.85496e-144
0.4277 	-6.15321e-145
0.4284 	-1.10856e-143
0.4291 	-2.15559e-143
0.4298 	-3.20262e-143
0.4305 	-3.05733e-143
0.4312 	-2.43524e-143
0.4319 	-2.27247e-143
0.4326 	-2.14503e-143
0.4333 	-2.0176e-143
0.434 	-1.89016e-143
0.4347 	-1.76272e-143
0.4354 	-1.48958e-143
0.4361 	-1.10698e-143
0.4368 	-9.46503e-144
0.4375 	-8.46599e-144
0.4382 	-7.46696e-144
0.4389 	-6.46792e-144
0.4396 	-5.46889e-144
0.4403 	-4.39566e-144
0.441 	-3.2224e-144
0.4417 	-2.59376e-144
0.4424 	-2.2677e-144
0.4431 	-1.94164e-144
0.4438 	-1.61557e-144
0.4445 	-1.28951e-144
0.4452 	-9.82214e-145
0.4459 	-7.21381e-145
0.4466 	-5.5331e-145
0.4473 	-4.78001e-145
0.448 	-4.02692e-145
0.4487 	-3.27382e-145
0.4494 	-2.52073e-145
0.4501 	-1.80824e-145
0.4508 	-1.33742e-145
0.4515 	-9.84886e-146
0.4522 	-8.45242e-146
0.4529 	-7.05598e-146
0.4536 	-5.65954e-146
0.4543 	-4.2631e-146
0.455 	-2.86704e-146
0.4557 	-2.13962e-146
0.4564 	-1.52079e-146
0.4571 	-1.30052e-146
0.4578 	-1.08026e-146
0.4585 	-8.59992e-147
0.4592 	-6.39726e-147
0.4599 	-4.1946e-147
0.4606 	-3.03044e-147
0.4613 	-2.08757e-147
0.462 	-1.78221e-147
0.4627 	-1.47685e-147
0.4634 	-1.17149e-147
0.4641 	-8.66131e-148
0.4648 	-5.60771e-148
0.4655 	-3.86704e-148
0.4662 	-2.65019e-148
0.4669 	-2.21049e-148
0.4676 	-1.83056e-148
0.4683 	-1.45064e-148
0.469 	-1.07072e-148
0.4697 	-6.90802e-149
0.4704 	-4.50275e-149
0.4711 	-3.14086e-149
0.4718 	-2.51083e-149
0.4725 	-2.0804e-149
0.4732 	-1.64997e-149
0.4739 	-1.21953e-149
0.4746 	-7.891e-150
0.4753 	-4.83061e-150
0.476 	-3.42576e-150
0.4767 	-2.63548e-150
0.4774 	-2.18663e-150
0.4781 	-1.73778e-150
0.4788 	-1.28892e-150
0.4795 	-8.40072e-151
0.4802 	-4.8113e-151
0.4809 	-3.46495e-151
0.4816 	-2.57459e-151
0.4823 	-2.14021e-151
0.483 	-1.70584e-151
0.4837 	-1.27146e-151
0.4844 	-8.37083e-152
0.4851 	-4.47655e-152
0.4858 	-3.27017e-152
0.4865 	-2.3544e-152
0.4872 	-1.96171e-152
0.4879 	-1.56903e-152
0.4886 	-1.17634e-152
0.4893 	-7.83655e-153
0.49 	-3.91069e-153
0.4907 	-2.8949e-153
0.4914 	-2.02523e-153
0.4921 	-1.69182e-153
0.4928 	-1.35841e-153
0.4935 	-1.02501e-153
0.4942 	-6.91599e-154
0.4949 	-3.58192e-154
0.4956 	-2.41436e-154
0.4963 	-1.64536e-154
0.497 	-1.37831e-154
0.4977 	-1.11126e-154
0.4984 	-8.44202e-155
0.4991 	-5.77148e-155
0.4998 	-3.10094e-155
0.5005 	-1.90422e-155
0.5012 	-1.29595e-155
0.5019 	-1.0644e-155
0.5026 	-8.61836e-156
0.5033 	-6.5927e-156
0.504 	-4.56703e-156
0.5047 	-2.54137e-156
0.5054 	-1.42498e-156
0.5061 	-9.89521e-157
0.5068 	-7.81508e-157
0.5075 	-6.35526e-157
0.5082 	-4.89543e-157
0.5089 	-3.43561e-157
0.5096 	-1.97579e-157
0.5103 	-1.01468e-157
0.511 	-7.17545e-158
0.5117 	-5.46987e-158
0.5124 	-4.46748e-158
0.5131 	-3.4651e-158
0.5138 	-2.46271e-158
0.5145 	-1.46033e-158
0.5152 	-6.89277e-159
0.5159 	-4.95548e-159
0.5166 	-3.65811e-159
0.5173 	-3.00066e-159
0.518 	-2.34322e-159
0.5187 	-1.68577e-159
0.5194 	-1.02832e-159
0.5201 	-4.47703e-160
0.5208 	-3.26751e-160
0.5215 	-2.34252e-160
0.5222 	-1.92972e-160
0.5229 	-1.51691e-160
0.5236 	-1.10411e-160
0.5243 	-6.913e-161
0.525 	-2.786e-161
0.5257 	-2.06158e-161
0.5264 	-1.43903e-161
0.5271 	-1.19041e-161
0.5278 	-9.41782e-162
0.5285 	-6.93158e-162
0.5292 	-4.44533e-162
0.5299 	-1.95908e-162
0.5306 	-1.24707e-162
0.5313 	-8.49461e-163
0.532 	-7.05576e-163
0.5327 	-5.6169e-163
0.5334 	-4.17805e-163
0.5341 	-2.73919e-163
0.5348 	-1.30033e-163
0.5355 	-7.24521e-164
0.5362 	-4.93359e-164
0.5369 	-4.02432e-164
0.5376 	-3.22292e-164
0.5383 	-2.42152e-164
0.539 	-1.62012e-164
0.5397 	-8.18725e-165
0.5404 	-4.04929e-165
0.5411 	-2.81441e-165
0.5418 	-2.21178e-165
0.5425 	-1.78159e-165
0.5432 	-1.3514e-165
0.5439 	-9.21208e-166
0.5446 	-4.91017e-166
0.5453 	-2.18025e-166
0.546 	-1.54353e-166
0.5467 	-1.17286e-166
0.5474 	-9.50003e-167
0.5481 	-7.27146e-167
0.5488 	-5.04288e-167
0.5495 	-2.81431e-167
0.5502 	-1.13245e-167
0.5509 	-8.15189e-168
0.5516 	-6.00782e-168
0.5523 	-4.89232e-168
0.553 	-3.77682e-168
0.5537 	-2.66132e-168
0.5544 	-1.54582e-168
0.5551 	-5.6814e-169
0.5558 	-4.15204e-169
0.5565 	-2.97599e-169
0.5572 	-2.43589e-169
0.5579 	-1.89578e-169
0.5586 	-1.35568e-169
0.5593 	-8.15574e-170
0.56 	-2.75609e-170
0.5607 	-2.04226e-170
0.5614 	-1.42704e-170
0.5621 	-1.17382e-170
0.5628 	-9.20593e-171
0.5635 	-6.6737e-171
0.5642 	-4.14146e-171
0.5649 	-1.60923e-171
0.5656 	-9.71263e-172
0.5663 	-6.63048e-172
0.567 	-5.47977e-172
0.5677 	-4.32905e-172
0.5684 	-3.17833e-172
0.5691 	-2.02762e-172
0.5698 	-8.76901e-173
0.5705 	-4.47129e-173
0.5712 	-3.05285e-173
0.5719 	-2.48047e-173
0.5726 	-1.97318e-173
0.5733 	-1.46588e-173
0.574 	-9.58582e-174
0.5747 	-4.51284e-174
0.5754 	-1.99457e-174
0.5761 	-1.38985e-174
0.5768 	-1.08965e-174
0.5775 	-8.72503e-175
0.5782 	-6.55356e-175
0.5789 	-4.38208e-175
0.5796 	-2.2106e-175
0.5803 	-8.62989e-176
0.581 	-6.1245e-176
0.5817 	-4.64909e-176
0.5824 	-3.74587e-176
0.5831 	-2.84266e-176
0.5838 	-1.93944e-176
0.5845 	-1.03623e-176
0.5852 	-3.62487e-177
0.5859 	-2.61539e-177
0.5866 	-1.92799e-177
0.5873 	-1.56265e-177
0.588 	-1.19731e-177
0.5887 	-8.31973e-178
0.5894 	-4.66636e-178
0.5901 	-1.47936e-178
0.5908 	-1.08352e-178
0.5915 	-7.77692e-179
0.5922 	-6.33887e-179
0.5929 	-4.90082e-179
0.5936 	-3.46277e-179
0.5943 	-2.02473e-179
0.595 	-5.87051e-180
0.5957 	-4.35914e-180
0.5964 	-3.05333e-180
0.5971 	-2.50212e-180
0.5978 	-1.95091e-180
0.5985 	-1.39969e-180
0.5992 	-8.48479e-181
0.5999 	-2.97265e-181
0.6006 	-1.70459e-181
0.6013 	-1.16757e-181
0.602 	-9.6169e-182
0.6027 	-7.55814e-182
0.6034 	-5.49937e-182
0.6041 	-3.44061e-182
0.6048 	-1.38185e-182
0.6055 	-6.48418e-183
0.6062 	-4.44327e-183
0.6069 	-3.60134e-183
0.6076 	-2.85163e-183
0.6083 	-2.10192e-183
0.609 	-1.35221e-183
0.6097 	-6.02503e-184
0.6104 	-2.40126e-184
0.6111 	-1.67884e-184
0.6118 	-1.31477e-184
0.6125 	-1.04844e-184
0.6132 	-7.82108e-185
0.6139 	-5.15777e-185
0.6146 	-2.49445e-185
0.6153 	-8.66322e-186
0.616 	-6.16718e-186
0.6167 	-4.68207e-186
0.6174 	-3.75859e-186
0.6181 	-2.8351e-186
0.6188 	-1.91162e-186
0.6195 	-9.88136e-187
0.6202 	-3.04696e-187
0.6209 	-2.20474e-187
0.6216 	-1.62727e-187
0.6223 	-1.31457e-187
0.623 	-1.00186e-187
0.6237 	-6.89157e-188
0.6244 	-3.76452e-188
0.6251 	-1.04538e-188
0.6258 	-7.67708e-189
0.6265 	-5.52256e-189
0.6272 	-4.48801e-189
0.6279 	-3.45345e-189
0.6286 	-2.4189e-189
0.6293 	-1.38434e-189
0.63 	-3.5006e-190
0.6307 	-2.60585e-190
0.6314 	-1.83103e-190
0.6321 	-1.49646e-190
0.6328 	-1.16188e-190
0.6335 	-8.2731e-191
0.6342 	-4.92738e-191
0.6349 	-1.58165e-191
0.6356 	-8.62849e-192
0.6363 	-5.9338e-192
0.637 	-4.87565e-192
0.6377 	-3.8175e-192
0.6384 	-2.75936e-192
0.6391 	-1.70121e-192
0.6398 	-6.43066e-193
0.6405 	-2.789e-193
0.6412 	-1.91917e-193
0.6419 	-1.553e-193
0.6426 	-1.22558e-193
0.6433 	-8.98151e-194
0.644 	-5.70724e-194
0.6447 	-2.43297e-194
0.6454 	-8.80579e-195
0.6461 	-6.18013e-195
0.6468 	-4.83828e-195
0.6475 	-3.84657e-195
0.6482 	-2.85485e-195
0.6489 	-1.86314e-195
0.6496 	-8.71426e-196
0.6503 	-2.71742e-196
0.651 	-1.94127e-196
0.6517 	-1.47499e-196
0.6524 	-1.18085e-196
0.6531 	-8.86719e-197
0.6538 	-5.92583e-197
0.6545 	-2.98448e-197
0.6552 	-8.20097e-198
0.6559 	-5.95331e-198
0.6566 	-4.40215e-198
0.6573 	-3.54752e-198
0.658 	-2.69288e-198
0.6587 	-1.83824e-198
0.6594 	-9.83605e-199
0.6601 	-2.4218e-199
0.6608 	-1.78385e-199
0.6615 	-1.28682e-199
0.6622 	-1.04345e-199
0.6629 	-8.00075e-200
0.6636 	-5.56701e-200
0.6643 	-3.13327e-200
0.665 	-7.00175e-201
0.6657 	-5.22662e-201
0.6664 	-3.68604e-201
0.6671 	-3.00649e-201
0.6678 	-2.32694e-201
0.6685 	-1.6474e-201
0.6692 	-9.67848e-202
0.6699 	-2.88301e-202
0.6706 	-1.49861e-202
0.6713 	-1.03521e-202
0.672 	-8.49071e-203
0.6727 	-6.62929e-203
0.6734 	-4.76788e-203
0.6741 	-2.90646e-203
0.6748 	-1.04504e-203
0.6755 	-4.20915e-204
0.6762 	-2.90992e-204
0.6769 	-2.3523e-204
0.6776 	-1.85174e-204
0.6783 	-1.35117e-204
0.679 	-8.50604e-205
0.6797 	-3.50038e-205
0.6804 	-1.16074e-205
0.6811 	-8.18206e-206
0.6818 	-6.40775e-206
0.6825 	-5.08371e-206
0.6832 	-3.75967e-206
0.6839 	-2.43564e-206
0.6846 	-1.1116e-206
0.6853 	-3.16972e-207
0.686 	-2.27381e-207
0.6867 	-1.73048e-207
0.6874 	-1.38302e-207
0.6881 	-1.03556e-207
0.6888 	-6.88105e-208
0.6895 	-3.40646e-208
0.6902 	-8.59003e-209
0.6909 	-6.26026e-209
0.6916 	-4.64209e-209
0.6923 	-3.73552e-209
0.693 	-2.82895e-209
0.6937 	-1.92238e-209
0.6944 	-1.01581e-209
0.6951 	-2.30625e-210
0.6958 	-1.72048e-210
0.6965 	-1.26224e-210
0.6972 	-1.03356e-210
0.6979 	-8.04876e-211
0.6986 	-5.76193e-211
0.6993 	-3.47511e-211
0.7 	-1.1889e-211
