0 	1
0.0007 	1
0.0014 	1
0.0021 	1
0.0028 	1
0.0035 	1
0.0042 	1
0.0049 	1
0.0056 	1
0.0063 	1
0.0077 	1
0.0084 	1
0.0091 	1
0.0098 	1
0.0105 	1
0.0112 	1
0.0119 	1
0.0126 	1
0.0133 	1
0.014 	1
0.0147 	1
0.0154 	1
0.0161 	1
0.0168 	1
0.0175 	1
0.0182 	1
0.0189 	1
0.0196 	1
0.0203 	1
0.021 	1
0.0217 	1
0.0224 	1
0.0238 	1
0.0245 	1
0.0252 	1
0.0259 	1
0.0266 	1
0.028 	1
0.0287 	1
0.0294 	1
0.0301 	1
0.0308 	1
0.0315 	1
0.0322 	1
0.0329 	1
0.0336 	1
0.0343 	1
0.035 	1
0.0357 	1
0.0364 	1
0.0371 	1
0.0378 	1
0.0385 	1
0.0392 	1
0.0399 	1
0.0406 	1
0.042 	1
0.0427 	1
0.0434 	1
0.0441 	1
0.0448 	1
0.0455 	1
0.0469 	1
0.0483 	1
0.049 	1
0.0497 	1
0.0504 	1
0.0511 	1
0.0518 	1
0.0525 	1
0.0532 	1
0.0539 	1
0.0546 	1
0.0553 	1
0.0567 	1
0.0574 	1
0.0581 	1
0.0588 	1
0.0595 	1
0.0602 	1
0.0609 	1
0.0616 	1
0.0623 	1
0.063 	1
0.0637 	1
0.0644 	1
0.0651 	1
0.0658 	1
0.0665 	1
0.0672 	1
0.0679 	1
0.0686 	1
0.0693 	1
0.07 	1
0.0707 	1
0.0721 	1
0.0728 	1
0.0735 	1
0.0742 	1
0.0749 	1
0.0756 	1
0.0763 	1
0.077 	1
0.0777 	1
0.0784 	1
0.0791 	1
0.0798 	1
0.0805 	1
0.0812 	1
0.0819 	1
0.0826 	1
0.0833 	1
0.084 	1
0.0847 	1
0.0854 	1
0.0861 	1
0.0868 	1
0.0875 	1
0.0882 	1
0.0889 	1
0.0896 	1
0.0903 	1
0.091 	1
0.0917 	1
0.0924 	1
0.0931 	1
0.0945 	1
0.0952 	1
0.0959 	1
0.0966 	1
0.0973 	1
0.098 	1
0.0987 	1
0.0994 	1
0.1001 	1
0.1008 	1
0.1015 	1
0.1022 	1
0.1029 	1
0.1036 	1
0.1043 	1
0.105 	1
0.1057 	1
0.1064 	1
0.1071 	1
0.1078 	1
0.1085 	1
0.1092 	1
0.1099 	1
0.1106 	1
0.1113 	1
0.112 	1
0.1127 	1
0.1134 	1
0.1141 	1
0.1148 	1
0.1155 	1
0.1162 	1
0.1169 	1
0.1176 	1
0.1183 	1
0.119 	1
0.1197 	1
0.1204 	1
0.1211 	1
0.1218 	1
0.1225 	1
0.1232 	1
0.1239 	1
0.1246 	1
0.1253 	1
0.126 	1
0.1267 	1
0.1274 	1
0.1281 	1
0.1288 	1
0.1295 	1
0.1302 	1
0.1309 	1
0.1316 	1
0.1323 	1
0.133 	1
0.1337 	1
0.1344 	1
0.1351 	1
0.1358 	1
0.1365 	1
0.1372 	1
0.1379 	1
0.1386 	1
0.1393 	1
0.14 	1
0.1407 	1
0.1421 	1
0.1428 	1
0.1435 	1
0.1442 	1
0.1449 	1
0.1456 	1
0.1463 	1
0.147 	1
0.1477 	1
0.1484 	1
0.1491 	1
0.1498 	1
0.1505 	1
0.1512 	1
0.1519 	1
0.1526 	1
0.1533 	1
0.154 	1
0.1547 	1
0.1554 	1
0.1561 	1
0.1568 	1
0.1575 	1
0.1582 	1
0.1589 	1
0.1596 	1
0.1603 	1
0.161 	1
0.1617 	1
0.1624 	1
0.1631 	1
0.1638 	1
0.1645 	1
0.1652 	1
0.1659 	1
0.1666 	1
0.1673 	1
0.168 	1
0.1687 	1
0.1694 	1
0.1701 	1
0.1708 	1
0.1715 	1
0.1722 	1
0.1729 	1
0.1736 	1
0.1743 	1
0.175 	1
0.1757 	1
0.1764 	1
0.1771 	1
0.1778 	1
0.1785 	1
0.1792 	1
0.1799 	1
0.1806 	1
0.1813 	1
0.182 	1
0.1827 	1
0.1834 	1
0.1841 	1
0.1848 	1
0.1855 	1
0.1862 	1
0.1869 	1
0.1876 	1
0.1883 	1
0.189 	1
0.1897 	1
0.1904 	1
0.1911 	1
0.1918 	1
0.1925 	1
0.1932 	1
0.1939 	1
0.1946 	1
0.1953 	1
0.196 	1
0.1967 	1
0.1974 	1
0.1981 	1
0.1988 	1
0.1995 	1
0.2002 	1
0.2009 	1
0.2016 	1
0.2023 	1
0.203 	1
0.2037 	1
0.2044 	1
0.2051 	1
0.2058 	1
0.2065 	1
0.2072 	1
0.2079 	1
0.2086 	1
0.2093 	1
0.21 	1
0.2107 	1
0.2114 	1
0.2121 	1
0.2128 	1
0.2135 	1
0.2142 	1
0.2149 	1
0.2156 	1
0.2163 	1
0.217 	1
0.2177 	1
0.2184 	1
0.2191 	1
0.2198 	1
0.2205 	1
0.2212 	1
0.2219 	1
0.2226 	1
0.2233 	1
0.224 	1
0.2247 	1
0.2254 	1
0.2261 	1
0.2268 	1
0.2275 	1
0.2282 	1
0.2289 	1
0.2296 	1
0.2303 	0.999999
0.231 	0.999995
0.2317 	0.999992
0.2324 	0.999989
0.2331 	0.999986
0.2338 	0.999983
0.2345 	0.999979
0.2352 	0.999661
0.2359 	0.998554
0.2366 	0.997448
0.2373 	0.996341
0.238 	0.995235
0.2387 	0.994129
0.2394 	0.993022
0.2401 	0.988441
0.2408 	0.96301
0.2415 	0.937576
0.2422 	0.912135
0.2429 	0.886695
0.2436 	0.861254
0.2443 	0.835813
0.245 	0.810373
0.2464 	0.672768
0.2471 	0.603973
0.2478 	0.535178
0.2485 	0.466383
0.2492 	0.397587
0.2499 	0.328792
0.2506 	0.280765
0.2513 	0.2362
0.252 	0.191644
0.2527 	0.147087
0.2534 	0.102531
0.2541 	0.057975
0.2548 	0.0134188
0.2555 	0.000624031
0.2562 	0.000533815
0.2569 	0.00043596
0.2576 	0.000337518
0.2583 	0.000239075
0.259 	0.000140632
0.2597 	4.21899e-05
0.2604 	2.73235e-10
0.2611 	2.38345e-10
0.2618 	1.97008e-10
0.2625 	1.53913e-10
0.2632 	1.10817e-10
0.2639 	6.77216e-11
0.2646 	2.46261e-11
0.2653 	5.21425e-17
0.266 	4.59317e-17
0.2667 	3.8468e-17
0.2674 	3.03081e-17
0.2681 	2.21483e-17
0.2688 	1.39884e-17
0.2695 	5.82853e-18
0.2702 	5.13415e-23
0.2709 	4.61845e-23
0.2716 	3.95364e-23
0.2723 	3.13972e-23
0.273 	2.3258e-23
0.2737 	1.51188e-23
0.2744 	6.9796e-24
0.2751 	3.09408e-27
0.2758 	2.83846e-27
0.2765 	2.49587e-27
0.2772 	1.9967e-27
0.2779 	1.49753e-27
0.2786 	9.98363e-28
0.2793 	4.99195e-28
0.28 	2.67453e-32
0.2807 	2.45854e-32
0.2814 	2.19728e-32
0.2821 	1.77003e-32
0.2828 	1.34278e-32
0.2835 	9.15535e-33
0.2842 	4.88288e-33
0.2849 	6.10415e-34
0.2856 	5.86234e-38
0.2863 	5.32055e-38
0.287 	4.31396e-38
0.2877 	3.30738e-38
0.2884 	2.30079e-38
0.2891 	1.2942e-38
0.2898 	2.87606e-39
0.2905 	8.29561e-44
0.2919 	6.23254e-44
0.2926 	4.8252e-44
0.2933 	3.41785e-44
0.294 	2.0105e-44
0.2947 	6.03157e-45
0.2954 	7.83334e-50
0.2961 	7.17547e-50
0.2968 	6.00277e-50
0.2975 	4.68967e-50
0.2982 	3.37656e-50
0.2989 	2.06346e-50
0.2996 	7.50351e-51
0.3003 	5.23536e-56
0.3017 	4.08848e-56
0.3024 	3.22122e-56
0.3031 	2.35397e-56
0.3038 	1.48672e-56
0.3045 	6.19468e-57
0.3052 	2.59883e-62
0.3059 	2.38584e-62
0.3066 	2.0666e-62
0.3073 	1.64113e-62
0.308 	1.21565e-62
0.3087 	7.90172e-63
0.3094 	3.64695e-63
0.3101 	1.0038e-68
0.3108 	9.22487e-69
0.3115 	8.12197e-69
0.3122 	6.49758e-69
0.3129 	4.87319e-69
0.3136 	3.24879e-69
0.3143 	1.6244e-69
0.315 	3.20508e-75
0.3157 	2.94818e-75
0.3164 	2.63648e-75
0.3171 	2.12383e-75
0.3178 	1.61118e-75
0.3185 	1.09854e-75
0.3192 	5.85886e-76
0.3199 	7.32365e-77
0.3206 	8.34155e-82
0.3213 	7.56812e-82
0.3227 	4.70451e-82
0.3234 	3.2727e-82
0.3241 	1.8409e-82
0.3248 	4.0909e-83
0.3255 	2.67472e-88
0.3262 	2.43808e-88
0.3269 	2.00151e-88
0.3276 	1.54955e-88
0.3283 	1.0976e-88
0.329 	6.45648e-89
0.3297 	1.93696e-89
0.3304 	1.83454e-94
0.3311 	1.6663e-94
0.3318 	1.39115e-94
0.3325 	1.08684e-94
0.3332 	7.82523e-95
0.3339 	4.7821e-95
0.3346 	1.73896e-95
0.3353 	2.53839e-100
0.336 	2.30801e-100
0.3367 	1.95864e-100
0.3374 	1.54317e-100
0.3381 	1.1277e-100
0.3388 	7.12235e-101
0.3395 	2.96767e-101
0.3402 	3.9286e-106
0.3409 	3.58113e-106
0.3416 	3.08937e-106
0.343 	1.81728e-106
0.3437 	1.18123e-106
0.3444 	5.45188e-107
0.3451 	5.65396e-112
0.3458 	5.16588e-112
0.3465 	4.52865e-112
0.3472 	3.62292e-112
0.3479 	2.71719e-112
0.3486 	1.81146e-112
0.3493 	9.05735e-113
0.35 	7.44515e-118
0.3507 	6.81647e-118
0.3514 	6.0696e-118
0.3521 	4.8894e-118
0.3528 	3.7092e-118
0.3535 	2.52901e-118
0.3542 	1.34881e-118
0.3549 	1.68609e-119
0.3556 	8.17128e-124
0.3563 	7.3867e-124
0.357 	5.98922e-124
0.3577 	4.59173e-124
0.3584 	3.19425e-124
0.3591 	1.79677e-124
0.3598 	3.9929e-125
0.3605 	8.88913e-130
0.3612 	8.10268e-130
0.3619 	6.65178e-130
0.3626 	5.14976e-130
0.3633 	3.64775e-130
0.364 	2.14574e-130
0.3647 	6.43729e-131
0.3654 	8.77178e-136
0.3661 	8.00979e-136
0.3668 	6.69569e-136
0.3675 	5.23101e-136
0.3682 	3.76633e-136
0.3689 	2.30165e-136
0.3696 	8.36968e-137
0.3703 	7.85166e-142
0.371 	7.18116e-142
0.3717 	6.10869e-142
0.3724 	4.81291e-142
0.3731 	3.51713e-142
0.3738 	2.22135e-142
0.3745 	9.25569e-143
0.3752 	1.04056e-147
0.3759 	9.20473e-148
0.3766 	7.80737e-148
0.3773 	6.21351e-148
0.378 	4.61965e-148
0.3787 	3.02579e-148
0.3794 	1.43193e-148
0.3801 	6.46585e-150
0.3808 	5.69012e-150
0.3815 	4.84698e-150
0.3822 	3.88251e-150
0.3829 	2.91804e-150
0.3836 	1.95357e-150
0.3843 	9.89095e-151
0.385 	2.46223e-152
0.3857 	2.19744e-152
0.3864 	1.91012e-152
0.3871 	1.5402e-152
0.3878 	1.17027e-152
0.3885 	8.00348e-153
0.3892 	4.30423e-153
0.3899 	6.04974e-154
0.3906 	7.00183e-155
0.3913 	6.21486e-155
0.392 	5.04304e-155
0.3927 	3.87122e-155
0.3934 	2.6994e-155
0.3941 	1.52758e-155
0.3948 	3.55758e-156
0.3955 	1.95493e-157
0.3969 	1.4431e-157
0.3976 	1.11844e-157
0.3983 	7.93782e-158
0.399 	4.69124e-158
0.3997 	1.44467e-158
0.4004 	5.0524e-160
0.4011 	4.57074e-160
0.4025 	2.98261e-160
0.4032 	2.15106e-160
0.4039 	1.31951e-160
0.4046 	4.87956e-161
0.4053 	1.22991e-162
0.406 	1.11711e-162
0.4067 	9.47958e-163
0.4074 	7.47501e-163
0.4081 	5.47044e-163
0.4088 	3.46587e-163
0.4095 	1.4613e-163
0.4102 	2.87331e-165
0.4109 	2.61763e-165
0.4116 	2.25803e-165
0.4123 	1.7945e-165
0.413 	1.33097e-165
0.4137 	8.67433e-166
0.4144 	4.03901e-166
0.4151 	6.50625e-168
0.4158 	5.94142e-168
0.4165 	5.20739e-168
0.4172 	4.16878e-168
0.4179 	3.13017e-168
0.4186 	2.09157e-168
0.4193 	1.05296e-168
0.42 	1.43487e-170
0.4207 	1.31288e-170
0.4214 	1.16847e-170
0.4221 	9.41859e-171
0.4228 	7.15251e-171
0.4235 	4.88643e-171
0.4242 	2.62035e-171
0.4249 	3.54273e-172
0.4256 	2.83348e-173
0.4263 	2.5593e-173
0.4277 	1.59333e-173
0.4291 	6.27355e-174
0.4298 	1.44368e-174
0.4305 	5.98907e-176
0.4312 	5.45306e-176
0.4319 	4.47847e-176
0.4326 	3.47015e-176
0.4333 	2.46183e-176
0.434 	1.45351e-176
0.4347 	4.45189e-177
0.4354 	1.24266e-178
0.4361 	1.13322e-178
0.4368 	9.47387e-179
0.4375 	7.40721e-179
0.4382 	5.34056e-179
0.4389 	3.2739e-179
0.4396 	1.20725e-179
0.4403 	2.53569e-181
0.441 	2.31569e-181
0.4417 	1.96929e-181
0.4424 	1.55267e-181
0.4431 	1.13605e-181
0.4438 	7.19426e-182
0.4445 	3.02806e-182
0.4452 	5.09536e-184
0.4459 	4.65942e-184
0.4466 	4.02787e-184
0.4473 	3.20071e-184
0.448 	2.37354e-184
0.4487 	1.54638e-184
0.4494 	7.19212e-185
0.4501 	1.00918e-186
0.4508 	9.23981e-187
0.4515 	8.11394e-187
0.4522 	6.4951e-187
0.4529 	4.87625e-187
0.4536 	3.2574e-187
0.4543 	1.63856e-187
0.455 	1.97114e-189
0.4557 	1.80684e-189
0.4564 	1.61078e-189
0.4571 	1.2983e-189
0.4578 	9.85827e-190
0.4585 	6.73349e-190
0.4592 	3.60871e-190
0.4599 	4.83931e-191
0.4606 	3.48535e-192
0.4613 	3.15247e-192
0.462 	2.55739e-192
0.4627 	1.96231e-192
0.4634 	1.36723e-192
0.4641 	7.72155e-193
0.4648 	1.77076e-193
0.4655 	6.6333e-195
0.4662 	6.0459e-195
0.4669 	4.96553e-195
0.4676 	3.84723e-195
0.4683 	2.72894e-195
0.469 	1.61064e-195
0.4697 	4.92349e-196
0.4704 	1.24573e-197
0.4711 	1.13682e-197
0.4718 	9.50521e-198
0.4725 	7.43118e-198
0.4732 	5.35715e-198
0.4739 	3.28313e-198
0.4746 	1.2091e-198
0.4753 	2.30866e-200
0.476 	2.10935e-200
0.4767 	1.7941e-200
0.4774 	1.41445e-200
0.4781 	1.0348e-200
0.4788 	6.55154e-201
0.4795 	2.75504e-201
0.4802 	4.22246e-203
0.4809 	3.86242e-203
0.4816 	3.33943e-203
0.4823 	2.65349e-203
0.483 	1.96754e-203
0.4837 	1.2816e-203
0.4844 	5.95663e-204
0.4851 	7.62163e-206
0.4858 	6.97968e-206
0.4865 	6.13011e-206
0.4872 	4.9068e-206
0.4879 	3.68349e-206
0.4886 	2.46019e-206
0.4893 	1.23688e-206
0.49 	1.3577e-208
0.4907 	1.24473e-208
0.4914 	1.10982e-208
0.4921 	8.94481e-209
0.4928 	6.79141e-209
0.4935 	4.63801e-209
0.4942 	2.48461e-209
0.4949 	3.31215e-210
0.4956 	2.19054e-211
0.4963 	1.98163e-211
0.497 	1.60749e-211
0.4977 	1.23335e-211
0.4984 	8.59215e-212
0.4991 	4.85078e-212
0.4998 	1.1094e-212
0.5005 	3.80383e-214
0.5012 	3.46757e-214
0.5019 	2.84785e-214
0.5026 	2.20633e-214
0.5033 	1.56481e-214
0.504 	9.23296e-215
0.5047 	2.81778e-215
0.5054 	6.5165e-217
0.5061 	5.94789e-217
0.5068 	4.97323e-217
0.5075 	3.88784e-217
0.5082 	2.80244e-217
0.5089 	1.71704e-217
0.5096 	6.31645e-218
0.5103 	1.10113e-219
0.511 	1.00629e-219
0.5117 	8.55951e-220
0.5124 	6.74784e-220
0.5131 	4.93618e-220
0.5138 	3.12451e-220
0.5145 	1.31284e-220
0.5152 	1.8348e-222
0.5159 	1.67878e-222
0.5166 	1.45165e-222
0.5173 	1.15341e-222
0.518 	8.5517e-223
0.5187 	5.56928e-223
0.5194 	2.58686e-223
0.5201 	3.01398e-225
0.5208 	2.76095e-225
0.5215 	2.4254e-225
0.5222 	1.9413e-225
0.5229 	1.45719e-225
0.5236 	9.73088e-226
0.5243 	4.88984e-226
0.525 	4.87943e-228
0.5257 	4.47497e-228
0.5264 	3.9912e-228
0.5271 	3.21663e-228
0.5278 	2.44206e-228
0.5285 	1.66749e-228
0.5292 	8.92915e-229
0.5299 	1.18345e-229
0.5306 	7.14597e-231
0.5313 	6.46718e-231
0.532 	5.24592e-231
0.5327 	4.02466e-231
0.5334 	2.8034e-231
0.5341 	1.58214e-231
0.5348 	3.60877e-232
0.5355 	1.12397e-233
0.5362 	1.02512e-233
0.5369 	8.41913e-234
0.5376 	6.52216e-234
0.5383 	4.62519e-234
0.539 	2.72822e-234
0.5397 	8.31257e-235
0.5404 	1.74082e-236
0.5411 	1.58977e-236
0.5418 	1.32939e-236
0.5425 	1.03919e-236
0.5432 	7.48986e-237
0.5439 	4.58784e-237
0.5446 	1.68582e-237
0.5453 	2.65434e-239
0.546 	2.42708e-239
0.5467 	2.0649e-239
0.5474 	1.62776e-239
0.5481 	1.19061e-239
0.5488 	7.53469e-240
0.5495 	3.16325e-240
0.5502 	3.98347e-242
0.5509 	3.64689e-242
0.5516 	3.15449e-242
0.5523 	2.50626e-242
0.553 	1.85803e-242
0.5537 	1.2098e-242
0.5544 	5.61576e-243
0.5551 	5.88261e-245
0.5565 	4.73875e-245
0.5579 	2.84667e-245
0.5586 	1.90063e-245
0.5593 	9.54587e-246
0.56 	8.54633e-248
0.5607 	7.84271e-248
0.5614 	6.99875e-248
0.5621 	5.64023e-248
0.5628 	4.28171e-248
0.5635 	2.92319e-248
0.5642 	1.56467e-248
0.5649 	2.06145e-249
0.5656 	1.12192e-250
0.5663 	1.01603e-250
0.567 	8.24126e-251
0.5677 	6.32221e-251
0.5684 	4.40316e-251
0.5691 	2.48411e-251
0.5698 	5.65064e-252
0.5705 	1.57803e-253
0.5712 	1.4403e-253
0.5719 	1.18291e-253
0.5726 	9.16319e-254
0.5733 	6.49727e-254
0.574 	3.83135e-254
0.5747 	1.16543e-254
0.5754 	2.18174e-256
0.5761 	1.99386e-256
0.5768 	1.66753e-256
0.5775 	1.30343e-256
0.5782 	9.39327e-257
0.5789 	5.75228e-257
0.5796 	2.11129e-257
0.5803 	2.96406e-259
0.581 	2.71218e-259
0.5817 	2.30805e-259
0.5824 	1.81932e-259
0.5831 	1.33059e-259
0.5838 	8.41867e-260
0.5845 	3.53141e-260
0.5852 	3.95576e-262
0.5859 	3.62398e-262
0.5866 	3.13583e-262
0.5873 	2.4913e-262
0.588 	1.84677e-262
0.5887 	1.20223e-262
0.5894 	5.57702e-263
0.5901 	5.18434e-265
0.5915 	4.18098e-265
0.5929 	2.51126e-265
0.5943 	8.41533e-266
0.595 	6.6703e-268
0.5957 	6.12499e-268
0.5964 	5.46901e-268
0.5971 	4.40721e-268
0.5978 	3.34541e-268
0.5985 	2.28361e-268
0.5992 	1.22181e-268
0.5999 	1.60011e-269
0.6006 	7.74288e-271
0.6013 	7.01674e-271
0.602 	5.69118e-271
0.6027 	4.36562e-271
0.6034 	3.04006e-271
0.6041 	1.71449e-271
0.6048 	3.8893e-272
0.6055 	9.60365e-274
0.6062 	8.77144e-274
0.6069 	7.20405e-274
0.6076 	5.58009e-274
0.6083 	3.95614e-274
0.609 	2.33219e-274
0.6097 	7.08235e-275
0.6104 	1.16844e-276
0.6111 	1.06852e-276
0.6118 	8.93741e-277
0.6125 	6.98551e-277
0.6132 	5.03361e-277
0.6139 	3.08172e-277
0.6146 	1.12982e-277
0.6153 	1.39418e-279
0.6167 	1.08653e-279
0.6174 	8.56408e-280
0.6181 	6.26286e-280
0.6188 	3.96164e-280
0.6195 	1.66043e-280
0.6202 	1.63114e-282
0.6209 	1.49521e-282
0.6223 	1.02814e-282
0.623 	7.62076e-283
0.6237 	4.96012e-283
0.6244 	2.29948e-283
0.6251 	1.87086e-285
0.6258 	1.7169e-285
0.6265 	1.5102e-285
0.6272 	1.20858e-285
0.6279 	9.06962e-286
0.6286 	6.05343e-286
0.6293 	3.03723e-286
0.63 	2.10322e-288
0.6307 	1.93228e-288
0.6314 	1.72613e-288
0.6321 	1.39094e-288
0.6328 	1.05575e-288
0.6335 	7.20559e-289
0.6342 	3.85367e-289
0.6349 	5.01751e-290
0.6356 	2.13104e-291
0.6363 	1.93221e-291
0.637 	1.56712e-291
0.6377 	1.20203e-291
0.6384 	8.36939e-292
0.6391 	4.71848e-292
0.6398 	1.06756e-292
0.6405 	2.30262e-294
0.6412 	2.10423e-294
0.6419 	1.72823e-294
0.6426 	1.33856e-294
0.6433 	9.48891e-295
0.644 	5.59223e-295
0.6447 	1.69556e-295
0.6454 	2.43709e-297
0.6461 	2.22981e-297
0.6475 	1.4578e-297
0.6482 	1.05035e-297
0.6489 	6.42897e-298
0.6496 	2.35446e-298
0.6503 	2.52604e-300
0.651 	2.31391e-300
0.6517 	1.96989e-300
0.6524 	1.55259e-300
0.6531 	1.13529e-300
0.6538 	7.17992e-301
0.6545 	3.00694e-301
0.6552 	2.56347e-303
0.6559 	2.35088e-303
0.6566 	2.03533e-303
0.6573 	1.61682e-303
0.658 	1.19831e-303
0.6587 	7.79804e-304
0.6594 	3.61297e-304
0.6601 	2.54642e-306
0.6608 	2.33784e-306
0.6615 	2.05699e-306
0.6629 	1.23519e-306
0.6636 	8.24283e-307
0.6643 	4.13379e-307
0.665 	2.47538e-309
0.6657 	2.27507e-309
0.6664 	2.03307e-309
0.6671 	1.6382e-309
0.6678 	1.24333e-309
0.6685 	8.48469e-310
0.6692 	4.53603e-310
0.6699 	5.87368e-311
0.6706 	2.16603e-312
0.6713 	1.96472e-312
0.672 	1.59342e-312
0.6727 	1.22212e-312
0.6734 	8.50822e-313
0.6741 	4.79523e-313
0.6748 	1.08224e-313
0.6755 	2.01562e-315
0.6762 	1.84272e-315
0.6769 	1.51331e-315
0.6776 	1.17186e-315
0.6783 	8.30408e-316
0.679 	4.88959e-316
0.6797 	1.4751e-316
0.6804 	1.12086e-318
0.6811 	1.02586e-318
0.6818 	8.58029e-319
0.6825 	6.70333e-319
0.6832 	4.82638e-319
0.6839 	2.94947e-319
0.6846 	1.07252e-319
0.6853 	0
0.686 	0
0.6867 	0
0.6874 	0
0.6881 	0
0.6888 	0
0.6895 	0
0.6902 	0
0.6909 	0
0.6916 	0
0.6923 	0
0.693 	0
0.6937 	0
0.6944 	0
0.6951 	0
0.6958 	0
0.6972 	0
0.6979 	0
0.6986 	0
0.6993 	0
0.7 	0
