0 	1
0.0007 	1
0.0014 	1
0.0021 	1
0.0028 	1
0.0035 	1
0.0042 	1
0.0049 	1
0.0056 	1
0.0063 	1
0.007 	1
0.0077 	1
0.0084 	1
0.0091 	1
0.0098 	1
0.0105 	1
0.0112 	1
0.0119 	1
0.0126 	1
0.0133 	1
0.014 	1
0.0147 	1
0.0154 	1
0.0161 	1
0.0168 	1
0.0175 	1
0.0182 	1
0.0189 	1
0.0196 	1
0.0203 	1
0.021 	1
0.0217 	1
0.0224 	1
0.0231 	1
0.0238 	1
0.0245 	1
0.0252 	1
0.0259 	1
0.0266 	1
0.0273 	1
0.028 	1
0.0287 	1
0.0294 	1
0.0301 	1
0.0308 	1
0.0315 	1
0.0322 	1
0.0329 	1
0.0336 	1
0.0343 	1
0.035 	1
0.0357 	1
0.0364 	1
0.0371 	1
0.0378 	1
0.0385 	1
0.0392 	1
0.0399 	1
0.0406 	1
0.0413 	1
0.042 	1
0.0427 	1
0.0434 	1
0.0441 	1
0.0448 	1
0.0455 	1
0.0462 	1
0.0469 	1
0.0476 	1
0.0483 	1
0.049 	1
0.0497 	1
0.0504 	1
0.0511 	1
0.0518 	1
0.0525 	1
0.0532 	1
0.0539 	1
0.0546 	1
0.0553 	1
0.056 	1
0.0567 	1
0.0574 	1
0.0581 	1
0.0588 	1
0.0595 	1
0.0602 	1
0.0609 	1
0.0616 	1
0.0623 	1
0.063 	1
0.0637 	1
0.0644 	1
0.0651 	1
0.0658 	1
0.0665 	1
0.0672 	1
0.0679 	1
0.0686 	1
0.0693 	1
0.07 	1
0.0707 	1
0.0714 	1
0.0721 	1
0.0728 	1
0.0735 	1
0.0742 	1
0.0749 	1
0.0756 	1
0.0763 	1
0.077 	1
0.0777 	1
0.0784 	1
0.0791 	1
0.0798 	1
0.0805 	1
0.0812 	1
0.0819 	1
0.0826 	1
0.0833 	1
0.084 	1
0.0847 	1
0.0854 	1
0.0861 	1
0.0868 	1
0.0875 	1
0.0882 	1
0.0889 	1
0.0896 	1
0.0903 	1
0.091 	1
0.0917 	1
0.0924 	1
0.0931 	1
0.0938 	1
0.0945 	1
0.0952 	1
0.0959 	1
0.0966 	1
0.0973 	1
0.098 	1
0.0987 	1
0.0994 	1
0.1001 	1
0.1008 	1
0.1015 	1
0.1022 	1
0.1029 	1
0.1036 	1
0.1043 	1
0.105 	1
0.1057 	1
0.1064 	1
0.1071 	1
0.1078 	1
0.1085 	1
0.1092 	1
0.1099 	1
0.1106 	1
0.1113 	1
0.112 	1
0.1127 	1
0.1134 	1
0.1141 	1
0.1148 	1
0.1155 	1
0.1162 	1
0.1169 	1
0.1176 	1
0.1183 	1
0.119 	1
0.1197 	1
0.1204 	1
0.1211 	1
0.1218 	1
0.1225 	1
0.1232 	1
0.1239 	1
0.1246 	1
0.1253 	1
0.126 	1
0.1267 	1
0.1274 	1
0.1281 	1
0.1288 	1
0.1295 	1
0.1302 	1
0.1309 	1
0.1316 	0.999999
0.1323 	0.999999
0.133 	0.999999
0.1337 	0.999998
0.1344 	0.999998
0.1351 	0.999998
0.1358 	0.999997
0.1365 	0.999997
0.1372 	0.999996
0.1379 	0.999996
0.1386 	0.999996
0.1393 	0.999996
0.14 	0.999996
0.1407 	0.999996
0.1414 	0.999996
0.1421 	0.999997
0.1428 	0.999997
0.1435 	0.999997
0.1442 	0.999997
0.1449 	0.999998
0.1456 	0.999998
0.1463 	0.999998
0.147 	0.999998
0.1477 	0.999999
0.1484 	0.999999
0.1491 	0.999999
0.1498 	0.999999
0.1505 	0.999999
0.1512 	0.999999
0.1519 	0.999999
0.1526 	0.999998
0.1533 	0.999998
0.154 	0.999998
0.1547 	0.999997
0.1554 	0.999997
0.1561 	0.999996
0.1568 	0.999996
0.1575 	0.999995
0.1582 	0.999995
0.1589 	0.999994
0.1596 	0.999993
0.1603 	0.999993
0.161 	0.999992
0.1617 	0.999992
0.1624 	0.999992
0.1631 	0.999992
0.1638 	0.999993
0.1645 	0.999993
0.1652 	0.999993
0.1659 	0.999993
0.1666 	0.999994
0.1673 	0.999994
0.168 	0.999995
0.1687 	0.999995
0.1694 	0.999995
0.1701 	0.999996
0.1708 	0.999996
0.1715 	0.999996
0.1722 	0.999996
0.1729 	0.999996
0.1736 	0.999996
0.1743 	0.999997
0.175 	0.999997
0.1757 	0.999997
0.1764 	0.999997
0.1771 	0.999997
0.1778 	0.999997
0.1785 	0.999997
0.1792 	0.999997
0.1799 	0.999997
0.1806 	0.999997
0.1813 	0.999997
0.182 	0.999997
0.1827 	0.999997
0.1834 	0.999997
0.1841 	0.999997
0.1848 	0.999997
0.1855 	0.999997
0.1862 	0.999997
0.1869 	0.999996
0.1876 	0.999996
0.1883 	0.999995
0.189 	0.999995
0.1897 	0.999994
0.1904 	0.999994
0.1911 	0.999992
0.1918 	0.999991
0.1925 	0.99999
0.1932 	0.999988
0.1939 	0.999986
0.1946 	0.999984
0.1953 	0.999981
0.196 	0.999982
0.1967 	0.999984
0.1974 	0.999987
0.1981 	0.999991
0.1988 	0.999994
0.1995 	0.999993
0.2002 	0.999994
0.2009 	0.999992
0.2023 	0.998753
0.2037 	0.984026
0.2051 	0.936688
0.2058 	0.904829
0.2072 	0.855461
0.2086 	0.791415
0.21 	0.583243
0.2114 	0.265446
0.2121 	0.152656
0.2128 	0.0716742
0.2142 	0.0136945
0.2149 	0.0049279
0.2163 	0.000834461
0.2177 	0.000231972
0.2191 	8.34365e-05
0.2205 	3.2256e-05
0.2219 	2.27842e-05
0.2233 	2.5455e-05
0.224 	2.57546e-05
0.2254 	2.34265e-05
0.2261 	2.25972e-05
0.2268 	2.2544e-05
0.2275 	2.27029e-05
0.2289 	5.31925e-05
0.2296 	7.97878e-05
0.2303 	0.000101215
0.2317 	0.000120622
0.2331 	0.000116133
0.2338 	0.00011111
0.2352 	8.97885e-05
0.2359 	7.86577e-05
0.2366 	6.59825e-05
0.238 	3.57262e-05
0.2394 	1.35967e-05
0.2408 	1.27112e-05
0.2422 	1.53841e-05
0.2429 	1.45429e-05
0.2443 	1.44401e-05
0.245 	1.74469e-05
0.2464 	2.50207e-05
0.2478 	2.31429e-05
0.2492 	1.30218e-05
0.2506 	3.67194e-06
0.2513 	1.96461e-06
0.2527 	7.40868e-06
0.2534 	1.04966e-05
0.2541 	1.24598e-05
0.2555 	1.34974e-05
0.2569 	1.32148e-05
0.2583 	1.28327e-05
0.259 	1.2444e-05
0.2597 	1.16298e-05
0.2611 	7.94887e-06
0.2625 	4.38155e-06
0.2639 	2.09207e-06
0.2653 	4.26498e-07
0.2667 	4.99944e-08
0.2674 	2.87846e-08
0.2688 	5.47356e-08
0.2702 	1.38642e-07
0.2716 	3.09243e-07
0.273 	6.19339e-07
0.2737 	7.71555e-07
0.2751 	7.82339e-07
0.2765 	6.90269e-07
0.2779 	4.94591e-07
0.2793 	2.1718e-07
0.2807 	7.18937e-08
0.2821 	3.10371e-08
0.2835 	1.33073e-08
0.2849 	6.57281e-09
0.2863 	4.6879e-09
0.2877 	3.50075e-09
0.2884 	2.90218e-09
0.2898 	2.341e-09
0.2912 	2.425e-09
0.2926 	2.06968e-09
0.2933 	1.70068e-09
0.2947 	1.33023e-09
0.2961 	2.11792e-09
0.2975 	3.3012e-09
0.2989 	7.11605e-09
0.2996 	1.60613e-08
0.3003 	2.53778e-08
0.301 	3.51893e-08
0.3024 	3.67741e-08
0.3038 	2.03079e-08
0.3052 	5.28454e-09
0.3059 	2.96493e-09
0.3066 	3.73077e-09
0.3073 	7.57693e-09
0.308 	1.27004e-08
0.3087 	1.83349e-08
0.3094 	2.41333e-08
0.3101 	2.9784e-08
0.3115 	3.67807e-08
0.3122 	3.47865e-08
0.3136 	2.85678e-08
0.3143 	2.46072e-08
0.315 	2.04976e-08
0.3164 	7.3186e-09
0.3171 	3.72581e-09
0.3185 	4.35948e-09
0.3199 	7.62784e-08
0.3213 	9.72029e-07
0.322 	1.68514e-06
0.3234 	2.32941e-06
0.3248 	1.81392e-06
0.3262 	9.152e-07
0.3276 	2.07177e-07
0.329 	1.36443e-08
0.3304 	1.49178e-10
0.3311 	3.00115e-11
0.3325 	6.48908e-12
0.3339 	8.30629e-12
0.3353 	8.76057e-12
0.3367 	8.12298e-12
0.3381 	6.16982e-12
0.3395 	3.31662e-12
0.3402 	1.98291e-12
0.3409 	1.05547e-12
0.3423 	1.58604e-13
0.3437 	9.79056e-15
0.3451 	2.19099e-15
0.3465 	9.06811e-16
0.3479 	2.37337e-16
0.3493 	2.89077e-17
0.35 	2.81783e-18
0.3507 	1.2864e-18
0.3521 	3.55073e-20
0.3535 	6.28795e-21
0.3542 	3.38256e-21
0.3549 	1.51451e-21
0.3563 	3.02074e-22
0.357 	2.24612e-22
0.3577 	1.67658e-22
0.3591 	1.58907e-22
0.3605 	1.58111e-22
0.3619 	1.57097e-22
0.3633 	1.54371e-22
0.3647 	1.47272e-22
0.3661 	1.31509e-22
0.3675 	1.03015e-22
0.3689 	6.36649e-23
0.3703 	2.85191e-23
0.3717 	8.83665e-24
0.3724 	3.98322e-24
0.3731 	2.26122e-24
0.3738 	1.12895e-24
0.3752 	6.57918e-25
0.3766 	4.38715e-25
0.378 	2.57035e-25
0.3794 	1.20244e-25
0.3808 	4.48024e-26
0.3822 	1.50727e-26
0.3836 	5.57331e-27
0.385 	2.35106e-27
0.3864 	1.09522e-27
0.3871 	7.66377e-28
0.3878 	5.09444e-28
0.3892 	2.39753e-28
0.3899 	1.602e-28
0.3906 	1.1374e-28
0.392 	5.23376e-29
0.3934 	2.19765e-29
0.3948 	7.86773e-30
0.3955 	4.59359e-30
0.3969 	1.30815e-30
0.3983 	3.27116e-31
0.3997 	8.87665e-32
0.4011 	3.66784e-32
0.4025 	2.42398e-32
0.4039 	2.02206e-32
0.4053 	1.78755e-32
0.4067 	1.59826e-32
0.4074 	1.50504e-32
0.4088 	1.28871e-32
0.4102 	1.01088e-32
0.4116 	6.79527e-33
0.4123 	5.05736e-33
0.413 	3.5273e-33
0.4137 	2.08039e-33
0.4151 	5.04485e-34
0.4165 	7.3859e-35
0.4179 	1.248e-35
0.4186 	7.07946e-36
0.42 	3.21962e-36
0.4214 	1.53266e-36
0.4228 	5.16193e-37
0.4242 	1.05543e-37
0.4256 	1.2659e-38
0.427 	8.46889e-40
0.4284 	1.92609e-41
0.4291 	7.98777e-43
0.4305 	4.14385e-43
0.4319 	3.01178e-43
0.4333 	1.7729e-43
0.4347 	6.92516e-44
0.4354 	3.51811e-44
0.4368 	4.7127e-45
0.4375 	5.18854e-46
0.4389 	1.77226e-46
0.4403 	1.72581e-46
0.441 	1.66747e-46
0.4424 	1.3424e-46
0.4438 	7.75145e-47
0.4452 	2.74845e-47
0.4466 	4.88543e-48
0.448 	3.09812e-49
0.4494 	9.24834e-51
0.4508 	1.71866e-51
0.4522 	1.04278e-51
0.4529 	7.32836e-52
0.4536 	4.24729e-52
0.4543 	2.26464e-52
0.455 	5.79386e-53
0.4564 	1.7748e-54
0.4578 	1.89816e-55
0.4585 	2.18329e-55
0.4599 	9.41943e-56
0.4606 	4.55792e-56
0.4613 	5.3899e-57
0.4627 	1.74358e-57
0.4634 	2.34309e-57
0.4648 	1.46941e-57
0.4655 	8.15526e-58
0.4669 	8.81527e-59
0.4683 	4.80543e-60
0.4697 	8.23432e-62
0.4711 	1.17793e-64
0.4718 	4.09186e-68
0.4725 	9.29817e-68
0.4739 	2.317e-67
0.4753 	1.13925e-67
0.4767 	9.39729e-72
0.4781 	9.39728e-72
0.4788 	9.39728e-72
0.4802 	9.39728e-72
0.4816 	2.40574e-66
0.4823 	7.21352e-66
0.483 	8.80099e-66
0.4844 	7.81653e-66
0.4858 	7.05232e-66
0.4865 	6.32868e-66
0.4879 	2.16239e-66
0.4886 	1.66314e-66
0.4893 	1.16333e-66
0.49 	6.63749e-67
0.4914 	4.02699e-67
0.4928 	1.41878e-67
0.4935 	9.66737e-68
0.4949 	4.17203e-68
0.4963 	3.56375e-68
0.4977 	4.05748e-68
0.4991 	4.12053e-68
0.4998 	3.90516e-68
0.5005 	3.40908e-68
0.5019 	1.98727e-68
0.5033 	6.46604e-69
0.504 	2.37359e-69
0.5047 	8.51114e-70
0.5061 	1.95094e-71
0.5075 	-1.03333e-71
0.5089 	-1.42813e-71
0.5096 	-1.5851e-71
0.511 	-1.835e-71
0.5124 	-1.99053e-71
0.5138 	-2.06126e-71
0.5145 	-2.06494e-71
0.5159 	-2.04164e-71
0.5173 	-1.97423e-71
0.5187 	-1.87535e-71
0.5194 	-1.81575e-71
0.5201 	-1.7547e-71
0.5215 	-1.62198e-71
0.5229 	-1.48395e-71
0.5243 	-1.34531e-71
0.525 	-1.27645e-71
0.5257 	-1.20959e-71
0.5264 	-1.14335e-71
0.5278 	-1.01699e-71
0.5285 	-9.56608e-72
0.5299 	-8.4241e-72
0.5313 	-7.37824e-72
0.5327 	-6.43432e-72
0.5341 	-5.58517e-72
0.5348 	-5.19199e-72
0.5362 	-4.47414e-72
0.5369 	-4.15584e-72
0.5376 	-3.8452e-72
0.5383 	-3.5645e-72
0.5397 	-3.04668e-72
0.5411 	-2.59548e-72
0.5425 	-2.20412e-72
0.5432 	-2.03508e-72
0.5446 	-1.72285e-72
0.546 	-1.4544e-72
0.5474 	-1.22437e-72
0.5488 	-1.02881e-72
0.5502 	-8.63817e-73
0.5516 	-7.23479e-73
0.553 	-6.04431e-73
0.5544 	-5.03718e-73
0.5551 	-4.5839e-73
0.5565 	-3.81136e-73
0.5572 	-3.47222e-73
0.5586 	-2.87193e-73
0.56 	-2.36939e-73
0.5614 	-1.95656e-73
0.5628 	-1.61193e-73
0.5642 	-1.32495e-73
0.5656 	-1.08653e-73
0.567 	-8.88932e-74
0.5677 	-8.02106e-74
0.5684 	-7.25564e-74
0.5698 	-5.90823e-74
0.5705 	-5.3391e-74
0.5719 	-4.34148e-74
0.5733 	-3.52237e-74
0.574 	-3.16684e-74
0.5754 	-2.56598e-74
0.5761 	-2.30306e-74
0.5768 	-2.07479e-74
0.5782 	-1.67412e-74
0.5796 	-1.348e-74
0.5803 	-1.20819e-74
0.5817 	-9.71991e-75
0.5824 	-8.6853e-75
0.5831 	-7.80475e-75
0.5838 	-6.96058e-75
0.5852 	-5.58517e-75
0.5866 	-4.47395e-75
0.588 	-3.57783e-75
0.5887 	-3.18451e-75
0.5901 	-2.54194e-75
0.5915 	-2.02937e-75
0.5929 	-1.61797e-75
0.5943 	-1.28834e-75
0.595 	-1.14319e-75
0.5957 	-1.02464e-75
0.5971 	-8.14034e-76
0.5978 	-7.24955e-76
0.5992 	-5.76617e-76
0.6006 	-4.58355e-76
0.6013 	-4.0675e-76
0.6027 	-3.23922e-76
0.6041 	-2.57974e-76
0.6055 	-2.05516e-76
0.6062 	-1.82678e-76
0.6076 	-1.45775e-76
0.6083 	-1.30712e-76
0.6097 	-1.04426e-76
0.6111 	-8.35628e-77
0.6125 	-6.70014e-77
0.6139 	-5.41076e-77
0.6146 	-4.87473e-77
0.616 	-3.94323e-77
0.6167 	-3.55674e-77
0.6174 	-3.19864e-77
0.6188 	-2.60557e-77
0.6202 	-2.13397e-77
0.6216 	-1.75161e-77
0.623 	-1.44027e-77
0.6237 	-1.30246e-77
0.6251 	-1.07316e-77
0.6265 	-8.8542e-78
0.6272 	-8.04109e-78
0.6286 	-6.61392e-78
0.63 	-5.42959e-78
0.6314 	-4.46095e-78
0.6328 	-3.65281e-78
0.6342 	-2.9789e-78
0.6356 	-2.41775e-78
0.6363 	-2.16636e-78
0.6377 	-1.74667e-78
0.6391 	-1.39967e-78
0.6405 	-1.1141e-78
0.6419 	-8.80396e-79
0.6433 	-6.90307e-79
0.6447 	-5.3676e-79
0.6461 	-4.13654e-79
0.6468 	-3.6353e-79
0.6475 	-3.15757e-79
0.6489 	-2.40219e-79
0.6496 	-2.09266e-79
0.6503 	-1.81014e-79
0.651 	-1.56364e-79
0.6517 	-1.35036e-79
0.6524 	-1.15553e-79
0.6531 	-9.9673e-80
0.6545 	-7.27522e-80
0.6559 	-5.24769e-80
0.6573 	-3.73799e-80
0.6587 	-2.62723e-80
0.6601 	-1.83496e-80
0.6608 	-1.5385e-80
0.6622 	-1.05173e-80
0.6636 	-7.08265e-81
0.665 	-4.69391e-81
0.6664 	-3.1093e-81
0.6671 	-2.5321e-81
0.6678 	-2.02972e-81
0.6692 	-1.30487e-81
0.6706 	-8.25491e-82
0.6713 	-6.40777e-82
0.6727 	-3.98347e-82
0.6741 	-2.43608e-82
0.6748 	-1.88042e-82
0.6762 	-1.10428e-82
0.6776 	-6.46358e-83
0.6783 	-5.00892e-83
0.679 	-3.75018e-83
0.6804 	-2.13727e-83
0.6811 	-1.58026e-83
0.6825 	-8.57818e-84
0.6839 	-4.71575e-84
0.6853 	-2.54592e-84
0.6867 	-1.34903e-84
0.6881 	-7.01062e-85
0.6895 	-3.57021e-85
0.6909 	-1.77976e-85
0.6916 	-1.24448e-85
0.6923 	-8.67302e-86
0.6937 	-4.12626e-86
0.6944 	-2.98455e-86
0.6958 	-1.4241e-86
0.6972 	-6.96054e-87
0.6986 	-3.9476e-87
0.6993 	-3.46179e-87
0.7 	-3.16751e-87
