0 	1
0.0007 	1
0.0014 	1
0.0021 	1
0.0028 	1
0.0035 	1
0.0042 	1
0.0049 	1
0.0056 	1
0.0063 	1
0.007 	1
0.0077 	1
0.0084 	1
0.0091 	1
0.0098 	1
0.0105 	1
0.0112 	1
0.0119 	1
0.0126 	1
0.0133 	1
0.014 	1
0.0147 	1
0.0154 	1
0.0161 	1
0.0168 	1
0.0175 	1
0.0182 	1
0.0189 	1
0.0196 	1
0.0203 	1
0.021 	1
0.0217 	1
0.0224 	1
0.0231 	1
0.0238 	1
0.0245 	1
0.0252 	1
0.0259 	1
0.0266 	1
0.0273 	1
0.028 	1
0.0287 	1
0.0294 	1
0.0301 	1
0.0308 	1
0.0315 	1
0.0322 	1
0.0329 	1
0.0336 	1
0.0343 	1
0.035 	1
0.0357 	1
0.0364 	1
0.0371 	1
0.0378 	1
0.0385 	1
0.0392 	1
0.0399 	1
0.0406 	1
0.0413 	1
0.042 	1
0.0427 	1
0.0434 	1
0.0441 	1
0.0448 	1
0.0455 	1
0.0462 	1
0.0469 	1
0.0476 	1
0.0483 	1
0.049 	1
0.0497 	1
0.0504 	1
0.0511 	1
0.0518 	1
0.0525 	1
0.0532 	1
0.0539 	1
0.0546 	1
0.0553 	1
0.056 	1
0.0567 	1
0.0574 	1
0.0581 	1
0.0588 	1
0.0595 	1
0.0602 	1
0.0609 	1
0.0616 	1
0.0623 	1
0.063 	1
0.0637 	1
0.0644 	1
0.0651 	1
0.0658 	1
0.0665 	1
0.0672 	1
0.0679 	1
0.0686 	1
0.0693 	1
0.07 	1
0.0707 	1
0.0714 	1
0.0721 	1
0.0728 	1
0.0735 	1
0.0742 	1
0.0749 	1
0.0756 	1
0.0763 	1
0.077 	1
0.0777 	1
0.0784 	1
0.0791 	1
0.0798 	1
0.0805 	1
0.0812 	1
0.0819 	1
0.0826 	1
0.0833 	1
0.084 	1
0.0847 	1
0.0854 	1
0.0861 	1
0.0868 	1
0.0875 	1
0.0882 	1
0.0889 	1
0.0896 	1
0.0903 	1
0.091 	1
0.0917 	1
0.0924 	1
0.0931 	1
0.0938 	1
0.0945 	1
0.0952 	1
0.0959 	1
0.0966 	1
0.0973 	1
0.098 	1
0.0987 	1
0.0994 	1
0.1001 	1
0.1008 	1
0.1015 	1
0.1022 	1
0.1029 	1
0.1036 	1
0.1043 	1
0.105 	1
0.1057 	1
0.1064 	1
0.1071 	1
0.1078 	1
0.1085 	1
0.1092 	1
0.1099 	1
0.1106 	1
0.1113 	1
0.112 	1
0.1127 	1
0.1134 	1
0.1141 	1
0.1148 	1
0.1155 	1
0.1162 	1
0.1169 	1
0.1176 	1
0.1183 	1
0.119 	1
0.1197 	1
0.1204 	1
0.1211 	1
0.1218 	1
0.1225 	1
0.1232 	1
0.1239 	1
0.1246 	1
0.1253 	1
0.126 	1
0.1267 	1
0.1274 	1
0.1281 	1
0.1288 	1
0.1295 	1
0.1302 	1
0.1309 	1
0.1316 	1
0.1323 	1
0.133 	1
0.1337 	1
0.1344 	1
0.1351 	1
0.1358 	1
0.1365 	1
0.1372 	1
0.1379 	1
0.1386 	1
0.1393 	1
0.14 	1
0.1407 	1
0.1414 	1
0.1421 	1
0.1428 	1
0.1435 	1
0.1442 	1
0.1449 	1
0.1456 	1
0.1463 	1
0.147 	1
0.1477 	1
0.1484 	1
0.1491 	1
0.1498 	1
0.1505 	1
0.1512 	1
0.1519 	1
0.1526 	1
0.1533 	1
0.154 	1
0.1547 	1
0.1554 	1
0.1561 	1
0.1568 	1
0.1575 	1
0.1582 	1
0.1589 	1
0.1596 	1
0.1603 	1
0.161 	1
0.1617 	1
0.1624 	1
0.1631 	1
0.1638 	1
0.1645 	1
0.1652 	1
0.1659 	1
0.1666 	1
0.1673 	1
0.168 	1
0.1687 	1
0.1694 	1
0.1701 	1
0.1708 	1
0.1715 	1
0.1722 	1
0.1729 	1
0.1736 	1
0.1743 	1
0.175 	1
0.1757 	1
0.1764 	1
0.1771 	1
0.1778 	1
0.1785 	1
0.1792 	1
0.1799 	1
0.1806 	1
0.1813 	1
0.182 	1
0.1827 	1
0.1834 	1
0.1841 	1
0.1848 	1
0.1855 	1
0.1862 	1
0.1869 	1
0.1876 	1
0.1883 	1
0.189 	1
0.1897 	1
0.1904 	1
0.1911 	1
0.1918 	1
0.1925 	1
0.1932 	1
0.1939 	1
0.1946 	1
0.1953 	1
0.196 	1
0.1967 	1
0.1974 	1
0.1981 	1
0.1988 	1
0.1995 	1
0.2002 	1
0.2009 	1
0.2016 	1
0.2023 	1
0.203 	1
0.2037 	1
0.2044 	1
0.2051 	1
0.2058 	1
0.2065 	1
0.2072 	1
0.2079 	1
0.2086 	1
0.2093 	1
0.21 	1
0.2107 	1
0.2114 	1
0.2121 	1
0.2128 	1
0.2135 	1
0.2142 	1
0.2149 	1
0.2156 	1
0.2163 	1
0.217 	1
0.2177 	1
0.2184 	1
0.2191 	1
0.2198 	1
0.2205 	1
0.2212 	1
0.2219 	1
0.2226 	1
0.2233 	1
0.224 	1
0.2247 	1
0.2254 	1
0.2261 	1
0.2268 	1
0.2275 	1
0.2282 	1
0.2289 	1
0.2296 	1
0.2303 	1
0.231 	1
0.2317 	1
0.2324 	1
0.2331 	1
0.2338 	1
0.2345 	1
0.2352 	0.999994
0.2359 	0.999972
0.2366 	0.99995
0.2373 	0.999929
0.238 	0.999907
0.2387 	0.999885
0.2394 	0.999864
0.2401 	0.99961
0.2408 	0.99796
0.2415 	0.99631
0.2422 	0.99466
0.2429 	0.993011
0.2436 	0.991361
0.2443 	0.989712
0.245 	0.988062
0.2457 	0.966155
0.2464 	0.944248
0.2471 	0.922343
0.2478 	0.900438
0.2485 	0.878533
0.2492 	0.856628
0.2499 	0.834723
0.2506 	0.779154
0.2513 	0.717975
0.252 	0.656796
0.2527 	0.595618
0.2534 	0.53444
0.2541 	0.473262
0.2548 	0.412084
0.2555 	0.360455
0.2562 	0.312648
0.2569 	0.264839
0.2576 	0.217029
0.2583 	0.16922
0.259 	0.12141
0.2597 	0.0736006
0.2604 	0.0490224
0.2611 	0.041865
0.2618 	0.0347064
0.2625 	0.0275474
0.2632 	0.0203885
0.2639 	0.0132295
0.2646 	0.00607057
0.2653 	0.0018673
0.266 	0.0016042
0.2667 	0.00134106
0.2674 	0.00107789
0.2681 	0.000814727
0.2688 	0.000551561
0.2695 	0.000288396
0.2702 	9.66197e-05
0.2709 	8.32781e-05
0.2716 	6.99348e-05
0.2723 	5.65898e-05
0.273 	4.32448e-05
0.2737 	2.98999e-05
0.2744 	1.65549e-05
0.2751 	5.01933e-06
0.2758 	4.33609e-06
0.2765 	3.65281e-06
0.2772 	2.96944e-06
0.2779 	2.28608e-06
0.2786 	1.60271e-06
0.2793 	9.19349e-07
0.28 	2.36016e-07
0.2807 	2.04272e-07
0.2814 	1.72529e-07
0.2821 	1.40787e-07
0.2828 	1.09044e-07
0.2835 	7.73021e-08
0.2842 	4.55597e-08
0.2849 	1.38174e-08
0.2856 	8.20032e-09
0.2863 	6.93574e-09
0.287 	5.67162e-09
0.2877 	4.40749e-09
0.2884 	3.14337e-09
0.2891 	1.87925e-09
0.2898 	6.15124e-10
0.2905 	2.29074e-10
0.2912 	1.94167e-10
0.2919 	1.5929e-10
0.2926 	1.24415e-10
0.2933 	8.95405e-11
0.294 	5.46656e-11
0.2947 	1.97907e-11
0.2954 	4.6708e-12
0.2961 	4.36406e-12
0.2968 	4.05777e-12
0.2975 	3.75159e-12
0.2982 	3.44542e-12
0.2989 	3.13925e-12
0.2996 	2.83308e-12
0.3003 	2.58964e-12
0.301 	2.4298e-12
0.3017 	2.26991e-12
0.3024 	2.11e-12
0.3031 	1.95008e-12
0.3038 	1.79016e-12
0.3045 	1.63025e-12
0.3052 	1.47076e-12
0.3059 	1.31236e-12
0.3066 	1.15386e-12
0.3073 	9.95273e-13
0.308 	8.36686e-13
0.3087 	6.78098e-13
0.3094 	5.1951e-13
0.3101 	3.77645e-13
0.3108 	3.36079e-13
0.3115 	2.94484e-13
0.3122 	2.52835e-13
0.3129 	2.11186e-13
0.3136 	1.69537e-13
0.3143 	1.27888e-13
0.315 	8.62403e-14
0.3157 	7.65948e-14
0.3164 	6.69449e-14
0.3171 	5.72778e-14
0.3178 	4.76107e-14
0.3185 	3.79436e-14
0.3192 	2.82765e-14
0.3199 	1.86094e-14
0.3206 	1.54573e-14
0.3213 	1.33901e-14
0.322 	1.13172e-14
0.3227 	9.24431e-15
0.3234 	7.17141e-15
0.3241 	5.09852e-15
0.3248 	3.02562e-15
0.3255 	2.21353e-15
0.3262 	1.90564e-15
0.3269 	1.59664e-15
0.3276 	1.28756e-15
0.3283 	9.78474e-16
0.329 	6.69389e-16
0.3297 	3.60305e-16
0.3304 	2.10736e-16
0.3311 	1.80781e-16
0.3318 	1.50707e-16
0.3325 	1.206e-16
0.3332 	9.04933e-17
0.3339 	6.03864e-17
0.3346 	3.02796e-17
0.3353 	1.23178e-17
0.336 	1.05461e-17
0.3367 	8.76665e-18
0.3374 	6.98294e-18
0.3381 	5.19923e-18
0.3388 	3.41552e-18
0.3395 	1.63181e-18
0.3402 	3.43722e-19
0.3409 	2.94363e-19
0.3416 	2.44768e-19
0.3423 	1.94937e-19
0.343 	1.45105e-19
0.3437 	9.5274e-20
0.3444 	4.54427e-20
0.3451 	2.67899e-21
0.3458 	2.30089e-21
0.3465 	1.92084e-21
0.3472 	1.53724e-21
0.3479 	1.15365e-21
0.3486 	7.70051e-22
0.3493 	3.86456e-22
0.35 	2.88372e-24
0.3507 	2.48646e-24
0.3514 	2.08738e-24
0.3521 	1.68155e-24
0.3528 	1.27571e-24
0.3535 	8.69879e-25
0.3542 	4.64046e-25
0.3549 	5.82118e-26
0.3556 	2.29204e-28
0.3563 	1.93553e-28
0.357 	1.56937e-28
0.3577 	1.20321e-28
0.3584 	8.3705e-29
0.3591 	4.70891e-29
0.3598 	1.04731e-29
0.3605 	1.23069e-32
0.3612 	1.04375e-32
0.3619 	8.51807e-33
0.3626 	6.59477e-33
0.3633 	4.67147e-33
0.364 	2.74817e-33
0.3647 	8.2487e-34
0.3654 	6.59223e-37
0.3661 	5.61181e-37
0.3668 	4.60951e-37
0.3675 	3.60124e-37
0.3682 	2.59298e-37
0.3689 	1.58472e-37
0.3696 	5.76453e-38
0.3703 	3.43022e-41
0.371 	2.93071e-41
0.3717 	2.42206e-41
0.3724 	1.90832e-41
0.3731 	1.39458e-41
0.3738 	8.80841e-42
0.3745 	3.67102e-42
0.3752 	1.70308e-45
0.3759 	1.46023e-45
0.3766 	1.21385e-45
0.3773 	9.63955e-46
0.378 	7.14058e-46
0.3787 	4.64161e-46
0.3794 	2.14264e-46
0.3801 	8.02143e-50
0.3808 	6.90105e-50
0.3815 	5.76878e-50
0.3822 	4.61508e-50
0.3829 	3.46138e-50
0.3836 	2.30768e-50
0.3843 	1.15398e-50
0.385 	3.59264e-54
0.3857 	3.10087e-54
0.3864 	2.60593e-54
0.3871 	2.09924e-54
0.3878 	1.59256e-54
0.3885 	1.08587e-54
0.3892 	5.79188e-55
0.3899 	7.25026e-56
0.3906 	1.33387e-58
0.3913 	1.12666e-58
0.392 	9.13517e-59
0.3927 	7.00374e-59
0.3934 	4.87231e-59
0.3941 	2.74089e-59
0.3948 	6.09457e-60
0.3955 	5.53276e-63
0.3962 	4.69392e-63
0.3969 	3.8308e-63
0.3976 	2.96583e-63
0.3983 	2.10085e-63
0.399 	1.23587e-63
0.3997 	3.70891e-64
0.4004 	2.22825e-67
0.4011 	1.8976e-67
0.4018 	1.55884e-67
0.4025 	1.21786e-67
0.4032 	8.76877e-68
0.4039 	5.35897e-68
0.4046 	1.94917e-68
0.4053 	8.75354e-72
0.406 	7.48152e-72
0.4067 	6.18399e-72
0.4074 	4.87229e-72
0.4081 	3.56059e-72
0.4088 	2.24889e-72
0.4095 	9.37193e-73
0.4102 	3.36421e-76
0.4109 	2.88523e-76
0.4116 	2.39882e-76
0.4123 	1.90496e-76
0.413 	1.41111e-76
0.4137 	9.17254e-77
0.4144 	4.234e-77
0.4151 	1.26605e-80
0.4158 	1.08936e-80
0.4165 	9.1073e-81
0.4172 	7.28591e-81
0.4179 	5.46452e-81
0.4186 	3.64313e-81
0.4193 	1.82174e-81
0.42 	4.66495e-85
0.4207 	4.02653e-85
0.4214 	3.38395e-85
0.4221 	2.72598e-85
0.4228 	2.06801e-85
0.4235 	1.41005e-85
0.4242 	7.52082e-86
0.4249 	9.41162e-87
0.4256 	1.45583e-89
0.4263 	1.2296e-89
0.427 	9.96977e-90
0.4277 	7.64359e-90
0.4284 	5.3174e-90
0.4291 	2.99122e-90
0.4298 	6.65038e-91
0.4305 	5.14539e-94
0.4312 	4.36473e-94
0.4319 	3.5621e-94
0.4326 	2.75779e-94
0.4333 	1.95347e-94
0.434 	1.14916e-94
0.4347 	3.44845e-95
0.4354 	1.77638e-98
0.4361 	1.51253e-98
0.4368 	1.24244e-98
0.4375 	9.7065e-99
0.4382 	6.98856e-99
0.4389 	4.27063e-99
0.4396 	1.5527e-99
0.4403 	-2.3526e-103
0.441 	-2.79996e-103
0.4417 	-3.53673e-103
0.4424 	-4.43427e-103
0.4431 	-5.33181e-103
0.4438 	-6.22935e-103
0.4445 	-7.12689e-103
0.4452 	-7.43712e-103
0.4459 	-6.27901e-103
0.4466 	-5.69996e-103
0.4473 	-5.69998e-103
0.448 	-5.70001e-103
0.4487 	-5.70003e-103
0.4494 	-5.70005e-103
0.4501 	-5.54674e-103
0.4508 	-4.47293e-103
0.4515 	-3.78261e-103
0.4522 	-3.78258e-103
0.4529 	-3.78255e-103
0.4536 	-3.78251e-103
0.4543 	-3.78248e-103
0.455 	-3.78259e-103
0.4557 	-2.96557e-103
0.4564 	-2.3237e-103
0.4571 	-2.32366e-103
0.4578 	-2.32363e-103
0.4585 	-2.3236e-103
0.4592 	-2.32357e-103
0.4599 	-2.32354e-103
0.4606 	-1.84944e-103
0.4613 	-1.3358e-103
0.462 	-1.33578e-103
0.4627 	-1.33575e-103
0.4634 	-1.33573e-103
0.4641 	-1.33571e-103
0.4648 	-1.33568e-103
0.4655 	-1.0905e-103
0.4662 	-7.47223e-104
0.4669 	-7.22689e-104
0.4676 	-7.22673e-104
0.4683 	-7.22657e-104
0.469 	-7.22641e-104
0.4697 	-7.22625e-104
0.4704 	-6.09585e-104
0.4711 	-4.11753e-104
0.4718 	-3.69352e-104
0.4725 	-3.69343e-104
0.4732 	-3.69333e-104
0.4739 	-3.69323e-104
0.4746 	-3.69313e-104
0.4753 	-3.23599e-104
0.476 	-2.16928e-104
0.4767 	-1.78828e-104
0.4774 	-1.78822e-104
0.4781 	-1.78816e-104
0.4788 	-1.78811e-104
0.4795 	-1.78805e-104
0.4802 	-1.63351e-104
0.4809 	-1.09263e-104
0.4816 	-8.2218e-105
0.4823 	-8.22149e-105
0.483 	-8.22119e-105
0.4837 	-8.22089e-105
0.4844 	-8.22058e-105
0.4851 	-7.85064e-105
0.4858 	-5.26155e-105
0.4865 	-3.59709e-105
0.4872 	-3.59694e-105
0.4879 	-3.59678e-105
0.4886 	-3.59663e-105
0.4893 	-3.59648e-105
0.49 	-3.59647e-105
0.4907 	-2.42268e-105
0.4914 	-1.50044e-105
0.4921 	-1.50037e-105
0.4928 	-1.5003e-105
0.4935 	-1.50022e-105
0.4942 	-1.50015e-105
0.4949 	-1.50008e-105
0.4956 	-1.06698e-105
0.4963 	-5.9777e-106
0.497 	-5.97738e-106
0.4977 	-5.97705e-106
0.4984 	-5.97673e-106
0.4991 	-5.9764e-106
0.4998 	-5.97608e-106
0.5005 	-4.497e-106
0.5012 	-2.4262e-106
0.5019 	-2.27816e-106
0.5026 	-2.27802e-106
0.5033 	-2.27788e-106
0.504 	-2.27774e-106
0.5047 	-2.2776e-106
0.5054 	-1.815e-106
0.5061 	-1.00543e-106
0.5068 	-8.31913e-107
0.5075 	-8.31857e-107
0.5082 	-8.31801e-107
0.5089 	-8.31745e-107
0.5096 	-8.31689e-107
0.5103 	-7.02036e-107
0.511 	-3.99537e-107
0.5117 	-2.91488e-107
0.5124 	-2.91466e-107
0.5131 	-2.91444e-107
0.5138 	-2.91423e-107
0.5145 	-2.91401e-107
0.5152 	-2.60471e-107
0.5159 	-1.52245e-107
0.5166 	-9.81278e-108
0.5173 	-9.81197e-108
0.518 	-9.81117e-108
0.5187 	-9.81037e-108
0.5194 	-9.80957e-108
0.5201 	-9.27866e-108
0.5208 	-5.5652e-108
0.5215 	-3.17787e-108
0.5222 	-3.17759e-108
0.5229 	-3.1773e-108
0.5236 	-3.17702e-108
0.5243 	-3.17674e-108
0.525 	-3.17659e-108
0.5257 	-1.95279e-108
0.5264 	-9.91245e-109
0.5271 	-9.91149e-109
0.5278 	-9.91053e-109
0.5285 	-9.90958e-109
0.5292 	-9.90862e-109
0.5299 	-9.90766e-109
0.5306 	-6.58312e-109
0.5313 	-2.98135e-109
0.532 	-2.98104e-109
0.5327 	-2.98073e-109
0.5334 	-2.98042e-109
0.5341 	-2.9801e-109
0.5348 	-2.97979e-109
0.5355 	-2.13409e-109
0.5362 	-9.50105e-110
0.5369 	-8.65444e-110
0.5376 	-8.65347e-110
0.5383 	-8.65249e-110
0.539 	-8.65152e-110
0.5397 	-8.65054e-110
0.5404 	-6.65922e-110
0.5411 	-3.17468e-110
0.5418 	-2.42776e-110
0.5425 	-2.42747e-110
0.5432 	-2.42718e-110
0.5439 	-2.42688e-110
0.5446 	-2.42659e-110
0.5453 	-2.00224e-110
0.546 	-1.0123e-110
0.5467 	-6.58699e-111
0.5474 	-6.58614e-111
0.5481 	-6.58529e-111
0.5488 	-6.58444e-111
0.5495 	-6.58359e-111
0.5502 	-5.8067e-111
0.5509 	-3.08902e-111
0.5516 	-1.73005e-111
0.5523 	-1.72982e-111
0.553 	-1.72958e-111
0.5537 	-1.72934e-111
0.5544 	-1.7291e-111
0.5551 	-1.62586e-111
0.5558 	-9.04207e-112
0.5565 	-4.40265e-112
0.5572 	-4.40201e-112
0.5579 	-4.40136e-112
0.5586 	-4.40072e-112
0.5593 	-4.40007e-112
0.56 	-4.39961e-112
0.5607 	-2.54425e-112
0.5614 	-1.08647e-112
0.5621 	-1.0863e-112
0.5628 	-1.08613e-112
0.5635 	-1.08597e-112
0.5642 	-1.0858e-112
0.5649 	-1.08563e-112
0.5656 	-6.89428e-113
0.5663 	-2.60196e-113
0.567 	-2.60154e-113
0.5677 	-2.60111e-113
0.5684 	-2.60068e-113
0.5691 	-2.60026e-113
0.5698 	-2.59983e-113
0.5705 	-1.80194e-113
0.5712 	-6.84958e-114
0.5719 	-6.05075e-114
0.5726 	-6.04971e-114
0.5733 	-6.04866e-114
0.574 	-6.04761e-114
0.5747 	-6.04656e-114
0.5754 	-4.54925e-114
0.5761 	-1.92938e-114
0.5768 	-1.36779e-114
0.5775 	-1.36754e-114
0.5782 	-1.36729e-114
0.5789 	-1.36704e-114
0.5796 	-1.36679e-114
0.5803 	-1.11087e-114
0.581 	-5.13944e-115
0.5817 	-3.0072e-115
0.5824 	-3.00663e-115
0.5831 	-3.00605e-115
0.5838 	-3.00548e-115
0.5845 	-3.0049e-115
0.5852 	-2.62682e-115
0.5859 	-1.30461e-115
0.5866 	-6.43447e-116
0.5873 	-6.43318e-116
0.588 	-6.43189e-116
0.5887 	-6.4306e-116
0.5894 	-6.4293e-116
0.5901 	-6.02141e-116
0.5908 	-3.17235e-116
0.5915 	-1.34071e-116
0.5922 	-1.34043e-116
0.5929 	-1.34015e-116
0.5936 	-1.33987e-116
0.5943 	-1.33959e-116
0.595 	-1.33936e-116
0.5957 	-7.41759e-117
0.5964 	-2.72211e-117
0.5971 	-2.72151e-117
0.5978 	-2.72091e-117
0.5985 	-2.72032e-117
0.5992 	-2.71972e-117
0.5999 	-2.71912e-117
0.6006 	-1.67261e-117
0.6013 	-5.3888e-118
0.602 	-5.38756e-118
0.6027 	-5.38632e-118
0.6034 	-5.38509e-118
0.6041 	-5.38385e-118
0.6048 	-5.38262e-118
0.6055 	-3.64576e-118
0.6062 	-1.2144e-118
0.6069 	-1.0405e-118
0.6076 	-1.04025e-118
0.6083 	-1.04e-118
0.609 	-1.03976e-118
0.6097 	-1.03951e-118
0.6104 	-7.69595e-119
0.6111 	-2.9737e-119
0.6118 	-1.9614e-119
0.6125 	-1.96091e-119
0.6132 	-1.96043e-119
0.6139 	-1.95994e-119
0.6146 	-1.95945e-119
0.6153 	-1.57569e-119
0.616 	-6.80753e-120
0.6167 	-3.61071e-120
0.6174 	-3.60977e-120
0.6181 	-3.60884e-120
0.6188 	-3.60791e-120
0.6195 	-3.60698e-120
0.6202 	-3.13333e-120
0.6209 	-1.47747e-120
0.6216 	-6.49448e-121
0.6223 	-6.49273e-121
0.623 	-6.49099e-121
0.6237 	-6.48925e-121
0.6244 	-6.48751e-121
0.6251 	-6.05871e-121
0.6258 	-3.06596e-121
0.6265 	-1.14193e-121
0.6272 	-1.14161e-121
0.6279 	-1.1413e-121
0.6286 	-1.14098e-121
0.6293 	-1.14066e-121
0.63 	-1.14039e-121
0.6307 	-6.11749e-122
0.6314 	-1.9638e-122
0.6321 	-1.96324e-122
0.6328 	-1.96267e-122
0.6335 	-1.9621e-122
0.6342 	-1.96154e-122
0.6349 	-1.96097e-122
0.6356 	-1.17833e-122
0.6363 	-3.30465e-123
0.637 	-3.30366e-123
0.6377 	-3.30268e-123
0.6384 	-3.30169e-123
0.6391 	-3.30071e-123
0.6398 	-3.29972e-123
0.6405 	-2.19748e-123
0.6412 	-6.54557e-124
0.6419 	-5.44193e-124
0.6426 	-5.44025e-124
0.6433 	-5.43858e-124
0.644 	-5.4369e-124
0.6447 	-5.43522e-124
0.6454 	-3.97659e-124
0.6461 	-1.42489e-124
0.6468 	-8.77875e-125
0.6475 	-8.77596e-125
0.6482 	-8.77316e-125
0.6489 	-8.77037e-125
0.6496 	-8.76758e-125
0.6503 	-6.99545e-125
0.651 	-2.86346e-125
0.6517 	-1.38745e-125
0.6524 	-1.387e-125
0.6531 	-1.38654e-125
0.6538 	-1.38608e-125
0.6545 	-1.38563e-125
0.6552 	-1.19809e-125
0.6559 	-5.42671e-126
0.6566 	-2.14924e-126
0.6573 	-2.14851e-126
0.658 	-2.14779e-126
0.6587 	-2.14706e-126
0.6594 	-2.14633e-126
0.6601 	-2.00024e-126
0.6608 	-9.81432e-127
0.6615 	-3.26442e-127
0.6622 	-3.26328e-127
0.6629 	-3.26214e-127
0.6636 	-3.261e-127
0.6643 	-3.25986e-127
0.665 	-3.25887e-127
0.6657 	-1.70627e-127
0.6664 	-4.86342e-128
0.6671 	-4.86168e-128
0.6678 	-4.85993e-128
0.6685 	-4.85818e-128
0.6692 	-4.85643e-128
0.6699 	-4.85469e-128
0.6706 	-2.86567e-128
0.6713 	-7.10951e-129
0.672 	-7.10688e-129
0.6727 	-7.10424e-129
0.6734 	-7.1016e-129
0.6741 	-7.09897e-129
0.6748 	-7.09633e-129
0.6755 	-4.66546e-129
0.6762 	-1.26293e-129
0.6769 	-1.01953e-129
0.6776 	-1.01914e-129
0.6783 	-1.01875e-129
0.679 	-1.01836e-129
0.6797 	-1.01796e-129
0.6804 	-7.38011e-130
0.6811 	-2.48319e-130
0.6818 	-1.4334e-130
0.6825 	-1.43283e-130
0.6832 	-1.43226e-130
0.6839 	-1.43169e-130
0.6846 	-1.43111e-130
0.6853 	-1.1343e-130
0.686 	-4.42384e-131
0.6867 	-1.95217e-131
0.6874 	-1.95135e-131
0.6881 	-1.95053e-131
0.6888 	-1.94971e-131
0.6895 	-1.94889e-131
0.6902 	-1.67529e-131
0.6909 	-7.19473e-132
0.6916 	-2.41507e-132
0.6923 	-2.41392e-132
0.693 	-2.41277e-132
0.6937 	-2.41162e-132
0.6944 	-2.41048e-132
0.6951 	-2.2169e-132
0.6958 	-8.68016e-133
0.6965 	-8.21359e-136
0.6972 	-6.74255e-136
0.6979 	-5.27152e-136
0.6986 	-3.80048e-136
0.6993 	-2.32945e-136
0.7 	-8.58553e-137
