0 	1
0.0007 	1
0.0014 	1
0.0021 	1
0.0028 	1
0.0035 	1
0.0042 	1
0.0049 	1
0.0056 	1
0.0063 	1
0.007 	1
0.0077 	1
0.0084 	1
0.0091 	1
0.0098 	1
0.0105 	1
0.0112 	1
0.0119 	1
0.0133 	1
0.014 	1
0.0147 	1
0.0154 	1
0.0161 	1
0.0168 	1
0.0175 	1
0.0182 	1
0.0189 	1
0.0196 	1
0.0203 	1
0.0217 	1
0.0224 	1
0.0231 	1
0.0238 	1
0.0245 	1
0.0252 	1
0.0259 	1
0.0273 	1
0.028 	1
0.0287 	1
0.0294 	1
0.0301 	1
0.0308 	1
0.0315 	1
0.0322 	1
0.0329 	1
0.0336 	1
0.0343 	1
0.035 	1
0.0357 	1
0.0364 	1
0.0371 	1
0.0378 	1
0.0385 	1
0.0392 	1
0.0399 	1
0.0406 	1
0.0413 	1
0.042 	1
0.0427 	1
0.0434 	1
0.0441 	1
0.0448 	1
0.0455 	1
0.0462 	1
0.0469 	1
0.0476 	1
0.0483 	1
0.049 	1
0.0497 	1
0.0504 	1
0.0511 	1
0.0518 	1
0.0525 	1
0.0532 	1
0.0539 	1
0.0546 	1
0.0553 	1
0.056 	1
0.0567 	1
0.0574 	1
0.0588 	1
0.0595 	1
0.0602 	1
0.0609 	1
0.0616 	1
0.0623 	1
0.063 	1
0.0637 	1
0.0644 	1
0.0651 	1
0.0658 	1
0.0665 	1
0.0672 	1
0.0679 	1
0.0686 	1
0.0693 	1
0.07 	1
0.0707 	1
0.0714 	1
0.0721 	1
0.0728 	1
0.0742 	1
0.0749 	1
0.0756 	1
0.0763 	1
0.077 	1
0.0784 	1
0.0791 	1
0.0798 	1
0.0805 	1
0.0812 	1
0.0819 	1
0.0826 	1
0.0833 	1
0.084 	1
0.0847 	1
0.0854 	1
0.0868 	1
0.0875 	1
0.0882 	1
0.0889 	1
0.0896 	1
0.0903 	1
0.091 	1
0.0917 	1
0.0924 	1
0.0931 	1
0.0938 	1
0.0945 	1
0.0952 	1
0.0959 	1
0.0966 	1
0.0973 	1
0.0987 	1
0.0994 	1
0.1001 	1
0.1008 	1
0.1015 	1
0.1022 	1
0.1029 	1
0.1036 	1
0.1043 	1
0.105 	1
0.1057 	1
0.1064 	1
0.1078 	1
0.1085 	1
0.1092 	1
0.1099 	1
0.1106 	1
0.1113 	1
0.112 	1
0.1127 	1
0.1134 	1
0.1141 	1
0.1148 	1
0.1155 	1
0.1162 	1
0.1169 	1
0.1176 	1
0.1183 	1
0.119 	1
0.1197 	1
0.1204 	1
0.1211 	1
0.1218 	1
0.1225 	1
0.1232 	1
0.1239 	1
0.1246 	1
0.1253 	1
0.1267 	1
0.1274 	1
0.1288 	1
0.1295 	1
0.1302 	1
0.1309 	1
0.1316 	1
0.1323 	1
0.133 	1
0.1337 	1
0.1344 	1
0.1351 	1
0.1358 	1
0.1372 	1
0.1386 	1
0.14 	1
0.1407 	1
0.1414 	1
0.1421 	1
0.1428 	1
0.1435 	1
0.1442 	1
0.1449 	1
0.1456 	1
0.1463 	1
0.147 	1
0.1477 	1
0.1484 	1
0.1491 	1
0.1498 	1
0.1505 	1
0.1512 	1
0.1519 	1
0.1526 	1
0.1533 	1
0.154 	1
0.1547 	1
0.1554 	1
0.1561 	1
0.1568 	1
0.1575 	1
0.1582 	1
0.1596 	1
0.1603 	1
0.161 	1
0.1617 	1
0.1624 	1
0.1631 	1
0.1638 	1
0.1645 	1
0.1652 	1
0.1659 	1
0.1666 	1
0.1673 	1
0.168 	1
0.1687 	1
0.1694 	1
0.1701 	1
0.1708 	1
0.1715 	1
0.1722 	1
0.1729 	1
0.1736 	1
0.1743 	1
0.175 	1
0.1764 	1
0.1771 	1
0.1778 	1
0.1785 	1
0.1792 	1
0.1799 	1
0.1806 	1
0.1813 	1
0.182 	1
0.1827 	1
0.1834 	1
0.1841 	1
0.1848 	1
0.1855 	1
0.1862 	1
0.1869 	1
0.1876 	1
0.1883 	1
0.189 	1
0.1897 	1
0.1904 	1
0.1911 	1
0.1918 	1
0.1925 	1
0.1932 	1
0.1939 	1
0.1946 	1
0.1953 	1
0.196 	1
0.1967 	1
0.1974 	1
0.1981 	1
0.1988 	1
0.1995 	1
0.2002 	1
0.2009 	1
0.2016 	1
0.203 	1
0.2037 	1
0.2044 	1
0.2051 	1
0.2058 	1
0.2065 	1
0.2072 	1
0.2079 	1
0.2086 	1
0.2093 	1
0.21 	1
0.2107 	1
0.2114 	1
0.2121 	1
0.2128 	1
0.2135 	1
0.2142 	1
0.2149 	1
0.2156 	1
0.2163 	1
0.217 	1
0.2177 	1
0.2184 	1
0.2191 	1
0.2198 	1
0.2205 	1
0.2212 	1
0.2219 	1
0.2226 	1
0.2233 	1
0.224 	1
0.2247 	1
0.2254 	1
0.2261 	1
0.2268 	1
0.2275 	1
0.2282 	1
0.2289 	1
0.2296 	1
0.2303 	1
0.231 	1
0.2317 	1
0.2324 	1
0.2331 	1
0.2338 	1
0.2345 	1
0.2352 	1
0.2359 	1
0.2366 	0.999999
0.2373 	0.999999
0.238 	0.999999
0.2387 	0.999999
0.2394 	0.999998
0.2401 	0.999998
0.2415 	0.999991
0.2429 	0.999985
0.2436 	0.999982
0.2443 	0.999979
0.245 	0.999976
0.2457 	0.999939
0.2464 	0.999903
0.2478 	0.99983
0.2485 	0.999793
0.2492 	0.999757
0.2499 	0.99972
0.2506 	0.999275
0.2513 	0.998762
0.252 	0.998249
0.2534 	0.997223
0.2541 	0.99671
0.2548 	0.996196
0.2555 	0.988293
0.2562 	0.977434
0.2569 	0.966577
0.2576 	0.95572
0.2583 	0.944863
0.259 	0.934006
0.2597 	0.92315
0.2604 	0.888909
0.2611 	0.83713
0.2618 	0.785354
0.2625 	0.733577
0.2632 	0.681801
0.2639 	0.630024
0.2646 	0.578248
0.2653 	0.523929
0.266 	0.466219
0.2667 	0.408509
0.2674 	0.350798
0.2681 	0.293086
0.2688 	0.235375
0.2695 	0.177664
0.2702 	0.131391
0.2709 	0.113713
0.2716 	0.0960348
0.2723 	0.0783552
0.273 	0.0606755
0.2737 	0.0429959
0.2744 	0.0253163
0.2751 	0.00996304
0.2758 	0.00856834
0.2765 	0.00717355
0.2772 	0.00577862
0.2779 	0.00438369
0.2786 	0.00298876
0.2793 	0.00159383
0.28 	0.0001989
0.2807 	0.000171166
0.2814 	0.000143431
0.2821 	0.000115692
0.2828 	8.79522e-05
0.2835 	6.02126e-05
0.2842 	3.24729e-05
0.2849 	4.73333e-06
0.2856 	6.78134e-07
0.2863 	5.70344e-07
0.287 	4.62524e-07
0.2877 	3.54704e-07
0.2884 	2.46884e-07
0.2891 	1.39064e-07
0.2898 	3.12443e-08
0.2905 	3.94789e-10
0.2912 	3.33408e-10
0.2919 	2.71999e-10
0.2926 	2.10588e-10
0.2933 	1.49176e-10
0.294 	8.77648e-11
0.2947 	2.63534e-11
0.2954 	3.16126e-14
0.2961 	2.70529e-14
0.2968 	2.24908e-14
0.2975 	1.7928e-14
0.2982 	1.33652e-14
0.2989 	8.80235e-15
0.2996 	4.23954e-15
0.3003 	1.57107e-15
0.301 	1.42839e-15
0.3017 	1.28575e-15
0.3024 	1.14314e-15
0.3031 	1.00053e-15
0.3038 	8.57924e-16
0.3045 	7.15314e-16
0.3052 	5.95317e-16
0.3059 	5.31851e-16
0.3066 	4.68393e-16
0.3073 	4.04944e-16
0.308 	3.41494e-16
0.3087 	2.78045e-16
0.3094 	2.14596e-16
0.3101 	1.57329e-16
0.3108 	1.3716e-16
0.3115 	1.16988e-16
0.3122 	9.6811e-17
0.3129 	7.66343e-17
0.3136 	5.64577e-17
0.3143 	3.62811e-17
0.315 	1.61045e-17
0.3157 	1.3897e-17
0.3164 	1.16888e-17
0.3171 	9.47819e-18
0.3178 	7.26759e-18
0.3185 	5.05699e-18
0.3192 	2.84639e-18
0.3199 	6.35783e-19
0.3206 	2.8175e-19
0.3213 	2.37137e-19
0.322 	1.92401e-19
0.3227 	1.47665e-19
0.3234 	1.02929e-19
0.3241 	5.8193e-20
0.3248 	1.34571e-20
0.3255 	6.08124e-22
0.3262 	5.1393e-22
0.3269 	4.19303e-22
0.3276 	3.24642e-22
0.3283 	2.29982e-22
0.329 	1.35321e-22
0.3297 	4.06609e-23
0.3304 	8.48424e-26
0.3311 	7.20087e-26
0.3318 	5.91011e-26
0.3325 	4.61733e-26
0.3332 	3.32455e-26
0.3339 	2.03178e-26
0.3346 	7.39002e-27
0.3353 	2.56262e-30
0.336 	2.18328e-30
0.3367 	1.80207e-30
0.3374 	1.41983e-30
0.3381 	1.03759e-30
0.3388 	6.55347e-31
0.3395 	2.73106e-31
0.3402 	7.29425e-35
0.3409 	6.23697e-35
0.3416 	5.17557e-35
0.3423 	4.11006e-35
0.3437 	1.97903e-35
0.3444 	9.13514e-36
0.3451 	2.11828e-39
0.3458 	1.81748e-39
0.3465 	1.51585e-39
0.3472 	1.2127e-39
0.3479 	9.09555e-40
0.3486 	6.06409e-40
0.3493 	3.03263e-40
0.35 	1.17494e-43
0.3507 	1.01165e-43
0.3514 	8.48013e-44
0.3521 	6.83159e-44
0.3528 	5.18305e-44
0.3535 	3.53451e-44
0.3542 	1.88597e-44
0.3549 	2.37434e-45
0.3556 	1.69924e-47
0.3563 	1.43137e-47
0.357 	1.16063e-47
0.3577 	8.89896e-48
0.3584 	6.19159e-48
0.3591 	3.48423e-48
0.3598 	7.76861e-49
0.3605 	2.99825e-51
0.3612 	2.53652e-51
0.3619 	2.06967e-51
0.3626 	1.60243e-51
0.3633 	1.13519e-51
0.364 	6.67949e-52
0.3647 	2.00707e-52
0.3654 	4.24285e-55
0.3661 	3.60343e-55
0.3668 	2.95809e-55
0.3675 	2.31112e-55
0.3689 	1.01719e-55
0.3696 	3.70229e-56
0.3703 	5.03642e-59
0.371 	4.2932e-59
0.3717 	3.5445e-59
0.3724 	2.79276e-59
0.3731 	2.04101e-59
0.3738 	1.28926e-59
0.3745 	5.37513e-60
0.3752 	5.28043e-63
0.3759 	4.51705e-63
0.3766 	3.74944e-63
0.3773 	2.9776e-63
0.378 	2.20576e-63
0.3794 	6.6209e-64
0.3801 	5.04964e-67
0.3808 	4.33416e-67
0.3815 	3.61596e-67
0.3822 	2.89286e-67
0.3829 	2.16976e-67
0.3836 	1.44665e-67
0.3843 	7.2355e-68
0.385 	4.47822e-71
0.3857 	3.85612e-71
0.3864 	3.23264e-71
0.3871 	2.60414e-71
0.3878 	1.97564e-71
0.3885 	1.34715e-71
0.3892 	7.18648e-72
0.3899 	9.01494e-73
0.3906 	3.2052e-75
0.3913 	2.69926e-75
0.392 	2.18864e-75
0.3927 	1.67802e-75
0.3934 	1.1674e-75
0.3941 	6.56786e-76
0.3948 	1.46168e-76
0.3955 	2.49765e-79
0.3962 	2.11227e-79
0.3969 	1.72342e-79
0.3976 	1.33431e-79
0.3983 	9.45192e-80
0.399 	5.56077e-80
0.3997 	1.66962e-80
0.4004 	1.82896e-83
0.4011 	1.55279e-83
0.4018 	1.27457e-83
0.4032 	7.17003e-84
0.4039 	4.3822e-84
0.4046 	1.59438e-84
0.4053 	1.26187e-87
0.406 	1.07533e-87
0.4067 	8.8767e-88
0.4074 	6.99395e-88
0.4081 	5.11119e-88
0.4088 	3.22844e-88
0.4095 	1.34568e-88
0.4102 	8.23356e-92
0.4109 	7.04138e-92
0.4116 	5.84377e-92
0.4123 	4.64075e-92
0.413 	3.43773e-92
0.4137 	2.23471e-92
0.4144 	1.03168e-92
0.4151 	5.11123e-96
0.4158 	4.38603e-96
0.4165 	3.65853e-96
0.4172 	2.92689e-96
0.4179 	2.19524e-96
0.4186 	1.4636e-96
0.4193 	7.3195e-97
0.42 	3.05206e-100
0.4207 	2.62754e-100
0.4214 	2.20223e-100
0.4221 	1.77406e-100
0.4228 	1.34588e-100
0.4235 	9.177e-101
0.4242 	4.89522e-101
0.4249 	6.1344e-102
0.4256 	1.54731e-104
0.4263 	1.30272e-104
0.427 	1.05628e-104
0.4277 	8.09841e-105
0.4284 	5.63399e-105
0.4291 	3.16958e-105
0.4298 	7.05157e-106
0.4305 	9.34694e-109
0.4312 	7.90192e-109
0.4319 	6.44705e-109
0.4326 	4.99141e-109
0.4333 	3.53578e-109
0.434 	2.08015e-109
0.4347 	6.24516e-110
0.4354 	6.2002e-113
0.4361 	5.26141e-113
0.4368 	4.31814e-113
0.4375 	3.37366e-113
0.4382 	2.42918e-113
0.4389 	1.4847e-113
0.4396 	5.40216e-114
0.4403 	4.81919e-117
0.441 	4.1041e-117
0.4417 	3.38692e-117
0.4424 	2.66858e-117
0.4431 	1.95024e-117
0.4438 	1.2319e-117
0.4445 	5.13559e-118
0.4452 	4.40518e-121
0.4459 	3.76448e-121
0.4466 	3.12272e-121
0.4473 	2.4799e-121
0.448 	1.83708e-121
0.4487 	1.19426e-121
0.4494 	5.51444e-122
0.4501 	4.46165e-125
0.4508 	3.8256e-125
0.4515 	3.18897e-125
0.4529 	1.91357e-125
0.4536 	1.27587e-125
0.4543 	6.38169e-126
0.455 	4.69075e-129
0.4557 	4.03523e-129
0.4564 	3.37939e-129
0.4571 	2.72238e-129
0.4578 	2.06537e-129
0.4585 	1.40836e-129
0.4592 	7.5135e-130
0.4599 	9.43407e-131
0.4606 	4.24453e-133
0.4613 	3.57046e-133
0.462 	2.89506e-133
0.4627 	2.21966e-133
0.4634 	1.54426e-133
0.4641 	8.68857e-134
0.4648 	1.93457e-134
0.4655 	4.36957e-137
0.4662 	3.6911e-137
0.4669 	3.01133e-137
0.4676 	2.33146e-137
0.4683 	1.65159e-137
0.469 	9.71718e-138
0.4697 	2.91848e-138
0.4704 	4.36922e-141
0.4711 	3.70551e-141
0.4718 	3.04074e-141
0.4725 	2.37568e-141
0.4732 	1.71061e-141
0.4739 	1.04555e-141
0.4746 	3.80487e-142
0.4753 	4.2402e-145
0.476 	3.61116e-145
0.4767 	2.9813e-145
0.4774 	2.35099e-145
0.4781 	1.72067e-145
0.4788 	1.09036e-145
0.4795 	4.6004e-146
0.4802 	9.64384e-148
0.4809 	9.04572e-148
0.4816 	8.44755e-148
0.4823 	7.84932e-148
0.483 	7.25108e-148
0.4837 	6.65285e-148
0.4844 	6.05462e-148
0.4851 	5.49569e-148
0.4858 	5.17259e-148
0.4865 	4.84948e-148
0.4872 	4.52634e-148
0.4879 	4.20321e-148
0.4886 	3.88007e-148
0.4893 	3.55694e-148
0.49 	3.2338e-148
0.4907 	3.03424e-148
0.4914 	2.83466e-148
0.4921 	2.63506e-148
0.4928 	2.43546e-148
0.4935 	2.23586e-148
0.4949 	1.83667e-148
0.4956 	1.70662e-148
0.4963 	1.58817e-148
0.497 	1.4697e-148
0.4977 	1.35122e-148
0.4984 	1.23275e-148
0.4991 	1.11427e-148
0.4998 	9.95794e-149
0.5005 	9.14134e-149
0.5012 	8.47199e-149
0.5019 	7.80248e-149
0.5026 	7.13296e-149
0.5033 	6.46343e-149
0.504 	5.7939e-149
0.5047 	5.12438e-149
0.5054 	4.63365e-149
0.5061 	4.27701e-149
0.5068 	3.92027e-149
0.5075 	3.56352e-149
0.5082 	3.20676e-149
0.5089 	2.85e-149
0.5096 	2.49325e-149
0.5103 	2.21312e-149
0.511 	2.03518e-149
0.5117 	1.85718e-149
0.5124 	1.67917e-149
0.5131 	1.50115e-149
0.5138 	1.32314e-149
0.5145 	1.14512e-149
0.5152 	9.9427e-150
0.5159 	9.11333e-150
0.5166 	8.28377e-150
0.5173 	7.45402e-150
0.518 	6.62427e-150
0.5187 	5.79452e-150
0.5194 	4.96477e-150
0.5201 	4.20196e-150
0.5208 	3.84076e-150
0.5215 	3.4795e-150
0.5222 	3.11811e-150
0.5229 	2.75673e-150
0.5236 	2.39534e-150
0.5243 	2.03395e-150
0.525 	1.67257e-150
0.5257 	1.5253e-150
0.5264 	1.37802e-150
0.5271 	1.23067e-150
0.5278 	1.08331e-150
0.5285 	9.3596e-151
0.5292 	7.88608e-151
0.5299 	6.41255e-151
0.5306 	5.71891e-151
0.5313 	5.15524e-151
0.532 	4.59121e-151
0.5327 	4.02719e-151
0.5334 	3.46316e-151
0.5341 	2.89914e-151
0.5348 	2.33512e-151
0.5355 	2.02886e-151
0.5362 	1.82572e-151
0.5369 	1.62244e-151
0.5376 	1.41914e-151
0.5383 	1.21585e-151
0.539 	1.01256e-151
0.5397 	8.09265e-152
0.5404 	6.82622e-152
0.5411 	6.13466e-152
0.5418 	5.44268e-152
0.5425 	4.75057e-152
0.5432 	4.05847e-152
0.5439 	3.36636e-152
0.5446 	2.67426e-152
0.5453 	2.18318e-152
0.546 	1.96016e-152
0.5467 	1.73701e-152
0.5474 	1.51379e-152
0.5481 	1.29057e-152
0.5488 	1.06736e-152
0.5495 	8.44137e-153
0.5502 	6.65174e-153
0.5509 	5.96849e-153
0.5516 	5.28492e-153
0.5523 	4.60103e-153
0.553 	3.91714e-153
0.5537 	3.23326e-153
0.5544 	2.54937e-153
0.5551 	1.9347e-153
0.5558 	1.73536e-153
0.5565 	1.53594e-153
0.5572 	1.3364e-153
0.5579 	1.13686e-153
0.5586 	9.37319e-154
0.5593 	7.37778e-154
0.56 	5.38236e-154
0.5607 	4.82718e-154
0.5614 	4.27188e-154
0.5628 	3.16037e-154
0.5635 	2.60461e-154
0.5642 	2.04885e-154
0.5649 	1.4931e-154
0.5656 	1.28693e-154
0.5663 	1.13901e-154
0.5677 	8.42872e-155
0.5684 	6.94802e-155
0.5691 	5.46733e-155
0.5698 	3.98664e-155
0.5705 	3.29381e-155
0.5712 	2.91614e-155
0.5719 	2.53805e-155
0.5726 	2.15993e-155
0.5733 	1.78182e-155
0.574 	1.4037e-155
0.5747 	1.02558e-155
0.5754 	8.10614e-156
0.5761 	7.1801e-156
0.5768 	6.25317e-156
0.5775 	5.326e-156
0.5782 	4.39883e-156
0.5789 	3.47166e-156
0.5796 	2.54449e-156
0.5803 	1.92108e-156
0.581 	1.70268e-156
0.5817 	1.48411e-156
0.5824 	1.26543e-156
0.5831 	1.04676e-156
0.5838 	8.28084e-157
0.5845 	6.09409e-157
0.5852 	4.39036e-157
0.5859 	3.89418e-157
0.5866 	3.39766e-157
0.588 	2.40396e-157
0.5887 	1.90711e-157
0.5894 	1.41026e-157
0.5901 	9.68853e-158
0.5908 	8.60092e-158
0.5915 	7.51277e-158
0.5922 	6.42364e-158
0.5929 	5.33451e-158
0.5936 	4.24538e-158
0.5943 	3.15625e-158
0.595 	2.06712e-158
0.5957 	1.8368e-158
0.5964 	1.60641e-158
0.5971 	1.37575e-158
0.5978 	1.1451e-158
0.5985 	9.14441e-159
0.5992 	6.83785e-159
0.5999 	4.53129e-159
0.6006 	3.79736e-159
0.6013 	3.32547e-159
0.602 	2.85292e-159
0.6027 	2.38038e-159
0.6034 	1.90783e-159
0.6041 	1.43528e-159
0.6048 	9.62733e-160
0.6055 	7.60846e-160
0.6062 	6.67223e-160
0.6069 	5.73464e-160
0.6076 	4.79694e-160
0.6083 	3.85925e-160
0.609 	2.92155e-160
0.6097 	1.98385e-160
0.6104 	1.47904e-160
0.6111 	1.2989e-160
0.6118 	1.11853e-160
0.6125 	9.38089e-161
0.6132 	7.57652e-161
0.6146 	3.96778e-161
0.6153 	2.79249e-161
0.6167 	2.11911e-161
0.6174 	1.78203e-161
0.6181 	1.44496e-161
0.6188 	1.10788e-161
0.6195 	7.7081e-162
0.6202 	5.12588e-162
0.6209 	4.51497e-162
0.6216 	3.90352e-162
0.6223 	3.29155e-162
0.623 	2.67958e-162
0.6237 	2.06761e-162
0.6244 	1.45564e-162
0.6251 	9.15674e-163
0.6258 	8.07774e-163
0.6265 	6.99805e-163
0.6272 	5.91712e-163
0.6279 	4.83619e-163
0.6286 	3.75527e-163
0.6293 	2.67434e-163
0.63 	1.59341e-163
0.6307 	1.40781e-163
0.6314 	1.22215e-163
0.6321 	1.03621e-163
0.6328 	8.50278e-164
0.6335 	6.64343e-164
0.6342 	4.78408e-164
0.6349 	2.92473e-164
0.6356 	2.39237e-164
0.6363 	2.08113e-164
0.637 	1.76935e-164
0.6377 	1.45757e-164
0.6384 	1.14578e-164
0.6391 	8.34e-165
0.6398 	5.22217e-165
0.6405 	3.96769e-165
0.6412 	3.45854e-165
0.6419 	2.94847e-165
0.6426 	2.43833e-165
0.6433 	1.92819e-165
0.644 	1.41805e-165
0.6447 	9.07914e-166
0.6454 	6.42792e-166
0.6461 	5.61431e-166
0.6468 	4.79942e-166
0.6475 	3.98419e-166
0.6482 	3.16896e-166
0.6489 	2.35372e-166
0.6496 	1.53849e-166
0.6503 	1.01817e-166
0.651 	8.91069e-167
0.6517 	7.638e-167
0.6524 	6.36438e-167
0.6531 	5.09075e-167
0.6538 	3.81713e-167
0.6552 	1.57827e-167
0.6559 	1.38398e-167
0.6566 	1.18948e-167
0.6573 	9.94779e-168
0.658 	8.00078e-168
0.6587 	6.05377e-168
0.6594 	4.10676e-168
0.6601 	2.39633e-168
0.6608 	2.10544e-168
0.6615 	1.81432e-168
0.6622 	1.5228e-168
0.6629 	1.23128e-168
0.6643 	6.48232e-169
0.665 	3.5671e-169
0.6657 	3.14013e-169
0.6664 	2.71297e-169
0.6678 	1.85714e-169
0.6692 	1.00132e-169
0.6699 	5.73403e-170
0.6706 	4.59564e-170
0.6713 	3.98059e-170
0.672 	3.36424e-170
0.6727 	2.74789e-170
0.6734 	2.13154e-170
0.6741 	1.51519e-170
0.6748 	8.9884e-171
0.6755 	6.60602e-171
0.6762 	5.7361e-171
0.6769 	4.86428e-171
0.6776 	3.99231e-171
0.6783 	3.12034e-171
0.679 	2.24837e-171
0.6797 	1.3764e-171
0.6804 	9.33558e-172
0.6811 	8.1257e-172
0.6818 	6.91351e-172
0.6825 	5.7007e-172
0.6832 	4.48789e-172
0.6839 	3.27508e-172
0.6846 	2.06226e-172
0.6853 	1.29826e-172
0.686 	1.13267e-172
0.6867 	9.6681e-173
0.6874 	8.00804e-173
0.6881 	6.34799e-173
0.6888 	4.68793e-173
0.6895 	3.02788e-173
0.6902 	1.77834e-173
0.6909 	1.55509e-173
0.6916 	1.33155e-173
0.6923 	1.10772e-173
0.693 	8.83898e-174
0.6937 	6.60074e-174
0.6944 	4.36249e-174
0.6951 	2.40653e-174
0.6958 	2.14422e-174
0.6965 	1.88167e-174
0.6972 	1.61867e-174
0.6979 	1.35568e-174
0.6986 	1.09268e-174
0.6993 	8.29681e-175
0.7 	5.66684e-175
