0 	1
0.0007 	1
0.0014 	1
0.0021 	1
0.0028 	1
0.0035 	1
0.0042 	1
0.0049 	1
0.0056 	1
0.0063 	1
0.007 	1
0.0077 	1
0.0084 	1
0.0091 	1
0.0098 	1
0.0105 	1
0.0112 	1
0.0119 	1
0.0126 	1
0.0133 	1
0.014 	1
0.0147 	1
0.0154 	1
0.0161 	1
0.0168 	1
0.0175 	1
0.0182 	1
0.0189 	1
0.0196 	1
0.0203 	1
0.021 	1
0.0217 	1
0.0224 	1
0.0231 	1
0.0238 	1
0.0245 	1
0.0252 	1
0.0259 	1
0.0266 	1
0.0273 	1
0.028 	1
0.0287 	1
0.0294 	1
0.0301 	1
0.0308 	1
0.0315 	1
0.0322 	1
0.0329 	1
0.0336 	1
0.0343 	1
0.035 	1
0.0357 	1
0.0364 	1
0.0371 	1
0.0378 	1
0.0385 	1
0.0392 	1
0.0399 	1
0.0406 	1
0.0413 	1
0.042 	1
0.0427 	1
0.0434 	1
0.0441 	1
0.0448 	1
0.0455 	1
0.0462 	1
0.0469 	1
0.0476 	1
0.0483 	1
0.049 	1
0.0497 	1
0.0504 	1
0.0511 	1
0.0518 	1
0.0525 	1
0.0532 	1
0.0539 	1
0.0546 	1
0.0553 	1
0.056 	1
0.0567 	1
0.0574 	1
0.0581 	1
0.0588 	1
0.0595 	1
0.0602 	1
0.0609 	1
0.0616 	1
0.0623 	1
0.063 	1
0.0637 	1
0.0644 	1
0.0651 	1
0.0658 	1
0.0665 	1
0.0672 	1
0.0679 	1
0.0686 	1
0.0693 	1
0.07 	1
0.0707 	1
0.0714 	1
0.0721 	1
0.0728 	1
0.0735 	1
0.0742 	1
0.0749 	1
0.0756 	1
0.0763 	1
0.077 	1
0.0777 	1
0.0784 	1
0.0791 	1
0.0798 	1
0.0805 	1
0.0812 	1
0.0819 	1
0.0826 	1
0.0833 	1
0.084 	1
0.0847 	1
0.0854 	1
0.0861 	1
0.0868 	1
0.0875 	1
0.0882 	1
0.0889 	1
0.0896 	1
0.0903 	1
0.091 	1
0.0917 	1
0.0924 	1
0.0931 	1
0.0938 	1
0.0945 	1
0.0952 	1
0.0959 	1
0.0966 	1
0.0973 	1
0.098 	1
0.0987 	1
0.0994 	1
0.1001 	1
0.1008 	1
0.1015 	1
0.1022 	1
0.1029 	1
0.1036 	1
0.1043 	1
0.105 	1
0.1057 	1
0.1064 	1
0.1071 	1
0.1078 	1
0.1085 	1
0.1092 	1
0.1099 	1
0.1106 	1
0.1113 	1
0.112 	1
0.1127 	1
0.1134 	1
0.1141 	1
0.1148 	1
0.1155 	1
0.1162 	1
0.1169 	1
0.1176 	1
0.1183 	1
0.119 	1
0.1197 	1
0.1204 	1
0.1211 	1
0.1218 	1
0.1225 	1
0.1232 	1
0.1239 	1
0.1246 	1
0.1253 	1
0.126 	1
0.1267 	1
0.1274 	1
0.1281 	1
0.1288 	1
0.1295 	1
0.1302 	1
0.1309 	1
0.1316 	1
0.1323 	1
0.133 	1
0.1337 	1
0.1344 	1
0.1351 	1
0.1358 	1
0.1365 	1
0.1372 	1
0.1379 	1
0.1386 	1
0.1393 	1
0.14 	1
0.1407 	1
0.1414 	1
0.1421 	1
0.1428 	1
0.1435 	1
0.1442 	1
0.1449 	1
0.1456 	1
0.1463 	1
0.147 	1
0.1477 	1
0.1484 	1
0.1491 	1
0.1498 	1
0.1505 	1
0.1512 	1
0.1519 	1
0.1526 	1
0.1533 	1
0.154 	1
0.1547 	1
0.1554 	1
0.1561 	1
0.1568 	1
0.1575 	1
0.1582 	1
0.1589 	1
0.1596 	1
0.1603 	1
0.161 	1
0.1617 	1
0.1624 	1
0.1631 	1
0.1638 	1
0.1645 	1
0.1652 	1
0.1659 	1
0.1666 	1
0.1673 	1
0.168 	1
0.1687 	1
0.1694 	1
0.1701 	1
0.1708 	1
0.1715 	1
0.1722 	1
0.1729 	1
0.1736 	1
0.1743 	1
0.175 	1
0.1757 	1
0.1764 	1
0.1771 	1
0.1778 	1
0.1785 	1
0.1792 	1
0.1799 	1
0.1806 	1
0.1813 	1
0.182 	1
0.1827 	1
0.1834 	1
0.1841 	1
0.1848 	1
0.1855 	1
0.1862 	1
0.1869 	1
0.1876 	1
0.1883 	1
0.189 	1
0.1897 	1
0.1904 	1
0.1911 	1
0.1918 	1
0.1925 	1
0.1932 	1
0.1939 	1
0.1946 	1
0.1953 	1
0.196 	1
0.1967 	1
0.1974 	1
0.1981 	1
0.1988 	1
0.1995 	1
0.2002 	1
0.2009 	1
0.2016 	1
0.2023 	1
0.203 	1
0.2037 	1
0.2044 	1
0.2051 	1
0.2058 	1
0.2065 	1
0.2072 	1
0.2079 	1
0.2086 	1
0.2093 	1
0.21 	1
0.2107 	1
0.2114 	1
0.2121 	1
0.2128 	1
0.2135 	1
0.2142 	1
0.2149 	1
0.2156 	1
0.2163 	1
0.217 	1
0.2177 	1
0.2184 	1
0.2191 	1
0.2198 	0.999999
0.2205 	0.999972
0.2212 	0.999934
0.2219 	0.999896
0.2226 	0.999859
0.2233 	0.999821
0.224 	0.999783
0.2247 	0.999745
0.2254 	0.998352
0.2261 	0.995942
0.2268 	0.993532
0.2275 	0.991122
0.2282 	0.988711
0.2289 	0.986301
0.2296 	0.983891
0.2303 	0.971018
0.231 	0.944178
0.2317 	0.917338
0.2324 	0.890496
0.2331 	0.863654
0.2338 	0.836813
0.2345 	0.809971
0.2352 	0.7729
0.2359 	0.710279
0.2366 	0.647657
0.2373 	0.585036
0.238 	0.522414
0.2387 	0.459793
0.2394 	0.397172
0.2401 	0.337345
0.2408 	0.294401
0.2415 	0.251456
0.2422 	0.208514
0.2429 	0.165571
0.2436 	0.122628
0.2443 	0.0796852
0.245 	0.0367568
0.2457 	0.0317957
0.2464 	0.026836
0.2471 	0.0218768
0.2478 	0.0169176
0.2485 	0.0119584
0.2492 	0.00699923
0.2499 	0.00204003
0.2506 	0.00118152
0.2513 	0.00100429
0.252 	0.000827073
0.2527 	0.000649853
0.2534 	0.000472632
0.2541 	0.000295412
0.2548 	0.000118192
0.2555 	6.12077e-05
0.2562 	5.2228e-05
0.2569 	4.32486e-05
0.2576 	3.42692e-05
0.2583 	2.52897e-05
0.259 	1.63103e-05
0.2597 	7.33088e-06
0.2604 	3.22044e-06
0.2611 	2.75599e-06
0.2618 	2.29161e-06
0.2625 	1.82724e-06
0.2632 	1.36287e-06
0.2639 	8.98503e-07
0.2646 	4.34135e-07
0.2653 	1.59197e-07
0.266 	1.36431e-07
0.2667 	1.13672e-07
0.2674 	9.09176e-08
0.2681 	6.81633e-08
0.2688 	4.5409e-08
0.2695 	2.26547e-08
0.2702 	6.1583e-09
0.2709 	5.27646e-09
0.2716 	4.3951e-09
0.2723 	3.51421e-09
0.273 	2.63332e-09
0.2737 	1.75243e-09
0.2744 	8.71539e-10
0.2751 	1.14514e-10
0.2758 	9.82069e-11
0.2765 	8.19102e-11
0.2772 	6.56316e-11
0.2779 	4.9353e-11
0.2786 	3.30744e-11
0.2793 	1.67958e-11
0.28 	5.23906e-13
0.2807 	4.50536e-13
0.2814 	3.77221e-13
0.2821 	3.04032e-13
0.2828 	2.30843e-13
0.2835 	1.57654e-13
0.2842 	8.44656e-14
0.2849 	1.12767e-14
0.2856 	7.49451e-16
0.2863 	6.3006e-16
0.287 	5.10918e-16
0.2877 	3.91775e-16
0.2884 	2.72633e-16
0.2891 	1.53491e-16
0.2898 	3.43482e-17
0.2905 	3.21842e-19
0.2912 	2.71709e-19
0.2919 	2.21682e-19
0.2926 	1.71663e-19
0.2933 	1.21643e-19
0.294 	7.16243e-20
0.2947 	2.16052e-20
0.2954 	1.74325e-22
0.2961 	1.47755e-22
0.2968 	1.21227e-22
0.2975 	9.47091e-23
0.2982 	6.81915e-23
0.2989 	4.16739e-23
0.2996 	1.51563e-23
0.3003 	1.37011e-26
0.301 	1.1658e-26
0.3017 	9.61693e-27
0.3024 	7.57701e-27
0.3031 	5.53708e-27
0.3038 	3.49716e-27
0.3045 	1.45724e-27
0.3052 	9.74407e-31
0.3059 	8.32192e-31
0.3066 	6.90051e-31
0.3073 	5.47983e-31
0.308 	4.05916e-31
0.3087 	2.63848e-31
0.3094 	1.21781e-31
0.3101 	6.7608e-35
0.3108 	5.79463e-35
0.3115 	4.82862e-35
0.3122 	3.8629e-35
0.3129 	2.89719e-35
0.3136 	1.93147e-35
0.3143 	9.65758e-36
0.315 	4.55695e-39
0.3157 	3.91887e-39
0.3164 	3.28097e-39
0.3171 	2.64301e-39
0.3178 	2.00505e-39
0.3185 	1.36708e-39
0.3192 	7.2912e-40
0.3199 	9.11568e-41
0.3206 	2.56649e-43
0.3213 	2.15841e-43
0.322 	1.75006e-43
0.3227 	1.34172e-43
0.3234 	9.3337e-44
0.3241 	5.25023e-44
0.3248 	1.16676e-44
0.3255 	1.61863e-47
0.3262 	1.3671e-47
0.3269 	1.11528e-47
0.3276 	8.63446e-48
0.3283 	6.11607e-48
0.329 	3.59768e-48
0.3297 	1.0793e-48
0.3304 	9.78961e-52
0.3311 	8.30201e-52
0.3318 	6.81235e-52
0.3325 	5.32214e-52
0.3332 	3.83193e-52
0.3339 	2.34172e-52
0.3346 	8.51513e-53
0.3353 	5.65678e-56
0.336 	4.81576e-56
0.3367 	3.97355e-56
0.3374 	3.13067e-56
0.3381 	2.28779e-56
0.3388 	1.4449e-56
0.3395 	6.02022e-57
0.3402 	3.11452e-60
0.3409 	2.66125e-60
0.3416 	2.20739e-60
0.3423 	1.75292e-60
0.343 	1.29845e-60
0.3437 	8.43983e-61
0.3444 	3.89516e-61
0.3451 	1.63191e-64
0.3458 	1.39931e-64
0.3465 	1.16647e-64
0.3472 	9.33169e-65
0.3479 	6.99873e-65
0.3486 	4.66576e-65
0.3493 	2.33279e-65
0.35 	8.13961e-69
0.3507 	7.00256e-69
0.3514 	5.86509e-69
0.3521 	4.72463e-69
0.3528 	3.58418e-69
0.3535 	2.44372e-69
0.3542 	1.30327e-69
0.3549 	1.62814e-70
0.3556 	3.33992e-73
0.3563 	2.81005e-73
0.357 	2.27841e-73
0.3577 	1.74677e-73
0.3584 	1.21512e-73
0.3591 	6.83482e-74
0.3598 	1.5184e-74
0.3605 	1.52163e-77
0.3612 	1.28568e-77
0.3619 	1.04889e-77
0.3626 	8.12041e-78
0.3633 	5.75187e-78
0.364 	3.38334e-78
0.3647 	1.0148e-78
0.3654 	6.63883e-82
0.3661 	5.63187e-82
0.3668 	4.62171e-82
0.3675 	3.61068e-82
0.3682 	2.59965e-82
0.3689 	1.58862e-82
0.3696 	5.77596e-83
0.3703 	2.78097e-86
0.371 	2.36816e-86
0.3717 	1.95423e-86
0.3724 	1.53968e-86
0.3731 	1.12514e-86
0.3738 	7.10591e-87
0.3745 	2.96045e-87
0.3752 	1.12157e-90
0.3759 	9.58525e-91
0.3766 	7.95142e-91
0.3773 	6.31426e-91
0.378 	4.67709e-91
0.3787 	3.03993e-91
0.3794 	1.40276e-91
0.3801 	1.72045e-95
0.3808 	1.44202e-95
0.3815 	1.07032e-95
0.3822 	5.30757e-96
0.3829 	-8.80716e-98
0.3836 	-5.48372e-96
0.3843 	-1.08794e-95
0.385 	-1.63006e-95
0.3857 	-1.34687e-95
0.3864 	-1.11141e-95
0.3871 	-1.04066e-95
0.3878 	-9.69912e-96
0.3885 	-8.99163e-96
0.3892 	-8.28413e-96
0.3899 	-7.57663e-96
0.3906 	-6.2489e-96
0.3913 	-4.89303e-96
0.392 	-4.51602e-96
0.3927 	-4.139e-96
0.3934 	-3.76199e-96
0.3941 	-3.38497e-96
0.3948 	-3.00796e-96
0.3955 	-2.47514e-96
0.3962 	-1.87998e-96
0.3969 	-1.68736e-96
0.3976 	-1.52571e-96
0.3983 	-1.36406e-96
0.399 	-1.20241e-96
0.3997 	-1.04076e-96
0.4004 	-8.51963e-97
0.4011 	-6.42798e-97
0.4018 	-5.52206e-97
0.4025 	-4.93954e-97
0.4032 	-4.35701e-97
0.4039 	-3.77449e-97
0.4046 	-3.19196e-97
0.4053 	-2.58595e-97
0.406 	-1.94851e-97
0.4067 	-1.60431e-97
0.4074 	-1.42301e-97
0.4081 	-1.24171e-97
0.4088 	-1.06041e-97
0.4095 	-8.79105e-98
0.4102 	-7.00602e-98
0.4109 	-5.29031e-98
0.4116 	-4.184e-98
0.4123 	-3.6871e-98
0.413 	-3.1902e-98
0.4137 	-2.6933e-98
0.4144 	-2.1964e-98
0.4151 	-1.71146e-98
0.4158 	-1.29793e-98
0.4165 	-9.88621e-99
0.4172 	-8.66931e-99
0.4179 	-7.45242e-99
0.4186 	-6.23552e-99
0.4193 	-5.01862e-99
0.42 	-3.80667e-99
0.4207 	-2.89959e-99
0.4214 	-2.13293e-99
0.4221 	-1.86361e-99
0.4228 	-1.59428e-99
0.4235 	-1.32496e-99
0.4242 	-1.05563e-99
0.4249 	-7.86311e-100
0.4256 	-5.9378e-100
0.4263 	-4.22962e-100
0.427 	-3.68602e-100
0.4277 	-3.14243e-100
0.4284 	-2.59884e-100
0.4291 	-2.05524e-100
0.4298 	-1.51165e-100
0.4305 	-1.1211e-100
0.4312 	-7.91641e-101
0.4319 	-6.74501e-101
0.4326 	-5.73694e-101
0.4333 	-4.72887e-101
0.434 	-3.7208e-101
0.4347 	-2.71273e-101
0.4354 	-1.96161e-101
0.4361 	-1.40291e-101
0.4368 	-1.14739e-101
0.4375 	-9.74547e-102
0.4382 	-8.01707e-102
0.4389 	-6.28866e-102
0.4396 	-4.56026e-102
0.4403 	-3.19521e-102
0.441 	-2.31392e-102
0.4417 	-1.82209e-102
0.4424 	-1.54664e-102
0.4431 	-1.27118e-102
0.4438 	-9.95729e-103
0.4445 	-7.20276e-103
0.4452 	-4.86463e-103
0.4459 	-3.56574e-103
0.4466 	-2.71133e-103
0.4473 	-2.30141e-103
0.448 	-1.8915e-103
0.4487 	-1.48158e-103
0.4494 	-1.07167e-103
0.4501 	-6.94741e-104
0.4508 	-5.15171e-104
0.4515 	-3.79309e-104
0.4522 	-3.2212e-104
0.4529 	-2.6493e-104
0.4536 	-2.0774e-104
0.4543 	-1.50551e-104
0.455 	-9.34767e-105
0.4557 	-7.00066e-105
0.4564 	-5.00386e-105
0.4571 	-4.25319e-105
0.4578 	-3.50252e-105
0.4585 	-2.75185e-105
0.4592 	-2.00118e-105
0.4599 	-1.25051e-105
0.4606 	-8.97374e-106
0.4613 	-6.24165e-106
0.462 	-5.31172e-106
0.4627 	-4.38179e-106
0.4634 	-3.45186e-106
0.4641 	-2.52193e-106
0.4648 	-1.592e-106
0.4655 	-1.088e-106
0.4662 	-7.54079e-107
0.4669 	-6.28982e-107
0.4676 	-5.19948e-107
0.4683 	-4.10914e-107
0.469 	-3.0188e-107
0.4697 	-1.92846e-107
0.4704 	-1.25075e-107
0.4711 	-8.82069e-108
0.4718 	-7.07751e-108
0.4725 	-5.86441e-108
0.4732 	-4.65131e-108
0.4739 	-3.43821e-108
0.4746 	-2.2251e-108
0.4753 	-1.36624e-108
0.476 	-9.79036e-109
0.4767 	-7.58236e-109
0.4774 	-6.29882e-109
0.4781 	-5.01527e-109
0.4788 	-3.73173e-109
0.4795 	-2.44818e-109
0.4802 	-1.42092e-109
0.4809 	-1.03332e-109
0.4816 	-7.74816e-110
0.4823 	-6.45401e-110
0.483 	-5.15986e-110
0.4837 	-3.86572e-110
0.4844 	-2.57157e-110
0.4851 	-1.40969e-110
0.4858 	-1.03918e-110
0.4865 	-7.56501e-111
0.4872 	-6.31923e-111
0.4879 	-5.07344e-111
0.4886 	-3.82766e-111
0.4893 	-2.58188e-111
0.49 	-1.33779e-111
0.4907 	-9.97615e-112
0.4914 	-7.06848e-112
0.4921 	-5.92154e-112
0.4928 	-4.7746e-112
0.4935 	-3.62766e-112
0.4942 	-2.48072e-112
0.4949 	-1.33378e-112
0.4956 	-9.15815e-113
0.4963 	-6.32989e-113
0.497 	-5.31836e-113
0.4977 	-4.30682e-113
0.4984 	-3.29528e-113
0.4991 	-2.28375e-113
0.4998 	-1.27221e-113
0.5005 	-8.05248e-114
0.5012 	-5.55753e-114
0.5019 	-4.58455e-114
0.5026 	-3.72864e-114
0.5033 	-2.87273e-114
0.504 	-2.01682e-114
0.5047 	-1.16091e-114
0.5054 	-6.7916e-115
0.5061 	-4.77645e-115
0.5068 	-3.79793e-115
0.5075 	-3.10214e-115
0.5082 	-2.40635e-115
0.5089 	-1.71056e-115
0.5096 	-1.01476e-115
0.5103 	-5.50238e-116
0.511 	-3.93644e-116
0.5117 	-3.02737e-116
0.5124 	-2.48323e-116
0.5131 	-1.9391e-116
0.5138 	-1.39496e-116
0.5145 	-8.50821e-117
0.5152 	-4.28803e-117
0.5159 	-3.11581e-117
0.5166 	-2.32475e-117
0.5173 	-1.91486e-117
0.518 	-1.50497e-117
0.5187 	-1.09508e-117
0.5194 	-6.85189e-118
0.5201 	-3.21871e-118
0.5208 	-2.37234e-118
0.5215 	-1.72188e-118
0.5222 	-1.42409e-118
0.5229 	-1.12629e-118
0.5236 	-8.285e-119
0.5243 	-5.30705e-119
0.525 	-2.33223e-119
0.5257 	-1.73981e-119
0.5264 	-1.23141e-119
0.5271 	-1.02251e-119
0.5278 	-8.13605e-120
0.5285 	-6.04704e-120
0.5292 	-3.95804e-120
0.5299 	-1.86903e-120
0.5306 	-1.23036e-120
0.5313 	-8.51043e-121
0.532 	-7.09422e-121
0.5327 	-5.67802e-121
0.5334 	-4.26182e-121
0.5341 	-2.84562e-121
0.5348 	-1.42941e-121
0.5355 	-8.40035e-122
0.5362 	-5.80845e-122
0.5369 	-4.76085e-122
0.5376 	-3.83204e-122
0.5383 	-2.90323e-122
0.539 	-1.97442e-122
0.5397 	-1.04561e-122
0.5404 	-5.5431e-123
0.5411 	-3.90703e-123
0.5418 	-3.093e-123
0.5425 	-2.50316e-123
0.5432 	-1.91332e-123
0.5439 	-1.32349e-123
0.5446 	-7.33647e-124
0.5453 	-3.53865e-124
0.546 	-2.53779e-124
0.5467 	-1.94697e-124
0.5474 	-1.58396e-124
0.5481 	-1.22095e-124
0.5488 	-8.57937e-125
0.5495 	-4.94925e-125
0.5502 	-2.18764e-125
0.5509 	-1.59375e-125
0.5516 	-1.18846e-125
0.5523 	-9.7176e-126
0.553 	-7.5506e-126
0.5537 	-5.3836e-126
0.5544 	-3.2166e-126
0.5551 	-1.31091e-126
0.5558 	-9.68818e-127
0.5565 	-7.04052e-127
0.5572 	-5.78477e-127
0.5579 	-4.52901e-127
0.5586 	-3.27326e-127
0.5593 	-2.0175e-127
0.56 	-7.62852e-128
0.5607 	-5.70663e-128
0.5614 	-4.05096e-128
0.5621 	-3.34399e-128
0.5628 	-2.63702e-128
0.5635 	-1.93005e-128
0.5642 	-1.22308e-128
0.5649 	-5.16109e-129
0.5656 	-3.26034e-129
0.5663 	-2.26552e-129
0.567 	-1.87855e-129
0.5677 	-1.49158e-129
0.5684 	-1.10461e-129
0.5691 	-7.17646e-130
0.5698 	-3.30678e-130
0.5705 	-1.80842e-130
0.5712 	-1.25705e-130
0.5719 	-1.0263e-130
0.5726 	-8.20218e-131
0.5733 	-6.14135e-131
0.574 	-4.08051e-131
0.5747 	-2.01968e-131
0.5754 	-9.74675e-132
0.5761 	-6.90508e-132
0.5768 	-5.45657e-132
0.5775 	-4.38801e-132
0.5782 	-3.31944e-132
0.5789 	-2.25088e-132
0.5796 	-1.18232e-132
0.5803 	-5.10867e-133
0.581 	-3.68183e-133
0.5817 	-2.82523e-133
0.5824 	-2.28542e-133
0.5831 	-1.74562e-133
0.5838 	-1.20581e-133
0.5845 	-6.65999e-134
0.5852 	-2.60621e-134
0.5859 	-1.90774e-134
0.5866 	-1.42558e-134
0.5873 	-1.15971e-134
0.588 	-8.93846e-135
0.5887 	-6.27979e-135
0.5894 	-3.62112e-135
0.5901 	-1.29537e-135
0.5908 	-9.61731e-136
0.5915 	-7.01615e-136
0.5922 	-5.73835e-136
0.5929 	-4.46055e-136
0.5936 	-3.18276e-136
0.5943 	-1.90496e-136
0.595 	-6.28148e-137
0.5957 	-4.71977e-137
0.5964 	-3.3691e-137
0.5971 	-2.76965e-137
0.5978 	-2.1702e-137
0.5985 	-1.57075e-137
0.5992 	-9.71297e-138
0.5999 	-3.71845e-138
0.6006 	-2.25672e-138
0.6013 	-1.5794e-138
0.602 	-1.30474e-138
0.6027 	-1.03009e-138
0.6034 	-7.55428e-139
0.6041 	-4.80771e-139
0.6048 	-2.06114e-139
0.6055 	-1.0521e-139
0.6062 	-7.36954e-140
0.6069 	-6.00254e-140
0.6076 	-4.77281e-140
0.6083 	-3.54307e-140
0.609 	-2.31334e-140
0.6097 	-1.0836e-140
0.6104 	-4.78593e-141
0.6111 	-3.41507e-141
0.6118 	-2.69834e-141
0.6125 	-2.16001e-141
0.6132 	-1.62168e-141
0.6139 	-1.08336e-141
0.6146 	-5.45027e-142
0.6153 	-2.1257e-142
0.616 	-1.5424e-142
0.6167 	-1.18588e-142
0.6174 	-9.55355e-143
0.6181 	-7.24829e-143
0.6188 	-4.94303e-143
0.6195 	-2.63777e-143
0.6202 	-9.22437e-144
0.6209 	-6.79544e-144
0.6216 	-5.0979e-144
0.6223 	-4.13175e-144
0.623 	-3.16561e-144
0.6237 	-2.19946e-144
0.6244 	-1.23331e-144
0.6251 	-3.91323e-145
0.6258 	-2.92292e-145
0.6265 	-2.14469e-145
0.6272 	-1.74821e-145
0.6279 	-1.35172e-145
0.6286 	-9.55239e-146
0.6293 	-5.58754e-146
0.63 	-1.62547e-146
0.6307 	-1.22835e-146
0.6314 	-8.83433e-147
0.6321 	-7.24039e-147
0.6328 	-5.64645e-147
0.6335 	-4.05251e-147
0.6342 	-2.45857e-147
0.6349 	-8.64635e-148
0.6356 	-5.04708e-148
0.6363 	-3.56474e-148
0.637 	-2.93671e-148
0.6377 	-2.30868e-148
0.6384 	-1.68064e-148
0.6391 	-1.05261e-148
0.6398 	-4.2458e-149
0.6405 	-2.02893e-149
0.6412 	-1.43484e-149
0.6419 	-1.1671e-149
0.6426 	-9.24461e-150
0.6433 	-6.81822e-150
0.644 	-4.39182e-150
0.6447 	-1.96543e-150
0.6454 	-7.98476e-151
0.6461 	-5.74847e-151
0.6468 	-4.54674e-151
0.6475 	-3.62716e-151
0.6482 	-2.70758e-151
0.6489 	-1.788e-151
0.6496 	-8.68419e-152
0.6503 	-3.07814e-152
0.651 	-2.25207e-152
0.6517 	-1.73717e-152
0.6524 	-1.39514e-152
0.6531 	-1.05312e-152
0.6538 	-7.11092e-153
0.6545 	-3.69066e-153
0.6552 	-1.16304e-153
0.6559 	-8.6347e-154
0.6566 	-6.51234e-154
0.6573 	-5.26335e-154
0.658 	-4.01436e-154
0.6587 	-2.76537e-154
0.6594 	-1.51638e-154
0.6601 	-4.30945e-155
0.6608 	-3.24245e-155
0.6615 	-2.39652e-155
0.6622 	-1.94852e-155
0.6629 	-1.50053e-155
0.6636 	-1.05253e-155
0.6643 	-6.04534e-156
0.665 	-1.5683e-156
0.6657 	-1.19331e-156
0.6664 	-8.66082e-157
0.6671 	-7.08183e-157
0.6678 	-5.50284e-157
0.6685 	-3.92385e-157
0.6692 	-2.34486e-157
0.6699 	-7.65875e-158
0.6706 	-4.3068e-158
0.6713 	-3.07501e-158
0.672 	-2.52795e-158
0.6727 	-1.98088e-158
0.6734 	-1.43382e-158
0.6741 	-8.86753e-159
0.6748 	-3.39688e-159
0.6755 	-1.52517e-159
0.6762 	-1.09073e-159
0.6769 	-8.86632e-160
0.6776 	-7.0025e-160
0.6783 	-5.13867e-160
0.679 	-3.27485e-160
0.6797 	-1.41102e-160
0.6804 	-5.30215e-161
0.6811 	-3.85695e-161
0.6818 	-3.05649e-161
0.6825 	-2.43188e-161
0.6832 	-1.80726e-161
0.6839 	-1.18264e-161
0.6846 	-5.58027e-162
0.6853 	-1.8102e-162
0.686 	-1.33722e-162
0.6867 	-1.0359e-162
0.6874 	-8.29947e-163
0.6881 	-6.23992e-163
0.6888 	-4.18037e-163
0.6895 	-2.12083e-163
0.6902 	-6.06832e-164
0.6909 	-4.5454e-164
0.6916 	-3.44985e-164
0.6923 	-2.78169e-164
0.693 	-2.11352e-164
0.6937 	-1.44536e-164
0.6944 	-7.77189e-165
0.6951 	-1.9764e-165
0.6958 	-1.48369e-165
0.6965 	-1.09159e-165
0.6972 	-8.80555e-166
0.6979 	-6.69522e-166
0.6986 	-4.58489e-166
0.6993 	-2.47456e-166
0.7 	-3.65491e-167
