0 	1
0.0007 	1
0.0014 	1
0.0021 	1
0.0028 	1
0.0035 	1
0.0042 	1
0.0049 	1
0.0056 	1
0.0063 	1
0.007 	1
0.0077 	1
0.0084 	1
0.0091 	1
0.0098 	1
0.0105 	1
0.0112 	1
0.0119 	1
0.0126 	1
0.0133 	1
0.014 	1
0.0147 	1
0.0154 	1
0.0161 	1
0.0168 	1
0.0175 	1
0.0182 	1
0.0189 	1
0.0196 	1
0.0203 	1
0.021 	1
0.0217 	1
0.0224 	1
0.0231 	1
0.0238 	1
0.0245 	1
0.0252 	1
0.0259 	1
0.0266 	1
0.0273 	1
0.028 	1
0.0287 	1
0.0294 	1
0.0301 	1
0.0308 	1
0.0315 	1
0.0322 	1
0.0329 	1
0.0336 	1
0.0343 	1
0.035 	1
0.0357 	1
0.0364 	1
0.0371 	1
0.0378 	1
0.0385 	1
0.0392 	1
0.0399 	1
0.0406 	1
0.0413 	1
0.042 	1
0.0427 	1
0.0434 	1
0.0441 	1
0.0448 	1
0.0455 	1
0.0462 	1
0.0469 	1
0.0476 	1
0.0483 	1
0.049 	1
0.0497 	1
0.0504 	1
0.0511 	1
0.0518 	1
0.0525 	1
0.0532 	1
0.0539 	1
0.0546 	1
0.0553 	1
0.056 	1
0.0567 	1
0.0574 	1
0.0581 	1
0.0588 	1
0.0595 	1
0.0602 	1
0.0609 	1
0.0616 	1
0.0623 	1
0.063 	1
0.0637 	1
0.0644 	1
0.0651 	1
0.0658 	1
0.0665 	1
0.0672 	1
0.0679 	1
0.0686 	1
0.0693 	1
0.07 	1
0.0707 	1
0.0714 	1
0.0721 	1
0.0728 	1
0.0735 	1
0.0742 	1
0.0749 	1
0.0756 	1
0.0763 	1
0.077 	1
0.0777 	1
0.0784 	1
0.0791 	1
0.0798 	1
0.0805 	1
0.0812 	1
0.0819 	1
0.0826 	1
0.0833 	1
0.084 	1
0.0847 	1
0.0854 	1
0.0861 	1
0.0868 	1
0.0875 	1
0.0882 	1
0.0889 	1
0.0896 	1
0.0903 	1
0.091 	1
0.0917 	1
0.0924 	1
0.0931 	1
0.0938 	1
0.0945 	1
0.0952 	1
0.0959 	1
0.0966 	1
0.0973 	1
0.098 	1
0.0987 	1
0.0994 	1
0.1001 	1
0.1008 	1
0.1015 	1
0.1022 	1
0.1029 	1
0.1036 	1
0.1043 	1
0.105 	1
0.1057 	1
0.1064 	1
0.1071 	1
0.1078 	1
0.1085 	1
0.1092 	1
0.1099 	1
0.1106 	1
0.1113 	1
0.112 	1
0.1127 	1
0.1134 	1
0.1141 	1
0.1148 	1
0.1155 	1
0.1162 	1
0.1169 	1
0.1176 	1
0.1183 	1
0.119 	1
0.1197 	1
0.1204 	1
0.1211 	1
0.1218 	1
0.1225 	1
0.1232 	1
0.1239 	1
0.1246 	1
0.1253 	1
0.126 	1
0.1267 	1
0.1274 	1
0.1281 	1
0.1288 	1
0.1295 	1
0.1302 	1
0.1309 	1
0.1316 	1
0.1323 	1
0.133 	1
0.1337 	1
0.1344 	1
0.1351 	1
0.1358 	1
0.1365 	1
0.1372 	1
0.1379 	1
0.1386 	1
0.1393 	1
0.14 	1
0.1407 	1
0.1414 	1
0.1421 	1
0.1428 	1
0.1435 	1
0.1442 	1
0.1449 	1
0.1456 	1
0.1463 	1
0.147 	1
0.1477 	1
0.1484 	1
0.1491 	1
0.1498 	1
0.1505 	1
0.1512 	1
0.1519 	1
0.1526 	1
0.1533 	1
0.154 	1
0.1547 	1
0.1554 	1
0.1561 	1
0.1568 	1
0.1575 	1
0.1582 	1
0.1589 	1
0.1596 	1
0.1603 	1
0.161 	1
0.1617 	1
0.1624 	1
0.1631 	1
0.1638 	1
0.1645 	1
0.1652 	1
0.1659 	1
0.1666 	1
0.1673 	1
0.168 	1
0.1687 	1
0.1694 	1
0.1701 	1
0.1708 	1
0.1715 	1
0.1722 	1
0.1729 	1
0.1736 	1
0.1743 	1
0.175 	1
0.1757 	1
0.1764 	1
0.1771 	1
0.1778 	1
0.1785 	1
0.1792 	1
0.1799 	1
0.1806 	1
0.1813 	1
0.182 	1
0.1827 	1
0.1834 	1
0.1841 	1
0.1848 	1
0.1855 	1
0.1862 	1
0.1869 	1
0.1876 	1
0.1883 	1
0.189 	1
0.1897 	1
0.1904 	1
0.1911 	1
0.1918 	1
0.1925 	1
0.1932 	1
0.1939 	1
0.1946 	1
0.1953 	1
0.196 	1
0.1967 	1
0.1974 	1
0.1981 	1
0.1988 	1
0.1995 	1
0.2002 	1
0.2009 	1
0.2016 	1
0.2023 	1
0.203 	1
0.2037 	1
0.2044 	1
0.2051 	1
0.2058 	1
0.2065 	1
0.2072 	1
0.2079 	1
0.2086 	1
0.2093 	1
0.21 	1
0.2107 	1
0.2114 	1
0.2121 	1
0.2128 	1
0.2135 	1
0.2142 	1
0.2149 	1
0.2156 	1
0.2163 	1
0.217 	1
0.2177 	1
0.2184 	1
0.2191 	1
0.2198 	1
0.2205 	1
0.2212 	1
0.2219 	1
0.2226 	1
0.2233 	1
0.224 	1
0.2247 	1
0.2254 	1
0.2261 	1
0.2268 	1
0.2275 	1
0.2282 	1
0.2289 	1
0.2296 	1
0.2303 	1
0.231 	1
0.2317 	1
0.2324 	1
0.2331 	1
0.2338 	1
0.2345 	1
0.2352 	0.999996
0.2359 	0.999984
0.2366 	0.999971
0.2373 	0.999959
0.238 	0.999946
0.2387 	0.999933
0.2394 	0.999921
0.2401 	0.999749
0.2408 	0.998621
0.2415 	0.997492
0.2422 	0.996364
0.2429 	0.995236
0.2436 	0.994108
0.2443 	0.99298
0.245 	0.991852
0.2457 	0.974108
0.2464 	0.956365
0.2471 	0.938623
0.2478 	0.920882
0.2485 	0.903141
0.2492 	0.8854
0.2499 	0.867658
0.2506 	0.814609
0.2513 	0.755675
0.252 	0.696743
0.2527 	0.637811
0.2534 	0.578879
0.2541 	0.519947
0.2548 	0.461015
0.2555 	0.40713
0.2562 	0.35527
0.2569 	0.303407
0.2576 	0.251544
0.2583 	0.199681
0.259 	0.147818
0.2597 	0.0959552
0.2604 	0.0680649
0.2611 	0.0581499
0.2618 	0.0482328
0.2625 	0.0383153
0.2632 	0.0283977
0.2639 	0.0184801
0.2646 	0.00856253
0.2653 	0.00273217
0.266 	0.00234968
0.2667 	0.00196712
0.2674 	0.00158452
0.2681 	0.00120193
0.2688 	0.000819325
0.2695 	0.000436726
0.2702 	0.000157101
0.2709 	0.000134818
0.2716 	0.000112531
0.2723 	9.02399e-05
0.273 	6.7949e-05
0.2737 	4.56582e-05
0.2744 	2.33673e-05
0.2751 	4.17771e-06
0.2758 	3.58333e-06
0.2765 	2.98885e-06
0.2772 	2.39421e-06
0.2779 	1.79956e-06
0.2786 	1.20492e-06
0.2793 	6.10278e-07
0.28 	1.56853e-08
0.2807 	1.34912e-08
0.2814 	1.12969e-08
0.2821 	9.10168e-09
0.2828 	6.90645e-09
0.2835 	4.71121e-09
0.2842 	2.51597e-09
0.2849 	3.20733e-10
0.2856 	6.43938e-12
0.2863 	5.41577e-12
0.287 	4.39125e-12
0.2877 	3.36672e-12
0.2884 	2.3422e-12
0.2891 	1.31767e-12
0.2898 	2.93149e-13
0.2905 	4.65637e-16
0.2912 	3.93298e-16
0.2919 	3.20883e-16
0.2926 	2.48463e-16
0.2933 	1.76042e-16
0.294 	1.03622e-16
0.2947 	3.12011e-17
0.2954 	1.56551e-19
0.2961 	1.32765e-19
0.2968 	1.08945e-19
0.2975 	8.51151e-20
0.2982 	6.12856e-20
0.2989 	3.74561e-20
0.2996 	1.36266e-20
0.3003 	1.12142e-23
0.301 	9.54741e-24
0.3017 	7.87796e-24
0.3024 	6.20701e-24
0.3031 	4.53606e-24
0.3038 	2.86511e-24
0.3045 	1.19416e-24
0.3052 	7.39457e-28
0.3059 	6.31892e-28
0.3066 	5.24157e-28
0.3073 	4.1625e-28
0.308 	3.08343e-28
0.3087 	2.00437e-28
0.3094 	9.25298e-29
0.3101 	4.73122e-32
0.3108 	4.05734e-32
0.3115 	3.38254e-32
0.3122 	2.70607e-32
0.3129 	2.02961e-32
0.3136 	1.35315e-32
0.3143 	6.76691e-33
0.315 	2.92945e-36
0.3157 	2.52068e-36
0.3164 	2.11154e-36
0.3171 	1.70099e-36
0.3178 	1.29044e-36
0.3185 	8.79887e-37
0.3192 	4.69335e-37
0.3199 	5.87833e-38
0.3206 	1.51082e-40
0.3213 	1.27141e-40
0.322 	1.03088e-40
0.3227 	7.90361e-41
0.3234 	5.49839e-41
0.3241 	3.09317e-41
0.3248 	6.87944e-42
0.3255 	8.69679e-45
0.3262 	7.35016e-45
0.3269 	5.99669e-45
0.3276 	4.64268e-45
0.3283 	3.28868e-45
0.329 	1.93468e-45
0.3297 	5.80677e-46
0.3304 	4.78431e-49
0.3311 	4.05979e-49
0.3318 	3.3319e-49
0.3325 	2.60309e-49
0.3332 	1.87428e-49
0.3339 	1.14547e-49
0.3346 	4.16659e-50
0.3353 	2.50447e-53
0.336 	2.13336e-53
0.3367 	1.76073e-53
0.3374 	1.38726e-53
0.3381 	1.01379e-53
0.3388 	6.40324e-54
0.3395 	2.66856e-54
0.3402 	1.24396e-57
0.3409 	1.0635e-57
0.3416 	8.8244e-58
0.3423 	7.0077e-58
0.343 	5.191e-58
0.3437 	3.37429e-58
0.3444 	1.55759e-58
0.3451 	5.85684e-62
0.3458 	5.02464e-62
0.3465 	4.19036e-62
0.3472 	3.35233e-62
0.3479 	2.51429e-62
0.3486 	1.67625e-62
0.3493 	8.38215e-63
0.35 	2.61549e-66
0.3507 	2.2513e-66
0.3514 	1.88657e-66
0.3521 	1.51975e-66
0.3528 	1.15293e-66
0.3535 	7.86112e-67
0.3542 	4.19293e-67
0.3549 	5.24745e-68
0.3556 	9.58606e-71
0.3563 	8.06992e-71
0.357 	6.54323e-71
0.3577 	5.01654e-71
0.3584 	3.48985e-71
0.3591 	1.96316e-71
0.3598 	4.36473e-72
0.3605 	3.88878e-75
0.3612 	3.28772e-75
0.3619 	2.68237e-75
0.3626 	2.0767e-75
0.3633 	1.47103e-75
0.364 	8.65351e-76
0.3647 	2.59676e-76
0.3654 	1.50729e-79
0.3661 	1.27937e-79
0.3668 	1.05006e-79
0.3675 	8.20368e-80
0.3682 	5.90675e-80
0.3689 	3.60982e-80
0.3696 	1.31289e-80
0.3703 	5.59623e-84
0.371 	4.76798e-84
0.3717 	3.93553e-84
0.3724 	3.10075e-84
0.3731 	2.26596e-84
0.3738 	1.43118e-84
0.3745 	5.96395e-85
0.3752 	1.99506e-88
0.3759 	1.70592e-88
0.3766 	1.41562e-88
0.3773 	1.12418e-88
0.378 	8.32735e-89
0.3787 	5.41291e-89
0.3794 	2.49848e-89
0.3801 	6.84391e-93
0.3808 	5.87216e-93
0.3815 	4.89764e-93
0.3822 	3.91814e-93
0.3829 	2.93863e-93
0.3836 	1.95913e-93
0.3843 	9.79626e-94
0.385 	2.26098e-97
0.3857 	1.94631e-97
0.3864 	1.63113e-97
0.3871 	1.31397e-97
0.3878 	9.96817e-98
0.3885 	6.79659e-98
0.3892 	3.62502e-98
0.3899 	4.53447e-99
0.3906 	6.21645e-102
0.3913 	5.23364e-102
0.392 	4.24351e-102
0.3927 	3.25338e-102
0.3934 	2.26325e-102
0.3941 	1.27313e-102
0.3948 	2.82999e-103
0.3955 	1.91446e-106
0.3962 	1.61863e-106
0.3969 	1.32061e-106
0.3976 	1.02241e-106
0.3983 	7.24217e-107
0.399 	4.26022e-107
0.3997 	1.27827e-107
0.4004 	5.68745e-111
0.4011 	4.82758e-111
0.4018 	3.96231e-111
0.4025 	3.09557e-111
0.4032 	2.22883e-111
0.4039 	1.3621e-111
0.4046 	4.95357e-112
0.4053 	1.63004e-115
0.406 	1.38881e-115
0.4067 	1.14634e-115
0.4074 	9.03181e-116
0.4081 	6.60023e-116
0.4088 	4.16864e-116
0.4095 	1.73705e-116
0.4102 	4.50716e-120
0.4109 	3.85396e-120
0.4116 	3.19814e-120
0.4123 	2.53971e-120
0.413 	1.88128e-120
0.4137 	1.22285e-120
0.4144 	5.64418e-121
0.4151 	1.20245e-124
0.4158 	1.03172e-124
0.4165 	8.60497e-125
0.4172 	6.884e-125
0.4179 	5.16303e-125
0.4186 	3.44206e-125
0.4193 	1.72109e-125
0.42 	3.09692e-129
0.4207 	2.6659e-129
0.4214 	2.23419e-129
0.4221 	1.79977e-129
0.4228 	1.36535e-129
0.4235 	9.30927e-130
0.4242 	4.96507e-130
0.4249 	6.20865e-131
0.4256 	6.65432e-134
0.4263 	5.60227e-134
0.427 	4.5424e-134
0.4277 	3.48252e-134
0.4284 	2.42264e-134
0.4291 	1.36276e-134
0.4298 	3.0288e-135
0.4305 	1.60418e-138
0.4312 	1.3563e-138
0.4319 	1.10658e-138
0.4326 	8.56707e-139
0.4333 	6.06837e-139
0.434 	3.56967e-139
0.4347 	1.07097e-139
0.4354 	3.52565e-143
0.4361 	2.96755e-143
0.4368 	2.40133e-143
0.4375 	1.83289e-143
0.4382 	1.26445e-143
0.4389 	6.96008e-144
0.4396 	1.27569e-144
0.4403 	-1.87573e-144
0.441 	-1.65131e-144
0.4417 	-1.54316e-144
0.4424 	-1.49959e-144
0.4431 	-1.45601e-144
0.4438 	-1.41244e-144
0.4445 	-1.36887e-144
0.4452 	-1.2619e-144
0.4459 	-9.96417e-145
0.4466 	-8.31906e-145
0.4473 	-7.68363e-145
0.448 	-7.04821e-145
0.4487 	-6.41278e-145
0.4494 	-5.77736e-145
0.4501 	-5.06843e-145
0.4508 	-3.91849e-145
0.4515 	-3.07176e-145
0.4522 	-2.77082e-145
0.4529 	-2.46987e-145
0.4536 	-2.16893e-145
0.4543 	-1.86799e-145
0.455 	-1.56801e-145
0.4557 	-1.20416e-145
0.4564 	-8.97824e-146
0.4571 	-7.98863e-146
0.4578 	-6.99902e-146
0.4585 	-6.00941e-146
0.4592 	-5.0198e-146
0.4599 	-4.03019e-146
0.4606 	-3.09174e-146
0.4613 	-2.20958e-146
0.462 	-1.94883e-146
0.4627 	-1.68807e-146
0.4634 	-1.42732e-146
0.4641 	-1.16656e-146
0.4648 	-9.05808e-147
0.4655 	-6.86224e-147
0.4662 	-4.83094e-147
0.4669 	-4.14538e-147
0.4676 	-3.56333e-147
0.4683 	-2.98129e-147
0.469 	-2.39924e-147
0.4697 	-1.8172e-147
0.4704 	-1.34548e-147
0.4711 	-9.56471e-148
0.4718 	-7.83948e-148
0.4725 	-6.70468e-148
0.4732 	-5.56988e-148
0.4739 	-4.43508e-148
0.4746 	-3.30028e-148
0.4753 	-2.36664e-148
0.476 	-1.70109e-148
0.4767 	-1.33665e-148
0.4774 	-1.13951e-148
0.4781 	-9.42368e-149
0.4788 	-7.45225e-149
0.4795 	-5.48082e-149
0.4802 	-3.77817e-149
0.4809 	-2.74709e-149
0.4816 	-2.07679e-149
0.4823 	-1.76726e-149
0.483 	-1.45773e-149
0.4837 	-1.1482e-149
0.4844 	-8.38665e-150
0.4851 	-5.52494e-150
0.4858 	-4.06357e-150
0.4865 	-2.96555e-150
0.4872 	-2.52158e-150
0.4879 	-2.0776e-150
0.4886 	-1.63363e-150
0.4893 	-1.18966e-150
0.49 	-7.46095e-151
0.4907 	-5.54631e-151
0.4914 	-3.91923e-151
0.4921 	-3.33243e-151
0.4928 	-2.74563e-151
0.4935 	-2.15882e-151
0.4942 	-1.57202e-151
0.4949 	-9.85219e-152
0.4956 	-7.02601e-152
0.4963 	-4.82066e-152
0.497 	-4.10126e-152
0.4977 	-3.38185e-152
0.4984 	-2.66244e-152
0.4991 	-1.94303e-152
0.4998 	-1.22363e-152
0.5005 	-8.30351e-153
0.5012 	-5.6746e-153
0.5019 	-4.72284e-153
0.5026 	-3.90009e-153
0.5033 	-3.07735e-153
0.504 	-2.2546e-153
0.5047 	-1.43185e-153
0.5054 	-9.19621e-154
0.5061 	-6.40171e-154
0.5068 	-5.10993e-154
0.5075 	-4.22797e-154
0.5082 	-3.34601e-154
0.5089 	-2.46405e-154
0.5096 	-1.58209e-154
0.5103 	-9.5828e-155
0.511 	-6.78515e-155
0.5117 	-5.2139e-155
0.5124 	-4.324e-155
0.5131 	-3.43409e-155
0.5138 	-2.54418e-155
0.5145 	-1.65427e-155
0.5152 	-9.43032e-156
0.5159 	-6.78236e-156
0.5166 	-5.03413e-156
0.5173 	-4.18561e-156
0.518 	-3.33709e-156
0.5187 	-2.48857e-156
0.5194 	-1.64006e-156
0.5201 	-8.78876e-157
0.5208 	-6.41266e-157
0.5215 	-4.61135e-157
0.5222 	-3.84464e-157
0.5229 	-3.07793e-157
0.5236 	-2.31122e-157
0.5243 	-1.54451e-157
0.525 	-7.78237e-158
0.5257 	-5.75157e-158
0.5264 	-4.01783e-158
0.5271 	-3.35944e-158
0.5278 	-2.70106e-158
0.5285 	-2.04267e-158
0.5292 	-1.38429e-158
0.5299 	-7.25904e-159
0.5306 	-4.9064e-159
0.5313 	-3.33758e-159
0.532 	-2.79893e-159
0.5327 	-2.26028e-159
0.5334 	-1.72163e-159
0.5341 	-1.18298e-159
0.5348 	-6.44327e-160
0.5355 	-3.99046e-160
0.5362 	-2.71048e-160
0.5369 	-2.22828e-160
0.5376 	-1.80744e-160
0.5383 	-1.3866e-160
0.539 	-9.65767e-161
0.5397 	-5.4493e-161
0.5404 	-3.10211e-161
0.5411 	-2.15018e-161
0.5418 	-1.69888e-161
0.5425 	-1.38412e-161
0.5432 	-1.06936e-161
0.5439 	-7.54602e-162
0.5446 	-4.39842e-162
0.5453 	-2.30906e-162
0.546 	-1.63002e-162
0.5467 	-1.24239e-162
0.5474 	-1.01664e-162
0.5481 	-7.90887e-163
0.5488 	-5.65137e-163
0.5495 	-3.39387e-163
0.5502 	-1.64862e-163
0.5509 	-1.18327e-163
0.5516 	-8.72839e-164
0.5523 	-7.17321e-164
0.553 	-5.61803e-164
0.5537 	-4.06286e-164
0.5544 	-2.50768e-164
0.5551 	-1.13097e-164
0.5558 	-8.24102e-165
0.5565 	-5.90018e-165
0.5572 	-4.86945e-165
0.5579 	-3.83873e-165
0.5586 	-2.80801e-165
0.5593 	-1.77729e-165
0.56 	-7.47013e-166
0.5607 	-5.51642e-166
0.5614 	-3.84309e-166
0.5621 	-3.18487e-166
0.5628 	-2.52665e-166
0.5635 	-1.86843e-166
0.5642 	-1.21021e-166
0.5649 	-5.51995e-167
0.5656 	-3.55505e-167
0.5663 	-2.41544e-167
0.567 	-2.00985e-167
0.5677 	-1.60426e-167
0.5684 	-1.19867e-167
0.5691 	-7.93082e-168
0.5698 	-3.87492e-168
0.5705 	-2.20991e-168
0.5712 	-1.50071e-168
0.5719 	-1.22573e-168
0.5726 	-9.84154e-169
0.5733 	-7.42576e-169
0.574 	-5.00997e-169
0.5747 	-2.59419e-169
0.5754 	-1.32657e-169
0.5761 	-9.19666e-170
0.5768 	-7.23088e-170
0.5775 	-5.83872e-170
0.5782 	-4.44656e-170
0.5789 	-3.0544e-170
0.5796 	-1.66223e-170
0.5803 	-7.69927e-171
0.581 	-5.43778e-171
0.5817 	-4.13057e-171
0.5824 	-3.35352e-171
0.5831 	-2.57647e-171
0.5838 	-1.79942e-171
0.5845 	-1.02237e-171
0.5852 	-4.32586e-172
0.5859 	-3.10699e-172
0.5866 	-2.28729e-172
0.5873 	-1.86674e-172
0.588 	-1.44619e-172
0.5887 	-1.02565e-172
0.5894 	-6.051e-173
0.5901 	-2.35563e-173
0.5908 	-1.71791e-173
0.5915 	-1.22905e-173
0.5922 	-1.00813e-173
0.5929 	-7.87206e-174
0.5936 	-5.66284e-174
0.5943 	-3.45361e-174
0.595 	-1.24519e-174
0.5957 	-9.20393e-175
0.5964 	-6.41488e-175
0.5971 	-5.28726e-175
0.5978 	-4.15965e-175
0.5985 	-3.03203e-175
0.5992 	-1.90442e-175
0.5999 	-7.76803e-176
0.6006 	-4.78408e-176
0.6013 	-3.25537e-176
0.602 	-2.69562e-176
0.6027 	-2.13587e-176
0.6034 	-1.57612e-176
0.6041 	-1.01637e-176
0.6048 	-4.56623e-177
0.6055 	-2.41603e-177
0.6062 	-1.64396e-177
0.6069 	-1.33757e-177
0.6076 	-1.067e-177
0.6083 	-7.96429e-178
0.609 	-5.2586e-178
0.6097 	-2.55292e-178
0.6104 	-1.18656e-178
0.6111 	-8.24216e-179
0.6118 	-6.46433e-179
0.6125 	-5.18984e-179
0.6132 	-3.91536e-179
0.6139 	-2.64088e-179
0.6146 	-1.36639e-179
0.6153 	-5.6718e-180
0.616 	-4.01348e-180
0.6167 	-3.04491e-180
0.6174 	-2.45952e-180
0.6181 	-1.87414e-180
0.6188 	-1.28875e-180
0.6195 	-7.03365e-181
0.6202 	-2.6413e-181
0.6209 	-1.90058e-181
0.6216 	-1.39903e-181
0.6223 	-1.13663e-181
0.623 	-8.74234e-182
0.6237 	-6.11837e-182
0.6244 	-3.49441e-182
0.6251 	-1.19941e-182
0.6258 	-8.76263e-183
0.6265 	-6.275e-183
0.6272 	-5.12629e-183
0.6279 	-3.97757e-183
0.6286 	-2.82886e-183
0.6293 	-1.68015e-183
0.63 	-5.31803e-184
0.6307 	-3.93761e-184
0.6314 	-2.74959e-184
0.6321 	-2.25808e-184
0.6328 	-1.76657e-184
0.6335 	-1.27507e-184
0.6342 	-7.83563e-185
0.6349 	-2.92057e-185
0.6356 	-1.72629e-185
0.6363 	-1.17789e-185
0.637 	-9.72194e-186
0.6377 	-7.665e-186
0.6384 	-5.60805e-186
0.6391 	-3.5511e-186
0.6398 	-1.49416e-186
0.6405 	-7.39066e-187
0.6412 	-5.04408e-187
0.6419 	-4.0941e-187
0.6426 	-3.25154e-187
0.6433 	-2.40899e-187
0.644 	-1.56644e-187
0.6447 	-7.23883e-188
0.6454 	-3.09258e-188
0.6461 	-2.15421e-188
0.6468 	-1.68754e-188
0.6475 	-1.34952e-188
0.6482 	-1.0115e-188
0.6489 	-6.73485e-189
0.6496 	-3.35465e-189
0.6503 	-1.26586e-189
0.651 	-8.9808e-190
0.6517 	-6.81293e-190
0.6524 	-5.48389e-190
0.6531 	-4.15486e-190
0.6538 	-2.82583e-190
0.6545 	-1.49679e-190
0.6552 	-5.0724e-191
0.6559 	-3.65878e-191
0.6566 	-2.69574e-191
0.6573 	-2.1833e-191
0.658 	-1.67086e-191
0.6587 	-1.15841e-191
0.6594 	-6.4597e-192
0.6601 	-1.9917e-192
0.6608 	-1.45838e-192
0.6615 	-1.04627e-192
0.6622 	-8.52348e-193
0.6629 	-6.58423e-193
0.6636 	-4.64497e-193
0.6643 	-2.70572e-193
0.665 	-7.67024e-194
0.6657 	-5.69127e-194
0.6664 	-3.9847e-194
0.6671 	-3.26417e-194
0.6678 	-2.54364e-194
0.6685 	-1.82312e-194
0.6692 	-1.10259e-194
0.6699 	-3.82063e-195
0.6706 	-2.17601e-195
0.6713 	-1.4898e-195
0.672 	-1.22684e-195
0.6727 	-9.63889e-196
0.6734 	-7.00935e-196
0.6741 	-4.37981e-196
0.6748 	-1.75028e-196
0.6755 	-8.15699e-197
0.6762 	-5.58697e-197
0.6769 	-4.52773e-197
0.6776 	-3.58471e-197
0.6783 	-2.64169e-197
0.679 	-1.69867e-197
0.6797 	-7.55646e-198
0.6804 	-2.99975e-198
0.6811 	-2.09633e-198
0.6818 	-1.64151e-198
0.6825 	-1.30903e-198
0.6832 	-9.76562e-199
0.6839 	-6.44089e-199
0.6846 	-3.11616e-199
0.6853 	-1.08283e-199
0.686 	-7.70507e-200
0.6867 	-5.84856e-200
0.6874 	-4.69579e-200
0.6881 	-3.54302e-200
0.6888 	-2.39025e-200
0.6895 	-1.23748e-200
0.6902 	-3.83844e-201
0.6909 	-2.77615e-201
0.6916 	-2.04839e-201
0.6923 	-1.65516e-201
0.693 	-1.26194e-201
0.6937 	-8.68715e-202
0.6944 	-4.75492e-202
0.6951 	-1.33246e-202
0.6958 	-9.65562e-203
0.6965 	-6.82783e-203
0.6972 	-5.51416e-203
0.6979 	-4.2005e-203
0.6986 	-2.88683e-203
0.6993 	-1.57316e-203
0.7 	-2.59851e-204
