0 	1
0.0007 	1
0.0014 	1
0.0021 	1
0.0028 	1
0.0035 	1
0.0042 	1
0.0049 	1
0.0056 	1
0.0063 	1
0.007 	1
0.0077 	1
0.0084 	1
0.0091 	1
0.0098 	1
0.0105 	1
0.0112 	1
0.0119 	1
0.0126 	1
0.0133 	1
0.014 	1
0.0147 	1
0.0154 	1
0.0161 	1
0.0168 	1
0.0175 	1
0.0182 	1
0.0189 	1
0.0196 	1
0.0203 	1
0.0217 	1
0.0224 	1
0.0231 	1
0.0238 	1
0.0245 	1
0.0252 	1
0.0259 	1
0.0266 	1
0.0273 	1
0.028 	1
0.0287 	1
0.0294 	1
0.0301 	1
0.0308 	1
0.0315 	1
0.0322 	1
0.0329 	1
0.0336 	1
0.0343 	1
0.035 	1
0.0357 	1
0.0364 	1
0.0371 	1
0.0378 	1
0.0385 	1
0.0392 	1
0.0399 	1
0.0406 	1
0.0413 	1
0.042 	1
0.0427 	1
0.0434 	1
0.0441 	1
0.0448 	1
0.0455 	1
0.0469 	1
0.0476 	1
0.0483 	1
0.049 	1
0.0497 	1
0.0504 	1
0.0511 	1
0.0518 	1
0.0525 	1
0.0532 	1
0.0539 	1
0.0546 	1
0.0553 	1
0.0567 	1
0.0574 	1
0.0581 	1
0.0588 	1
0.0595 	1
0.0602 	1
0.0609 	1
0.0616 	1
0.0623 	1
0.063 	1
0.0637 	1
0.0644 	1
0.0651 	1
0.0658 	1
0.0665 	1
0.0672 	1
0.0679 	1
0.0686 	1
0.0693 	1
0.07 	1
0.0707 	1
0.0714 	1
0.0721 	1
0.0728 	1
0.0735 	1
0.0742 	1
0.0749 	1
0.0756 	1
0.0763 	1
0.077 	1
0.0777 	1
0.0784 	1
0.0791 	1
0.0798 	1
0.0805 	1
0.0812 	1
0.0819 	1
0.0826 	1
0.0833 	1
0.084 	1
0.0847 	1
0.0854 	1
0.0861 	1
0.0868 	1
0.0882 	1
0.0889 	1
0.0896 	1
0.0903 	1
0.0917 	1
0.0924 	1
0.0931 	1
0.0938 	1
0.0945 	1
0.0952 	1
0.0959 	1
0.0966 	1
0.0973 	1
0.098 	1
0.0987 	1
0.0994 	1
0.1001 	1
0.1008 	1
0.1015 	1
0.1022 	1
0.1029 	1
0.1036 	1
0.1043 	1
0.105 	1
0.1057 	1
0.1071 	1
0.1078 	1
0.1085 	1
0.1092 	1
0.1099 	1
0.1106 	1
0.1113 	1
0.112 	1
0.1127 	1
0.1134 	1
0.1141 	1
0.1148 	1
0.1155 	1
0.1162 	1
0.1169 	1
0.1176 	1
0.1183 	1
0.119 	1
0.1197 	1
0.1204 	1
0.1211 	1
0.1218 	1
0.1225 	1
0.1232 	1
0.1239 	1
0.1246 	1
0.1253 	1
0.126 	1
0.1267 	1
0.1274 	1
0.1281 	1
0.1288 	1
0.1295 	1
0.1302 	1
0.1309 	1
0.1316 	1
0.1323 	1
0.133 	1
0.1337 	1
0.1344 	1
0.1351 	1
0.1365 	1
0.1372 	1
0.1386 	1
0.1393 	1
0.14 	1
0.1407 	1
0.1414 	1
0.1421 	1
0.1428 	1
0.1435 	1
0.1442 	1
0.1449 	1
0.1456 	1
0.1463 	1
0.147 	1
0.1477 	1
0.1484 	1
0.1491 	1
0.1498 	1
0.1505 	1
0.1512 	1
0.1519 	1
0.1526 	1
0.1533 	1
0.154 	1
0.1547 	1
0.1554 	1
0.1561 	1
0.1568 	1
0.1575 	1
0.1582 	1
0.1589 	1
0.1596 	1
0.1603 	1
0.161 	1
0.1617 	1
0.1631 	1
0.1638 	1
0.1645 	1
0.1652 	1
0.1659 	1
0.1666 	1
0.1673 	1
0.168 	1
0.1687 	1
0.1694 	1
0.1701 	1
0.1708 	1
0.1715 	1
0.1722 	1
0.1729 	1
0.1736 	1
0.1743 	1
0.175 	1
0.1757 	1
0.1764 	1
0.1778 	1
0.1792 	1
0.1799 	1
0.1806 	1
0.1813 	1
0.182 	1
0.1827 	1
0.1834 	1
0.1841 	1
0.1848 	1
0.1855 	1
0.1862 	1
0.1869 	1
0.1876 	1
0.1883 	1
0.189 	1
0.1897 	1
0.1904 	1
0.1911 	1
0.1918 	1
0.1925 	1
0.1932 	1
0.1939 	1
0.1946 	1
0.1953 	1
0.196 	1
0.1967 	1
0.1974 	1
0.1981 	1
0.1988 	1
0.1995 	1
0.2002 	1
0.2009 	1
0.2016 	1
0.2023 	1
0.203 	1
0.2037 	1
0.2044 	1
0.2051 	1
0.2058 	1
0.2065 	1
0.2072 	1
0.2079 	1
0.2086 	1
0.2093 	1
0.21 	1
0.2107 	1
0.2114 	1
0.2121 	1
0.2128 	1
0.2135 	1
0.2142 	1
0.2149 	1
0.2156 	1
0.2163 	1
0.217 	1
0.2177 	1
0.2184 	1
0.2191 	1
0.2198 	1
0.2205 	1
0.2212 	1
0.2219 	1
0.2226 	1
0.2233 	1
0.224 	1
0.2247 	1
0.2254 	1
0.2261 	1
0.2268 	1
0.2275 	1
0.2282 	1
0.2289 	1
0.2296 	1
0.2303 	1
0.231 	1
0.2317 	1
0.2324 	1
0.2331 	1
0.2338 	0.999999
0.2345 	0.999999
0.2352 	0.999992
0.2359 	0.999968
0.2366 	0.999944
0.2373 	0.999919
0.238 	0.999895
0.2387 	0.999871
0.2394 	0.999846
0.2401 	0.999714
0.2408 	0.998935
0.2415 	0.998156
0.2429 	0.996597
0.2436 	0.995818
0.2443 	0.995038
0.245 	0.994259
0.2457 	0.974702
0.2471 	0.935588
0.2478 	0.916031
0.2485 	0.896474
0.2492 	0.876918
0.2499 	0.857361
0.2506 	0.804172
0.2513 	0.745378
0.252 	0.686584
0.2527 	0.62779
0.2534 	0.568996
0.2548 	0.451408
0.2562 	0.349035
0.2569 	0.299117
0.2576 	0.249198
0.2583 	0.199279
0.259 	0.14936
0.2597 	0.0994416
0.2604 	0.0720926
0.2611 	0.0616707
0.2618 	0.0512486
0.2625 	0.0408265
0.2632 	0.0304043
0.2639 	0.0199822
0.2646 	0.00956
0.2653 	0.00339011
0.266 	0.00288992
0.2667 	0.00238971
0.2674 	0.0018895
0.2681 	0.00138928
0.2688 	0.000889064
0.2695 	0.000388848
0.2702 	3.02905e-05
0.2709 	2.58786e-05
0.2716 	2.14666e-05
0.2723 	1.70545e-05
0.273 	1.26424e-05
0.2737 	8.23026e-06
0.2744 	3.81814e-06
0.2751 	3.55918e-08
0.2758 	3.0508e-08
0.2765 	2.54241e-08
0.2772 	2.034e-08
0.2779 	1.5256e-08
0.2786 	1.01719e-08
0.2793 	5.0879e-09
0.28 	3.86402e-12
0.2807 	3.32309e-12
0.2814 	2.78217e-12
0.2821 	2.24122e-12
0.2828 	1.70028e-12
0.2835 	1.15934e-12
0.2842 	6.18397e-13
0.2849 	7.74546e-14
0.2856 	1.55871e-16
0.2863 	1.31076e-16
0.287 	1.0628e-16
0.2877 	8.14831e-17
0.2884 	5.66864e-17
0.2891 	3.18898e-17
0.2898 	7.09313e-18
0.2905 	7.54132e-21
0.2912 	6.36847e-21
0.2919 	5.19542e-21
0.2926 	4.02234e-21
0.2933 	2.84927e-21
0.294 	1.67619e-21
0.2947 	5.03119e-22
0.2954 	3.43005e-25
0.2961 	2.90825e-25
0.2968 	2.38631e-25
0.2975 	1.86434e-25
0.2982 	1.34237e-25
0.2989 	8.20395e-26
0.2996 	2.98423e-26
0.3003 	1.43545e-29
0.301 	1.22175e-29
0.3017 	1.00798e-29
0.3024 	7.9418e-30
0.3031 	5.80377e-30
0.3038 	3.66575e-30
0.3045 	1.52773e-30
0.3052 	5.45826e-34
0.3059 	4.66268e-34
0.3066 	3.86686e-34
0.3073 	3.07078e-34
0.308 	2.2747e-34
0.3087 	1.47862e-34
0.3094 	6.82545e-35
0.3101 	1.88388e-38
0.3108 	1.61493e-38
0.3115 	1.3459e-38
0.3122 	1.07673e-38
0.3129 	8.07564e-39
0.3136 	5.38396e-39
0.3143 	2.69228e-39
0.315 	5.93938e-43
0.3157 	5.1085e-43
0.3164 	4.27745e-43
0.3171 	3.44575e-43
0.3178 	2.61406e-43
0.3185 	1.78237e-43
0.3192 	9.50675e-44
0.3199 	1.18983e-44
0.3206 	1.48979e-47
0.3213 	1.253e-47
0.322 	1.01595e-47
0.3227 	7.78907e-48
0.3234 	5.41862e-48
0.3241 	3.04817e-48
0.3248 	6.77721e-49
0.3255 	4.04456e-52
0.3262 	3.41613e-52
0.3269 	2.78691e-52
0.3276 	2.15764e-52
0.3283 	1.52836e-52
0.329 	8.99081e-53
0.3297 	2.69803e-53
0.3304 	1.03122e-56
0.3311 	8.74491e-57
0.3318 	7.17578e-57
0.3325 	5.60614e-57
0.3332 	4.03649e-57
0.3339 	2.46685e-57
0.3346 	8.97204e-58
0.3353 	2.48731e-61
0.336 	2.11737e-61
0.3367 	1.74703e-61
0.3374 	1.37646e-61
0.3381 	1.00589e-61
0.3388 	6.35322e-62
0.3395 	2.64752e-62
0.3402 	5.70814e-66
0.3416 	4.04499e-66
0.3423 	3.21223e-66
0.343 	2.37946e-66
0.3437 	1.54669e-66
0.3444 	7.13928e-67
0.3451 	1.25168e-70
0.3458 	1.07316e-70
0.3465 	8.94506e-71
0.3472 	7.1561e-71
0.3479 	5.36714e-71
0.3486 	3.57818e-71
0.3493 	1.78922e-71
0.35 	2.63058e-75
0.3507 	2.26294e-75
0.3514 	1.89512e-75
0.3521 	1.52663e-75
0.3528 	1.15815e-75
0.3535 	7.89663e-76
0.3542 	4.21178e-76
0.3549 	5.26928e-77
0.3556 	4.58267e-80
0.3563 	3.85503e-80
0.357 	3.12572e-80
0.3577 	2.39641e-80
0.3584 	1.6671e-80
0.3591 	9.37786e-81
0.3598 	2.08474e-81
0.3605 	8.92661e-85
0.3612 	7.54114e-85
0.3619 	6.15223e-85
0.3626 	4.76306e-85
0.3633 	3.37389e-85
0.364 	1.98471e-85
0.3647 	5.95542e-86
0.3654 	1.67463e-89
0.3661 	1.42039e-89
0.3668 	1.16558e-89
0.3682 	6.55653e-90
0.3689 	4.0069e-90
0.3696 	1.45726e-90
0.3703 	3.02888e-94
0.371 	2.57887e-94
0.3717 	2.12798e-94
0.3724 	1.67661e-94
0.3731 	1.22523e-94
0.3738 	7.73848e-95
0.3745 	3.22469e-95
0.3752 	5.28727e-99
0.3759 	4.51817e-99
0.3766 	3.74782e-99
0.3773 	2.97623e-99
0.378 	2.20464e-99
0.3787 	1.43305e-99
0.3794 	6.61455e-100
0.3801 	8.91711e-104
0.3808 	7.64659e-104
0.3815 	6.37452e-104
0.3822 	5.09964e-104
0.3829 	3.82477e-104
0.3836 	2.54989e-104
0.3843 	1.27502e-104
0.385 	1.45458e-108
0.3857 	1.25149e-108
0.3864 	1.04825e-108
0.3871 	8.44425e-109
0.3878 	6.40604e-109
0.3885 	4.36783e-109
0.3892 	2.32961e-109
0.3899 	2.91399e-110
0.3906 	1.98307e-113
0.3913 	1.66852e-113
0.392 	1.35286e-113
0.3927 	1.0372e-113
0.3941 	4.05882e-114
0.3948 	9.02224e-115
0.3955 	3.04584e-118
0.3962 	2.57362e-118
0.3969 	2.09965e-118
0.3983 	1.15145e-118
0.399 	6.77341e-119
0.3997 	2.03237e-119
0.4004 	4.53987e-123
0.4011 	3.85138e-123
0.4018 	3.16063e-123
0.4025 	2.46926e-123
0.4032 	1.77789e-123
0.4039 	1.08651e-123
0.4046 	3.9514e-124
0.4053 	6.57435e-128
0.406 	5.59861e-128
0.4067 	4.62013e-128
0.4074 	3.64013e-128
0.4081 	2.66012e-128
0.4088 	1.68011e-128
0.4095 	7.00102e-129
0.4102 	9.26028e-133
0.4109 	7.91465e-133
0.4116 	6.56594e-133
0.4123 	5.21415e-133
0.413 	3.86237e-133
0.4137 	2.51059e-133
0.4144 	1.1588e-133
0.4151 	1.27007e-137
0.4158 	1.0893e-137
0.4165 	9.0821e-138
0.4172 	7.26572e-138
0.4179 	5.44933e-138
0.4186 	3.63294e-138
0.4193 	1.81656e-138
0.42 	1.69791e-142
0.4207 	1.46108e-142
0.4214 	1.22401e-142
0.4221 	9.86011e-143
0.4228 	7.48015e-143
0.4235 	5.10018e-143
0.4242 	2.72022e-143
0.4249 	3.40255e-144
0.4256 	2.30795e-147
0.4263 	1.96222e-147
0.427 	1.61507e-147
0.4277 	1.26791e-147
0.4284 	9.20758e-148
0.4291 	5.73604e-148
0.4298 	2.2645e-148
0.4305 	1.15916e-148
0.4312 	1.0003e-148
0.4319 	8.41159e-149
0.4326 	6.81994e-149
0.4333 	5.22829e-149
0.434 	3.63663e-149
0.4347 	2.04498e-149
0.4354 	1.26508e-149
0.4361 	1.09399e-149
0.4368 	9.22691e-150
0.4375 	7.51341e-150
0.4382 	5.79991e-150
0.4389 	4.0864e-150
0.4396 	2.3729e-150
0.4403 	1.31778e-150
0.441 	1.1405e-150
0.4417 	9.63006e-151
0.4424 	7.85385e-151
0.4431 	6.07763e-151
0.4438 	4.30142e-151
0.4445 	2.52521e-151
0.4452 	1.21044e-151
0.4459 	1.0493e-151
0.4466 	8.87963e-152
0.4473 	7.26417e-152
0.448 	5.64872e-152
0.4487 	4.03327e-152
0.4494 	2.41782e-152
0.4501 	1.01412e-152
0.4508 	8.80905e-153
0.4515 	7.47543e-153
0.4522 	6.13912e-153
0.4529 	4.80281e-153
0.4536 	3.4665e-153
0.4543 	2.13019e-153
0.455 	7.93878e-154
0.4557 	6.91076e-154
0.4564 	5.88191e-154
0.4571 	4.84999e-154
0.4578 	3.81807e-154
0.4585 	2.78615e-154
0.4592 	1.75424e-154
0.4599 	7.22317e-155
0.4606 	5.10846e-155
0.4613 	4.36092e-155
0.462 	3.61027e-155
0.4627 	2.85962e-155
0.4634 	2.10897e-155
0.4641 	1.35832e-155
0.4648 	6.07665e-156
0.4655 	3.56562e-156
0.4662 	3.05277e-156
0.4669 	2.53743e-156
0.4676 	2.0219e-156
0.4683 	1.50637e-156
0.469 	9.9084e-157
0.4697 	4.7531e-157
0.4704 	2.35353e-157
0.4711 	2.02076e-157
0.4718 	1.68641e-157
0.4725 	1.35163e-157
0.4732 	1.01685e-157
0.4739 	6.82069e-158
0.4746 	3.4729e-158
0.4753 	1.47219e-158
0.476 	1.26759e-158
0.4767 	1.06208e-158
0.4774 	8.56074e-159
0.4781 	6.50063e-159
0.4788 	4.44052e-159
0.4795 	2.38042e-159
0.4802 	8.74772e-160
0.4809 	7.55286e-160
0.4816 	6.35333e-160
0.4823 	5.14913e-160
0.483 	3.94493e-160
0.4837 	2.74072e-160
0.4844 	1.53652e-160
0.4851 	4.94859e-161
0.4858 	4.2843e-161
0.4865 	3.61791e-161
0.4872 	2.94774e-161
0.4879 	2.27757e-161
0.4886 	1.6074e-161
0.4893 	9.37232e-162
0.49 	2.67062e-162
0.4907 	2.31831e-162
0.4914 	1.96524e-162
0.4921 	1.6094e-162
0.4928 	1.25356e-162
0.4935 	8.97719e-163
0.4942 	5.4188e-163
0.4949 	1.86041e-163
0.4956 	1.19898e-163
0.4963 	1.02025e-163
0.497 	8.39631e-164
0.4977 	6.59016e-164
0.4984 	4.78401e-164
0.4998 	1.17171e-164
0.5005 	5.9375e-165
0.5012 	5.07061e-165
0.5019 	4.1934e-165
0.5026 	3.3154e-165
0.5033 	2.4374e-165
0.504 	1.5594e-165
0.5047 	6.81395e-166
0.5054 	2.82044e-166
0.5061 	2.4168e-166
0.5068 	2.00855e-166
0.5075 	1.59903e-166
0.5082 	1.18952e-166
0.5089 	7.80002e-167
0.5096 	3.70487e-167
0.5103 	1.28738e-167
0.5117 	9.24277e-168
0.5124 	7.40687e-168
0.5131 	5.57097e-168
0.5138 	3.73507e-168
0.5145 	1.89917e-168
0.5152 	5.656e-169
0.5159 	4.87834e-169
0.5166 	4.09328e-169
0.5173 	3.30082e-169
0.518 	2.50836e-169
0.5187 	1.71589e-169
0.5194 	9.23433e-170
0.5201 	2.39569e-170
0.5208 	2.07285e-170
0.5215 	1.74749e-170
0.5222 	1.41759e-170
0.5229 	1.08769e-170
0.5236 	7.57789e-171
0.5243 	4.27887e-171
0.525 	9.7985e-172
0.5257 	8.50452e-172
0.5264 	7.20352e-172
0.5271 	5.87681e-172
0.5278 	4.5501e-172
0.5285 	3.22338e-172
0.5292 	1.89667e-172
0.5299 	5.69959e-173
0.5306 	3.37441e-173
0.5313 	2.87183e-173
0.532 	2.35559e-173
0.5327 	1.83935e-173
0.5334 	1.32311e-173
0.5341 	8.06868e-174
0.5348 	2.90628e-174
0.5355 	1.29684e-174
0.5362 	1.1086e-174
0.5369 	9.14386e-175
0.5376 	7.19714e-175
0.5383 	5.25042e-175
0.539 	3.30369e-175
0.5397 	1.35697e-175
0.5404 	4.83501e-176
0.5411 	4.14975e-176
0.5418 	3.44303e-176
0.5425 	2.73045e-176
0.5432 	2.01788e-176
0.5439 	1.3053e-176
0.5446 	5.92722e-177
0.5453 	1.75151e-177
0.5467 	1.25966e-177
0.5474 	1.00606e-177
0.5481 	7.52466e-178
0.5488 	4.98869e-178
0.5495 	2.45272e-178
0.5502 	6.17497e-179
0.5509 	5.34161e-179
0.5516 	4.48544e-179
0.5523 	3.60648e-179
0.553 	2.72752e-179
0.5537 	1.84856e-179
0.5544 	9.69604e-180
0.5551 	2.1222e-180
0.5558 	1.84292e-180
0.5565 	1.55723e-180
0.5572 	1.26003e-180
0.5579 	9.62829e-181
0.5586 	6.65626e-181
0.5593 	3.68424e-181
0.56 	7.12208e-182
0.5607 	6.20868e-182
0.5614 	5.28056e-182
0.5621 	4.29843e-182
0.5628 	3.31631e-182
0.5635 	2.33419e-182
0.5642 	1.35206e-182
0.5649 	3.69941e-183
0.5656 	2.04606e-183
0.5663 	1.75219e-183
0.567 	1.43443e-183
0.5677 	1.11667e-183
0.5684 	7.98913e-184
0.5691 	4.81154e-184
0.5698 	1.63396e-184
0.5705 	6.60759e-185
0.5712 	5.69319e-185
0.5719 	4.69147e-185
0.5726 	3.68303e-185
0.5733 	2.6746e-185
0.574 	1.66616e-185
0.5747 	6.57724e-186
0.5754 	2.09486e-186
0.5761 	1.81395e-186
0.5768 	1.50665e-186
0.5775 	1.19215e-186
0.5782 	8.77657e-187
0.5789 	5.6316e-187
0.5796 	2.48664e-187
0.5803 	6.53159e-188
0.581 	5.68335e-188
0.5817 	4.7597e-188
0.5831 	2.8286e-188
0.5838 	1.86305e-188
0.5845 	8.97502e-189
0.5852 	2.00617e-189
0.5859 	1.75393e-189
0.5866 	1.48166e-189
0.5873 	1.18935e-189
0.588 	8.97033e-190
0.5887 	6.04719e-190
0.5894 	3.12406e-190
0.5901 	6.07947e-191
0.5908 	5.33954e-191
0.5915 	4.55174e-191
0.5922 	3.6778e-191
0.5929 	2.80385e-191
0.5936 	1.9299e-191
0.5943 	1.05595e-191
0.595 	1.82007e-192
0.5957 	1.6056e-192
0.5964 	1.38172e-192
0.5971 	1.12336e-192
0.5978 	8.64997e-193
0.5985 	6.06637e-193
0.5992 	3.48278e-193
0.5999 	8.99183e-194
0.6006 	4.77372e-194
0.6013 	4.14852e-194
0.602 	3.39259e-194
0.6027 	2.63667e-194
0.6034 	1.88075e-194
0.6041 	1.12482e-194
0.6048 	3.68898e-195
0.6055 	1.40437e-195
0.6062 	1.2296e-195
0.6069 	1.01373e-195
0.6076 	7.94692e-196
0.6083 	5.75655e-196
0.609 	3.56619e-196
0.6097 	1.37582e-196
0.6104 	4.0897e-197
0.6111 	3.59749e-197
0.6118 	2.99802e-197
0.6125 	2.36928e-197
0.6132 	1.74055e-197
0.6139 	1.11181e-197
0.6146 	4.83077e-198
0.6153 	1.17909e-198
0.616 	1.04161e-198
0.6167 	8.77578e-199
0.6174 	6.98794e-199
0.6181 	5.2001e-199
0.6188 	3.41226e-199
0.6195 	1.62441e-199
0.6202 	3.36504e-200
0.6209 	2.98422e-200
0.6216 	2.54206e-200
0.6223 	2.03857e-200
0.623 	1.53508e-200
0.6237 	1.03159e-200
0.6244 	5.28094e-201
0.6251 	9.50357e-202
0.6258 	8.45759e-202
0.6265 	7.28386e-202
0.6272 	5.88018e-202
0.6279 	4.47651e-202
0.6286 	3.07283e-202
0.6293 	1.66916e-202
0.63 	2.65484e-203
0.6307 	2.37012e-203
0.6314 	2.06344e-203
0.6321 	1.67626e-203
0.6328 	1.28908e-203
0.6335 	9.01895e-204
0.6342 	5.14715e-204
0.6349 	1.27534e-204
0.6356 	6.56429e-205
0.6363 	5.77603e-205
0.6377 	3.664e-205
0.6384 	2.60798e-205
0.6391 	1.55196e-205
0.6398 	4.95942e-206
0.6405 	1.7959e-206
0.6412 	1.59104e-206
0.6419 	1.31211e-206
0.6426 	1.02748e-206
0.6433 	7.42847e-207
0.644 	4.58216e-207
0.6447 	1.73585e-207
0.6454 	4.85111e-208
0.6461 	4.3104e-208
0.6468 	3.59919e-208
0.6475 	2.84148e-208
0.6482 	2.08377e-208
0.6489 	1.32606e-208
0.6496 	5.68347e-209
0.6503 	1.29324e-209
0.651 	1.15217e-209
0.6517 	9.73783e-210
0.6524 	7.74658e-210
0.6531 	5.75533e-210
0.6538 	3.76408e-210
0.6545 	1.77283e-210
0.6552 	3.40122e-211
0.6559 	3.03767e-211
0.6566 	2.5977e-211
0.6573 	2.08131e-211
0.658 	1.56493e-211
0.6587 	1.04854e-211
0.6594 	5.3216e-212
0.6601 	8.82235e-213
0.6608 	7.89723e-213
0.6615 	6.83073e-213
0.6622 	5.50971e-213
0.6629 	4.18869e-213
0.6636 	2.86768e-213
0.6643 	1.54666e-213
0.665 	2.25649e-214
0.6657 	2.02414e-214
0.6664 	1.77017e-214
0.6671 	1.43687e-214
0.6678 	1.10358e-214
0.6685 	7.70282e-215
0.6692 	4.36987e-215
0.6699 	1.03692e-215
0.6706 	5.11431e-216
0.6713 	4.52045e-216
0.672 	3.69123e-216
0.6727 	2.86201e-216
0.6734 	2.03279e-216
0.6741 	1.20357e-216
0.6748 	3.74348e-217
0.6755 	1.27375e-217
0.6762 	1.13301e-217
0.6769 	9.34066e-218
0.6776 	7.30647e-218
0.6783 	5.27228e-218
0.679 	3.23808e-218
0.6797 	1.20389e-218
0.6804 	3.12703e-219
0.6811 	2.78768e-219
0.6818 	2.32837e-219
0.6825 	1.83635e-219
0.6832 	1.34433e-219
0.6839 	8.52309e-220
0.6846 	3.60287e-220
0.6853 	7.56734e-221
0.686 	6.76034e-221
0.6867 	5.71778e-221
0.6874 	4.54436e-221
0.6881 	3.37094e-221
0.6888 	2.19752e-221
0.6895 	1.02409e-221
0.6902 	1.80528e-222
0.6909 	1.61601e-222
0.6916 	1.3834e-222
0.6923 	1.10745e-222
0.693 	8.31503e-223
0.6937 	5.55557e-223
0.6944 	2.7961e-223
0.6951 	4.2473e-224
0.6958 	3.81924e-224
0.6965 	3.32062e-224
0.6979 	2.0694e-224
0.6986 	1.44379e-224
0.6993 	8.18184e-225
0.7 	1.92575e-225
