0 	1
0.0007 	1
0.0014 	1
0.0021 	1
0.0028 	1
0.0035 	1
0.0042 	1
0.0049 	1
0.0056 	1
0.0063 	1
0.007 	1
0.0077 	1
0.0084 	1
0.0091 	1
0.0098 	1
0.0105 	1
0.0112 	1
0.0119 	1
0.0126 	1
0.0133 	1
0.014 	1
0.0147 	1
0.0154 	1
0.0161 	1
0.0168 	1
0.0175 	1
0.0182 	1
0.0189 	1
0.0196 	1
0.0203 	1
0.021 	1
0.0217 	1
0.0224 	1
0.0231 	1
0.0238 	1
0.0245 	1
0.0252 	1
0.0259 	1
0.0266 	1
0.0273 	1
0.028 	1
0.0287 	1
0.0294 	1
0.0301 	1
0.0308 	1
0.0315 	1
0.0322 	1
0.0329 	1
0.0336 	1
0.0343 	1
0.035 	1
0.0357 	1
0.0364 	1
0.0371 	1
0.0378 	1
0.0385 	1
0.0392 	1
0.0399 	1
0.0406 	1
0.0413 	1
0.042 	1
0.0427 	1
0.0434 	1
0.0441 	1
0.0448 	1
0.0455 	1
0.0462 	1
0.0469 	1
0.0476 	1
0.0483 	1
0.049 	1
0.0497 	1
0.0504 	1
0.0511 	1
0.0518 	1
0.0525 	1
0.0532 	1
0.0539 	1
0.0546 	1
0.0553 	1
0.056 	1
0.0567 	1
0.0574 	1
0.0581 	1
0.0588 	1
0.0595 	1
0.0602 	1
0.0609 	1
0.0616 	1
0.0623 	1
0.063 	1
0.0637 	1
0.0644 	1
0.0651 	1
0.0658 	1
0.0665 	1
0.0672 	1
0.0679 	1
0.0686 	1
0.0693 	1
0.07 	1
0.0707 	1
0.0714 	1
0.0721 	1
0.0728 	1
0.0735 	1
0.0742 	1
0.0749 	1
0.0756 	1
0.0763 	1
0.077 	1
0.0777 	1
0.0784 	1
0.0791 	1
0.0798 	1
0.0805 	1
0.0812 	1
0.0819 	1
0.0826 	1
0.0833 	1
0.084 	1
0.0847 	1
0.0854 	1
0.0861 	1
0.0868 	1
0.0875 	1
0.0882 	1
0.0889 	1
0.0896 	1
0.0903 	1
0.091 	1
0.0917 	1
0.0924 	1
0.0931 	1
0.0938 	1
0.0945 	1
0.0952 	1
0.0959 	1
0.0966 	1
0.0973 	1
0.098 	1
0.0987 	1
0.0994 	1
0.1001 	1
0.1008 	1
0.1015 	1
0.1022 	1
0.1029 	1
0.1036 	1
0.1043 	1
0.105 	1
0.1057 	1
0.1064 	1
0.1071 	1
0.1078 	1
0.1085 	1
0.1092 	1
0.1099 	1
0.1106 	1
0.1113 	1
0.112 	1
0.1127 	1
0.1134 	1
0.1141 	1
0.1148 	1
0.1155 	1
0.1162 	1
0.1169 	1
0.1176 	1
0.1183 	1
0.119 	1
0.1197 	1
0.1204 	1
0.1211 	1
0.1218 	1
0.1225 	1
0.1232 	1
0.1239 	1
0.1246 	1
0.1253 	1
0.126 	1
0.1267 	1
0.1274 	1
0.1281 	1
0.1288 	1
0.1295 	1
0.1302 	1
0.1309 	1
0.1316 	1
0.1323 	1
0.133 	1
0.1337 	1
0.1344 	1
0.1351 	1
0.1358 	1
0.1365 	1
0.1372 	1
0.1379 	1
0.1386 	1
0.1393 	1
0.14 	1
0.1407 	1
0.1414 	1
0.1421 	1
0.1428 	1
0.1435 	1
0.1442 	1
0.1449 	1
0.1456 	1
0.1463 	1
0.147 	1
0.1477 	1
0.1484 	1
0.1491 	1
0.1498 	1
0.1505 	1
0.1512 	1
0.1519 	1
0.1526 	1
0.1533 	1
0.154 	1
0.1547 	1
0.1554 	1
0.1561 	1
0.1568 	1
0.1575 	1
0.1582 	1
0.1589 	1
0.1596 	1
0.1603 	1
0.161 	1
0.1617 	1
0.1624 	1
0.1631 	1
0.1638 	1
0.1645 	1
0.1652 	1
0.1659 	1
0.1666 	1
0.1673 	1
0.168 	1
0.1687 	1
0.1694 	1
0.1701 	1
0.1708 	1
0.1715 	1
0.1722 	1
0.1729 	1
0.1736 	1
0.1743 	1
0.175 	1
0.1757 	1
0.1764 	1
0.1771 	1
0.1778 	1
0.1785 	1
0.1792 	1
0.1799 	1
0.1806 	1
0.1813 	1
0.182 	1
0.1827 	1
0.1834 	1
0.1841 	1
0.1848 	1
0.1855 	1
0.1862 	1
0.1869 	1
0.1876 	1
0.1883 	1
0.189 	1
0.1897 	1
0.1904 	1
0.1911 	1
0.1918 	1
0.1925 	1
0.1932 	1
0.1939 	1
0.1946 	1
0.1953 	1
0.196 	1
0.1967 	1
0.1974 	1
0.1981 	1
0.1988 	1
0.1995 	1
0.2002 	1
0.2009 	1
0.2016 	1
0.2023 	1
0.203 	1
0.2037 	1
0.2044 	1
0.2051 	1
0.2058 	0.999999
0.2065 	0.999999
0.2072 	0.999999
0.2079 	0.999998
0.2086 	0.999998
0.2093 	0.999997
0.21 	0.999997
0.2107 	0.999989
0.2114 	0.999982
0.2121 	0.999974
0.2128 	0.999967
0.2135 	0.999959
0.2142 	0.999952
0.2149 	0.999944
0.2156 	0.999852
0.2163 	0.999745
0.217 	0.999639
0.2177 	0.999532
0.2184 	0.999426
0.2191 	0.999319
0.2198 	0.999213
0.2205 	0.997655
0.2212 	0.995516
0.2219 	0.993377
0.2226 	0.991237
0.2233 	0.989098
0.224 	0.986959
0.2247 	0.98482
0.2254 	0.967672
0.2261 	0.939245
0.2268 	0.910821
0.2275 	0.882397
0.2282 	0.853974
0.2289 	0.82555
0.2296 	0.797126
0.2303 	0.754755
0.231 	0.693777
0.2317 	0.632799
0.2324 	0.571821
0.2331 	0.510844
0.2338 	0.449866
0.2345 	0.388888
0.2352 	0.333534
0.2359 	0.292325
0.2366 	0.251116
0.2373 	0.209905
0.238 	0.168694
0.2387 	0.127483
0.2394 	0.0862718
0.2401 	0.0499716
0.2408 	0.0430986
0.2415 	0.0362253
0.2422 	0.0293514
0.2429 	0.0224774
0.2436 	0.0156035
0.2443 	0.00872954
0.245 	0.00185865
0.2457 	0.00159983
0.2464 	0.00134145
0.2471 	0.00108302
0.2478 	0.000824586
0.2485 	0.000566155
0.2492 	0.000307724
0.2499 	4.92934e-05
0.2506 	1.0996e-05
0.2513 	9.24904e-06
0.252 	7.50161e-06
0.2527 	5.75419e-06
0.2534 	4.00676e-06
0.2541 	2.25934e-06
0.2548 	5.1191e-07
0.2555 	1.21527e-08
0.2562 	1.02912e-08
0.2569 	8.42928e-09
0.2576 	6.56737e-09
0.2583 	4.70547e-09
0.259 	2.84357e-09
0.2597 	9.81664e-10
0.2604 	1.73988e-10
0.2611 	1.55433e-10
0.2618 	1.36892e-10
0.2625 	1.18356e-10
0.2632 	9.98205e-11
0.2639 	8.12844e-11
0.2646 	6.27484e-11
0.2653 	5.01391e-11
0.266 	4.54206e-11
0.2667 	4.07054e-11
0.2674 	3.59921e-11
0.2681 	3.12788e-11
0.2688 	2.65655e-11
0.2695 	2.18522e-11
0.2702 	1.80318e-11
0.2709 	1.64421e-11
0.2716 	1.48536e-11
0.2723 	1.32662e-11
0.273 	1.16789e-11
0.2737 	1.00915e-11
0.2744 	8.50409e-12
0.2751 	7.06718e-12
0.2758 	6.53205e-12
0.2765 	5.99732e-12
0.2772 	5.46332e-12
0.2779 	4.92932e-12
0.2786 	4.39532e-12
0.2793 	3.86132e-12
0.28 	3.32743e-12
0.2807 	3.09583e-12
0.2814 	2.86445e-12
0.2821 	2.63365e-12
0.2828 	2.40284e-12
0.2835 	2.17204e-12
0.2842 	1.94124e-12
0.2849 	1.71044e-12
0.2856 	1.5712e-12
0.2863 	1.44725e-12
0.287 	1.3238e-12
0.2877 	1.20035e-12
0.2884 	1.07691e-12
0.2891 	9.53459e-13
0.2898 	8.30012e-13
0.2905 	7.47168e-13
0.2912 	6.80565e-13
0.2919 	6.1431e-13
0.2926 	5.48082e-13
0.2933 	4.81854e-13
0.294 	4.15625e-13
0.2947 	3.49397e-13
0.2954 	3.03465e-13
0.2961 	2.72756e-13
0.2968 	2.42212e-13
0.2975 	2.11714e-13
0.2982 	1.81215e-13
0.2989 	1.50716e-13
0.2996 	1.20218e-13
0.3003 	9.80971e-14
0.301 	8.71445e-14
0.3017 	7.62481e-14
0.3024 	6.53829e-14
0.3031 	5.45176e-14
0.3038 	4.36524e-14
0.3045 	3.27872e-14
0.3052 	2.42121e-14
0.3059 	2.1358e-14
0.3066 	1.85166e-14
0.3073 	1.5688e-14
0.308 	1.28594e-14
0.3087 	1.00307e-14
0.3094 	7.20213e-15
0.3101 	4.69824e-15
0.3108 	4.13882e-15
0.3115 	3.58134e-15
0.3122 	3.02735e-15
0.3129 	2.47337e-15
0.3136 	1.91939e-15
0.3143 	1.36541e-15
0.315 	8.1162e-16
0.3157 	7.16224e-16
0.3164 	6.21097e-16
0.3171 	5.26748e-16
0.3178 	4.32398e-16
0.3185 	3.38049e-16
0.3192 	2.437e-16
0.3199 	1.49351e-16
0.3206 	1.22026e-16
0.3213 	1.05857e-16
0.322 	8.98541e-17
0.3227 	7.38507e-17
0.3234 	5.78473e-17
0.3241 	4.18439e-17
0.3248 	2.58405e-17
0.3255 	1.94018e-17
0.3262 	1.67835e-17
0.3269 	1.41933e-17
0.3276 	1.16054e-17
0.3283 	9.01745e-18
0.329 	6.42951e-18
0.3297 	3.84156e-18
0.3304 	2.53371e-18
0.3311 	2.18467e-18
0.3318 	1.83899e-18
0.3325 	1.49423e-18
0.3332 	1.14948e-18
0.3339 	8.04718e-19
0.3346 	4.59959e-19
0.3353 	2.48268e-19
0.336 	2.13736e-19
0.3367 	1.79491e-19
0.3374 	1.45405e-19
0.3381 	1.1132e-19
0.3388 	7.72342e-20
0.3395 	4.31487e-20
0.3402 	1.80964e-20
0.3409 	1.55826e-20
0.3416 	1.30859e-20
0.3423 	1.06062e-20
0.343 	8.12646e-21
0.3437 	5.64676e-21
0.3444 	3.16706e-21
0.3451 	1.02243e-21
0.3458 	8.81199e-22
0.3465 	7.4068e-22
0.3472 	6.01447e-22
0.3479 	4.62213e-22
0.3486 	3.2298e-22
0.3493 	1.83747e-22
0.35 	4.45777e-23
0.3507 	3.84557e-23
0.3514 	3.23577e-23
0.3521 	2.63309e-23
0.3528 	2.03041e-23
0.3535 	1.42772e-23
0.3542 	8.25042e-24
0.3549 	2.2236e-24
0.3556 	1.20319e-24
0.3563 	1.01424e-24
0.357 	8.28046e-25
0.3577 	6.41854e-25
0.3584 	4.55662e-25
0.3591 	2.69469e-25
0.3598 	8.32768e-26
0.3605 	2.71893e-26
0.3612 	2.30227e-26
0.3619 	1.89208e-26
0.3626 	1.4824e-26
0.3633 	1.07271e-26
0.364 	6.63024e-27
0.3647 	2.53338e-27
0.3654 	7.19943e-28
0.3661 	6.15744e-28
0.3668 	5.12899e-28
0.3675 	4.10423e-28
0.3682 	3.07947e-28
0.3689 	2.05471e-28
0.3696 	1.02995e-28
0.3703 	4.19986e-29
0.371 	3.62057e-29
0.3717 	3.04648e-29
0.3724 	2.47529e-29
0.3731 	1.9041e-29
0.3738 	1.33291e-29
0.3745 	7.6172e-30
0.3752 	3.4049e-30
0.3759 	2.93393e-30
0.3766 	2.46558e-30
0.3773 	1.99986e-30
0.378 	1.53413e-30
0.3787 	1.0684e-30
0.3794 	6.02675e-31
0.3801 	1.99669e-31
0.3808 	1.71688e-31
0.3815 	1.43794e-31
0.3822 	1.16055e-31
0.3829 	8.83168e-32
0.3836 	6.05784e-32
0.3843 	3.284e-32
0.385 	5.11463e-33
0.3857 	4.39956e-33
0.3864 	3.68614e-33
0.3871 	2.9764e-33
0.3878 	2.26667e-33
0.3885 	1.55693e-33
0.3892 	8.47194e-34
0.3899 	1.37458e-34
0.3906 	3.20313e-35
0.3913 	2.69238e-35
0.392 	2.18392e-35
0.3927 	1.67547e-35
0.3934 	1.16701e-35
0.3941 	6.5856e-36
0.3948 	1.50105e-36
0.3955 	4.57497e-38
0.3962 	3.86133e-38
0.3969 	3.15001e-38
0.3976 	2.43887e-38
0.3983 	1.72773e-38
0.399 	1.01659e-38
0.3997 	3.05446e-39
0.4004 	9.43527e-42
0.4011 	7.99646e-42
0.4018 	6.56056e-42
0.4025 	5.12546e-42
0.4032 	3.69036e-42
0.4039 	2.25526e-42
0.4046 	8.20154e-43
0.4053 	7.61771e-46
0.406 	6.4771e-46
0.4067 	5.3434e-46
0.4074 	4.21353e-46
0.4081 	3.08366e-46
0.4088 	1.9538e-46
0.4095 	8.2393e-47
0.4102 	1.67226e-48
0.4109 	1.42116e-48
0.4116 	1.17793e-48
0.4123 	9.42575e-49
0.413 	7.0722e-49
0.4137 	4.71864e-49
0.4144 	2.36509e-49
0.4151 	3.41556e-50
0.4158 	2.90581e-50
0.4165 	2.40953e-50
0.4172 	1.93749e-50
0.4179 	1.46545e-50
0.4186 	9.93414e-51
0.4193 	5.21374e-51
0.42 	4.956e-52
0.4207 	4.22295e-52
0.4214 	3.50242e-52
0.4221 	2.82555e-52
0.4228 	2.14869e-52
0.4235 	1.47182e-52
0.4242 	7.94958e-53
0.4249 	1.18093e-53
0.4256 	1.89675e-54
0.4263 	1.5768e-54
0.427 	1.27877e-54
0.4277 	9.80752e-55
0.4284 	6.82728e-55
0.4291 	3.84705e-55
0.4298 	8.66821e-56
0.4305 	1.50122e-57
0.4312 	1.25305e-57
0.4319 	1.02121e-57
0.4326 	7.90626e-58
0.4333 	5.60042e-58
0.434 	3.29458e-58
0.4347 	9.88747e-59
0.4354 	1.52625e-61
0.4361 	1.29104e-61
0.4368 	1.07003e-61
0.4375 	8.52897e-62
0.4382 	6.35761e-62
0.4389 	4.18625e-62
0.4396 	2.01489e-62
0.4403 	8.71847e-63
0.441 	1.09733e-62
0.4417 	1.44761e-62
0.4424 	1.86721e-62
0.4431 	2.28681e-62
0.4438 	2.70641e-62
0.4445 	3.12601e-62
0.4452 	3.7839e-62
0.4459 	5.03514e-62
0.4466 	6.72557e-62
0.4473 	8.85521e-62
0.448 	1.09848e-61
0.4487 	1.31145e-61
0.4494 	1.52441e-61
0.4501 	1.78054e-61
0.4508 	2.29339e-61
0.4515 	2.88622e-61
0.4522 	3.623e-61
0.4529 	4.35979e-61
0.4536 	5.09657e-61
0.4543 	5.83336e-61
0.455 	3.9737e-60
0.4557 	8.15635e-61
0.4564 	9.79678e-61
0.4571 	1.16399e-60
0.4578 	1.3483e-60
0.4585 	1.53261e-60
0.4592 	1.71692e-60
0.4599 	1.90123e-60
0.4606 	2.1073e-60
0.4613 	2.31383e-60
0.462 	2.48383e-60
0.4627 	2.65384e-60
0.4634 	2.82385e-60
0.4641 	2.99386e-60
0.4648 	3.16387e-60
0.4655 	3.48234e-60
0.4662 	3.86034e-60
0.4669 	4.01965e-60
0.4676 	4.16214e-60
0.4683 	4.30462e-60
0.469 	4.44711e-60
0.4697 	4.5896e-60
0.4704 	4.78131e-60
0.4711 	5.00959e-60
0.4718 	5.08418e-60
0.4725 	5.11687e-60
0.4732 	5.14956e-60
0.4739 	5.18225e-60
0.4746 	5.21494e-60
0.4753 	5.31582e-60
0.476 	5.50849e-60
0.4767 	5.45249e-60
0.4774 	5.25833e-60
0.4781 	5.06417e-60
0.4788 	4.87001e-60
0.4795 	4.67585e-60
0.4802 	4.47069e-60
0.4809 	4.23899e-60
0.4816 	3.98729e-60
0.4823 	3.7156e-60
0.483 	3.4439e-60
0.4837 	3.1722e-60
0.4844 	2.9005e-60
0.4851 	2.56275e-60
0.4858 	1.8292e-60
0.4865 	1.30238e-60
0.4872 	1.14768e-60
0.4879 	9.92984e-61
0.4886 	8.38286e-61
0.4893 	6.83588e-61
0.49 	5.29892e-61
0.4907 	2.69384e-61
0.4914 	6.33665e-62
0.4921 	5.40584e-62
0.4928 	4.47503e-62
0.4935 	3.54422e-62
0.4942 	2.6134e-62
0.4949 	1.68259e-62
0.4956 	8.16181e-63
0.4963 	2.04896e-64
0.497 	1.72131e-64
0.4977 	1.39366e-64
0.4984 	1.06601e-64
0.4991 	7.38361e-65
0.4998 	4.10711e-65
0.5005 	2.10097e-65
0.5012 	6.00164e-66
0.5019 	4.22953e-66
0.5026 	3.47557e-66
0.5033 	2.72161e-66
0.504 	1.96764e-66
0.5047 	1.21368e-66
0.5054 	8.45771e-67
0.5061 	7.67454e-67
0.5068 	6.51441e-67
0.5075 	5.25147e-67
0.5082 	3.98853e-67
0.5089 	2.72559e-67
0.5096 	1.46265e-67
0.5103 	7.08886e-68
0.511 	6.33472e-68
0.5117 	5.35697e-68
0.5124 	4.25499e-68
0.5131 	3.15302e-68
0.5138 	2.05104e-68
0.5145 	9.49059e-69
0.5152 	1.55613e-69
0.5159 	1.31934e-69
0.5166 	1.08947e-69
0.5173 	8.66523e-70
0.518 	6.43576e-70
0.5187 	4.20628e-70
0.5194 	1.97681e-70
0.5201 	6.46167e-72
0.5208 	4.89193e-72
0.5215 	3.70334e-72
0.5222 	3.20081e-72
0.5229 	2.69828e-72
0.5236 	2.19575e-72
0.5243 	1.69322e-72
0.525 	1.21481e-72
0.5257 	1.21851e-72
0.5264 	1.25237e-72
0.5271 	1.30983e-72
0.5278 	1.36729e-72
0.5285 	1.42475e-72
0.5292 	1.48222e-72
0.5299 	1.53968e-72
0.5306 	1.52288e-72
0.5313 	1.49159e-72
0.532 	1.43318e-72
0.5327 	1.37478e-72
0.5334 	1.31637e-72
0.5341 	1.25796e-72
0.5348 	1.19955e-72
0.5355 	1.13804e-72
0.5362 	1.07557e-72
0.5369 	9.55109e-73
0.5376 	8.30182e-73
0.5383 	7.05256e-73
0.539 	5.8033e-73
0.5397 	4.55404e-73
0.5404 	3.84878e-73
0.5411 	3.55373e-73
0.5418 	3.0269e-73
0.5425 	2.43685e-73
0.5432 	1.8468e-73
0.5439 	1.25675e-73
0.5446 	6.66698e-74
0.5453 	3.18417e-74
0.546 	2.9228e-74
0.5467 	2.49339e-74
0.5474 	1.97064e-74
0.5481 	1.44788e-74
0.5488 	9.25124e-75
0.5495 	4.02369e-75
0.5502 	2.85349e-76
0.5509 	2.62318e-76
0.5516 	2.2607e-76
0.5523 	1.76606e-76
0.553 	1.27143e-76
0.5537 	7.76794e-77
0.5544 	2.82159e-77
0.5551 	-1.38359e-77
0.5558 	-1.15664e-77
0.5565 	-1.01187e-77
0.5572 	-1.01502e-77
0.5579 	-1.01817e-77
0.5586 	-1.02132e-77
0.5593 	-1.02447e-77
0.56 	-1.02787e-77
0.5607 	-8.2045e-78
0.5614 	-6.57605e-78
0.5621 	-6.57605e-78
0.5628 	-6.57606e-78
0.5635 	-6.57607e-78
0.5642 	-6.57608e-78
0.5649 	-6.57608e-78
0.5656 	-5.26596e-78
0.5663 	-3.84592e-78
0.567 	-3.84593e-78
0.5677 	-3.84593e-78
0.5684 	-3.84594e-78
0.5691 	-3.84595e-78
0.5698 	-3.84595e-78
0.5705 	-3.14388e-78
0.5712 	-2.16035e-78
0.5719 	-2.0901e-78
0.5726 	-2.09011e-78
0.5733 	-2.09011e-78
0.574 	-2.09011e-78
0.5747 	-2.09011e-78
0.5754 	-1.76355e-78
0.5761 	-1.19162e-78
0.5768 	-1.06906e-78
0.5775 	-1.06906e-78
0.5782 	-1.06906e-78
0.5789 	-1.06906e-78
0.5796 	-1.06906e-78
0.5803 	-9.37305e-79
0.581 	-6.29558e-79
0.5817 	-5.19647e-79
0.5824 	-5.19644e-79
0.5831 	-5.19642e-79
0.5838 	-5.19639e-79
0.5845 	-5.19636e-79
0.5852 	-4.75234e-79
0.5859 	-3.19591e-79
0.5866 	-2.41769e-79
0.5873 	-2.41766e-79
0.588 	-2.41763e-79
0.5887 	-2.4176e-79
0.5894 	-2.41757e-79
0.5901 	-2.31103e-79
0.5908 	-1.56309e-79
0.5915 	-1.08226e-79
0.5922 	-1.08224e-79
0.5929 	-1.08221e-79
0.5936 	-1.08219e-79
0.5943 	-1.08217e-79
0.595 	-1.08241e-79
0.5957 	-7.38204e-80
0.5964 	-4.67843e-80
0.5971 	-4.67828e-80
0.5978 	-4.67813e-80
0.5985 	-4.67799e-80
0.5992 	-4.67784e-80
0.5999 	-4.67769e-80
0.6006 	-3.37261e-80
0.6013 	-1.95807e-80
0.602 	-1.95799e-80
0.6027 	-1.9579e-80
0.6034 	-1.95782e-80
0.6041 	-1.95774e-80
0.6048 	-1.95765e-80
0.6055 	-1.49271e-80
0.6062 	-8.4142e-81
0.6069 	-7.9486e-81
0.6076 	-7.94817e-81
0.6083 	-7.94774e-81
0.609 	-7.94732e-81
0.6097 	-7.94689e-81
0.6104 	-6.40754e-81
0.6111 	-3.71194e-81
0.6118 	-3.13415e-81
0.6125 	-3.13394e-81
0.6132 	-3.13374e-81
0.6139 	-3.13353e-81
0.6146 	-3.13333e-81
0.6153 	-2.67e-81
0.616 	-1.58806e-81
0.6167 	-1.20159e-81
0.6174 	-1.2015e-81
0.6181 	-1.20141e-81
0.6188 	-1.20131e-81
0.6195 	-1.20122e-81
0.6202 	-1.08086e-81
0.6209 	-6.59177e-82
0.6216 	-4.48315e-82
0.6223 	-4.48276e-82
0.623 	-4.48236e-82
0.6237 	-4.48197e-82
0.6244 	-4.48157e-82
0.6251 	-4.25371e-82
0.6258 	-2.65613e-82
0.6265 	-1.62906e-82
0.6272 	-1.6289e-82
0.6279 	-1.62873e-82
0.6286 	-1.62857e-82
0.6293 	-1.62841e-82
0.63 	-1.62864e-82
0.6307 	-1.03963e-82
0.6314 	-5.76931e-83
0.6321 	-5.76866e-83
0.6328 	-5.76801e-83
0.6335 	-5.76736e-83
0.6342 	-5.76671e-83
0.6349 	-5.76606e-83
0.6356 	-3.95527e-83
0.6363 	-1.99266e-83
0.637 	-1.99241e-83
0.6377 	-1.99216e-83
0.6384 	-1.99191e-83
0.6391 	-1.99166e-83
0.6398 	-1.99141e-83
0.6405 	-1.46365e-83
0.6412 	-7.24444e-84
0.6419 	-6.71556e-84
0.6426 	-6.71462e-84
0.6433 	-6.71368e-84
0.644 	-6.71274e-84
0.6447 	-6.71181e-84
0.6454 	-5.27189e-84
0.6461 	-2.75082e-84
0.6468 	-2.21033e-84
0.6475 	-2.20998e-84
0.6482 	-2.20964e-84
0.6489 	-2.2093e-84
0.6496 	-2.20896e-84
0.6503 	-1.84956e-84
0.651 	-1.01055e-84
0.6517 	-7.10832e-85
0.6524 	-7.10712e-85
0.6531 	-7.10591e-85
0.6538 	-7.10471e-85
0.6545 	-7.1035e-85
0.6552 	-6.32485e-85
0.6559 	-3.59844e-85
0.6566 	-2.23502e-85
0.6573 	-2.23461e-85
0.658 	-2.2342e-85
0.6587 	-2.23378e-85
0.6594 	-2.23337e-85
0.6601 	-2.10972e-85
0.6608 	-1.24405e-85
0.6615 	-6.87504e-86
0.6622 	-6.87366e-86
0.6629 	-6.87228e-86
0.6636 	-6.8709e-86
0.6643 	-6.86952e-86
0.665 	-6.8698e-86
0.6657 	-4.18191e-86
0.6664 	-2.0703e-86
0.6671 	-2.06985e-86
0.6678 	-2.0694e-86
0.6685 	-2.06895e-86
0.6692 	-2.0685e-86
0.6699 	-2.06805e-86
0.6706 	-1.3687e-86
0.6713 	-6.10747e-87
0.672 	-6.10605e-87
0.6727 	-6.10462e-87
0.6734 	-6.10319e-87
0.6741 	-6.10177e-87
0.6748 	-6.10034e-87
0.6755 	-4.36716e-87
0.6762 	-1.9398e-87
0.6769 	-1.76601e-87
0.6776 	-1.76557e-87
0.6783 	-1.76513e-87
0.679 	-1.76469e-87
0.6797 	-1.76424e-87
0.6804 	-1.36019e-87
0.6811 	-6.52878e-88
0.6818 	-5.01208e-88
0.6825 	-5.01075e-88
0.6832 	-5.00942e-88
0.6839 	-5.00809e-88
0.6846 	-5.00676e-88
0.6853 	-4.14062e-88
0.686 	-2.11936e-88
0.6867 	-1.39724e-88
0.6874 	-1.39684e-88
0.6881 	-1.39645e-88
0.6888 	-1.39606e-88
0.6895 	-1.39567e-88
0.6902 	-1.23363e-88
0.6909 	-6.66606e-89
0.6916 	-3.83039e-89
0.6923 	-3.82927e-89
0.693 	-3.82814e-89
0.6937 	-3.82701e-89
0.6944 	-3.82588e-89
0.6951 	-3.6499e-89
0.6958 	-2.42108e-89
0.6965 	-1.63103e-89
0.6972 	-1.63079e-89
0.6979 	-1.63054e-89
0.6986 	-1.63029e-89
0.6993 	-1.63004e-89
0.7 	-1.63018e-89
