0 	1
0.0007 	1
0.0014 	1
0.0021 	1
0.0028 	1
0.0035 	1
0.0042 	1
0.0049 	1
0.0056 	1
0.0063 	1
0.007 	1
0.0077 	1
0.0084 	1
0.0091 	1
0.0098 	1
0.0105 	1
0.0112 	1
0.0119 	1
0.0126 	1
0.0133 	1
0.014 	1
0.0147 	1
0.0154 	1
0.0161 	1
0.0168 	1
0.0175 	1
0.0182 	1
0.0189 	1
0.0196 	1
0.0203 	1
0.021 	1
0.0217 	1
0.0224 	1
0.0231 	1
0.0238 	1
0.0245 	1
0.0252 	1
0.0259 	1
0.0266 	1
0.0273 	1
0.028 	1
0.0287 	1
0.0294 	1
0.0301 	1
0.0308 	1
0.0315 	1
0.0322 	1
0.0329 	1
0.0336 	1
0.0343 	1
0.035 	1
0.0357 	1
0.0364 	1
0.0371 	1
0.0378 	1
0.0385 	1
0.0392 	1
0.0399 	1
0.0406 	1
0.0413 	1
0.042 	1
0.0427 	1
0.0434 	1
0.0441 	1
0.0448 	1
0.0455 	1
0.0462 	1
0.0469 	1
0.0476 	1
0.0483 	1
0.049 	1
0.0497 	1
0.0504 	1
0.0511 	1
0.0518 	1
0.0525 	1
0.0532 	1
0.0539 	1
0.0546 	1
0.0553 	1
0.056 	1
0.0567 	1
0.0574 	1
0.0581 	1
0.0588 	1
0.0595 	1
0.0602 	1
0.0609 	1
0.0616 	1
0.0623 	1
0.063 	1
0.0637 	1
0.0644 	1
0.0651 	1
0.0658 	1
0.0665 	1
0.0672 	1
0.0679 	1
0.0686 	1
0.0693 	1
0.07 	1
0.0707 	1
0.0714 	1
0.0721 	1
0.0728 	1
0.0735 	1
0.0742 	1
0.0749 	1
0.0756 	1
0.0763 	1
0.077 	1
0.0777 	1
0.0784 	1
0.0791 	1
0.0798 	1
0.0805 	1
0.0812 	1
0.0819 	1
0.0826 	1
0.0833 	1
0.084 	1
0.0847 	1
0.0854 	1
0.0861 	1
0.0868 	1
0.0875 	1
0.0882 	1
0.0889 	1
0.0896 	1
0.0903 	1
0.091 	1
0.0917 	1
0.0924 	1
0.0931 	1
0.0938 	1
0.0945 	1
0.0952 	1
0.0959 	1
0.0966 	1
0.0973 	1
0.098 	1
0.0987 	1
0.0994 	1
0.1001 	1
0.1008 	1
0.1015 	1
0.1022 	1
0.1029 	1
0.1036 	1
0.1043 	1
0.105 	1
0.1057 	1
0.1064 	1
0.1071 	1
0.1078 	1
0.1085 	1
0.1092 	1
0.1099 	1
0.1106 	1
0.1113 	1
0.112 	1
0.1127 	1
0.1134 	1
0.1141 	1
0.1148 	1
0.1155 	1
0.1162 	1
0.1169 	1
0.1176 	1
0.1183 	1
0.119 	1
0.1197 	1
0.1204 	1
0.1211 	1
0.1218 	1
0.1225 	1
0.1232 	1
0.1239 	1
0.1246 	1
0.1253 	1
0.126 	1
0.1267 	1
0.1274 	1
0.1281 	1
0.1288 	1
0.1295 	1
0.1302 	1
0.1309 	1
0.1316 	1
0.1323 	1
0.133 	1
0.1337 	1
0.1344 	1
0.1351 	1
0.1358 	1
0.1365 	1
0.1372 	1
0.1379 	1
0.1386 	1
0.1393 	1
0.14 	1
0.1407 	1
0.1414 	1
0.1421 	1
0.1428 	1
0.1435 	1
0.1442 	1
0.1449 	1
0.1456 	1
0.1463 	1
0.147 	1
0.1477 	1
0.1484 	1
0.1491 	1
0.1498 	1
0.1505 	1
0.1512 	1
0.1519 	1
0.1526 	1
0.1533 	1
0.154 	1
0.1547 	1
0.1554 	1
0.1561 	1
0.1568 	1
0.1575 	1
0.1582 	1
0.1589 	1
0.1596 	1
0.1603 	1
0.161 	1
0.1617 	1
0.1624 	1
0.1631 	1
0.1638 	1
0.1645 	1
0.1652 	1
0.1659 	1
0.1666 	1
0.1673 	1
0.168 	1
0.1687 	1
0.1694 	1
0.1701 	1
0.1708 	1
0.1715 	1
0.1722 	1
0.1729 	1
0.1736 	1
0.1743 	1
0.175 	1
0.1757 	1
0.1764 	1
0.1771 	1
0.1778 	1
0.1785 	1
0.1792 	1
0.1799 	1
0.1806 	1
0.1813 	1
0.182 	1
0.1827 	1
0.1834 	1
0.1841 	1
0.1848 	1
0.1855 	1
0.1862 	1
0.1869 	1
0.1876 	1
0.1883 	1
0.189 	1
0.1897 	1
0.1904 	1
0.1911 	1
0.1918 	1
0.1925 	1
0.1932 	1
0.1939 	1
0.1946 	1
0.1953 	1
0.196 	1
0.1967 	1
0.1974 	1
0.1981 	1
0.1988 	1
0.1995 	1
0.2002 	1
0.2009 	0.999999
0.2016 	0.999998
0.2023 	0.999997
0.203 	0.999996
0.2037 	0.999995
0.2044 	0.999994
0.2051 	0.999964
0.2058 	0.999759
0.2065 	0.999553
0.2072 	0.999347
0.2079 	0.999142
0.2086 	0.998936
0.2093 	0.99873
0.21 	0.998525
0.2107 	0.99176
0.2114 	0.984994
0.2121 	0.978229
0.2128 	0.971463
0.2135 	0.964697
0.2142 	0.957931
0.2149 	0.951165
0.2156 	0.913497
0.2163 	0.870674
0.217 	0.827851
0.2177 	0.785028
0.2184 	0.742205
0.2191 	0.699382
0.2198 	0.656559
0.2205 	0.600289
0.2212 	0.538646
0.2219 	0.477003
0.2226 	0.41536
0.2233 	0.353717
0.224 	0.292074
0.2247 	0.230431
0.2254 	0.188637
0.2261 	0.161731
0.2268 	0.134826
0.2275 	0.107921
0.2282 	0.0810156
0.2289 	0.0541106
0.2296 	0.0272055
0.2303 	0.0111536
0.231 	0.00956659
0.2317 	0.0079796
0.2324 	0.00639264
0.2331 	0.00480568
0.2338 	0.00321871
0.2345 	0.00163175
0.2352 	0.000479453
0.2359 	0.000413257
0.2366 	0.000347061
0.2373 	0.000280866
0.238 	0.00021467
0.2387 	0.000148475
0.2394 	8.22801e-05
0.2401 	2.50611e-05
0.2408 	2.16527e-05
0.2415 	1.82445e-05
0.2422 	1.48363e-05
0.2429 	1.14281e-05
0.2436 	8.01991e-06
0.2443 	4.61173e-06
0.245 	1.20391e-06
0.2457 	1.04258e-06
0.2464 	8.81275e-07
0.2471 	7.19984e-07
0.2478 	5.58693e-07
0.2485 	3.97402e-07
0.2492 	2.36112e-07
0.2499 	7.48207e-08
0.2506 	4.58349e-08
0.2513 	3.88799e-08
0.252 	3.19267e-08
0.2527 	2.49736e-08
0.2534 	1.80205e-08
0.2541 	1.10673e-08
0.2548 	4.11417e-09
0.2555 	1.9254e-09
0.2562 	1.64131e-09
0.2569 	1.35736e-09
0.2576 	1.07343e-09
0.2583 	7.89494e-10
0.259 	5.0556e-10
0.2597 	2.21625e-10
0.2604 	9.29336e-11
0.2611 	8.06197e-11
0.2618 	6.83146e-11
0.2625 	5.60118e-11
0.2632 	4.37089e-11
0.2639 	3.14061e-11
0.2646 	1.91033e-11
0.2653 	1.1592e-11
0.266 	1.04664e-11
0.2667 	9.34163e-12
0.2674 	8.21733e-12
0.2681 	7.09304e-12
0.2688 	5.96875e-12
0.2695 	4.84446e-12
0.2702 	3.95465e-12
0.2709 	3.65079e-12
0.2716 	3.34708e-12
0.2723 	3.04353e-12
0.273 	2.73998e-12
0.2737 	2.43643e-12
0.2744 	2.13288e-12
0.2751 	1.85275e-12
0.2758 	1.71311e-12
0.2765 	1.5735e-12
0.2772 	1.43393e-12
0.2779 	1.29436e-12
0.2786 	1.15479e-12
0.2793 	1.01522e-12
0.28 	8.75655e-13
0.2807 	8.02046e-13
0.2814 	7.28445e-13
0.2821 	6.54865e-13
0.2828 	5.81286e-13
0.2835 	5.07706e-13
0.2842 	4.34126e-13
0.2849 	3.60547e-13
0.2856 	3.21946e-13
0.2863 	2.89176e-13
0.287 	2.56423e-13
0.2877 	2.2367e-13
0.2884 	1.90916e-13
0.2891 	1.58163e-13
0.2898 	1.2541e-13
0.2905 	1.078e-13
0.2912 	9.62461e-14
0.2919 	8.47e-14
0.2926 	7.31545e-14
0.2933 	6.16091e-14
0.294 	5.00636e-14
0.2947 	3.85181e-14
0.2954 	3.15932e-14
0.2961 	2.81326e-14
0.2968 	2.4674e-14
0.2975 	2.1216e-14
0.2982 	1.77579e-14
0.2989 	1.42999e-14
0.2996 	1.08419e-14
0.3003 	8.46278e-15
0.301 	7.52186e-15
0.3017 	6.58128e-15
0.3024 	5.6409e-15
0.3031 	4.70051e-15
0.3038 	3.76012e-15
0.3045 	2.81974e-15
0.3052 	2.08081e-15
0.3059 	1.84533e-15
0.3066 	1.60989e-15
0.3073 	1.3745e-15
0.308 	1.1391e-15
0.3087 	9.03703e-16
0.3094 	6.68307e-16
0.3101 	4.58995e-16
0.3108 	4.0607e-16
0.3115 	3.53148e-16
0.3122 	3.00232e-16
0.3129 	2.47316e-16
0.3136 	1.94401e-16
0.3143 	1.41485e-16
0.315 	8.85743e-17
0.3157 	7.82052e-17
0.3164 	6.78372e-17
0.3171 	5.74691e-17
0.3178 	4.71009e-17
0.3185 	3.67328e-17
0.3192 	2.63647e-17
0.3199 	1.59965e-17
0.3206 	1.30201e-17
0.3213 	1.12745e-17
0.322 	9.52837e-18
0.3227 	7.78229e-18
0.3234 	6.03621e-18
0.3241 	4.29013e-18
0.3248 	2.54406e-18
0.3255 	1.86542e-18
0.3262 	1.61353e-18
0.3269 	1.36149e-18
0.3276 	1.10943e-18
0.3283 	8.57374e-19
0.329 	6.05319e-19
0.3297 	3.53263e-19
0.3304 	2.27619e-19
0.3311 	1.96738e-19
0.3318 	1.65829e-19
0.3325 	1.34913e-19
0.3332 	1.03997e-19
0.3339 	7.30813e-20
0.3346 	4.21654e-20
0.3353 	2.31533e-20
0.336 	2.00047e-20
0.3367 	1.68528e-20
0.3374 	1.36989e-20
0.3381 	1.05451e-20
0.3388 	7.39125e-21
0.3395 	4.23741e-21
0.3402 	1.91083e-21
0.3409 	1.65104e-21
0.3416 	1.39096e-21
0.3423 	1.13056e-21
0.343 	8.70162e-22
0.3437 	6.09765e-22
0.3444 	3.49369e-22
0.3451 	1.23808e-22
0.3458 	1.07033e-22
0.3465 	9.02387e-23
0.3472 	7.34086e-23
0.3479 	5.65785e-23
0.3486 	3.97484e-23
0.3493 	2.29183e-23
0.35 	6.09063e-24
0.3507 	5.27255e-24
0.3514 	4.45378e-24
0.3521 	3.63207e-24
0.3528 	2.81036e-24
0.3535 	1.98866e-24
0.3542 	1.16695e-24
0.3549 	3.45243e-25
0.3556 	2.01811e-25
0.3563 	1.71273e-25
0.357 	1.40551e-25
0.3577 	1.09828e-25
0.3584 	7.91051e-26
0.3591 	4.83824e-26
0.3598 	1.76597e-26
0.3605 	8.05783e-27
0.3612 	6.89807e-27
0.3619 	5.72852e-27
0.3626 	4.55822e-27
0.3633 	3.38792e-27
0.364 	2.21762e-27
0.3647 	1.04732e-27
0.3654 	5.05203e-28
0.3661 	4.33939e-28
0.3668 	3.62102e-28
0.3675 	2.90109e-28
0.3682 	2.18117e-28
0.3689 	1.46124e-28
0.3696 	7.41311e-29
0.3703 	3.11065e-29
0.371 	2.66831e-29
0.3717 	2.22287e-29
0.3724 	1.77572e-29
0.3731 	1.32856e-29
0.3738 	8.81407e-30
0.3745 	4.34253e-30
0.3752 	1.10459e-30
0.3759 	9.48358e-31
0.3766 	7.91167e-31
0.3773 	6.33021e-31
0.378 	4.74875e-31
0.3787 	3.16729e-31
0.3794 	1.58583e-31
0.3801 	2.26014e-32
0.3808 	1.94354e-32
0.3815 	1.62539e-32
0.3822 	1.30443e-32
0.3829 	9.83476e-33
0.3836 	6.62521e-33
0.3843 	3.41565e-33
0.385 	2.06624e-34
0.3857 	1.78105e-34
0.3864 	1.49487e-34
0.3871 	1.20496e-34
0.3878 	9.15056e-35
0.3885 	6.25148e-35
0.3892 	3.3524e-35
0.3899 	4.53315e-36
0.3906 	3.49642e-37
0.3913 	2.94944e-37
0.392 	2.39157e-37
0.3927 	1.8337e-37
0.3934 	1.27583e-37
0.3941 	7.17957e-38
0.3948 	1.60085e-38
0.3955 	7.09916e-41
0.3962 	6.01998e-41
0.3969 	4.91286e-41
0.3976 	3.8036e-41
0.3983 	2.69434e-41
0.399 	1.58507e-41
0.3997 	4.7581e-42
0.4004 	5.54112e-45
0.4011 	4.7222e-45
0.4018 	3.88143e-45
0.4025 	3.03469e-45
0.4032 	2.18796e-45
0.4039 	1.34122e-45
0.4046 	4.94485e-46
0.4053 	1.01603e-47
0.406 	8.71422e-48
0.4067 	7.21869e-48
0.4074 	5.6957e-48
0.4081 	4.1727e-48
0.4088 	2.6497e-48
0.4095 	1.12671e-48
0.4102 	3.76197e-50
0.4109 	3.23862e-50
0.4116 	2.69952e-50
0.4123 	2.14468e-50
0.413 	1.58983e-50
0.4137 	1.03499e-50
0.4144 	4.80143e-51
0.4151 	4.56975e-53
0.4158 	3.94771e-53
0.4165 	3.31136e-53
0.4172 	2.64924e-53
0.4179 	1.98712e-53
0.4186 	1.325e-53
0.4193 	6.62881e-54
0.42 	8.76111e-57
0.4207 	7.59289e-57
0.4214 	6.40812e-57
0.4221 	5.1622e-57
0.4228 	3.91628e-57
0.4235 	2.67036e-57
0.4242 	1.42444e-57
0.4249 	1.78525e-58
0.4256 	6.6975e-61
0.4263 	5.68257e-61
0.427 	4.60757e-61
0.4277 	3.53257e-61
0.4284 	2.45757e-61
0.4291 	1.38257e-61
0.4298 	3.07576e-62
0.4305 	5.64775e-65
0.4312 	4.81226e-65
0.4319 	3.92886e-65
0.4326 	3.04177e-65
0.4333 	2.15468e-65
0.434 	1.2676e-65
0.4347 	3.8051e-66
0.4354 	4.5164e-69
0.4361 	3.86115e-69
0.4368 	3.17506e-69
0.4375 	2.48057e-69
0.4382 	1.78608e-69
0.4389 	1.09158e-69
0.4396 	3.9709e-70
0.4403 	3.4069e-73
0.441 	2.9221e-73
0.4417 	2.4191e-73
0.4424 	1.90599e-73
0.4431 	1.39288e-73
0.4438 	8.79775e-74
0.4445 	3.66666e-74
0.4452 	2.43155e-77
0.4459 	2.09208e-77
0.4466 	1.74294e-77
0.4473 	1.38412e-77
0.448 	1.0253e-77
0.4487 	6.66482e-78
0.4494 	3.07663e-78
0.4501 	1.65076e-81
0.4508 	1.42459e-81
0.4515 	1.19393e-81
0.4522 	9.55155e-82
0.4529 	7.16382e-82
0.4536 	4.77609e-82
0.4543 	2.38836e-82
0.455 	1.07005e-85
0.4557 	9.26123e-86
0.4564 	7.80529e-86
0.4571 	6.28767e-86
0.4578 	4.77004e-86
0.4585 	3.25242e-86
0.4592 	1.7348e-86
0.4599 	2.17176e-87
0.4606 	5.77383e-90
0.4613 	4.89079e-90
0.462 	3.96538e-90
0.4627 	3.03997e-90
0.4634 	2.11456e-90
0.4641 	1.18914e-90
0.4648 	2.63729e-91
0.4655 	-4.31028e-94
0.4662 	-3.29817e-94
0.4669 	-3.73067e-94
0.4676 	-4.2743e-94
0.4683 	-4.81792e-94
0.469 	-5.36155e-94
0.4697 	-5.90518e-94
0.4704 	-5.433e-94
0.4711 	-4.19874e-94
0.4718 	-3.93408e-94
0.4725 	-3.93387e-94
0.4732 	-3.93365e-94
0.4739 	-3.93343e-94
0.4746 	-3.93322e-94
0.4753 	-3.57131e-94
0.476 	-2.72677e-94
0.4767 	-2.42503e-94
0.4774 	-2.42484e-94
0.4781 	-2.42465e-94
0.4788 	-2.42446e-94
0.4795 	-2.42426e-94
0.4802 	-2.26669e-94
0.4809 	-1.71528e-94
0.4816 	-1.43952e-94
0.4823 	-1.43939e-94
0.483 	-1.43926e-94
0.4837 	-1.43914e-94
0.4844 	-1.43901e-94
0.4851 	-1.38973e-94
0.4858 	-1.04506e-94
0.4865 	-8.23462e-95
0.4872 	-8.2338e-95
0.4879 	-8.23299e-95
0.4886 	-8.23217e-95
0.4893 	-8.23136e-95
0.49 	-8.23142e-95
0.4907 	-6.16523e-95
0.4914 	-4.54206e-95
0.4921 	-4.54156e-95
0.4928 	-4.54106e-95
0.4935 	-4.54057e-95
0.4942 	-4.54007e-95
0.4949 	-4.53957e-95
0.4956 	-3.5209e-95
0.4963 	-2.41715e-95
0.497 	-2.41685e-95
0.4977 	-2.41656e-95
0.4984 	-2.41627e-95
0.4991 	-2.41597e-95
0.4998 	-2.41568e-95
0.5005 	-1.94615e-95
0.5012 	-1.28875e-95
0.5019 	-1.24164e-95
0.5026 	-1.24147e-95
0.5033 	-1.2413e-95
0.504 	-1.24114e-95
0.5047 	-1.24097e-95
0.5054 	-1.04106e-95
0.5061 	-6.91209e-96
0.5068 	-6.16171e-96
0.5075 	-6.16081e-96
0.5082 	-6.15991e-96
0.5089 	-6.15901e-96
0.5096 	-6.15811e-96
0.5103 	-5.38945e-96
0.511 	-3.59627e-96
0.5117 	-2.95555e-96
0.5124 	-2.95509e-96
0.5131 	-2.95462e-96
0.5138 	-2.95415e-96
0.5145 	-2.95368e-96
0.5152 	-2.70035e-96
0.5159 	-1.81428e-96
0.5166 	-1.37113e-96
0.5173 	-1.37089e-96
0.518 	-1.37066e-96
0.5187 	-1.37042e-96
0.5194 	-1.37019e-96
0.5201 	-1.30971e-96
0.5208 	-8.87229e-97
0.5215 	-6.15593e-97
0.5222 	-6.15479e-97
0.5229 	-6.15365e-97
0.5236 	-6.15251e-97
0.5243 	-6.15136e-97
0.525 	-6.1509e-97
0.5257 	-4.20522e-97
0.5264 	-2.67659e-97
0.5271 	-2.67605e-97
0.5278 	-2.67552e-97
0.5285 	-2.67499e-97
0.5292 	-2.67445e-97
0.5299 	-2.67392e-97
0.5306 	-1.93183e-97
0.5313 	-1.12779e-97
0.532 	-1.12755e-97
0.5327 	-1.12731e-97
0.5334 	-1.12707e-97
0.5341 	-1.12683e-97
0.5348 	-1.12659e-97
0.5355 	-8.60277e-98
0.5362 	-4.87434e-98
0.5369 	-4.60705e-98
0.5376 	-4.606e-98
0.5383 	-4.60495e-98
0.539 	-4.6039e-98
0.5397 	-4.60285e-98
0.5404 	-3.71446e-98
0.5411 	-2.16003e-98
0.5418 	-1.82659e-98
0.5425 	-1.82614e-98
0.5432 	-1.8257e-98
0.5439 	-1.82526e-98
0.5446 	-1.82482e-98
0.5453 	-1.55556e-98
0.546 	-9.27584e-99
0.5467 	-7.03191e-99
0.5474 	-7.03011e-99
0.5481 	-7.0283e-99
0.5488 	-7.0265e-99
0.5495 	-7.0247e-99
0.5502 	-6.32098e-99
0.5509 	-3.86079e-99
0.5516 	-2.63034e-99
0.5523 	-2.62963e-99
0.553 	-2.62892e-99
0.5537 	-2.6282e-99
0.5544 	-2.62749e-99
0.5551 	-2.49344e-99
0.5558 	-1.55804e-99
0.5565 	-9.56619e-100
0.5572 	-9.56346e-100
0.5579 	-9.56073e-100
0.5586 	-9.558e-100
0.5593 	-9.55527e-100
0.56 	-9.55361e-100
0.5607 	-6.09903e-100
0.5614 	-3.3848e-100
0.5621 	-3.38378e-100
0.5628 	-3.38277e-100
0.5635 	-3.38176e-100
0.5642 	-3.38074e-100
0.5649 	-3.37973e-100
0.5656 	-2.31717e-100
0.5663 	-1.16593e-100
0.567 	-1.16557e-100
0.5677 	-1.1652e-100
0.5684 	-1.16484e-100
0.5691 	-1.16447e-100
0.5698 	-1.16411e-100
0.5705 	-8.54946e-101
0.5712 	-4.22149e-101
0.5719 	-3.91116e-101
0.5726 	-3.90988e-101
0.5733 	-3.9086e-101
0.574 	-3.90731e-101
0.5747 	-3.90603e-101
0.5754 	-3.06543e-101
0.5761 	-1.59481e-101
0.5768 	-1.27933e-101
0.5775 	-1.2789e-101
0.5782 	-1.27846e-101
0.5789 	-1.27803e-101
0.5796 	-1.27759e-101
0.5803 	-1.06884e-101
0.581 	-5.82099e-102
0.5817 	-4.08172e-102
0.5824 	-4.08027e-102
0.5831 	-4.07882e-102
0.5838 	-4.07738e-102
0.5845 	-4.07593e-102
0.5852 	-3.62659e-102
0.5859 	-2.05639e-102
0.5866 	-1.27105e-102
0.5873 	-1.27059e-102
0.588 	-1.27012e-102
0.5887 	-1.26965e-102
0.5894 	-1.26919e-102
0.5901 	-1.19831e-102
0.5908 	-7.04237e-103
0.5915 	-3.86568e-103
0.5922 	-3.86421e-103
0.5929 	-3.86275e-103
0.5936 	-3.86128e-103
0.5943 	-3.85982e-103
0.595 	-3.85879e-103
0.5957 	-2.34126e-103
0.5964 	-1.14893e-103
0.5971 	-1.14848e-103
0.5978 	-1.14803e-103
0.5985 	-1.14758e-103
0.5992 	-1.14713e-103
0.5999 	-1.14668e-103
0.6006 	-7.56577e-104
0.6013 	-3.33926e-104
0.602 	-3.33792e-104
0.6027 	-3.33657e-104
0.6034 	-3.33523e-104
0.6041 	-3.33388e-104
0.6048 	-3.33254e-104
0.6055 	-2.3793e-104
0.6062 	-1.04492e-104
0.6069 	-9.49241e-105
0.6076 	-9.48848e-105
0.6083 	-9.48456e-105
0.609 	-9.48063e-105
0.6097 	-9.4767e-105
0.6104 	-7.2896e-105
0.6111 	-3.46374e-105
0.6118 	-2.64303e-105
0.6125 	-2.64191e-105
0.6132 	-2.64079e-105
0.6139 	-2.63967e-105
0.6146 	-2.63855e-105
0.6153 	-2.17805e-105
0.616 	-1.10455e-105
0.6167 	-7.20953e-106
0.6174 	-7.2064e-106
0.6181 	-7.20327e-106
0.6188 	-7.20014e-106
0.6195 	-7.19701e-106
0.6202 	-6.35262e-106
0.6209 	-3.40298e-106
0.6216 	-1.92773e-106
0.6223 	-1.92687e-106
0.623 	-1.92602e-106
0.6237 	-1.92516e-106
0.6244 	-1.92431e-106
0.6251 	-1.81029e-106
0.6258 	-1.01613e-106
0.6265 	-5.05522e-107
0.6272 	-5.05293e-107
0.6279 	-5.05064e-107
0.6286 	-5.04835e-107
0.6293 	-5.04606e-107
0.63 	-5.04436e-107
0.6307 	-2.94798e-107
0.6314 	-1.30082e-107
0.6321 	-1.30022e-107
0.6328 	-1.29962e-107
0.6335 	-1.29902e-107
0.6342 	-1.29842e-107
0.6349 	-1.29782e-107
0.6356 	-8.32607e-108
0.6363 	-3.28586e-108
0.637 	-3.28431e-108
0.6377 	-3.28276e-108
0.6384 	-3.28122e-108
0.6391 	-3.27967e-108
0.6398 	-3.27812e-108
0.6405 	-2.2928e-108
0.6412 	-9.13567e-109
0.6419 	-8.14687e-109
0.6426 	-8.14296e-109
0.6433 	-8.13905e-109
0.644 	-8.13514e-109
0.6447 	-8.13122e-109
0.6454 	-6.16402e-109
0.6461 	-2.7231e-109
0.6468 	-1.985e-109
0.6475 	-1.98402e-109
0.6482 	-1.98305e-109
0.6489 	-1.98208e-109
0.6496 	-1.9811e-109
0.6503 	-1.6194e-109
0.651 	-7.76326e-110
0.6517 	-4.75074e-110
0.6524 	-4.74835e-110
0.6531 	-4.74596e-110
0.6538 	-4.74358e-110
0.6545 	-4.74119e-110
0.6552 	-4.16019e-110
0.6559 	-2.1312e-110
0.6566 	-1.11642e-110
0.6573 	-1.11585e-110
0.658 	-1.11527e-110
0.6587 	-1.11469e-110
0.6594 	-1.11412e-110
0.6601 	-1.0452e-110
0.6608 	-5.65582e-111
0.6615 	-2.57205e-111
0.6622 	-2.57068e-111
0.6629 	-2.56931e-111
0.6636 	-2.56794e-111
0.6643 	-2.56657e-111
0.665 	-2.5655e-111
0.6657 	-1.45266e-111
0.6664 	-5.78279e-112
0.6671 	-5.77959e-112
0.6678 	-5.7764e-112
0.6685 	-5.7732e-112
0.6692 	-5.77001e-112
0.6699 	-5.76681e-112
0.6706 	-3.60114e-112
0.6713 	-1.25487e-112
0.672 	-1.25414e-112
0.6727 	-1.25342e-112
0.6734 	-1.25269e-112
0.6741 	-1.25196e-112
0.6748 	-1.25123e-112
0.6755 	-8.53384e-113
0.6762 	-2.96528e-113
0.6769 	-2.56604e-113
0.6776 	-2.56443e-113
0.6783 	-2.56282e-113
0.679 	-2.56121e-113
0.6797 	-2.5596e-113
0.6804 	-1.89202e-113
0.6811 	-7.24537e-114
0.6818 	-4.74097e-114
0.6825 	-4.73761e-114
0.6832 	-4.73424e-114
0.6839 	-4.73088e-114
0.6846 	-4.72752e-114
0.6853 	-3.76827e-114
0.686 	-1.53343e-114
0.6867 	-7.34856e-115
0.6874 	-7.34217e-115
0.6881 	-7.33578e-115
0.6888 	-7.32938e-115
0.6895 	-7.32299e-115
0.6902 	-6.28286e-115
0.6909 	-2.65577e-115
0.6916 	-8.41709e-116
0.6923 	-8.40684e-116
0.693 	-8.3966e-116
0.6937 	-8.38635e-116
0.6944 	-8.3761e-116
0.6951 	-7.78467e-116
0.6958 	-3.70019e-116
0.6965 	-1.07405e-116
0.6972 	-1.07292e-116
0.6979 	-1.07178e-116
0.6986 	-1.07065e-116
0.6993 	-1.06951e-116
0.7 	-1.0685e-116
