0 	1
0.0007 	1
0.0014 	1
0.0028 	1
0.0035 	1
0.0042 	1
0.0049 	1
0.0056 	1
0.0063 	1
0.007 	1
0.0077 	1
0.0084 	1
0.0098 	1
0.0105 	1
0.0112 	1
0.0119 	1
0.0126 	1
0.0133 	1
0.014 	1
0.0147 	1
0.0154 	1
0.0161 	1
0.0168 	1
0.0175 	1
0.0182 	1
0.0189 	1
0.0196 	1
0.0203 	1
0.021 	1
0.0217 	1
0.0224 	1
0.0231 	1
0.0238 	1
0.0245 	1
0.0252 	1
0.0259 	1
0.0266 	1
0.0273 	1
0.028 	1
0.0287 	1
0.0294 	1
0.0301 	1
0.0308 	1
0.0315 	1
0.0322 	1
0.0329 	1
0.0336 	1
0.0343 	1
0.035 	1
0.0357 	1
0.0364 	1
0.0371 	1
0.0378 	1
0.0385 	1
0.0392 	1
0.0399 	1
0.0406 	1
0.0413 	1
0.042 	1
0.0427 	1
0.0434 	1
0.0441 	1
0.0448 	1
0.0455 	1
0.0469 	1
0.0476 	1
0.0483 	1
0.049 	1
0.0497 	1
0.0504 	1
0.0511 	1
0.0518 	1
0.0525 	1
0.0532 	1
0.0539 	1
0.0546 	1
0.0553 	1
0.056 	1
0.0567 	1
0.0574 	1
0.0581 	1
0.0588 	1
0.0595 	1
0.0602 	1
0.0609 	1
0.0616 	1
0.0623 	1
0.063 	1
0.0637 	1
0.0644 	1
0.0651 	1
0.0658 	1
0.0665 	1
0.0679 	1
0.0686 	1
0.0693 	1
0.07 	1
0.0707 	1
0.0714 	1
0.0721 	1
0.0728 	1
0.0735 	1
0.0742 	1
0.0749 	1
0.0756 	1
0.0763 	1
0.0777 	1
0.0784 	1
0.0791 	1
0.0798 	1
0.0805 	1
0.0812 	1
0.0819 	1
0.0826 	1
0.0833 	1
0.084 	1
0.0847 	1
0.0854 	1
0.0861 	1
0.0868 	1
0.0875 	1
0.0882 	1
0.0889 	1
0.0896 	1
0.0903 	1
0.091 	1
0.0917 	1
0.0924 	1
0.0931 	1
0.0938 	1
0.0945 	1
0.0952 	1
0.0959 	1
0.0966 	1
0.0973 	1
0.098 	1
0.0994 	1
0.1001 	1
0.1008 	1
0.1015 	1
0.1029 	1
0.1036 	1
0.1043 	1
0.105 	1
0.1057 	1
0.1064 	1
0.1071 	1
0.1078 	1
0.1085 	1
0.1092 	1
0.1099 	1
0.1106 	1
0.1113 	1
0.112 	1
0.1127 	1
0.1134 	1
0.1141 	1
0.1148 	1
0.1155 	1
0.1162 	1
0.1169 	1
0.1176 	1
0.119 	1
0.1197 	1
0.1204 	1
0.1211 	1
0.1218 	1
0.1225 	1
0.1239 	1
0.1246 	1
0.1253 	1
0.126 	1
0.1267 	1
0.1274 	1
0.1281 	1
0.1288 	1
0.1295 	1
0.1302 	1
0.1309 	1
0.1316 	1
0.1323 	1
0.133 	1
0.1337 	1
0.1344 	1
0.1351 	1
0.1358 	1
0.1365 	1
0.1372 	1
0.1379 	1
0.1386 	1
0.1393 	1
0.14 	1
0.1407 	1
0.1414 	1
0.1421 	1
0.1428 	1
0.1435 	1
0.1442 	1
0.1449 	1
0.1456 	1
0.1463 	1
0.147 	1
0.1477 	1
0.1484 	1
0.1491 	1
0.1498 	1
0.1505 	1
0.1512 	1
0.1519 	1
0.1526 	1
0.1533 	1
0.154 	1
0.1547 	1
0.1554 	1
0.1561 	1
0.1568 	1
0.1575 	1
0.1582 	1
0.1589 	1
0.1596 	1
0.1603 	1
0.161 	1
0.1617 	1
0.1624 	1
0.1631 	1
0.1638 	1
0.1645 	1
0.1652 	1
0.1659 	1
0.1666 	1
0.1673 	1
0.168 	1
0.1687 	1
0.1694 	1
0.1701 	1
0.1708 	1
0.1715 	1
0.1722 	1
0.1729 	1
0.1736 	1
0.1743 	1
0.175 	1
0.1757 	1
0.1764 	1
0.1771 	1
0.1778 	1
0.1785 	1
0.1792 	1
0.1799 	1
0.1806 	1
0.1813 	1
0.182 	1
0.1827 	1
0.1834 	1
0.1848 	1
0.1862 	1
0.1869 	1
0.1876 	1
0.1883 	1
0.189 	1
0.1897 	1
0.1904 	1
0.1911 	1
0.1918 	1
0.1932 	1
0.1946 	1
0.1953 	1
0.196 	1
0.1967 	1
0.1974 	1
0.1981 	1
0.1988 	1
0.1995 	1
0.2002 	1
0.2009 	1
0.2016 	1
0.2023 	1
0.203 	1
0.2037 	1
0.2044 	1
0.2051 	1
0.2058 	1
0.2065 	1
0.2072 	1
0.2079 	1
0.2086 	1
0.2093 	1
0.21 	1
0.2107 	1
0.2114 	1
0.2121 	1
0.2128 	1
0.2135 	1
0.2142 	1
0.2149 	1
0.2156 	1
0.2163 	1
0.217 	1
0.2177 	1
0.2184 	1
0.2191 	1
0.2198 	1
0.2205 	1
0.2212 	1
0.2219 	1
0.2226 	1
0.2233 	1
0.224 	1
0.2247 	1
0.2254 	0.999987
0.2261 	0.999966
0.2268 	0.999944
0.2275 	0.999922
0.2282 	0.999901
0.2289 	0.999879
0.2296 	0.999858
0.2303 	0.999123
0.231 	0.997439
0.2317 	0.995754
0.2324 	0.994069
0.2331 	0.992384
0.2338 	0.9907
0.2345 	0.989015
0.2352 	0.981411
0.2359 	0.95901
0.2366 	0.936608
0.2373 	0.914205
0.238 	0.891802
0.2387 	0.869399
0.2394 	0.846997
0.2401 	0.818972
0.2408 	0.757213
0.2415 	0.695455
0.2422 	0.633696
0.2429 	0.571937
0.2436 	0.510178
0.2443 	0.448419
0.245 	0.386661
0.2457 	0.339301
0.2464 	0.291943
0.2471 	0.244585
0.2478 	0.197227
0.2485 	0.14987
0.2492 	0.102512
0.2499 	0.0551546
0.2506 	0.0427892
0.2513 	0.0362559
0.252 	0.0297233
0.2527 	0.0231908
0.2534 	0.0166582
0.2541 	0.0101256
0.2548 	0.00359304
0.2555 	0.0015767
0.2562 	0.00136685
0.2569 	0.00115702
0.2576 	0.000947194
0.259 	0.000527537
0.2597 	0.000317709
0.2604 	0.000216128
0.2611 	0.000195733
0.2618 	0.000175338
0.2625 	0.000154944
0.2632 	0.000134549
0.2639 	0.000114155
0.2646 	9.37602e-05
0.2653 	7.92483e-05
0.266 	7.25799e-05
0.2667 	6.59117e-05
0.2674 	5.92436e-05
0.2681 	5.25756e-05
0.2688 	4.59075e-05
0.2702 	3.36861e-05
0.2716 	2.81535e-05
0.2723 	2.53874e-05
0.273 	2.26213e-05
0.2744 	1.70891e-05
0.2751 	1.45569e-05
0.2758 	1.34285e-05
0.2765 	1.23e-05
0.2772 	1.11717e-05
0.2779 	1.00435e-05
0.2786 	8.91516e-06
0.28 	6.65857e-06
0.2807 	6.17266e-06
0.2814 	5.68677e-06
0.2821 	5.20097e-06
0.2828 	4.71517e-06
0.2835 	4.22937e-06
0.2842 	3.74356e-06
0.2849 	3.25776e-06
0.2856 	2.99652e-06
0.2863 	2.77272e-06
0.287 	2.54897e-06
0.2877 	2.32522e-06
0.2884 	2.10147e-06
0.2891 	1.87773e-06
0.2898 	1.65398e-06
0.2905 	1.51178e-06
0.2912 	1.40221e-06
0.2919 	1.29268e-06
0.2926 	1.18314e-06
0.2933 	1.07361e-06
0.2947 	8.54542e-07
0.2954 	7.75466e-07
0.2961 	7.19233e-07
0.2968 	6.63016e-07
0.2975 	6.06805e-07
0.2989 	4.94381e-07
0.2996 	4.3817e-07
0.3003 	3.93392e-07
0.301 	3.63859e-07
0.3017 	3.34334e-07
0.3024 	3.04813e-07
0.3031 	2.75293e-07
0.3038 	2.45772e-07
0.3045 	2.16251e-07
0.3052 	1.90776e-07
0.3059 	1.75412e-07
0.3066 	1.60051e-07
0.3073 	1.44694e-07
0.308 	1.29337e-07
0.3087 	1.13979e-07
0.3094 	9.86223e-08
0.3101 	8.43837e-08
0.3108 	7.68568e-08
0.3115 	6.93312e-08
0.3129 	5.42845e-08
0.3136 	4.67611e-08
0.3143 	3.92377e-08
0.315 	3.17143e-08
0.3157 	2.85167e-08
0.3164 	2.53195e-08
0.3171 	2.21234e-08
0.3178 	1.89273e-08
0.3185 	1.57312e-08
0.3192 	1.25352e-08
0.3199 	9.33908e-09
0.3206 	8.00153e-09
0.3213 	6.97375e-09
0.322 	5.94638e-09
0.3227 	4.91901e-09
0.3234 	3.89164e-09
0.3241 	2.86427e-09
0.3248 	1.8369e-09
0.3255 	1.40143e-09
0.3262 	1.20271e-09
0.3269 	1.00401e-09
0.3276 	8.05311e-10
0.3283 	6.06612e-10
0.329 	4.07913e-10
0.3297 	2.09215e-10
0.3304 	1.14961e-10
0.3311 	9.90416e-11
0.3318 	8.3119e-11
0.3325 	6.71956e-11
0.3332 	5.12721e-11
0.3339 	3.53487e-11
0.3346 	1.94252e-11
0.3353 	1.01859e-11
0.336 	9.85881e-12
0.3367 	9.53146e-12
0.3374 	9.20399e-12
0.3381 	8.87652e-12
0.3388 	8.54905e-12
0.3395 	8.22158e-12
0.3402 	7.96531e-12
0.3409 	7.88706e-12
0.3416 	7.80876e-12
0.3423 	7.73043e-12
0.343 	7.6521e-12
0.3437 	7.57376e-12
0.3444 	7.49543e-12
0.3451 	7.43735e-12
0.3458 	7.50083e-12
0.3465 	7.56409e-12
0.3472 	7.62695e-12
0.3479 	7.68982e-12
0.3486 	7.75268e-12
0.3493 	7.81555e-12
0.35 	7.87841e-12
0.3507 	8.40837e-12
0.3514 	8.93791e-12
0.3521 	9.46591e-12
0.3528 	9.99391e-12
0.3535 	1.05219e-11
0.3549 	1.15779e-11
0.3556 	1.2222e-11
0.3563 	1.28854e-11
0.357 	1.35495e-11
0.3577 	1.42136e-11
0.3584 	1.48777e-11
0.3591 	1.55418e-11
0.3598 	1.62059e-11
0.3605 	1.62718e-11
0.3612 	1.60983e-11
0.3619 	1.59292e-11
0.3626 	1.57605e-11
0.3633 	1.55917e-11
0.364 	1.5423e-11
0.3647 	1.52543e-11
0.3654 	1.4568e-11
0.3661 	1.34934e-11
0.3668 	1.24205e-11
0.3675 	1.13479e-11
0.3682 	1.02754e-11
0.3689 	9.20288e-12
0.3696 	8.13034e-12
0.3703 	7.15163e-12
0.371 	6.29801e-12
0.3717 	5.44267e-12
0.3724 	4.58638e-12
0.3731 	3.73008e-12
0.3745 	2.0175e-12
0.3752 	1.35189e-12
0.3759 	1.16298e-12
0.3766 	9.73118e-13
0.3773 	7.82292e-13
0.378 	5.91466e-13
0.3787 	4.0064e-13
0.3794 	2.09813e-13
0.3801 	4.53406e-14
0.3808 	3.89886e-14
0.3815 	3.2592e-14
0.3822 	2.61151e-14
0.3829 	1.96382e-14
0.3836 	1.31613e-14
0.3843 	6.6844e-15
0.385 	2.07508e-16
0.3857 	1.85943e-16
0.3864 	1.6427e-16
0.3878 	1.20127e-16
0.3885 	9.80565e-17
0.3892 	7.59855e-17
0.3899 	5.39144e-17
0.3906 	4.68527e-17
0.3913 	4.22915e-17
0.392 	3.77157e-17
0.3927 	3.31399e-17
0.3934 	2.85642e-17
0.3941 	2.39884e-17
0.3948 	1.94127e-17
0.3955 	1.66652e-17
0.3962 	1.46489e-17
0.3969 	1.26213e-17
0.3976 	1.05927e-17
0.3983 	8.56419e-18
0.399 	6.53564e-18
0.3997 	4.5071e-18
0.4004 	3.37896e-18
0.4011 	2.92611e-18
0.4018 	2.46996e-18
0.4025 	2.01289e-18
0.4032 	1.55583e-18
0.4039 	1.09877e-18
0.4046 	6.41708e-19
0.4053 	3.59051e-19
0.406 	3.08933e-19
0.4067 	2.58429e-19
0.4074 	2.07711e-19
0.4081 	1.56992e-19
0.4088 	1.06274e-19
0.4095 	5.55555e-20
0.4102 	1.85776e-20
0.4109 	1.59508e-20
0.4116 	1.33043e-20
0.4123 	1.06381e-20
0.413 	7.97188e-21
0.4137 	5.30569e-21
0.4144 	2.63951e-21
0.4151 	3.47245e-22
0.4158 	2.98541e-22
0.4165 	2.49501e-22
0.4172 	1.99856e-22
0.4179 	1.5021e-22
0.4186 	1.00565e-22
0.4193 	5.09195e-23
0.42 	1.27415e-24
0.4207 	1.0992e-24
0.4214 	9.23291e-25
0.4221 	7.43854e-25
0.4228 	5.64417e-25
0.4235 	3.8498e-25
0.4242 	2.05543e-25
0.4249 	2.61056e-26
0.4256 	4.16537e-28
0.4263 	3.51954e-28
0.427 	2.8537e-28
0.4277 	2.18786e-28
0.4284 	1.52203e-28
0.4291 	8.56191e-29
0.4298 	1.90354e-29
0.4305 	1.03602e-32
0.4312 	8.80104e-33
0.4319 	7.1835e-33
0.4326 	5.56146e-33
0.4333 	3.93943e-33
0.434 	2.31739e-33
0.4347 	6.95352e-34
0.4354 	1.789e-37
0.4361 	1.52482e-37
0.4368 	1.25288e-37
0.4375 	9.78817e-38
0.4382 	7.04757e-38
0.4396 	1.56637e-38
0.4403 	2.99228e-42
0.441 	2.55911e-42
0.4417 	2.11588e-42
0.4424 	1.66707e-42
0.4431 	1.21826e-42
0.4438 	7.69443e-43
0.4445 	3.2063e-43
0.4452 	4.71594e-47
0.4459 	4.04705e-47
0.4466 	3.36611e-47
0.4473 	2.6731e-47
0.448 	1.98009e-47
0.4487 	1.28708e-47
0.4494 	5.94077e-48
0.4501 	6.97517e-52
0.4508 	6.00545e-52
0.4515 	5.02327e-52
0.4522 	4.01863e-52
0.4529 	3.014e-52
0.4536 	2.00937e-52
0.4543 	1.00473e-52
0.455 	9.90324e-57
0.4557 	8.55297e-57
0.4564 	7.19236e-57
0.4578 	4.39538e-57
0.4585 	2.9969e-57
0.4592 	1.59841e-57
0.4599 	1.99919e-58
0.4606 	1.19506e-61
0.4613 	1.00997e-61
0.462 	8.18902e-62
0.4627 	6.27829e-62
0.4634 	4.36756e-62
0.4641 	2.45684e-62
0.4648 	5.46108e-63
0.4655 	1.67603e-66
0.4662 	1.42246e-66
0.4669 	1.16093e-66
0.4676 	8.98792e-67
0.4683 	6.36652e-67
0.469 	3.74512e-67
0.4697 	1.12372e-67
0.4704 	2.38096e-71
0.4711 	2.02805e-71
0.4718 	1.66607e-71
0.4732 	9.37183e-72
0.4739 	5.72737e-72
0.4746 	2.08291e-72
0.4753 	3.41505e-76
0.476 	2.91899e-76
0.4767 	2.41281e-76
0.4774 	1.90102e-76
0.4781 	1.38922e-76
0.4788 	8.7742e-77
0.4795 	3.65621e-77
0.4802 	4.91802e-81
0.4809 	4.21772e-81
0.4816 	3.50661e-81
0.4823 	2.78467e-81
0.483 	2.06274e-81
0.4837 	1.34081e-81
0.4844 	6.18873e-82
0.4851 	7.12196e-86
0.4858 	6.1275e-86
0.4865 	5.12233e-86
0.4872 	4.09789e-86
0.4879 	3.07344e-86
0.4886 	2.049e-86
0.4893 	1.02455e-86
0.49 	1.0399e-90
0.4907 	8.97461e-91
0.4914 	7.54126e-91
0.4921 	6.07493e-91
0.4928 	4.60861e-91
0.4935 	3.14228e-91
0.4942 	1.67595e-91
0.4949 	2.09621e-92
0.4956 	1.28698e-95
0.4963 	1.08672e-95
0.497 	8.81127e-96
0.4977 	6.75535e-96
0.4984 	4.69944e-96
0.4991 	2.64352e-96
0.4998 	5.87608e-97
0.5005 	1.84092e-100
0.5019 	1.27396e-100
0.5033 	6.98634e-101
0.504 	4.10973e-101
0.5047 	1.23313e-101
0.5054 	2.69479e-105
0.5061 	2.29357e-105
0.5068 	1.88382e-105
0.5075 	1.47174e-105
0.5082 	1.05967e-105
0.5089 	6.4759e-106
0.5096 	2.35515e-106
0.5103 	4.0597e-110
0.511 	3.46745e-110
0.5117 	2.86523e-110
0.5124 	2.25747e-110
0.5131 	1.64971e-110
0.5138 	1.04194e-110
0.5145 	4.34181e-111
0.5152 	6.30304e-115
0.5159 	5.40176e-115
0.5166 	4.48902e-115
0.5173 	3.56483e-115
0.518 	2.64064e-115
0.5194 	7.92266e-116
0.5201 	1.01135e-119
0.5208 	8.69547e-120
0.5215 	7.26498e-120
0.5222 	5.81202e-120
0.5229 	4.35905e-120
0.5236 	2.90609e-120
0.5243 	1.45313e-120
0.525 	1.68253e-124
0.5257 	1.45112e-124
0.5264 	1.21854e-124
0.5271 	9.81605e-125
0.5278 	7.44673e-125
0.5285 	5.0774e-125
0.5292 	2.70808e-125
0.5299 	3.3876e-126
0.5306 	2.51633e-129
0.5313 	2.12311e-129
0.532 	1.72145e-129
0.5327 	1.31979e-129
0.5334 	9.18132e-130
0.5341 	5.16471e-130
0.5348 	1.14811e-130
0.5355 	4.54764e-134
0.5362 	3.85325e-134
0.5369 	3.14437e-134
0.5376 	2.43437e-134
0.5383 	1.72437e-134
0.539 	1.01438e-134
0.5397 	3.04378e-135
0.5404 	8.59046e-139
0.5411 	7.30608e-139
0.5418 	5.99969e-139
0.5425 	4.6873e-139
0.5432 	3.37491e-139
0.5439 	2.06251e-139
0.5446 	7.5012e-140
0.5453 	1.70331e-143
0.546 	1.45385e-143
0.5467 	1.20099e-143
0.5474 	9.46243e-144
0.5481 	6.91498e-144
0.5488 	4.36752e-144
0.5495 	1.82007e-144
0.5502 	4.41201e-148
0.5509 	3.86401e-148
0.5516 	3.31071e-148
0.5523 	2.75211e-148
0.553 	2.19351e-148
0.5544 	1.07632e-148
0.5551 	5.92779e-149
0.5558 	5.5959e-149
0.5565 	5.26394e-149
0.5579 	4.59976e-149
0.5586 	4.26767e-149
0.5593 	3.93558e-149
0.56 	3.60349e-149
0.5607 	3.38373e-149
0.5614 	3.16393e-149
0.5621 	2.94401e-149
0.5628 	2.7241e-149
0.5642 	2.28426e-149
0.5656 	1.92017e-149
0.5663 	1.78862e-149
0.567 	1.65697e-149
0.5677 	1.52532e-149
0.5684 	1.39367e-149
0.5698 	1.13037e-149
0.5705 	1.03934e-149
0.5712 	9.64549e-150
0.5719 	8.89698e-150
0.5726 	8.14842e-150
0.5733 	7.39987e-150
0.574 	6.65131e-150
0.5747 	5.90275e-150
0.5754 	5.35219e-150
0.5761 	4.95011e-150
0.5768 	4.54773e-150
0.5775 	4.14526e-150
0.5782 	3.7428e-150
0.5789 	3.34033e-150
0.5796 	2.93786e-150
0.5803 	2.62039e-150
0.581 	2.41625e-150
0.5817 	2.21197e-150
0.5824 	2.00762e-150
0.5831 	1.80326e-150
0.5838 	1.59891e-150
0.5845 	1.39455e-150
0.5852 	1.22059e-150
0.5859 	1.12262e-150
0.5866 	1.02458e-150
0.5873 	9.26497e-151
0.588 	8.28409e-151
0.5887 	7.30321e-151
0.5894 	6.32234e-151
0.5901 	5.41794e-151
0.5908 	4.97247e-151
0.5915 	4.5268e-151
0.5922 	4.08078e-151
0.5929 	3.63476e-151
0.5943 	2.74271e-151
0.595 	2.29669e-151
0.5957 	2.10425e-151
0.5964 	1.91174e-151
0.5971 	1.71905e-151
0.5978 	1.52635e-151
0.5985 	1.33366e-151
0.5992 	1.14096e-151
0.5999 	9.48262e-152
0.6006 	8.52811e-152
0.6013 	7.73559e-152
0.602 	6.94207e-152
0.6027 	6.14855e-152
0.6034 	5.35503e-152
0.6048 	3.76799e-152
0.6055 	3.31841e-152
0.6062 	3.0064e-152
0.6069 	2.69397e-152
0.6076 	2.38152e-152
0.6083 	2.06907e-152
0.609 	1.75661e-152
0.6097 	1.44416e-152
0.6104 	1.24291e-152
0.6111 	1.12508e-152
0.6118 	1.00711e-152
0.6132 	7.71102e-153
0.6139 	6.53096e-153
0.6146 	5.3509e-153
0.6153 	4.4931e-153
0.616 	4.06497e-153
0.6167 	3.63643e-153
0.6174 	3.20765e-153
0.6181 	2.77887e-153
0.6195 	1.92131e-153
0.6202 	1.57215e-153
0.6209 	1.42202e-153
0.6216 	1.27178e-153
0.6223 	1.12142e-153
0.623 	9.71061e-154
0.6237 	8.20701e-154
0.6244 	6.70341e-154
0.6251 	5.34178e-154
0.6258 	4.83202e-154
0.6272 	3.81138e-154
0.6279 	3.3008e-154
0.6286 	2.79022e-154
0.6293 	2.27964e-154
0.63 	1.76906e-154
0.6307 	1.60079e-154
0.6314 	1.43247e-154
0.6321 	1.26394e-154
0.6328 	1.09541e-154
0.6335 	9.26879e-155
0.6342 	7.58347e-155
0.6349 	5.89816e-155
0.6356 	5.19263e-155
0.6363 	4.65035e-155
0.637 	4.10725e-155
0.6377 	3.56416e-155
0.6384 	3.02106e-155
0.6391 	2.47796e-155
0.6398 	1.93487e-155
0.6405 	1.65724e-155
0.6412 	1.48581e-155
0.6419 	1.31413e-155
0.6426 	1.14242e-155
0.6433 	9.70714e-156
0.644 	7.99009e-156
0.6447 	6.27303e-156
0.6454 	5.2316e-156
0.6461 	4.69691e-156
0.6468 	4.16155e-156
0.6475 	3.62601e-156
0.6482 	3.09047e-156
0.6489 	2.55494e-156
0.6496 	2.0194e-156
0.6503 	1.64245e-156
0.651 	1.47696e-156
0.6517 	1.31131e-156
0.6524 	1.14557e-156
0.6531 	9.79828e-157
0.6538 	8.14087e-157
0.6545 	6.48345e-157
0.6552 	5.15355e-157
0.6559 	4.6424e-157
0.6566 	4.13089e-157
0.6573 	3.61901e-157
0.658 	3.10712e-157
0.6587 	2.59524e-157
0.6594 	2.08335e-157
0.6601 	1.62198e-157
0.6608 	1.46366e-157
0.6615 	1.30526e-157
0.6622 	1.14672e-157
0.6629 	9.88185e-158
0.6636 	8.29647e-158
0.6643 	6.7111e-158
0.665 	5.12572e-158
0.6657 	4.63233e-158
0.6664 	4.13881e-158
0.6671 	3.64479e-158
0.6678 	3.15077e-158
0.6685 	2.65675e-158
0.6692 	2.16273e-158
0.6699 	1.66871e-158
0.6706 	1.46552e-158
0.6713 	1.3108e-158
0.672 	1.15589e-158
0.6727 	1.00099e-158
0.6734 	8.46091e-159
0.6741 	6.9119e-159
0.6748 	5.36289e-159
0.6755 	4.57402e-159
0.6762 	4.08921e-159
0.6769 	3.60389e-159
0.6776 	3.11853e-159
0.6783 	2.63317e-159
0.6797 	1.66246e-159
0.6804 	1.36956e-159
0.6811 	1.221e-159
0.6818 	1.07231e-159
0.6832 	7.74869e-160
0.6839 	6.26149e-160
0.6846 	4.77429e-160
0.6853 	3.7425e-160
0.686 	3.31792e-160
0.6867 	2.89307e-160
0.6874 	2.46807e-160
0.6881 	2.04306e-160
0.6888 	1.61805e-160
0.6895 	1.19305e-160
0.6902 	8.59797e-161
0.6909 	7.55932e-161
0.6916 	6.52015e-161
0.6923 	5.48049e-161
0.693 	4.44082e-161
0.6937 	3.40116e-161
0.6944 	2.3615e-161
0.6951 	1.44397e-161
0.6958 	1.25927e-161
0.6965 	1.07652e-161
0.6972 	8.9727e-162
0.6979 	7.18018e-162
0.6986 	5.38767e-162
0.6993 	3.59515e-162
0.7 	1.80263e-162
