0 	1
0.0007 	1
0.0014 	1
0.0021 	1
0.0028 	1
0.0035 	1
0.0042 	1
0.0049 	1
0.0056 	1
0.0063 	1
0.007 	1
0.0077 	1
0.0084 	1
0.0091 	1
0.0098 	1
0.0105 	1
0.0112 	1
0.0119 	1
0.0126 	1
0.0133 	1
0.014 	1
0.0147 	1
0.0154 	1
0.0161 	1
0.0168 	1
0.0175 	1
0.0182 	1
0.0189 	1
0.0196 	1
0.0203 	1
0.021 	1
0.0217 	1
0.0224 	1
0.0231 	1
0.0238 	1
0.0245 	1
0.0252 	1
0.0259 	1
0.0266 	1
0.0273 	1
0.028 	1
0.0287 	1
0.0294 	1
0.0301 	1
0.0308 	1
0.0315 	1
0.0322 	1
0.0329 	1
0.0336 	1
0.0343 	1
0.035 	1
0.0357 	1
0.0364 	1
0.0371 	1
0.0378 	1
0.0385 	1
0.0392 	1
0.0399 	1
0.0406 	1
0.0413 	1
0.042 	1
0.0427 	1
0.0434 	1
0.0441 	1
0.0448 	1
0.0455 	1
0.0462 	1
0.0469 	1
0.0476 	1
0.0483 	1
0.049 	1
0.0497 	1
0.0504 	1
0.0511 	1
0.0518 	1
0.0525 	1
0.0532 	1
0.0539 	1
0.0546 	1
0.0553 	1
0.056 	1
0.0567 	1
0.0574 	1
0.0581 	1
0.0588 	1
0.0595 	1
0.0602 	1
0.0609 	1
0.0616 	1
0.0623 	1
0.063 	1
0.0637 	1
0.0644 	1
0.0651 	1
0.0658 	1
0.0665 	1
0.0672 	1
0.0679 	1
0.0686 	1
0.0693 	1
0.07 	1
0.0707 	1
0.0714 	1
0.0721 	1
0.0728 	1
0.0735 	1
0.0742 	1
0.0749 	1
0.0756 	1
0.0763 	1
0.077 	1
0.0777 	1
0.0784 	1
0.0791 	1
0.0798 	1
0.0805 	1
0.0812 	1
0.0819 	1
0.0826 	1
0.0833 	1
0.084 	1
0.0847 	1
0.0854 	1
0.0861 	1
0.0868 	1
0.0875 	1
0.0882 	1
0.0889 	1
0.0896 	1
0.0903 	1
0.091 	1
0.0917 	1
0.0924 	1
0.0931 	1
0.0938 	1
0.0945 	1
0.0952 	1
0.0959 	1
0.0966 	1
0.0973 	1
0.098 	1
0.0987 	1
0.0994 	1
0.1001 	1
0.1008 	1
0.1015 	1
0.1022 	1
0.1029 	1
0.1036 	1
0.1043 	1
0.105 	1
0.1057 	1
0.1064 	1
0.1071 	1
0.1078 	1
0.1085 	1
0.1092 	1
0.1099 	1
0.1106 	1
0.1113 	1
0.112 	1
0.1127 	1
0.1134 	1
0.1141 	1
0.1148 	1
0.1155 	1
0.1162 	1
0.1169 	1
0.1176 	1
0.1183 	1
0.119 	1
0.1197 	1
0.1204 	1
0.1211 	1
0.1218 	1
0.1225 	1
0.1232 	1
0.1239 	1
0.1246 	1
0.1253 	1
0.126 	1
0.1267 	1
0.1274 	1
0.1281 	1
0.1288 	1
0.1295 	1
0.1302 	1
0.1309 	1
0.1316 	1
0.1323 	1
0.133 	1
0.1337 	1
0.1344 	1
0.1351 	1
0.1358 	1
0.1365 	1
0.1372 	1
0.1379 	1
0.1386 	1
0.1393 	1
0.14 	1
0.1407 	1
0.1414 	1
0.1421 	1
0.1428 	1
0.1435 	1
0.1442 	1
0.1449 	1
0.1456 	1
0.1463 	1
0.147 	1
0.1477 	1
0.1484 	1
0.1491 	1
0.1498 	1
0.1505 	1
0.1512 	1
0.1519 	1
0.1526 	1
0.1533 	1
0.154 	1
0.1547 	1
0.1554 	1
0.1561 	1
0.1568 	1
0.1575 	1
0.1582 	1
0.1589 	1
0.1596 	1
0.1603 	1
0.161 	1
0.1617 	1
0.1624 	1
0.1631 	1
0.1638 	1
0.1645 	1
0.1652 	1
0.1659 	1
0.1666 	1
0.1673 	1
0.168 	1
0.1687 	1
0.1694 	1
0.1701 	1
0.1708 	1
0.1715 	1
0.1722 	1
0.1729 	1
0.1736 	1
0.1743 	1
0.175 	1
0.1757 	1
0.1764 	1
0.1771 	1
0.1778 	1
0.1785 	1
0.1792 	1
0.1799 	1
0.1806 	1
0.1813 	1
0.182 	1
0.1827 	1
0.1834 	1
0.1841 	1
0.1848 	1
0.1855 	1
0.1862 	1
0.1869 	1
0.1876 	1
0.1883 	1
0.189 	1
0.1897 	1
0.1904 	1
0.1911 	1
0.1918 	1
0.1925 	1
0.1932 	1
0.1939 	1
0.1946 	1
0.1953 	1
0.196 	1
0.1967 	1
0.1974 	1
0.1981 	1
0.1988 	1
0.1995 	1
0.2002 	1
0.2009 	1
0.2023 	1
0.203 	0.998606
0.2037 	0.996657
0.2051 	0.979953
0.2065 	0.969298
0.2079 	0.977792
0.2086 	0.985425
0.21 	0.993545
0.2114 	0.98582
0.2128 	0.985575
0.2142 	0.994007
0.2156 	0.995681
0.2163 	0.99396
0.2177 	0.991968
0.2191 	0.995519
0.2198 	0.997687
0.2212 	0.99945
0.2226 	0.998315
0.224 	0.996427
0.2247 	0.995967
0.2261 	0.997189
0.2268 	0.998255
0.2275 	0.999365
0.2282 	0.99965
0.2296 	0.999534
0.231 	0.998377
0.2324 	0.997378
0.2338 	0.997298
0.2352 	0.998085
0.2359 	0.998691
0.2366 	0.999147
0.2373 	0.999452
0.238 	0.999591
0.2394 	0.999689
0.2408 	0.999679
0.2422 	0.999593
0.2436 	0.99944
0.245 	0.999151
0.2464 	0.998443
0.2478 	0.996837
0.2492 	0.994442
0.2506 	0.992688
0.2513 	0.992301
0.2527 	0.993667
0.2541 	0.996579
0.2548 	0.998009
0.2562 	0.99954
0.2576 	0.999909
0.259 	0.999974
0.2604 	0.999983
0.2618 	0.999975
0.2625 	0.999969
0.2639 	0.999825
0.2646 	0.999512
0.2653 	0.99913
0.2667 	0.998357
0.2681 	0.998337
0.2695 	0.998964
0.2709 	0.999396
0.2723 	0.99946
0.273 	0.999183
0.2744 	0.99047
0.2758 	0.831185
0.2765 	0.655516
0.2779 	0.210338
0.2793 	0.0185324
0.2807 	0.000301633
0.2821 	9.03883e-07
0.2835 	3.90398e-07
0.2849 	4.73923e-07
0.2863 	3.70759e-07
0.2877 	3.68431e-07
0.2891 	5.0141e-07
0.2905 	4.60414e-07
0.2919 	3.49593e-07
0.2926 	3.29117e-07
0.2933 	3.30245e-07
0.294 	3.27423e-07
0.2954 	3.12946e-07
0.2968 	3.1233e-07
0.2982 	4.4011e-07
0.2989 	1.62436e-06
0.2996 	6.68209e-06
0.301 	2.71609e-05
0.3024 	3.81777e-05
0.3038 	2.21222e-05
0.3052 	6.17639e-06
0.3066 	1.34115e-06
0.3073 	1.74019e-06
0.308 	3.41737e-06
0.3094 	6.29803e-06
0.3101 	6.50712e-06
0.3108 	4.50125e-06
0.3115 	2.74349e-06
0.3129 	6.57733e-07
0.3136 	2.93897e-07
0.3143 	1.45054e-07
0.315 	5.4697e-08
0.3164 	3.25162e-08
0.3178 	5.57744e-07
0.3192 	3.52393e-06
0.3206 	8.94284e-06
0.322 	1.40776e-05
0.3234 	1.64279e-05
0.3248 	1.56835e-05
0.3262 	1.10084e-05
0.3276 	4.12109e-06
0.329 	5.93743e-07
0.3297 	1.98633e-07
0.3311 	3.71142e-09
0.3325 	2.50914e-10
0.3339 	2.37619e-08
0.3353 	5.18078e-07
0.3367 	2.86509e-06
0.3374 	4.73402e-06
0.3388 	6.78046e-06
0.3402 	5.38458e-06
0.3409 	4.61573e-06
0.3416 	3.95075e-06
0.3423 	3.38921e-06
0.3437 	1.53771e-06
0.3444 	8.14474e-07
0.3451 	1.95992e-07
0.3458 	8.04263e-08
0.3465 	4.87514e-09
0.3472 	1.47828e-09
0.3486 	2.8014e-12
0.3493 	1.21235e-13
0.3507 	1.47976e-13
0.3514 	1.6256e-13
0.3521 	1.71929e-13
0.3535 	1.78283e-13
0.3542 	1.76096e-13
0.3549 	1.72303e-13
0.3563 	1.50391e-13
0.3577 	1.03713e-13
0.3591 	4.78123e-14
0.3598 	2.47944e-14
0.3612 	2.96252e-15
0.3619 	1.15367e-15
0.3633 	2.69043e-17
0.364 	8.59394e-19
0.3654 	5.32867e-19
0.3668 	4.31512e-19
0.3682 	2.692e-19
0.3696 	1.02508e-19
0.371 	1.75131e-20
0.3724 	7.51007e-22
0.3738 	6.11037e-25
0.3752 	-1.39336e-42
0.3766 	-9.25032e-50
0.378 	4.89426e-30
0.3794 	4.35016e-29
0.3808 	2.77443e-28
0.3815 	3.85529e-28
0.3822 	3.64973e-28
0.3836 	6.3391e-29
0.385 	5.56583e-41
0.3864 	-2.09529e-47
0.3871 	-1.97464e-47
0.3885 	-1.91552e-47
0.3899 	-1.73025e-47
0.3913 	-1.21293e-47
0.3927 	-6.7148e-48
0.3941 	-3.08073e-48
0.3948 	-1.92472e-48
0.3962 	-6.55526e-49
0.3969 	-4.07591e-49
0.3983 	-1.21624e-49
0.399 	-5.93213e-50
0.3997 	-3.2233e-50
0.4004 	-1.58154e-50
0.4011 	-7.4007e-51
0.4025 	-1.15085e-51
0.4039 	-1.00219e-52
0.4053 	-2.71892e-55
0.4067 	-6.81213e-55
0.4081 	-4.6019e-55
0.4088 	-2.00448e-55
0.4102 	-4.83946e-56
0.4116 	-1.52826e-56
0.4123 	-9.39804e-57
0.413 	-5.9309e-57
0.4137 	-3.43071e-57
0.4151 	-1.20989e-57
0.4165 	-4.0506e-58
0.4172 	-2.33288e-58
0.4186 	-6.38339e-59
0.42 	-1.48444e-59
0.4214 	-3.61579e-60
0.4228 	-7.92537e-61
0.4242 	-1.55701e-61
0.4256 	-2.73339e-62
0.427 	-4.2529e-63
0.4284 	-5.78861e-64
0.4291 	-1.78442e-64
0.4298 	-6.66468e-65
0.4312 	-5.96952e-66
0.4326 	-5.69627e-67
0.4333 	-2.70554e-67
0.4347 	-2.91229e-68
0.4361 	-6.19534e-69
0.4375 	-2.96124e-69
0.4389 	-1.58464e-69
0.4403 	-7.58618e-70
0.4417 	-3.2512e-70
0.4431 	-1.28862e-70
0.4438 	-7.42591e-71
0.4452 	-3.54015e-71
0.4466 	-2.76358e-71
0.448 	-3.31355e-71
0.4494 	-4.50898e-71
0.4501 	-5.23719e-71
0.4515 	-6.95556e-71
0.4529 	-8.83301e-71
0.4543 	-1.07439e-70
0.4557 	-1.25314e-70
0.4564 	-1.33464e-70
0.4578 	-1.46655e-70
0.4592 	-1.55575e-70
0.4606 	-1.59617e-70
0.4613 	-1.6016e-70
0.4627 	-1.5647e-70
0.4641 	-1.48441e-70
0.4655 	-1.36985e-70
0.4662 	-1.30449e-70
0.4669 	-1.23169e-70
0.4683 	-1.08074e-70
0.469 	-1.00372e-70
0.4704 	-8.51657e-71
0.4718 	-7.08323e-71
0.4725 	-6.39916e-71
0.4739 	-5.18241e-71
0.4746 	-4.64065e-71
0.476 	-3.66539e-71
0.4774 	-2.85295e-71
0.4788 	-2.19498e-71
0.4802 	-1.67599e-71
0.4816 	-1.267e-71
0.4823 	-1.09514e-71
0.483 	-9.49075e-72
0.4837 	-8.13324e-72
0.4851 	-6.02046e-72
0.4865 	-4.43672e-72
0.4879 	-3.24798e-72
0.4893 	-2.36275e-72
0.49 	-1.99057e-72
0.4907 	-1.70829e-72
0.4921 	-1.22771e-72
0.4928 	-1.03728e-72
0.4942 	-7.42767e-73
0.4949 	-6.22833e-73
0.4963 	-4.41228e-73
0.4977 	-3.13233e-73
0.4991 	-2.21265e-73
0.5005 	-1.55511e-73
0.5019 	-1.08733e-73
0.5026 	-8.99171e-74
0.504 	-6.27141e-74
0.5054 	-4.35263e-74
0.5061 	-3.59709e-74
0.5068 	-3.00567e-74
0.5075 	-2.45902e-74
0.5082 	-2.06474e-74
0.5089 	-1.6942e-74
0.5103 	-1.16164e-74
0.5117 	-7.92537e-75
0.5124 	-6.47343e-75
0.5138 	-4.36654e-75
0.5152 	-2.9587e-75
0.5159 	-2.4386e-75
0.5173 	-1.62785e-75
0.5187 	-1.08002e-75
0.5201 	-7.19705e-76
0.5215 	-4.79743e-76
0.5229 	-3.18207e-76
0.5243 	-2.09979e-76
0.5257 	-1.37821e-76
0.5271 	-8.99542e-77
0.5285 	-5.83669e-77
0.5299 	-3.76353e-77
0.5313 	-2.42551e-77
0.5327 	-1.57386e-77
0.5341 	-1.0162e-77
0.5348 	-8.10685e-78
0.5362 	-5.13882e-78
0.5376 	-3.2785e-78
0.5383 	-2.64956e-78
0.5397 	-1.67321e-78
0.5411 	-1.04993e-78
0.5425 	-6.54334e-79
0.5432 	-5.29558e-79
0.5446 	-3.31087e-79
0.546 	-2.05721e-79
0.5474 	-1.2698e-79
0.5488 	-7.84027e-80
0.5502 	-4.88611e-80
0.5516 	-3.03045e-80
0.5523 	-2.36769e-80
0.553 	-1.87039e-80
0.5544 	-1.14874e-80
0.5558 	-7.02115e-81
0.5565 	-5.44011e-81
0.5572 	-4.27152e-81
0.5579 	-3.34058e-81
0.5593 	-2.04642e-81
0.56 	-1.56259e-81
0.5614 	-9.655e-82
0.5628 	-5.981e-82
0.5642 	-3.72435e-82
0.5649 	-2.90639e-82
0.5663 	-1.82603e-82
0.5677 	-1.18027e-82
0.5684 	-9.59037e-83
0.5698 	-6.30041e-83
0.5712 	-4.2191e-83
0.5719 	-3.53736e-83
0.5726 	-2.9071e-83
0.5733 	-2.45116e-83
0.574 	-2.04319e-83
0.5747 	-1.72178e-83
0.5761 	-1.2215e-83
0.5775 	-8.71675e-84
0.5789 	-6.30205e-84
0.5803 	-4.55409e-84
0.5817 	-3.28285e-84
0.5824 	-2.76466e-84
0.5831 	-2.35766e-84
0.5838 	-1.97609e-84
0.5852 	-1.41564e-84
0.5866 	-1.00932e-84
0.5873 	-8.47835e-85
0.5887 	-5.96413e-85
0.5901 	-4.20479e-85
0.5908 	-3.55264e-85
0.5922 	-2.48303e-85
0.5936 	-1.72589e-85
0.595 	-2.02277e-85
0.5957 	-4.03078e-85
0.5964 	-6.67722e-85
0.5978 	-1.78529e-84
0.5985 	-2.56885e-84
0.5999 	-4.39748e-84
0.6013 	-6.25124e-84
0.6027 	-7.65186e-84
0.6034 	-8.07256e-84
0.6048 	-8.36609e-84
0.6062 	-7.97513e-84
0.6076 	-7.14114e-84
0.609 	-6.12302e-84
0.6104 	-5.07817e-84
0.6118 	-4.10721e-84
0.6125 	-3.65365e-84
0.6139 	-2.88312e-84
0.6153 	-2.24397e-84
0.6167 	-1.72724e-84
0.6181 	-1.32256e-84
0.6188 	-1.15078e-84
0.6202 	-9.04935e-85
0.6216 	-7.45052e-85
0.623 	-6.41368e-85
0.6237 	-5.99954e-85
0.6244 	-5.6525e-85
0.6258 	-5.00294e-85
0.6272 	-4.37274e-85
0.6286 	-3.71497e-85
0.63 	-3.05537e-85
0.6314 	-2.46463e-85
0.6328 	-1.95549e-85
0.6335 	-1.72828e-85
0.6349 	-1.33234e-85
0.6363 	-1.02088e-85
0.6377 	-7.83561e-86
0.6391 	-6.02114e-86
0.6405 	-4.72461e-86
0.6419 	-3.75989e-86
0.6433 	-2.99903e-86
0.6447 	-2.42156e-86
0.6461 	-1.9814e-86
0.6475 	-1.58008e-86
0.6482 	-1.41385e-86
0.6489 	-1.25479e-86
0.6503 	-1.00154e-86
0.6517 	-7.96408e-87
0.6524 	-6.96352e-87
0.6538 	-5.36477e-87
0.6545 	-4.73761e-87
0.6559 	-3.69629e-87
0.6573 	-2.80276e-87
0.658 	-2.43758e-87
0.6587 	-2.10308e-87
0.6601 	-1.58206e-87
0.6615 	-1.21311e-87
0.6629 	-8.91916e-88
0.6636 	-7.63085e-88
0.6643 	-6.56997e-88
0.6657 	-4.87686e-88
0.6664 	-4.19813e-88
0.6678 	-3.02625e-88
0.6692 	-2.18807e-88
0.6706 	-1.59132e-88
0.6713 	-1.35782e-88
0.6727 	-9.63989e-89
0.6741 	-6.88033e-89
0.6748 	-5.77819e-89
0.6762 	-4.19263e-89
0.6776 	-2.9433e-89
0.679 	-2.08696e-89
0.6804 	-1.48731e-89
0.6818 	-1.07328e-89
0.6825 	-8.86597e-90
0.6839 	-6.31674e-90
0.6853 	-4.53715e-90
0.6867 	-3.33316e-90
0.6874 	-2.7937e-90
0.6888 	-2.0179e-90
0.6895 	-1.74001e-90
0.6902 	-1.48929e-90
0.6909 	-1.30649e-90
0.6916 	-1.13735e-90
0.6923 	-9.81871e-91
0.693 	-8.57619e-91
0.6937 	-7.45858e-91
0.6951 	-8.71398e-91
0.6958 	-1.00783e-90
0.6972 	-1.4462e-90
0.6979 	-1.72358e-90
0.6986 	-2.01506e-90
0.6993 	-2.17336e-90
0.7 	-2.31674e-90
