0 	1
0.0007 	1
0.0014 	1
0.0021 	1
0.0028 	1
0.0035 	1
0.0042 	1
0.0049 	1
0.0056 	1
0.0063 	1
0.007 	1
0.0077 	1
0.0084 	1
0.0091 	1
0.0098 	1
0.0105 	1
0.0112 	1
0.0119 	1
0.0126 	1
0.0133 	1
0.014 	1
0.0147 	1
0.0154 	1
0.0161 	1
0.0168 	1
0.0182 	1
0.0189 	1
0.0196 	1
0.0203 	1
0.021 	1
0.0217 	1
0.0224 	1
0.0231 	1
0.0238 	1
0.0245 	1
0.0252 	1
0.0259 	1
0.0266 	1
0.0273 	1
0.028 	1
0.0287 	1
0.0301 	1
0.0315 	1
0.0322 	1
0.0329 	1
0.0336 	1
0.0343 	1
0.035 	1
0.0357 	1
0.0364 	1
0.0371 	1
0.0378 	1
0.0385 	1
0.0392 	1
0.0399 	1
0.0406 	1
0.0413 	1
0.0427 	1
0.0434 	1
0.0441 	1
0.0448 	1
0.0455 	1
0.0462 	1
0.0469 	1
0.0476 	1
0.0483 	1
0.049 	1
0.0497 	1
0.0504 	1
0.0511 	1
0.0518 	1
0.0532 	1
0.0539 	1
0.0546 	1
0.0553 	1
0.056 	1
0.0567 	1
0.0574 	1
0.0581 	1
0.0588 	1
0.0595 	1
0.0602 	1
0.0609 	1
0.0616 	1
0.0623 	1
0.063 	1
0.0637 	1
0.0644 	1
0.0651 	1
0.0658 	1
0.0665 	1
0.0672 	1
0.0679 	1
0.0686 	1
0.0693 	1
0.07 	1
0.0707 	1
0.0714 	1
0.0721 	1
0.0728 	1
0.0735 	1
0.0742 	1
0.0749 	1
0.0756 	1
0.0763 	1
0.077 	1
0.0777 	1
0.0784 	1
0.0798 	1
0.0812 	1
0.0819 	1
0.0826 	1
0.0833 	1
0.084 	1
0.0847 	1
0.0854 	1
0.0861 	1
0.0868 	1
0.0875 	1
0.0882 	1
0.0889 	1
0.0896 	1
0.0903 	1
0.091 	1
0.0924 	1
0.0931 	1
0.0938 	1
0.0945 	1
0.0952 	1
0.0959 	1
0.0966 	1
0.098 	1
0.0987 	1
0.0994 	1
0.1001 	1
0.1008 	1
0.1015 	1
0.1029 	1
0.1036 	1
0.1043 	1
0.105 	1
0.1057 	1
0.1064 	1
0.1071 	1
0.1078 	1
0.1085 	1
0.1092 	1
0.1099 	1
0.1106 	1
0.1113 	1
0.112 	1
0.1127 	1
0.1134 	1
0.1141 	1
0.1148 	1
0.1155 	1
0.1162 	1
0.1169 	1
0.1176 	1
0.1183 	1
0.119 	1
0.1197 	1
0.1204 	1
0.1211 	1
0.1218 	1
0.1232 	1
0.1239 	1
0.1246 	1
0.1253 	1
0.126 	1
0.1267 	1
0.1274 	1
0.1281 	1
0.1295 	1
0.1302 	1
0.1316 	1
0.1323 	1
0.133 	1
0.1337 	1
0.1344 	1
0.1351 	1
0.1358 	1
0.1365 	1
0.1372 	1
0.1379 	1
0.1386 	1
0.1393 	1
0.14 	1
0.1407 	1
0.1414 	1
0.1421 	1
0.1428 	1
0.1435 	1
0.1442 	1
0.1449 	1
0.1456 	1
0.1463 	1
0.147 	1
0.1477 	1
0.1484 	1
0.1491 	1
0.1498 	1
0.1505 	1
0.1512 	1
0.1519 	1
0.1526 	1
0.1533 	1
0.154 	1
0.1547 	1
0.1554 	1
0.1561 	1
0.1568 	1
0.1575 	1
0.1582 	1
0.1589 	1
0.1596 	1
0.1603 	1
0.161 	1
0.1617 	1
0.1624 	1
0.1631 	1
0.1638 	1
0.1645 	1
0.1652 	1
0.1659 	1
0.1666 	1
0.1673 	1
0.168 	1
0.1687 	1
0.1694 	1
0.1701 	1
0.1708 	1
0.1715 	1
0.1722 	1
0.1729 	1
0.1736 	1
0.1743 	1
0.175 	1
0.1757 	1
0.1764 	1
0.1771 	1
0.1778 	1
0.1785 	1
0.1792 	1
0.1799 	1
0.1806 	1
0.1813 	1
0.182 	1
0.1827 	1
0.1834 	1
0.1841 	1
0.1848 	1
0.1855 	1
0.1862 	1
0.1869 	1
0.1876 	1
0.1883 	1
0.189 	1
0.1897 	1
0.1904 	1
0.1911 	1
0.1918 	1
0.1925 	1
0.1932 	1
0.1939 	1
0.1946 	1
0.1953 	1
0.196 	1
0.1967 	1
0.1974 	1
0.1988 	1
0.1995 	1
0.2002 	1
0.2009 	1
0.2016 	1
0.2023 	1
0.2037 	1
0.2044 	1
0.2051 	1
0.2058 	1
0.2065 	1
0.2072 	1
0.2079 	1
0.2086 	1
0.2093 	1
0.21 	1
0.2107 	1
0.2114 	1
0.2121 	1
0.2128 	1
0.2135 	1
0.2142 	1
0.2149 	1
0.2156 	1
0.2163 	1
0.217 	1
0.2177 	1
0.2184 	1
0.2191 	1
0.2198 	1
0.2205 	1
0.2212 	1
0.2219 	1
0.2226 	1
0.2233 	1
0.224 	1
0.2247 	1
0.2254 	1
0.2261 	1
0.2268 	1
0.2275 	1
0.2282 	1
0.2289 	1
0.2296 	1
0.2303 	1
0.231 	1
0.2317 	1
0.2324 	1
0.2331 	1
0.2338 	1
0.2345 	1
0.2352 	1
0.2359 	0.999999
0.2366 	0.999998
0.2373 	0.999998
0.238 	0.999997
0.2387 	0.999997
0.2394 	0.999996
0.2401 	0.999993
0.2408 	0.999976
0.2415 	0.999958
0.2422 	0.999941
0.2429 	0.999924
0.2436 	0.999907
0.2443 	0.99989
0.245 	0.999872
0.2457 	0.999525
0.2464 	0.999178
0.2471 	0.998831
0.2478 	0.998484
0.2485 	0.998137
0.2492 	0.99779
0.2499 	0.997443
0.2506 	0.990673
0.2513 	0.982832
0.252 	0.974992
0.2534 	0.959312
0.2541 	0.951472
0.2548 	0.943632
0.2555 	0.90782
0.2562 	0.86082
0.2569 	0.813821
0.2576 	0.766821
0.2583 	0.719822
0.259 	0.672822
0.2597 	0.625822
0.2604 	0.571643
0.2611 	0.512079
0.2618 	0.452515
0.2625 	0.39295
0.2632 	0.333386
0.2639 	0.273822
0.2646 	0.214258
0.2653 	0.170566
0.266 	0.148039
0.2667 	0.125511
0.2681 	0.0804558
0.2688 	0.0579279
0.2695 	0.0354001
0.2702 	0.0185728
0.2709 	0.0159969
0.2716 	0.0134209
0.2723 	0.0108449
0.273 	0.00826891
0.2737 	0.0056929
0.2744 	0.00311689
0.2751 	0.000891044
0.2758 	0.00076622
0.2765 	0.000641393
0.2772 	0.00051656
0.2779 	0.000391726
0.2786 	0.000266893
0.2793 	0.00014206
0.28 	1.72265e-05
0.2807 	1.48292e-05
0.2814 	1.24319e-05
0.2821 	1.00344e-05
0.2828 	7.63697e-06
0.2835 	5.23951e-06
0.2842 	2.84205e-06
0.2849 	4.44583e-07
0.2856 	8.98554e-08
0.2863 	7.5583e-08
0.287 	6.13097e-08
0.2884 	3.2763e-08
0.2891 	1.84896e-08
0.2898 	4.21623e-09
0.2905 	1.24314e-10
0.2912 	1.04983e-10
0.2919 	8.56498e-11
0.2926 	6.63167e-11
0.2933 	4.69836e-11
0.294 	2.76505e-11
0.2947 	8.31745e-12
0.2954 	2.92994e-14
0.2961 	2.48417e-14
0.2968 	2.03836e-14
0.2975 	1.59253e-14
0.2982 	1.14671e-14
0.2989 	7.00887e-15
0.2996 	2.55063e-15
0.3003 	2.88194e-18
0.301 	2.45283e-18
0.3017 	2.02366e-18
0.3024 	1.59446e-18
0.3031 	1.16526e-18
0.3038 	7.36055e-19
0.3045 	3.06854e-19
0.3052 	2.70005e-22
0.3059 	2.30642e-22
0.3066 	1.91273e-22
0.3073 	1.51898e-22
0.308 	1.12524e-22
0.3087 	7.31488e-23
0.3094 	3.3774e-23
0.3101 	2.37006e-26
0.3108 	2.03161e-26
0.3115 	1.69312e-26
0.3122 	1.35453e-26
0.3129 	1.01595e-26
0.3136 	6.77361e-27
0.3143 	3.38776e-27
0.315 	1.90311e-30
0.3157 	1.6368e-30
0.3164 	1.37046e-30
0.3171 	1.104e-30
0.3178 	8.37553e-31
0.3185 	5.71102e-31
0.3192 	3.0465e-31
0.3199 	3.81985e-32
0.3206 	1.17942e-34
0.3213 	9.91896e-35
0.322 	8.04256e-35
0.3227 	6.16615e-35
0.3234 	4.28975e-35
0.3241 	2.41335e-35
0.3248 	5.36948e-36
0.3255 	7.49874e-39
0.3262 	6.33312e-39
0.3269 	5.16663e-39
0.3276 	4.00008e-39
0.3283 	2.83352e-39
0.329 	1.66696e-39
0.3297 	5.00408e-40
0.3304 	4.18694e-43
0.3311 	3.55034e-43
0.3318 	2.91325e-43
0.3332 	1.6388e-43
0.3339 	1.00157e-43
0.3346 	3.64347e-44
0.3353 	2.05514e-47
0.336 	1.74935e-47
0.3367 	1.44334e-47
0.3374 	1.13719e-47
0.3381 	8.31052e-48
0.3388 	5.24909e-48
0.3395 	2.18766e-48
0.3402 	8.90299e-52
0.3409 	7.60608e-52
0.3416 	6.30828e-52
0.3423 	5.00959e-52
0.343 	3.7109e-52
0.3437 	2.41221e-52
0.3444 	1.11351e-52
0.3451 	3.42118e-56
0.3465 	2.44465e-56
0.3472 	1.95575e-56
0.3479 	1.46684e-56
0.3486 	9.77931e-57
0.35 	1.17229e-60
0.3507 	1.00841e-60
0.3514 	8.44454e-61
0.3521 	6.80262e-61
0.3528 	5.16069e-61
0.3535 	3.51877e-61
0.3542 	1.87684e-61
0.3549 	2.34914e-62
0.3556 	3.10687e-65
0.3563 	2.61344e-65
0.357 	2.11902e-65
0.3577 	1.6246e-65
0.3584 	1.13019e-65
0.3591 	6.35773e-66
0.3598 	1.41357e-66
0.3605 	8.62038e-70
0.3612 	7.2822e-70
0.3619 	5.94097e-70
0.3626 	4.59952e-70
0.3633 	3.25806e-70
0.364 	1.9166e-70
0.3647 	5.75145e-71
0.3654 	2.16456e-74
0.3661 	1.83592e-74
0.3668 	1.50656e-74
0.3675 	1.17701e-74
0.3682 	8.47465e-75
0.3689 	5.17915e-75
0.3696 	1.88366e-75
0.3703 	4.94316e-79
0.371 	4.20878e-79
0.3717 	3.47293e-79
0.3724 	2.73627e-79
0.3731 	1.99961e-79
0.3738 	1.26295e-79
0.3745 	5.26293e-80
0.3752 	1.03192e-83
0.3759 	8.81842e-84
0.3766 	7.31502e-84
0.3773 	5.80903e-84
0.378 	4.30304e-84
0.3787 	2.79705e-84
0.3794 	1.29105e-84
0.3801 	1.97956e-88
0.3808 	1.6976e-88
0.3815 	1.41525e-88
0.3822 	1.13221e-88
0.3829 	8.49164e-89
0.3836 	5.66121e-89
0.3843 	2.83078e-89
0.385 	3.50809e-93
0.3857 	3.01852e-93
0.3864 	2.5285e-93
0.3871 	2.03686e-93
0.3878 	1.54522e-93
0.3885 	1.05358e-93
0.3892 	5.61934e-94
0.3899 	7.02912e-95
0.3906 	4.98371e-98
0.3913 	4.19371e-98
0.392 	3.40032e-98
0.3927 	2.60694e-98
0.3934 	1.81355e-98
0.3941 	1.02016e-98
0.3948 	2.26768e-99
0.3955 	7.67927e-103
0.3969 	5.29463e-103
0.3976 	4.0991e-103
0.3983 	2.90356e-103
0.399 	1.70803e-103
0.3997 	5.12493e-104
0.4004 	1.10964e-107
0.4011 	9.41536e-108
0.4018 	7.72707e-108
0.4025 	6.03681e-108
0.4032 	4.34655e-108
0.4039 	2.65629e-108
0.4046 	9.66024e-109
0.4053 	1.51034e-112
0.406 	1.28645e-112
0.4067 	1.06172e-112
0.4074 	8.36507e-113
0.4081 	6.11299e-113
0.4088 	3.86091e-113
0.4102 	1.94431e-117
0.4109 	1.66216e-117
0.4116 	1.37912e-117
0.4123 	1.09518e-117
0.413 	8.11254e-118
0.4137 	5.27324e-118
0.4144 	2.43393e-118
0.4151 	2.37607e-122
0.4158 	2.03837e-122
0.4165 	1.69986e-122
0.4172 	1.35989e-122
0.4179 	1.01993e-122
0.4186 	6.79961e-123
0.4193 	3.39994e-123
0.42 	2.76573e-127
0.4207 	2.38059e-127
0.4214 	1.99486e-127
0.4228 	1.21909e-127
0.4235 	8.31209e-128
0.4242 	4.43326e-128
0.4249 	5.54421e-129
0.4256 	2.65568e-132
0.4263 	2.23565e-132
0.427 	1.8127e-132
0.4277 	1.38974e-132
0.4284 	9.66787e-133
0.4291 	5.43832e-133
0.4298 	1.20876e-133
0.4305 	2.83719e-137
0.4312 	2.39874e-137
0.4319 	1.95707e-137
0.4326 	1.51516e-137
0.4333 	1.07325e-137
0.434 	6.31335e-138
0.4347 	1.89423e-138
0.4354 	2.90914e-142
0.4361 	2.46941e-142
0.4368 	2.02683e-142
0.4382 	1.14011e-142
0.4389 	6.96744e-143
0.4396 	2.53382e-143
0.4403 	3.05162e-147
0.441 	2.61149e-147
0.4417 	2.16903e-147
0.4424 	1.72529e-147
0.4431 	1.28154e-147
0.4438 	8.37799e-148
0.4445 	3.94055e-148
0.4452 	7.43828e-149
0.4459 	6.48892e-149
0.4466 	5.53795e-149
0.4473 	4.58537e-149
0.448 	3.6328e-149
0.4487 	2.68022e-149
0.4494 	1.72764e-149
0.4501 	8.95498e-150
0.4508 	7.85973e-150
0.4515 	6.76375e-150
0.4522 	5.66644e-150
0.4529 	4.56914e-150
0.4536 	3.47183e-150
0.4543 	2.37453e-150
0.455 	1.27722e-150
0.4557 	1.12123e-150
0.4564 	9.65172e-151
0.4571 	8.08874e-151
0.4578 	6.52577e-151
0.4585 	4.96279e-151
0.4592 	3.39981e-151
0.4599 	1.83684e-151
0.4606 	1.44212e-151
0.4613 	1.24208e-151
0.462 	1.04161e-151
0.4627 	8.41132e-152
0.4634 	6.40659e-152
0.4641 	4.40186e-152
0.4648 	2.39712e-152
0.4655 	1.66093e-152
0.4662 	1.43214e-152
0.4669 	1.20279e-152
0.4676 	9.73388e-153
0.4683 	7.43989e-153
0.469 	5.14589e-153
0.4697 	2.8519e-153
0.4704 	1.73358e-153
0.4711 	1.49701e-153
0.4718 	1.25988e-153
0.4725 	1.02259e-153
0.4732 	7.85295e-154
0.4746 	3.10714e-154
0.4753 	1.65546e-154
0.476 	1.43206e-154
0.4767 	1.20817e-154
0.4774 	9.84002e-155
0.4781 	7.59835e-155
0.4788 	5.35668e-155
0.4795 	3.11502e-155
0.4802 	1.4583e-155
0.4809 	1.26395e-155
0.4816 	1.06923e-155
0.4823 	8.74138e-156
0.483 	6.79044e-156
0.4837 	4.83951e-156
0.4844 	2.88857e-156
0.4851 	1.19392e-156
0.4865 	8.797e-157
0.4872 	7.22042e-157
0.4879 	5.64384e-157
0.4886 	4.06725e-157
0.4893 	2.49067e-157
0.49 	9.14087e-158
0.4907 	7.95579e-158
0.4914 	6.76951e-158
0.4921 	5.57885e-158
0.4928 	4.38819e-158
0.4935 	3.19753e-158
0.4942 	2.00688e-158
0.4949 	8.16216e-159
0.4956 	5.74045e-159
0.4963 	4.89924e-159
0.497 	4.05399e-159
0.4977 	3.20874e-159
0.4984 	2.36349e-159
0.4991 	1.51824e-159
0.4998 	6.72991e-160
0.5005 	3.91246e-160
0.5012 	3.34903e-160
0.5019 	2.78264e-160
0.5026 	2.21602e-160
0.5033 	1.6494e-160
0.504 	1.08277e-160
0.5047 	5.16151e-161
0.5054 	2.52861e-161
0.5061 	2.1707e-161
0.5068 	1.81105e-161
0.5075 	1.45092e-161
0.5082 	1.09079e-161
0.5089 	7.30661e-162
0.5096 	3.70532e-162
0.5103 	1.55475e-162
0.511 	1.33847e-162
0.5117 	1.12125e-162
0.5124 	9.0351e-163
0.5131 	6.85769e-163
0.5138 	4.68028e-163
0.5145 	2.50287e-163
0.5152 	9.11959e-164
0.5159 	7.87284e-164
0.5166 	6.6215e-164
0.5173 	5.36558e-164
0.518 	4.10966e-164
0.5187 	2.85374e-164
0.5194 	1.59781e-164
0.5201 	5.1149e-165
0.5208 	4.42768e-165
0.5215 	3.73849e-165
0.5222 	3.04577e-165
0.5229 	2.35304e-165
0.5236 	1.66032e-165
0.5243 	9.67592e-166
0.525 	2.74867e-166
0.5257 	2.3857e-166
0.5264 	2.02205e-166
0.5271 	1.65593e-166
0.5285 	9.2369e-167
0.5292 	5.57569e-167
0.5299 	1.91447e-167
0.5306 	1.23371e-167
0.5313 	1.04957e-167
0.532 	8.63817e-168
0.5327 	6.78065e-168
0.5334 	4.92312e-168
0.5341 	3.0656e-168
0.5348 	1.20807e-168
0.5355 	6.13279e-169
0.5362 	5.23583e-169
0.5369 	4.33036e-169
0.5383 	2.51811e-169
0.5397 	7.0587e-170
0.5404 	2.93477e-170
0.5411 	2.51382e-170
0.5418 	2.08921e-170
0.5432 	1.23799e-170
0.5439 	8.12381e-171
0.5446 	3.86772e-171
0.5453 	1.35402e-171
0.546 	1.16352e-171
0.5467 	9.71549e-172
0.5474 	7.7876e-172
0.5481 	5.8597e-172
0.5488 	3.93181e-172
0.5495 	2.00392e-172
0.5502 	6.03067e-173
0.5509 	5.19828e-173
0.5516 	4.36045e-173
0.5523 	3.5172e-173
0.553 	2.67394e-173
0.5537 	1.83068e-173
0.5544 	9.87424e-174
0.5551 	2.5961e-174
0.5558 	2.24451e-174
0.5565 	1.89113e-174
0.5572 	1.53454e-174
0.5579 	1.17794e-174
0.5586 	8.21352e-175
0.5593 	4.64759e-175
0.56 	1.08167e-175
0.5607 	9.3791e-176
0.5614 	7.93672e-176
0.5621 	6.4768e-176
0.5635 	3.55696e-176
0.5642 	2.09704e-176
0.5649 	6.37115e-177
0.5656 	3.79728e-177
0.5663 	3.22695e-177
0.567 	2.64761e-177
0.5677 	2.06828e-177
0.5684 	1.48895e-177
0.5691 	9.09622e-178
0.5698 	3.30291e-178
0.5705 	1.49126e-178
0.5712 	1.27227e-178
0.5719 	1.04948e-178
0.5726 	8.26396e-179
0.5733 	6.03315e-179
0.574 	3.80234e-179
0.5747 	1.57153e-179
0.5754 	5.68742e-180
0.5761 	4.86965e-180
0.5775 	3.20403e-180
0.5782 	2.36942e-180
0.5789 	1.53481e-180
0.5796 	7.00198e-181
0.5803 	2.1057e-181
0.581 	1.80921e-181
0.5817 	1.50837e-181
0.5824 	1.20512e-181
0.5831 	9.01869e-182
0.5838 	5.98619e-182
0.5845 	2.95369e-182
0.5852 	7.57759e-183
0.5859 	6.53266e-183
0.5866 	5.47449e-183
0.5873 	4.40308e-183
0.588 	3.33167e-183
0.5887 	2.26026e-183
0.5894 	1.18885e-183
0.5901 	2.65376e-184
0.5908 	2.29534e-184
0.5915 	1.93331e-184
0.5922 	1.56476e-184
0.5929 	1.19621e-184
0.5936 	8.27659e-185
0.595 	9.05601e-186
0.5957 	7.85807e-186
0.5964 	6.65201e-186
0.5971 	5.41618e-186
0.5978 	4.18034e-186
0.5985 	2.94451e-186
0.5992 	1.70868e-186
0.5999 	4.72849e-187
0.6006 	2.62777e-187
0.6013 	2.23566e-187
0.602 	1.83064e-187
0.6027 	1.42563e-187
0.6034 	1.02061e-187
0.6041 	6.15595e-188
0.6048 	2.1058e-188
0.6055 	8.59403e-189
0.6062 	7.34511e-189
0.6069 	6.04978e-189
0.6076 	4.75089e-189
0.6083 	3.45199e-189
0.609 	2.15309e-189
0.6097 	8.54194e-190
0.6104 	2.7521e-190
0.6111 	2.36162e-190
0.6118 	1.95727e-190
0.6125 	1.54914e-190
0.6132 	1.14101e-190
0.6139 	7.32878e-191
0.6146 	3.24747e-191
0.6153 	8.63998e-192
0.616 	7.44322e-192
0.6167 	6.20709e-192
0.6174 	4.94909e-192
0.6181 	3.69109e-192
0.6188 	2.43309e-192
0.6195 	1.17509e-192
0.6202 	2.66237e-193
0.6209 	2.30241e-193
0.6216 	1.932e-193
0.6223 	1.55115e-193
0.623 	1.1703e-193
0.6237 	7.89443e-194
0.6244 	4.0859e-194
0.6251 	8.06245e-195
0.6258 	6.99865e-195
0.6265 	5.90982e-195
0.6272 	4.77591e-195
0.6279 	3.64201e-195
0.6286 	2.5081e-195
0.6293 	1.3742e-195
0.63 	2.40293e-196
0.6307 	2.09359e-196
0.6314 	1.77929e-196
0.6321 	1.4468e-196
0.6328 	1.1143e-196
0.6335 	7.81804e-197
0.6349 	1.1681e-197
0.6356 	6.17148e-198
0.6363 	5.2799e-198
0.637 	4.31834e-198
0.6377 	3.35677e-198
0.6384 	2.3952e-198
0.6391 	1.43364e-198
0.6398 	4.72074e-199
0.6405 	1.79458e-199
0.6412 	1.5442e-199
0.6419 	1.27139e-199
0.6426 	9.96845e-200
0.6433 	7.22305e-200
0.644 	4.47765e-200
0.6447 	1.73225e-200
0.6454 	5.15716e-201
0.6461 	4.45824e-201
0.6468 	3.69927e-201
0.6475 	2.92393e-201
0.6482 	2.14859e-201
0.6489 	1.37325e-201
0.6496 	5.97906e-202
0.6503 	1.46586e-202
0.651 	1.27292e-202
0.6517 	1.06467e-202
0.6524 	8.47909e-203
0.6531 	6.31147e-203
0.6538 	4.14384e-203
0.6545 	1.97621e-203
0.6552 	4.1283e-204
0.6559 	3.6007e-204
0.6566 	3.0364e-204
0.6573 	2.43542e-204
0.658 	1.83443e-204
0.6587 	1.23345e-204
0.6594 	6.3246e-205
0.6601 	1.15285e-205
0.6615 	8.58782e-206
0.6622 	6.93422e-206
0.6629 	5.28061e-206
0.6636 	3.62701e-206
0.6643 	1.9734e-206
0.665 	3.19795e-207
0.6657 	2.81265e-207
0.6664 	2.41298e-207
0.6671 	1.96064e-207
0.6678 	1.50831e-207
0.6685 	1.05598e-207
0.6692 	6.03645e-208
0.6699 	1.51312e-208
0.6706 	7.785e-209
0.6713 	6.73913e-209
0.672 	5.50842e-209
0.6727 	4.27771e-209
0.6734 	3.047e-209
0.6741 	1.81629e-209
0.6748 	5.85585e-210
0.6755 	2.14319e-210
0.6762 	1.86831e-210
0.6769 	1.53914e-210
0.6776 	1.2058e-210
0.6783 	8.7246e-211
0.679 	5.39119e-211
0.6797 	2.05778e-211
0.6804 	5.87474e-212
0.6811 	5.14492e-212
0.6818 	4.28162e-212
0.6825 	3.3819e-212
0.6832 	2.48219e-212
0.6839 	1.58248e-212
0.6846 	6.8277e-213
0.6853 	1.60372e-213
0.686 	1.41057e-213
0.6867 	1.18601e-213
0.6874 	9.43988e-214
0.6881 	7.0197e-214
0.6888 	4.59953e-214
0.6895 	2.17935e-214
0.6902 	4.36089e-215
0.6909 	3.85115e-215
0.6916 	3.27182e-215
0.6923 	2.62293e-215
0.693 	1.97403e-215
0.6937 	1.32513e-215
0.6944 	6.76227e-216
0.6951 	1.18117e-216
0.6958 	1.04746e-216
0.6965 	9.003e-217
0.6972 	7.2892e-217
0.6979 	5.57541e-217
0.6986 	3.86162e-217
0.6993 	2.14782e-217
0.7 	4.34031e-218
