0 	1
0.0007 	1
0.0014 	1
0.0021 	1
0.0028 	1
0.0035 	1
0.0042 	1
0.0049 	1
0.0056 	1
0.0063 	1
0.007 	1
0.0077 	1
0.0084 	1
0.0091 	1
0.0098 	1
0.0105 	1
0.0112 	1
0.0119 	1
0.0126 	1
0.0133 	1
0.014 	1
0.0147 	1
0.0154 	1
0.0161 	1
0.0168 	1
0.0175 	1
0.0182 	1
0.0189 	1
0.0196 	1
0.0203 	1
0.021 	1
0.0217 	1
0.0224 	1
0.0231 	1
0.0238 	1
0.0245 	1
0.0252 	1
0.0259 	1
0.0266 	1
0.0273 	1
0.028 	1
0.0287 	1
0.0294 	1
0.0301 	1
0.0308 	1
0.0315 	1
0.0322 	1
0.0329 	1
0.0336 	1
0.0343 	1
0.035 	1
0.0357 	1
0.0364 	1
0.0371 	1
0.0378 	1
0.0385 	1
0.0392 	1
0.0399 	1
0.0406 	1
0.0413 	1
0.042 	1
0.0427 	1
0.0434 	1
0.0441 	1
0.0448 	1
0.0455 	1
0.0462 	1
0.0469 	1
0.0476 	1
0.0483 	1
0.049 	1
0.0497 	1
0.0504 	1
0.0511 	1
0.0518 	1
0.0525 	1
0.0532 	1
0.0539 	1
0.0546 	1
0.0553 	1
0.056 	1
0.0567 	1
0.0574 	1
0.0581 	1
0.0588 	1
0.0595 	1
0.0602 	1
0.0609 	1
0.0616 	1
0.0623 	1
0.063 	1
0.0637 	1
0.0644 	1
0.0651 	1
0.0658 	1
0.0665 	1
0.0672 	1
0.0679 	1
0.0686 	1
0.0693 	1
0.07 	1
0.0707 	1
0.0714 	1
0.0721 	1
0.0728 	1
0.0735 	1
0.0742 	1
0.0749 	1
0.0756 	1
0.0763 	1
0.077 	1
0.0777 	1
0.0784 	1
0.0791 	1
0.0798 	1
0.0805 	1
0.0812 	1
0.0819 	1
0.0826 	1
0.0833 	1
0.084 	1
0.0847 	1
0.0854 	1
0.0861 	1
0.0868 	1
0.0875 	1
0.0882 	1
0.0889 	1
0.0896 	1
0.0903 	1
0.091 	1
0.0917 	1
0.0924 	1
0.0931 	1
0.0938 	1
0.0945 	1
0.0952 	1
0.0959 	1
0.0966 	1
0.0973 	1
0.098 	1
0.0987 	1
0.0994 	1
0.1001 	1
0.1008 	1
0.1015 	1
0.1022 	1
0.1029 	1
0.1036 	1
0.1043 	1
0.105 	1
0.1057 	1
0.1064 	1
0.1071 	1
0.1078 	1
0.1085 	1
0.1092 	1
0.1099 	1
0.1106 	1
0.1113 	1
0.112 	1
0.1127 	1
0.1134 	1
0.1141 	1
0.1148 	1
0.1155 	1
0.1162 	1
0.1169 	1
0.1176 	1
0.1183 	1
0.119 	1
0.1197 	1
0.1204 	1
0.1211 	1
0.1218 	1
0.1225 	1
0.1232 	1
0.1239 	1
0.1246 	1
0.1253 	1
0.126 	1
0.1267 	1
0.1274 	1
0.1281 	1
0.1288 	1
0.1295 	1
0.1302 	1
0.1309 	1
0.1316 	1
0.1323 	1
0.133 	1
0.1337 	1
0.1344 	1
0.1351 	1
0.1358 	1
0.1365 	1
0.1372 	1
0.1379 	1
0.1386 	1
0.1393 	1
0.14 	1
0.1407 	1
0.1414 	1
0.1421 	1
0.1428 	1
0.1435 	1
0.1442 	1
0.1449 	1
0.1456 	1
0.1463 	1
0.147 	1
0.1477 	1
0.1484 	1
0.1491 	1
0.1498 	1
0.1505 	1
0.1512 	1
0.1519 	1
0.1526 	1
0.1533 	1
0.154 	1
0.1547 	1
0.1554 	1
0.1561 	1
0.1568 	1
0.1575 	1
0.1582 	1
0.1589 	1
0.1596 	1
0.1603 	1
0.161 	1
0.1617 	1
0.1624 	1
0.1631 	1
0.1638 	1
0.1645 	1
0.1652 	1
0.1659 	1
0.1666 	1
0.1673 	1
0.168 	1
0.1687 	1
0.1694 	1
0.1701 	1
0.1708 	1
0.1715 	1
0.1722 	1
0.1729 	1
0.1736 	1
0.1743 	1
0.175 	1
0.1757 	1
0.1764 	1
0.1771 	1
0.1778 	1
0.1785 	1
0.1792 	1
0.1799 	1
0.1806 	1
0.1813 	1
0.182 	1
0.1827 	1
0.1834 	1
0.1841 	1
0.1848 	1
0.1855 	1
0.1862 	1
0.1869 	1
0.1876 	1
0.1883 	1
0.189 	1
0.1897 	1
0.1904 	1
0.1911 	1
0.1918 	1
0.1925 	1
0.1932 	1
0.1939 	1
0.1946 	1
0.1953 	1
0.196 	1
0.1967 	1
0.1974 	1
0.1981 	1
0.1988 	1
0.1995 	1
0.2002 	1
0.2009 	1
0.2016 	1
0.2023 	1
0.203 	1
0.2037 	1
0.2044 	1
0.2051 	1
0.2058 	1
0.2065 	1
0.2072 	1
0.2079 	1
0.2086 	1
0.2093 	1
0.21 	1
0.2107 	1
0.2114 	1
0.2121 	1
0.2128 	1
0.2135 	1
0.2142 	1
0.2149 	1
0.2156 	1
0.2163 	1
0.217 	1
0.2177 	1
0.2184 	1
0.2191 	1
0.2198 	1
0.2205 	1
0.2212 	1
0.2219 	1
0.2226 	1
0.2233 	1
0.224 	1
0.2247 	1
0.2254 	0.999998
0.2261 	0.999994
0.2268 	0.999989
0.2275 	0.999985
0.2282 	0.999981
0.2289 	0.999976
0.2296 	0.999972
0.2303 	0.9997
0.231 	0.998932
0.2317 	0.998164
0.2324 	0.997396
0.2331 	0.996628
0.2338 	0.99586
0.2345 	0.995092
0.2352 	0.991086
0.2359 	0.975035
0.2366 	0.958984
0.2373 	0.942934
0.238 	0.926883
0.2387 	0.910833
0.2394 	0.894783
0.2401 	0.873732
0.2408 	0.814273
0.2415 	0.754815
0.2422 	0.695356
0.2429 	0.635897
0.2436 	0.576439
0.2443 	0.51698
0.245 	0.455035
0.2457 	0.398111
0.2464 	0.344164
0.2471 	0.290217
0.2478 	0.23627
0.2485 	0.182323
0.2492 	0.128376
0.2499 	0.0744292
0.2506 	0.0605411
0.2513 	0.0507738
0.252 	0.0410064
0.2527 	0.0312391
0.2534 	0.0214717
0.2541 	0.0117044
0.2548 	0.00193706
0.2555 	2.85781e-05
0.2562 	2.4219e-05
0.2569 	1.96904e-05
0.2576 	1.51488e-05
0.2583 	1.06072e-05
0.259 	6.0656e-06
0.2597 	1.524e-06
0.2604 	7.68336e-11
0.2611 	6.36251e-11
0.2618 	5.17166e-11
0.2625 	4.01627e-11
0.2632 	2.86088e-11
0.2639 	1.70549e-11
0.2646 	5.50097e-12
0.2653 	6.85913e-24
0.266 	6.84663e-24
0.2667 	6.83335e-24
0.2674 	6.81964e-24
0.2681 	6.80593e-24
0.2688 	6.79223e-24
0.2695 	6.77852e-24
0.2702 	6.2948e-24
0.2709 	5.47998e-24
0.2716 	4.59013e-24
0.2723 	3.62525e-24
0.273 	2.66037e-24
0.2737 	1.69548e-24
0.2744 	7.30597e-25
0.2751 	5.42192e-38
0.2758 	5.42244e-38
0.2765 	5.42299e-38
0.2772 	5.42358e-38
0.2779 	5.42418e-38
0.2786 	5.42477e-38
0.2793 	5.42536e-38
0.28 	2.75394e-36
0.2807 	4.76067e-38
0.2814 	4.24849e-38
0.2821 	3.40524e-38
0.2828 	2.56198e-38
0.2835 	1.71872e-38
0.2842 	8.75457e-39
0.2849 	3.2198e-40
0.2856 	2.81843e-48
0.2863 	1.84167e-52
0.287 	1.84188e-52
0.2877 	1.8421e-52
0.2884 	1.84231e-52
0.2891 	1.84252e-52
0.2898 	1.84274e-52
0.2905 	1.64841e-52
0.2912 	1.50586e-52
0.2919 	1.23102e-52
0.2926 	9.46e-53
0.2933 	6.60984e-53
0.294 	3.75968e-53
0.2947 	9.09513e-54
0.2954 	6.07862e-61
0.2961 	5.55291e-61
0.2968 	4.62534e-61
0.2975 	3.58816e-61
0.2982 	2.55099e-61
0.2989 	1.51381e-61
0.2996 	4.76634e-62
0.3003 	1.24399e-67
0.301 	1.139e-67
0.3017 	9.66557e-68
0.3024 	7.5664e-68
0.3031 	5.46722e-68
0.3038 	3.36805e-68
0.3045 	1.26888e-68
0.3052 	8.07963e-71
0.3059 	7.40507e-71
0.3066 	6.39343e-71
0.3073 	5.04472e-71
0.308 	3.696e-71
0.3087 	2.34729e-71
0.3094 	9.98571e-72
0.3101 	2.39921e-77
0.3108 	2.20116e-77
0.3115 	1.93245e-77
0.3122 	1.53652e-77
0.3129 	1.14059e-77
0.3136 	7.44657e-78
0.3143 	3.48728e-78
0.315 	9.81651e-83
0.3157 	3.58643e-84
0.3164 	3.19944e-84
0.3171 	2.56225e-84
0.3178 	1.92506e-84
0.3185 	1.28787e-84
0.3192 	6.50678e-85
0.3199 	1.34877e-86
0.3206 	2.5066e-94
0.3213 	2.12354e-94
0.322 	1.71213e-94
0.3227 	1.30071e-94
0.3234 	8.89302e-95
0.3241 	4.7789e-95
0.3248 	6.64777e-96
0.3255 	1.62765e-99
0.3262 	1.4911e-99
0.3269 	1.21834e-99
0.3276 	9.35099e-100
0.3283 	6.51862e-100
0.329 	3.68624e-100
0.3297 	8.53869e-101
0.3304 	-9.12084e-104
0.3311 	-1.65428e-104
0.3318 	-6.41434e-106
0.3325 	-7.66676e-106
0.3332 	-8.91919e-106
0.3339 	-1.01716e-105
0.3346 	-1.1424e-105
0.3353 	-9.83536e-106
0.336 	-2.67926e-106
0.3367 	-1.18278e-107
0.3374 	-1.10138e-107
0.3381 	-1.01998e-107
0.3388 	-9.38585e-108
0.3395 	-8.57186e-108
0.3402 	-7.34991e-108
0.3409 	-2.49599e-108
0.3416 	-6.63494e-110
0.3423 	-6.09849e-110
0.343 	-5.56203e-110
0.3437 	-5.02558e-110
0.3444 	-4.48912e-110
0.3451 	-4.07991e-110
0.3458 	-1.61417e-110
0.3465 	-2.81768e-112
0.3472 	-2.57348e-112
0.3479 	-2.32928e-112
0.3486 	-2.08508e-112
0.3493 	-1.84088e-112
0.35 	-1.76483e-112
0.3507 	-7.81892e-113
0.3514 	-9.74481e-115
0.3521 	-8.87274e-115
0.3528 	-8.00066e-115
0.3535 	-7.12858e-115
0.3542 	-6.2565e-115
0.3549 	-5.38443e-115
0.3556 	-3.04752e-115
0.3563 	-2.8753e-117
0.357 	-2.6163e-117
0.3577 	-2.35731e-117
0.3584 	-2.09832e-117
0.3591 	-1.83933e-117
0.3598 	-1.58034e-117
0.3605 	-1.00827e-117
0.3612 	-7.41527e-119
0.3619 	-6.80625e-120
0.3626 	-6.13415e-120
0.3633 	-5.46205e-120
0.364 	-4.78996e-120
0.3647 	-4.11786e-120
0.3654 	-2.90945e-120
0.3661 	-5.27505e-121
0.3668 	-1.58616e-122
0.3675 	-1.42997e-122
0.3682 	-1.27378e-122
0.3689 	-1.11759e-122
0.3696 	-9.61405e-123
0.3703 	-7.41835e-123
0.371 	-1.97826e-123
0.3717 	-3.32736e-125
0.3724 	-2.99984e-125
0.3731 	-2.67232e-125
0.3738 	-2.3448e-125
0.3745 	-2.01729e-125
0.3752 	-1.68019e-125
0.3759 	-5.64467e-126
0.3766 	-6.29904e-128
0.3773 	-5.68002e-128
0.378 	-5.06099e-128
0.3787 	-4.44196e-128
0.3794 	-3.82294e-128
0.3801 	-3.4052e-128
0.3808 	-1.33929e-128
0.3815 	-1.08506e-130
0.3822 	-9.79217e-131
0.3829 	-8.73371e-131
0.3836 	-7.67525e-131
0.3843 	-6.61679e-131
0.385 	-6.26296e-131
0.3857 	-2.76516e-131
0.3864 	-1.72313e-133
0.3871 	-1.55739e-133
0.3878 	-1.39166e-133
0.3885 	-1.22592e-133
0.3892 	-1.06018e-133
0.3899 	-9.04622e-134
0.3906 	-5.12396e-134
0.3913 	-2.54924e-136
0.392 	-2.3081e-136
0.3927 	-2.06697e-136
0.3934 	-1.82584e-136
0.3941 	-1.58471e-136
0.3948 	-1.34358e-136
0.3955 	-8.66407e-137
0.3962 	-6.1034e-138
0.3969 	-3.20245e-139
0.3976 	-2.87399e-139
0.3983 	-2.54553e-139
0.399 	-2.21706e-139
0.3997 	-1.8886e-139
0.4004 	-1.34815e-139
0.4011 	-2.41629e-140
0.4018 	-4.18633e-142
0.4025 	-3.76529e-142
0.4032 	-3.34425e-142
0.4039 	-2.92321e-142
0.4046 	-2.50217e-142
0.4053 	-1.95229e-142
0.406 	-5.17829e-143
0.4067 	-5.19067e-145
0.4074 	-4.6767e-145
0.4081 	-4.16273e-145
0.4088 	-3.64876e-145
0.4095 	-3.13479e-145
0.4102 	-2.64505e-145
0.4109 	-8.85925e-146
0.4116 	-6.06204e-148
0.4123 	-5.46249e-148
0.413 	-4.86294e-148
0.4137 	-4.26339e-148
0.4144 	-3.66385e-148
0.4151 	-3.30564e-148
0.4158 	-1.2976e-148
0.4165 	-6.52342e-151
0.4172 	-5.86933e-151
0.4179 	-5.21525e-151
0.4186 	-4.56116e-151
0.4193 	-3.90707e-151
0.42 	-3.7246e-151
0.4207 	-1.64228e-151
0.4214 	-6.36706e-154
0.4221 	-5.7187e-154
0.4228 	-5.07034e-154
0.4235 	-4.42199e-154
0.4242 	-3.77363e-154
0.4249 	-3.20857e-154
0.4256 	-1.81573e-154
0.4263 	-5.67321e-157
0.427 	-5.09281e-157
0.4277 	-4.51241e-157
0.4284 	-3.93201e-157
0.4291 	-3.35161e-157
0.4298 	-2.77121e-157
0.4305 	-1.80556e-157
0.4312 	-1.24713e-158
0.4319 	-4.20956e-160
0.4326 	-3.73262e-160
0.4333 	-3.25569e-160
0.434 	-2.77876e-160
0.4347 	-2.30183e-160
0.4354 	-1.65158e-160
0.4361 	-2.94335e-161
0.4368 	-3.21111e-163
0.4375 	-2.84746e-163
0.4382 	-2.48381e-163
0.4389 	-2.12017e-163
0.4396 	-1.75652e-163
0.4403 	-1.36733e-163
0.441 	-3.6158e-164
0.4417 	-2.22232e-166
0.4424 	-1.9705e-166
0.4431 	-1.71868e-166
0.4438 	-1.46687e-166
0.4445 	-1.21505e-166
0.4452 	-1.01364e-166
0.4459 	-3.38886e-167
0.4466 	-1.4284e-169
0.4473 	-1.27047e-169
0.448 	-1.11255e-169
0.4487 	-9.54628e-170
0.4494 	-7.96704e-170
0.4501 	-7.10162e-170
0.4508 	-2.78434e-170
0.4515 	-8.8254e-173
0.4522 	-7.86105e-173
0.4529 	-6.8967e-173
0.4536 	-5.93235e-173
0.4543 	-4.968e-173
0.455 	-4.68512e-173
0.4557 	-2.06383e-173
0.4564 	-4.89055e-176
0.4571 	-4.32075e-176
0.4578 	-3.75096e-176
0.4585 	-3.18116e-176
0.4592 	-2.61137e-176
0.4599 	-2.13446e-176
0.4606 	-1.20708e-176
0.4613 	-2.0785e-179
0.462 	-1.80482e-179
0.4627 	-1.53114e-179
0.4634 	-1.25747e-179
0.4641 	-9.8379e-180
0.4648 	-7.10113e-180
0.4655 	-4.61693e-180
0.4662 	-3.12981e-181
0.4669 	-4.74957e-183
0.4676 	-3.88045e-183
0.4683 	-3.01133e-183
0.469 	-2.14222e-183
0.4697 	-1.2731e-183
0.4704 	-8.19867e-184
0.4711 	-1.45252e-184
0.4718 	-5.93363e-187
0.4725 	-4.6763e-187
0.4732 	-3.41896e-187
0.4739 	-2.16162e-187
0.4746 	-9.04284e-188
0.4753 	-3.74234e-188
0.476 	-9.87626e-189
0.4767 	-3.51209e-191
0.4774 	-3.06494e-191
0.4781 	-2.61779e-191
0.4788 	-2.17064e-191
0.4795 	-1.72348e-191
0.4802 	-1.41585e-191
0.4809 	-4.7281e-192
0.4816 	-1.21236e-194
0.4823 	-1.06193e-194
0.483 	-9.11505e-195
0.4837 	-7.61079e-195
0.4844 	-6.10653e-195
0.4851 	-5.33537e-195
0.4858 	-2.08608e-195
0.4865 	-3.41682e-198
0.4872 	-2.90882e-198
0.4879 	-2.40081e-198
0.4886 	-1.8928e-198
0.4893 	-1.3848e-198
0.49 	-1.11232e-198
0.4907 	-4.89055e-199
0.4914 	-4.72657e-202
0.4921 	-3.76844e-202
0.4928 	-2.81031e-202
0.4935 	-1.85218e-202
0.4942 	-8.94055e-203
0.4949 	-2.01533e-205
0.4956 	9.33656e-241
0.4963 	8.44465e-241
0.497 	6.78023e-241
0.4977 	5.11582e-241
0.4984 	3.4514e-241
0.4991 	1.78699e-241
0.4998 	1.22569e-242
0.5005 	6.54558e-246
0.5012 	5.96903e-246
0.5019 	4.8575e-246
0.5026 	3.70482e-246
0.5033 	2.55213e-246
0.504 	1.39945e-246
0.5047 	2.46762e-247
0.5054 	8.73144e-252
0.5061 	7.97166e-252
0.5068 	6.61532e-252
0.5075 	5.09627e-252
0.5082 	3.57723e-252
0.5089 	2.05818e-252
0.5096 	5.39135e-253
0.5103 	4.10319e-256
0.511 	3.75056e-256
0.5117 	3.17136e-256
0.5124 	2.46629e-256
0.5131 	1.76122e-256
0.5138 	1.05615e-256
0.5145 	3.51083e-257
0.5152 	1.55016e-259
0.5159 	1.41847e-259
0.5166 	1.22097e-259
0.5173 	9.57671e-260
0.518 	6.94368e-260
0.5187 	4.31064e-260
0.5194 	1.67761e-260
0.5201 	1.11835e-260
0.5208 	2.85943e-263
0.5215 	2.50368e-263
0.5222 	1.97947e-263
0.5229 	1.45527e-263
0.5236 	9.31069e-264
0.5243 	4.06867e-264
0.525 	1.4501e-263
0.5257 	0
0.5264 	0
0.5271 	0
0.5278 	0
0.5285 	0
0.5292 	0
0.5299 	2.15304e-267
0.5306 	0
0.5313 	0
0.532 	0
0.5327 	0
0.5334 	0
0.5341 	0
0.5348 	0
0.5355 	0
0.5362 	0
0.5369 	0
0.5376 	0
0.5383 	0
0.539 	0
0.5397 	0
0.5404 	0
0.5411 	0
0.5418 	0
0.5425 	0
0.5432 	0
0.5439 	0
0.5446 	0
0.5453 	0
0.546 	0
0.5467 	0
0.5474 	0
0.5481 	0
0.5488 	0
0.5495 	0
0.5502 	0
0.5509 	0
0.5516 	0
0.5523 	0
0.553 	0
0.5537 	0
0.5544 	0
0.5551 	0
0.5558 	0
0.5565 	0
0.5572 	0
0.5579 	0
0.5586 	0
0.5593 	0
0.56 	0
0.5607 	0
0.5614 	0
0.5621 	0
0.5628 	0
0.5635 	0
0.5642 	0
0.5649 	0
0.5656 	0
0.5663 	0
0.567 	0
0.5677 	0
0.5684 	0
0.5691 	0
0.5698 	0
0.5705 	0
0.5712 	0
0.5719 	0
0.5726 	0
0.5733 	0
0.574 	0
0.5747 	0
0.5754 	0
0.5761 	0
0.5768 	0
0.5775 	0
0.5782 	0
0.5789 	0
0.5796 	0
0.5803 	0
0.581 	0
0.5817 	0
0.5824 	0
0.5831 	0
0.5838 	0
0.5845 	0
0.5852 	0
0.5859 	0
0.5866 	0
0.5873 	0
0.588 	0
0.5887 	0
0.5894 	0
0.5901 	0
0.5908 	0
0.5915 	0
0.5922 	0
0.5929 	0
0.5936 	0
0.5943 	0
0.595 	0
0.5957 	0
0.5964 	0
0.5971 	0
0.5978 	0
0.5985 	0
0.5992 	0
0.5999 	0
0.6006 	0
0.6013 	0
0.602 	0
0.6027 	0
0.6034 	0
0.6041 	0
0.6048 	0
0.6055 	0
0.6062 	0
0.6069 	0
0.6076 	0
0.6083 	0
0.609 	0
0.6097 	0
0.6104 	0
0.6111 	0
0.6118 	0
0.6125 	0
0.6132 	0
0.6139 	0
0.6146 	0
0.6153 	0
0.616 	0
0.6167 	0
0.6174 	0
0.6181 	0
0.6188 	0
0.6195 	0
0.6202 	0
0.6209 	0
0.6216 	0
0.6223 	0
0.623 	0
0.6237 	0
0.6244 	0
0.6251 	0
0.6258 	0
0.6265 	0
0.6272 	0
0.6279 	0
0.6286 	0
0.6293 	0
0.63 	0
0.6307 	0
0.6314 	0
0.6321 	0
0.6328 	0
0.6335 	0
0.6342 	0
0.6349 	0
0.6356 	0
0.6363 	0
0.637 	0
0.6377 	0
0.6384 	0
0.6391 	0
0.6398 	0
0.6405 	0
0.6412 	0
0.6419 	0
0.6426 	0
0.6433 	0
0.644 	0
0.6447 	0
0.6454 	0
0.6461 	0
0.6468 	0
0.6475 	0
0.6482 	0
0.6489 	0
0.6496 	0
0.6503 	0
0.651 	0
0.6517 	0
0.6524 	0
0.6531 	0
0.6538 	0
0.6545 	0
0.6552 	0
0.6559 	0
0.6566 	0
0.6573 	0
0.658 	0
0.6587 	0
0.6594 	0
0.6601 	0
0.6608 	0
0.6615 	0
0.6622 	0
0.6629 	0
0.6636 	0
0.6643 	0
0.665 	0
0.6657 	0
0.6664 	0
0.6671 	0
0.6678 	0
0.6685 	0
0.6692 	0
0.6699 	0
0.6706 	0
0.6713 	0
0.672 	0
0.6727 	0
0.6734 	0
0.6741 	0
0.6748 	0
0.6755 	0
0.6762 	0
0.6769 	0
0.6776 	0
0.6783 	0
0.679 	0
0.6797 	0
0.6804 	0
0.6811 	0
0.6818 	0
0.6825 	0
0.6832 	0
0.6839 	0
0.6846 	0
0.6853 	0
0.686 	0
0.6867 	0
0.6874 	0
0.6881 	0
0.6888 	0
0.6895 	0
0.6902 	0
0.6909 	0
0.6916 	0
0.6923 	0
0.693 	0
0.6937 	0
0.6944 	0
0.6951 	0
0.6958 	0
0.6965 	0
0.6972 	0
0.6979 	0
0.6986 	0
0.6993 	0
0.7 	0
