0 	1
0.0007 	1
0.0014 	1
0.0021 	1
0.0028 	1
0.0035 	1
0.0042 	1
0.0049 	1
0.0056 	1
0.0063 	1
0.007 	1
0.0077 	1
0.0084 	1
0.0091 	1
0.0098 	1
0.0105 	1
0.0112 	1
0.0119 	1
0.0126 	1
0.0133 	1
0.014 	1
0.0147 	1
0.0154 	1
0.0161 	1
0.0168 	1
0.0175 	1
0.0182 	1
0.0189 	1
0.0196 	1
0.0203 	1
0.021 	1
0.0217 	1
0.0224 	1
0.0231 	1
0.0238 	1
0.0245 	1
0.0252 	1
0.0259 	1
0.0266 	1
0.0273 	1
0.028 	1
0.0287 	1
0.0294 	1
0.0301 	1
0.0308 	1
0.0315 	1
0.0322 	1
0.0329 	1
0.0336 	1
0.0343 	1
0.035 	1
0.0357 	1
0.0364 	1
0.0371 	1
0.0378 	1
0.0385 	1
0.0392 	1
0.0399 	1
0.0406 	1
0.0413 	1
0.042 	1
0.0427 	1
0.0434 	1
0.0441 	1
0.0448 	1
0.0455 	1
0.0462 	1
0.0469 	1
0.0476 	1
0.0483 	1
0.049 	1
0.0497 	1
0.0504 	1
0.0511 	1
0.0518 	1
0.0525 	1
0.0532 	1
0.0539 	1
0.0546 	1
0.0553 	1
0.056 	1
0.0567 	1
0.0574 	1
0.0581 	1
0.0588 	1
0.0595 	1
0.0602 	1
0.0609 	1
0.0616 	1
0.0623 	1
0.063 	1
0.0637 	1
0.0644 	1
0.0651 	1
0.0658 	1
0.0665 	1
0.0672 	1
0.0679 	1
0.0686 	1
0.0693 	1
0.07 	1
0.0707 	1
0.0714 	1
0.0721 	1
0.0728 	1
0.0735 	1
0.0742 	1
0.0749 	1
0.0756 	1
0.0763 	1
0.077 	1
0.0777 	1
0.0784 	1
0.0791 	1
0.0798 	1
0.0805 	1
0.0812 	1
0.0819 	1
0.0826 	1
0.0833 	1
0.084 	1
0.0847 	1
0.0854 	1
0.0861 	1
0.0868 	1
0.0875 	1
0.0882 	1
0.0889 	1
0.0896 	1
0.0903 	1
0.091 	1
0.0917 	1
0.0924 	1
0.0931 	1
0.0938 	1
0.0945 	1
0.0952 	1
0.0959 	1
0.0966 	1
0.0973 	1
0.098 	1
0.0987 	1
0.0994 	1
0.1001 	1
0.1008 	1
0.1015 	1
0.1022 	1
0.1029 	1
0.1036 	1
0.1043 	1
0.105 	1
0.1057 	1
0.1064 	1
0.1071 	1
0.1078 	1
0.1085 	1
0.1092 	1
0.1099 	1
0.1106 	1
0.1113 	1
0.112 	1
0.1127 	1
0.1134 	1
0.1141 	1
0.1148 	1
0.1155 	1
0.1162 	1
0.1169 	1
0.1176 	1
0.1183 	1
0.119 	1
0.1197 	1
0.1204 	1
0.1211 	1
0.1218 	1
0.1225 	1
0.1232 	1
0.1239 	1
0.1246 	1
0.1253 	1
0.126 	1
0.1267 	1
0.1274 	1
0.1281 	1
0.1288 	1
0.1295 	1
0.1302 	1
0.1309 	1
0.1316 	1
0.1323 	1
0.133 	1
0.1337 	1
0.1344 	1
0.1351 	1
0.1358 	1
0.1365 	1
0.1372 	1
0.1379 	1
0.1386 	1
0.1393 	1
0.14 	1
0.1407 	1
0.1414 	1
0.1421 	1
0.1428 	1
0.1435 	1
0.1442 	1
0.1449 	1
0.1456 	1
0.1463 	1
0.147 	1
0.1477 	1
0.1484 	1
0.1491 	1
0.1498 	1
0.1505 	1
0.1512 	1
0.1519 	1
0.1526 	1
0.1533 	1
0.154 	1
0.1547 	1
0.1554 	1
0.1561 	1
0.1568 	1
0.1575 	1
0.1582 	1
0.1589 	1
0.1596 	1
0.1603 	1
0.161 	1
0.1617 	1
0.1624 	1
0.1631 	1
0.1638 	1
0.1645 	1
0.1652 	1
0.1659 	1
0.1666 	1
0.1673 	1
0.168 	1
0.1687 	1
0.1694 	1
0.1701 	1
0.1708 	1
0.1715 	1
0.1722 	1
0.1729 	1
0.1736 	1
0.1743 	1
0.175 	1
0.1757 	1
0.1764 	1
0.1771 	1
0.1778 	1
0.1785 	1
0.1792 	1
0.1799 	1
0.1806 	1
0.1813 	1
0.182 	1
0.1827 	1
0.1834 	1
0.1841 	1
0.1848 	1
0.1855 	1
0.1862 	1
0.1869 	1
0.1876 	1
0.1883 	1
0.189 	1
0.1897 	1
0.1904 	1
0.1911 	1
0.1918 	1
0.1925 	1
0.1932 	1
0.1939 	1
0.1946 	1
0.1953 	1
0.196 	1
0.1967 	1
0.1974 	1
0.1981 	1
0.1988 	1
0.1995 	1
0.2002 	1
0.2009 	1
0.2016 	1
0.2023 	1
0.203 	1
0.2037 	1
0.2044 	1
0.2051 	1
0.2058 	1
0.2065 	1
0.2072 	1
0.2079 	1
0.2086 	1
0.2093 	1
0.21 	1
0.2107 	1
0.2114 	1
0.2121 	1
0.2128 	1
0.2135 	1
0.2142 	1
0.2149 	1
0.2156 	1
0.2163 	1
0.217 	1
0.2177 	1
0.2184 	1
0.2191 	1
0.2198 	1
0.2205 	1
0.2212 	1
0.2219 	1
0.2226 	1
0.2233 	1
0.224 	1
0.2247 	1
0.2254 	1
0.2261 	1
0.2268 	1
0.2275 	1
0.2282 	1
0.2289 	1
0.2296 	1
0.2303 	1
0.231 	1
0.2317 	1
0.2324 	1
0.2331 	1
0.2338 	1
0.2345 	1
0.2352 	1
0.2359 	1
0.2366 	1
0.2373 	1
0.238 	1
0.2387 	1
0.2394 	1
0.2401 	0.999848
0.2408 	0.99879
0.2415 	0.997723
0.2422 	0.996642
0.2429 	0.995562
0.2436 	0.994481
0.2443 	0.9934
0.245 	0.992319
0.2457 	0.922503
0.2464 	0.852689
0.2471 	0.782891
0.2478 	0.713094
0.2485 	0.643296
0.2492 	0.573499
0.2499 	0.503701
0.2506 	0.434633
0.2513 	0.365693
0.252 	0.296774
0.2527 	0.227854
0.2534 	0.158935
0.2541 	0.090016
0.2548 	0.0210968
0.2555 	0.00127844
0.2562 	0.00109701
0.2569 	0.000896149
0.2576 	0.000693792
0.2583 	0.000491434
0.259 	0.000289076
0.2597 	8.67188e-05
0.2604 	1.35633e-09
0.2611 	1.05378e-09
0.2618 	8.439e-10
0.2625 	6.59295e-10
0.2632 	4.74691e-10
0.2639 	2.90086e-10
0.2646 	1.05482e-10
0.2653 	1.54604e-16
0.266 	6.38456e-17
0.2667 	2.766e-17
0.2674 	2.17927e-17
0.2681 	1.59254e-17
0.2688 	1.00581e-17
0.2695 	4.19076e-18
0.2702 	4.31764e-23
0.2709 	1.45913e-23
0.2716 	2.70834e-25
0.2723 	2.15076e-25
0.273 	1.59318e-25
0.2737 	1.03561e-25
0.2744 	4.7803e-26
0.2751 	1.18038e-29
0.2758 	4.63128e-30
0.2765 	1.90468e-32
0.2772 	1.52379e-32
0.2779 	1.14291e-32
0.2786 	7.62018e-33
0.2793 	3.8113e-33
0.28 	2.57134e-36
0.2807 	1.13359e-36
0.2814 	3.76933e-39
0.2821 	3.03648e-39
0.2828 	2.30363e-39
0.2835 	1.57078e-39
0.2842 	8.37935e-40
0.2849 	1.05086e-40
0.2856 	2.20073e-43
0.2863 	6.10566e-46
0.287 	4.95063e-46
0.2877 	3.79561e-46
0.2884 	2.64059e-46
0.2891 	1.48557e-46
0.2898 	3.30547e-47
0.2905 	3.52328e-50
0.2912 	2.42656e-51
0.2919 	6.88232e-53
0.2926 	5.32839e-53
0.2933 	3.77446e-53
0.294 	2.22053e-53
0.2947 	6.66603e-54
0.2954 	4.73467e-57
0.2961 	8.44565e-58
0.2968 	9.36298e-60
0.2975 	7.31497e-60
0.2982 	5.26696e-60
0.2989 	3.21894e-60
0.2996 	1.17093e-60
0.3003 	5.46039e-64
0.301 	1.44889e-64
0.3017 	1.42619e-66
0.3024 	1.12368e-66
0.3031 	8.21163e-67
0.3038 	5.18649e-67
0.3045 	2.16134e-67
0.3052 	5.48548e-71
0.3059 	1.84756e-71
0.3066 	2.59273e-73
0.3073 	2.05894e-73
0.308 	1.52515e-73
0.3087 	9.91357e-74
0.3094 	4.57566e-74
0.3101 	4.8604e-78
0.3108 	1.93773e-78
0.3115 	5.4948e-80
0.3122 	4.39584e-80
0.3129 	3.29688e-80
0.3136 	2.19792e-80
0.3143 	1.09895e-80
0.315 	3.88553e-85
0.3157 	1.78398e-85
0.3164 	1.27425e-86
0.3171 	1.02647e-86
0.3178 	7.78703e-87
0.3185 	5.30931e-87
0.3192 	2.8316e-87
0.3199 	3.53881e-88
0.3206 	1.58366e-92
0.3213 	3.04998e-93
0.322 	2.47295e-93
0.3227 	1.89592e-93
0.3234 	1.3189e-93
0.3241 	7.41869e-94
0.3248 	1.64842e-94
0.3255 	1.61974e-99
0.3262 	7.73496e-100
0.3269 	5.89454e-100
0.3276 	4.5635e-100
0.3283 	3.23246e-100
0.329 	1.90143e-100
0.3297 	5.70388e-101
0.3304 	2.25193e-106
0.3311 	1.69549e-106
0.3318 	1.34507e-106
0.3325 	1.05083e-106
0.3332 	7.56596e-107
0.3339 	4.62359e-107
0.3346 	1.68123e-107
0.3353 	3.96092e-113
0.336 	3.45995e-113
0.3367 	2.8873e-113
0.3374 	2.27484e-113
0.3381 	1.66237e-113
0.3388 	1.04991e-113
0.3395 	4.37447e-114
0.3402 	7.33205e-120
0.3409 	6.65767e-120
0.3416 	5.73056e-120
0.3423 	4.55073e-120
0.343 	3.3709e-120
0.3437 	2.19107e-120
0.3444 	1.01123e-120
0.3451 	1.2986e-126
0.3458 	1.19063e-126
0.3465 	1.04647e-126
0.3472 	8.37172e-127
0.3479 	6.27877e-127
0.3486 	4.18581e-127
0.3493 	2.09286e-127
0.35 	2.12358e-133
0.3507 	1.95266e-133
0.3514 	1.74564e-133
0.3521 	1.40621e-133
0.3528 	1.06678e-133
0.3535 	7.27343e-134
0.3542 	3.87909e-134
0.3549 	4.84752e-135
0.3556 	2.91803e-140
0.3563 	2.64917e-140
0.357 	2.14797e-140
0.3577 	1.64677e-140
0.3584 	1.14557e-140
0.3591 	6.44375e-141
0.3598 	1.43177e-141
0.3605 	4.73468e-147
0.3612 	4.28801e-147
0.3619 	3.51881e-147
0.3626 	2.7248e-147
0.3633 	1.93079e-147
0.364 	1.13677e-147
0.3647 	3.4276e-148
0.3654 	2.38927e-150
0.3661 	2.18414e-150
0.3668 	1.82652e-150
0.3675 	1.42731e-150
0.3682 	1.0281e-150
0.3689 	6.28888e-151
0.3696 	2.29678e-151
0.3703 	1.52336e-153
0.371 	1.39688e-153
0.3717 	1.18961e-153
0.3724 	9.37443e-154
0.3731 	6.85281e-154
0.3738 	4.33119e-154
0.3745 	1.80956e-154
0.3752 	8.33099e-157
0.3759 	7.649e-157
0.3766 	6.62626e-157
0.3773 	5.26275e-157
0.378 	3.89925e-157
0.3787 	2.53575e-157
0.3794 	1.17224e-157
0.3801 	3.54915e-160
0.3808 	3.26202e-160
0.3815 	2.87235e-160
0.3822 	2.29811e-160
0.3829 	1.72387e-160
0.3836 	1.14964e-160
0.3843 	5.754e-161
0.385 	1.19144e-163
0.3857 	1.09614e-163
0.3864 	9.80428e-164
0.3871 	7.89849e-164
0.3878 	5.99271e-164
0.3885 	4.08693e-164
0.3892 	2.18115e-164
0.3899 	2.75364e-165
0.3906 	2.98308e-167
0.3913 	2.70863e-167
0.392 	2.19632e-167
0.3927 	1.684e-167
0.3934 	1.17169e-167
0.3941 	6.59376e-168
0.3948 	1.47063e-168
0.3955 	6.72253e-171
0.3962 	6.15224e-171
0.3969 	5.0524e-171
0.3976 	3.91182e-171
0.3983 	2.77125e-171
0.399 	1.63067e-171
0.3997 	4.90099e-172
0.4004 	1.27676e-174
0.4011 	1.16974e-174
0.4018 	9.78639e-175
0.4025 	7.64606e-175
0.4032 	5.50574e-175
0.4039 	3.36541e-175
0.4046 	1.22508e-175
0.4053 	2.07419e-178
0.406 	1.90238e-178
0.4067 	1.62013e-178
0.4074 	1.27653e-178
0.4081 	9.32924e-179
0.4088 	5.89319e-179
0.4095 	2.45714e-179
0.4102 	2.92749e-182
0.4109 	2.68784e-182
0.4116 	2.32836e-182
0.4123 	1.84906e-182
0.413 	1.36977e-182
0.4137 	8.90468e-183
0.4144 	4.11171e-183
0.4151 	3.64286e-186
0.4158 	3.34809e-186
0.4165 	2.94804e-186
0.4172 	2.35851e-186
0.4179 	1.76898e-186
0.4186 	1.17944e-186
0.4193 	5.89906e-187
0.42 	4.01957e-190
0.4207 	3.698e-190
0.4214 	3.30757e-190
0.4221 	2.6645e-190
0.4228 	2.02143e-190
0.4235 	1.37836e-190
0.4242 	7.35294e-191
0.4249 	9.22263e-192
0.4256 	3.65733e-194
0.4263 	3.3208e-194
0.427 	2.6926e-194
0.4277 	2.0644e-194
0.4284 	1.4362e-194
0.4291 	8.08001e-195
0.4298 	1.79802e-195
0.4305 	3.29406e-198
0.4312 	3.01459e-198
0.4319 	2.4756e-198
0.4326 	1.91665e-198
0.4333 	1.3577e-198
0.434 	7.98754e-199
0.4347 	2.39806e-199
0.4354 	2.72874e-202
0.4361 	2.5e-202
0.4368 	2.09153e-202
0.4375 	1.63405e-202
0.4382 	1.17657e-202
0.4389 	7.19091e-203
0.4396 	2.6161e-203
0.4403 	2.08898e-206
0.441 	1.91593e-206
0.4417 	1.63165e-206
0.4424 	1.28557e-206
0.4431 	9.39494e-207
0.4438 	5.93414e-207
0.4445 	2.47334e-207
0.4452 	1.49337e-210
0.4459 	1.37111e-210
0.4466 	1.18773e-210
0.4473 	9.43215e-211
0.448 	6.98701e-211
0.4487 	4.54187e-211
0.4494 	2.09673e-211
0.4501 	1.01524e-214
0.4508 	9.3309e-215
0.4515 	8.21595e-215
0.4522 	6.57287e-215
0.4529 	4.9298e-215
0.4536 	3.28672e-215
0.4543 	1.64364e-215
0.455 	6.56455e-219
0.4557 	6.03937e-219
0.4564 	5.4017e-219
0.4571 	4.35144e-219
0.4578 	3.30117e-219
0.4585 	2.25091e-219
0.4592 	1.20064e-219
0.4599 	1.50381e-220
0.4606 	3.71894e-223
0.4613 	3.37672e-223
0.462 	2.73792e-223
0.4627 	2.09912e-223
0.4634 	1.46031e-223
0.4641 	8.21514e-224
0.4648 	1.82712e-224
0.4655 	2.19129e-227
0.4662 	2.00537e-227
0.4669 	1.64681e-227
0.4676 	1.27498e-227
0.4683 	9.0314e-228
0.469 	5.31304e-228
0.4697 	1.59468e-228
0.4704 	1.23837e-231
0.4711 	1.13456e-231
0.4718 	9.49186e-232
0.4725 	7.41564e-232
0.4732 	5.33942e-232
0.4739 	3.2632e-232
0.4746 	1.18699e-232
0.4753 	6.66895e-236
0.476 	6.11651e-236
0.4767 	5.20894e-236
0.4774 	4.10408e-236
0.4781 	2.99921e-236
0.4788 	1.89434e-236
0.4795 	7.89478e-237
0.4802 	3.40387e-240
0.4809 	3.1252e-240
0.4816 	2.7072e-240
0.4823 	2.14986e-240
0.483 	1.59252e-240
0.4837 	1.03519e-240
0.4844 	4.77853e-241
0.4851 	1.654e-244
0.4858 	1.52015e-244
0.4865 	1.33851e-244
0.4872 	1.07082e-244
0.4879 	8.03128e-245
0.4886 	5.35439e-245
0.4893 	2.6775e-245
0.49 	7.64128e-249
0.4907 	7.02994e-249
0.4914 	6.28767e-249
0.4921 	5.06512e-249
0.4928 	3.84257e-249
0.4935 	2.62002e-249
0.4942 	1.39746e-249
0.4949 	1.74912e-250
0.4956 	3.07338e-253
0.4963 	2.79056e-253
0.497 	2.26264e-253
0.4977 	1.73471e-253
0.4984 	1.20679e-253
0.4991 	6.78864e-254
0.4998 	1.5094e-254
0.5005 	1.2674e-257
0.5012 	1.15987e-257
0.5019 	9.5248e-258
0.5026 	7.37413e-258
0.5033 	5.22346e-258
0.504 	3.07279e-258
0.5047 	9.22115e-259
0.5054 	4.96024e-262
0.5061 	4.54442e-262
0.5068 	3.80189e-262
0.5075 	2.97026e-262
0.5082 	2.13863e-262
0.5089 	1.307e-262
0.5096 	4.75363e-263
0.5103 	1.8452e-266
0.511 	1.69234e-266
0.5117 	1.44123e-266
0.5124 	1.13552e-266
0.5131 	8.29819e-267
0.5138 	5.24114e-267
0.5145 	2.1841e-267
0.5152 	6.50896e-271
0.5159 	5.97607e-271
0.5166 	5.17675e-271
0.5173 	4.11098e-271
0.518 	3.04521e-271
0.5187 	1.97944e-271
0.5194 	9.13674e-272
0.5201 	2.17212e-275
0.5208 	1.99635e-275
0.5215 	1.7578e-275
0.5222 	1.40625e-275
0.5229 	1.0547e-275
0.5236 	7.03148e-276
0.5243 	3.51598e-276
0.525 	6.87148e-280
0.5257 	6.32172e-280
0.5264 	5.65422e-280
0.5271 	4.55482e-280
0.5278 	3.45541e-280
0.5285 	2.35601e-280
0.5292 	1.2566e-280
0.5299 	1.572e-281
0.5306 	1.91359e-284
0.5313 	1.73749e-284
0.532 	1.40879e-284
0.5327 	1.08008e-284
0.5334 	7.51371e-285
0.5341 	4.22663e-285
0.5348 	9.39562e-286
0.5355 	5.53578e-289
0.5362 	5.06609e-289
0.5369 	4.16025e-289
0.5376 	3.22086e-289
0.5383 	2.28147e-289
0.539 	1.34209e-289
0.5397 	4.027e-290
0.5404 	1.52506e-293
0.5411 	1.39722e-293
0.5418 	1.16892e-293
0.5425 	9.13222e-294
0.5432 	6.57527e-294
0.5439 	4.01833e-294
0.5446 	1.46138e-294
0.5453 	4.00033e-298
0.546 	3.66895e-298
0.5467 	3.12453e-298
0.5474 	2.46177e-298
0.5481 	1.799e-298
0.5488 	1.13623e-298
0.5495 	4.73468e-299
0.5502 	1.00024e-302
0.5509 	9.18346e-303
0.5516 	7.95512e-303
0.5523 	6.31733e-303
0.553 	4.67954e-303
0.5537 	3.04175e-303
0.5544 	1.40397e-303
0.5551 	2.40579e-307
0.5558 	2.2111e-307
0.5565 	1.94689e-307
0.5572 	1.55752e-307
0.5579 	1.16815e-307
0.5586 	7.78775e-308
0.5593 	3.89404e-308
0.56 	5.55783e-312
0.5607 	5.11316e-312
0.5614 	4.57327e-312
0.5621 	3.68404e-312
0.5628 	2.7948e-312
0.5635 	1.90557e-312
0.5642 	1.01634e-312
0.5649 	1.27104e-313
0.5656 	1.14202e-316
0.5663 	1.03692e-316
0.567 	8.40747e-317
0.5677 	6.4457e-317
0.5684 	4.48393e-317
0.5691 	2.52216e-317
0.5698 	5.60391e-318
0.5705 	0
0.5712 	0
0.5719 	0
0.5726 	0
0.5733 	0
0.574 	0
0.5747 	0
0.5754 	0
0.5761 	0
0.5768 	0
0.5775 	0
0.5782 	0
0.5789 	0
0.5796 	0
0.5803 	0
0.581 	0
0.5817 	0
0.5824 	0
0.5831 	0
0.5838 	0
0.5845 	0
0.5852 	0
0.5859 	0
0.5866 	0
0.5873 	0
0.588 	0
0.5887 	0
0.5894 	0
0.5901 	0
0.5908 	0
0.5915 	0
0.5922 	0
0.5929 	0
0.5936 	0
0.5943 	0
0.595 	0
0.5957 	0
0.5964 	0
0.5971 	0
0.5978 	0
0.5985 	0
0.5992 	0
0.5999 	0
0.6006 	0
0.6013 	0
0.602 	0
0.6027 	0
0.6034 	0
0.6041 	0
0.6048 	0
0.6055 	0
0.6062 	0
0.6069 	0
0.6076 	0
0.6083 	0
0.609 	0
0.6097 	0
0.6104 	0
0.6111 	0
0.6118 	0
0.6125 	0
0.6132 	0
0.6139 	0
0.6146 	0
0.6153 	0
0.616 	0
0.6167 	0
0.6174 	0
0.6181 	0
0.6188 	0
0.6195 	0
0.6202 	0
0.6209 	0
0.6216 	0
0.6223 	0
0.623 	0
0.6237 	0
0.6244 	0
0.6251 	0
0.6258 	0
0.6265 	0
0.6272 	0
0.6279 	0
0.6286 	0
0.6293 	0
0.63 	0
0.6307 	0
0.6314 	0
0.6321 	0
0.6328 	0
0.6335 	0
0.6342 	0
0.6349 	0
0.6356 	0
0.6363 	0
0.637 	0
0.6377 	0
0.6384 	0
0.6391 	0
0.6398 	0
0.6405 	0
0.6412 	0
0.6419 	0
0.6426 	0
0.6433 	0
0.644 	0
0.6447 	0
0.6454 	0
0.6461 	0
0.6468 	0
0.6475 	0
0.6482 	0
0.6489 	0
0.6496 	0
0.6503 	0
0.651 	0
0.6517 	0
0.6524 	0
0.6531 	0
0.6538 	0
0.6545 	0
0.6552 	0
0.6559 	0
0.6566 	0
0.6573 	0
0.658 	0
0.6587 	0
0.6594 	0
0.6601 	0
0.6608 	0
0.6615 	0
0.6622 	0
0.6629 	0
0.6636 	0
0.6643 	0
0.665 	0
0.6657 	0
0.6664 	0
0.6671 	0
0.6678 	0
0.6685 	0
0.6692 	0
0.6699 	0
0.6706 	0
0.6713 	0
0.672 	0
0.6727 	0
0.6734 	0
0.6741 	0
0.6748 	0
0.6755 	0
0.6762 	0
0.6769 	0
0.6776 	0
0.6783 	0
0.679 	0
0.6797 	0
0.6804 	0
0.6811 	0
0.6818 	0
0.6825 	0
0.6832 	0
0.6839 	0
0.6846 	0
0.6853 	0
0.686 	0
0.6867 	0
0.6874 	0
0.6881 	0
0.6888 	0
0.6895 	0
0.6902 	0
0.6909 	0
0.6916 	0
0.6923 	0
0.693 	0
0.6937 	0
0.6944 	0
0.6951 	0
0.6958 	0
0.6965 	0
0.6972 	0
0.6979 	0
0.6986 	0
0.6993 	0
0.7 	0
