0 	1
0.0007 	1
0.0014 	1
0.0021 	1
0.0028 	1
0.0035 	1
0.0042 	1
0.0049 	1
0.0056 	1
0.0063 	1
0.007 	1
0.0077 	1
0.0084 	1
0.0091 	1
0.0098 	1
0.0105 	1
0.0112 	1
0.0119 	1
0.0133 	1
0.014 	1
0.0147 	1
0.0154 	1
0.0161 	1
0.0168 	1
0.0175 	1
0.0182 	1
0.0189 	1
0.0196 	1
0.0203 	1
0.021 	1
0.0217 	1
0.0224 	1
0.0231 	1
0.0238 	1
0.0245 	1
0.0252 	1
0.0266 	1
0.0273 	1
0.028 	1
0.0287 	1
0.0294 	1
0.0301 	1
0.0308 	1
0.0315 	1
0.0322 	1
0.0329 	1
0.0336 	1
0.0343 	1
0.035 	1
0.0357 	1
0.0364 	1
0.0371 	1
0.0378 	1
0.0385 	1
0.0392 	1
0.0399 	1
0.0406 	1
0.0413 	1
0.042 	1
0.0427 	1
0.0434 	1
0.0441 	1
0.0448 	1
0.0455 	1
0.0462 	1
0.0469 	1
0.0476 	1
0.0483 	1
0.049 	1
0.0497 	1
0.0504 	1
0.0511 	1
0.0518 	1
0.0525 	1
0.0532 	1
0.0539 	1
0.0546 	1
0.0553 	1
0.056 	1
0.0567 	1
0.0574 	1
0.0581 	1
0.0588 	1
0.0595 	1
0.0602 	1
0.0609 	1
0.0616 	1
0.0623 	1
0.063 	1
0.0637 	1
0.0644 	1
0.0651 	1
0.0658 	1
0.0665 	1
0.0672 	1
0.0679 	1
0.0686 	1
0.0693 	1
0.07 	1
0.0707 	1
0.0714 	1
0.0721 	1
0.0728 	1
0.0735 	1
0.0742 	1
0.0749 	1
0.0756 	1
0.0763 	1
0.077 	1
0.0777 	1
0.0784 	1
0.0791 	1
0.0798 	1
0.0805 	1
0.0812 	1
0.0819 	1
0.0826 	1
0.0833 	1
0.084 	1
0.0847 	1
0.0854 	1
0.0861 	1
0.0868 	1
0.0875 	1
0.0882 	1
0.0889 	1
0.0896 	1
0.0903 	1
0.091 	1
0.0917 	1
0.0924 	1
0.0931 	1
0.0938 	1
0.0945 	1
0.0952 	1
0.0959 	1
0.0966 	1
0.0973 	1
0.098 	1
0.0987 	1
0.0994 	1
0.1001 	1
0.1008 	1
0.1015 	1
0.1022 	1
0.1029 	1
0.1036 	1
0.1043 	1
0.105 	1
0.1057 	1
0.1064 	1
0.1071 	1
0.1078 	1
0.1085 	1
0.1092 	1
0.1099 	1
0.1106 	1
0.1113 	1
0.112 	1
0.1127 	1
0.1134 	1
0.1141 	1
0.1148 	1
0.1155 	1
0.1162 	1
0.1169 	1
0.1176 	1
0.1183 	1
0.119 	1
0.1197 	1
0.1204 	1
0.1211 	1
0.1218 	1
0.1225 	1
0.1232 	1
0.1239 	1
0.1246 	1
0.1253 	1
0.126 	1
0.1267 	1
0.1274 	1
0.1281 	1
0.1288 	1
0.1295 	1
0.1302 	1
0.1309 	1
0.1316 	1
0.1323 	1
0.133 	1
0.1337 	1
0.1344 	1
0.1351 	1
0.1365 	1
0.1379 	1
0.1386 	1
0.1393 	1
0.14 	1
0.1407 	1
0.1414 	1
0.1421 	1
0.1428 	1
0.1435 	1
0.1442 	1
0.1449 	1
0.1456 	1
0.1463 	1
0.147 	1
0.1477 	1
0.1484 	1
0.1491 	1
0.1498 	1
0.1505 	1
0.1519 	1
0.1526 	1
0.1533 	1
0.154 	1
0.1547 	1
0.1554 	1
0.1561 	1
0.1568 	1
0.1575 	1
0.1582 	1
0.1589 	1
0.1596 	1
0.1603 	1
0.161 	1
0.1617 	1
0.1624 	1
0.1631 	1
0.1638 	1
0.1645 	1
0.1652 	1
0.1659 	1
0.1666 	1
0.1673 	1
0.168 	1
0.1687 	1
0.1694 	1
0.1701 	1
0.1715 	1
0.1722 	1
0.1729 	1
0.1736 	1
0.1743 	1
0.175 	1
0.1757 	1
0.1764 	1
0.1771 	1
0.1785 	1
0.1792 	1
0.1799 	1
0.1806 	1
0.1813 	1
0.182 	1
0.1827 	1
0.1834 	1
0.1841 	1
0.1848 	1
0.1855 	1
0.1862 	1
0.1869 	1
0.1876 	1
0.1883 	1
0.189 	1
0.1897 	1
0.1904 	1
0.1911 	1
0.1918 	1
0.1925 	1
0.1932 	1
0.1939 	1
0.1946 	1
0.1953 	1
0.196 	1
0.1967 	1
0.1981 	1
0.1988 	1
0.1995 	1
0.2002 	1
0.2009 	1
0.2016 	1
0.2023 	1
0.2037 	1
0.2044 	1
0.2051 	1
0.2058 	1
0.2065 	1
0.2072 	1
0.2079 	1
0.2086 	1
0.2093 	1
0.21 	1
0.2107 	1
0.2114 	1
0.2121 	1
0.2128 	1
0.2135 	1
0.2142 	1
0.2149 	1
0.2156 	1
0.2163 	1
0.2177 	1
0.2184 	1
0.2191 	1
0.2198 	1
0.2205 	1
0.2212 	1
0.2219 	1
0.2226 	1
0.2233 	1
0.224 	1
0.2247 	1
0.2254 	1
0.2261 	1
0.2268 	1
0.2275 	1
0.2282 	1
0.2289 	1
0.2296 	1
0.2303 	1
0.231 	1
0.2317 	1
0.2324 	1
0.2331 	1
0.2338 	1
0.2345 	1
0.2352 	1
0.2359 	1
0.2366 	1
0.2373 	1
0.238 	1
0.2387 	1
0.2394 	1
0.2401 	0.999964
0.2415 	0.999449
0.2422 	0.999157
0.2429 	0.998866
0.2436 	0.998574
0.2443 	0.998283
0.245 	0.997991
0.2464 	0.858642
0.2471 	0.788999
0.2478 	0.719355
0.2485 	0.649712
0.2492 	0.580068
0.2499 	0.510425
0.2506 	0.44069
0.2513 	0.370944
0.252 	0.301235
0.2527 	0.231527
0.2534 	0.161818
0.2541 	0.0921097
0.2548 	0.0224012
0.2555 	0.00225458
0.2569 	0.00157868
0.2576 	0.0012222
0.2583 	0.000865726
0.259 	0.000509252
0.2597 	0.000152777
0.2604 	2.0022e-09
0.2611 	1.75307e-09
0.2618 	1.4504e-09
0.2625 	1.13312e-09
0.2632 	8.15848e-10
0.2639 	4.98574e-10
0.2646 	1.813e-10
0.2653 	5.42897e-16
0.266 	4.79867e-16
0.2667 	4.02474e-16
0.2674 	3.17101e-16
0.2681 	2.31728e-16
0.2688 	1.46354e-16
0.2695 	6.09811e-17
0.2702 	2.33864e-22
0.2709 	2.09691e-22
0.2716 	1.79162e-22
0.2723 	1.42276e-22
0.273 	1.0539e-22
0.2737 	6.85033e-23
0.2744 	3.16171e-23
0.2751 	3.02096e-28
0.2758 	2.75911e-28
0.2765 	2.41806e-28
0.2772 	1.93445e-28
0.2779 	1.45084e-28
0.2786 	9.67226e-29
0.2793 	4.83616e-29
0.28 	5.39568e-34
0.2807 	4.95626e-34
0.2814 	4.42656e-34
0.2821 	3.56584e-34
0.2828 	2.70512e-34
0.2835 	1.8444e-34
0.2842 	9.83685e-35
0.2849 	1.22967e-35
0.2856 	6.80036e-40
0.2863 	6.17073e-40
0.287 	5.0033e-40
0.2877 	3.83586e-40
0.2884 	2.66843e-40
0.2891 	1.50099e-40
0.2898 	3.3356e-41
0.2905 	6.84206e-46
0.2912 	6.25873e-46
0.2919 	5.13944e-46
0.2926 	3.97892e-46
0.2933 	2.8184e-46
0.294 	1.65789e-46
0.2947 	4.9737e-47
0.2954 	5.20997e-52
0.2961 	4.77078e-52
0.2968 	3.99075e-52
0.2975 	3.11778e-52
0.2982 	2.2448e-52
0.2989 	1.37182e-52
0.2996 	4.98847e-53
0.3003 	3.11785e-58
0.3017 	2.43209e-58
0.3024 	1.91619e-58
0.3031 	1.40029e-58
0.3038 	8.84396e-59
0.3045 	3.68499e-59
0.3052 	1.59301e-64
0.3059 	1.45883e-64
0.3066 	1.26185e-64
0.3073 	1.00205e-64
0.308 	7.42263e-65
0.3087 	4.82471e-65
0.3094 	2.22679e-65
0.3101 	8.73167e-71
0.3108 	7.96133e-71
0.3115 	6.96837e-71
0.3122 	5.5747e-71
0.3129 	4.18103e-71
0.3136 	2.78735e-71
0.3143 	1.39368e-71
0.315 	7.99599e-77
0.3157 	7.24647e-77
0.3164 	6.39126e-77
0.3171 	5.14851e-77
0.3178 	3.90577e-77
0.3185 	2.66303e-77
0.3192 	1.42029e-77
0.3199 	1.77548e-78
0.3206 	1.2513e-82
0.3213 	1.11821e-82
0.322 	9.06656e-83
0.3227 	6.95103e-83
0.3234 	4.83551e-83
0.3241 	2.71999e-83
0.3248 	6.04461e-84
0.3255 	2.39659e-88
0.3269 	1.77442e-88
0.3283 	9.73068e-89
0.329 	5.72395e-89
0.3297 	1.71722e-89
0.3304 	4.32756e-94
0.3311 	3.92169e-94
0.3325 	2.55648e-94
0.3332 	1.84067e-94
0.3339 	1.12486e-94
0.3346 	4.09043e-95
0.3353 	7.17583e-100
0.336 	6.52421e-100
0.3367 	5.53651e-100
0.3374 	4.3621e-100
0.3381 	3.18769e-100
0.3388 	2.01328e-100
0.3395 	8.38874e-101
0.3402 	1.0874e-105
0.3409 	9.91359e-106
0.3416 	8.55293e-106
0.3423 	6.79204e-106
0.343 	5.03114e-106
0.3437 	3.27025e-106
0.3444 	1.50935e-106
0.3451 	1.50392e-111
0.3458 	1.37428e-111
0.3465 	1.20488e-111
0.3472 	9.63903e-112
0.3479 	7.22928e-112
0.3486 	4.81952e-112
0.3493 	2.40977e-112
0.35 	1.89702e-117
0.3507 	1.73699e-117
0.3514 	1.54681e-117
0.3521 	1.24604e-117
0.3528 	9.45274e-118
0.3535 	6.44506e-118
0.3542 	3.43737e-118
0.3549 	4.2969e-119
0.3556 	2.00083e-123
0.3563 	1.80884e-123
0.357 	1.46663e-123
0.3577 	1.12441e-123
0.3584 	7.82202e-124
0.3591 	4.3999e-124
0.3598 	9.77772e-125
0.3605 	2.09986e-129
0.3612 	1.91417e-129
0.3619 	1.57142e-129
0.3626 	1.21658e-129
0.3633 	8.61746e-130
0.364 	5.0691e-130
0.3647 	1.52075e-130
0.3654 	2.00762e-135
0.3661 	1.83328e-135
0.3668 	1.53251e-135
0.3675 	1.19728e-135
0.3682 	8.6204e-136
0.3689 	5.26803e-136
0.3696 	1.91566e-136
0.3703 	1.74868e-141
0.371 	1.59937e-141
0.3717 	1.36052e-141
0.3724 	1.07192e-141
0.3731 	7.8333e-142
0.3738 	4.94735e-142
0.3745 	2.06141e-142
0.3752 	2.37388e-147
0.3759 	2.09301e-147
0.3766 	1.77126e-147
0.3773 	1.40863e-147
0.378 	1.046e-147
0.3787 	6.83377e-148
0.3794 	3.20751e-148
0.3801 	9.76139e-150
0.3808 	8.58758e-150
0.3815 	7.31322e-150
0.3822 	5.85786e-150
0.3829 	4.4025e-150
0.3836 	2.94714e-150
0.3843 	1.49178e-150
0.385 	3.64238e-152
0.3857 	3.25141e-152
0.3864 	2.82687e-152
0.3871 	2.27922e-152
0.3878 	1.73158e-152
0.3885 	1.18393e-152
0.3892 	6.36281e-153
0.3899 	8.86344e-154
0.3906 	9.52395e-155
0.392 	6.86537e-155
0.3927 	5.26889e-155
0.3934 	3.67241e-155
0.3941 	2.07594e-155
0.3948 	4.79456e-156
0.3955 	2.17833e-157
0.3962 	1.96335e-157
0.3969 	1.61107e-157
0.3976 	1.24824e-157
0.3983 	8.85401e-158
0.399 	5.22566e-158
0.3997 	1.5973e-158
0.4004 	4.0153e-160
0.4011 	3.64111e-160
0.4018 	3.0396e-160
0.4025 	2.37608e-160
0.4032 	1.71256e-160
0.4039 	1.04904e-160
0.4046 	3.85525e-161
0.4053 	6.13609e-163
0.406 	5.58679e-163
0.4067 	4.74472e-163
0.4074 	3.73999e-163
0.4081 	2.73527e-163
0.4088 	1.73054e-163
0.4095 	7.25815e-164
0.4102 	7.95569e-166
0.4109 	7.26385e-166
0.4116 	6.27309e-166
0.4123 	4.98343e-166
0.413 	3.69377e-166
0.4137 	2.40411e-166
0.4144 	1.11445e-166
0.4151 	8.92015e-169
0.4158 	8.16111e-169
0.4165 	7.1622e-169
0.4172 	5.73152e-169
0.4179 	4.30083e-169
0.4186 	2.87015e-169
0.4193 	1.43947e-169
0.42 	8.79175e-172
0.4207 	8.05629e-172
0.4214 	7.1796e-172
0.4221 	5.78505e-172
0.4228 	4.3905e-172
0.4235 	2.99595e-172
0.4242 	1.60141e-172
0.4249 	2.06858e-173
0.4256 	7.09044e-175
0.4263 	6.412e-175
0.427 	5.20005e-175
0.4277 	3.98811e-175
0.4284 	2.77616e-175
0.4291 	1.56421e-175
0.4298 	3.52264e-176
0.4305 	5.63676e-178
0.4319 	4.21766e-178
0.4326 	3.26626e-178
0.4333 	2.31485e-178
0.434 	1.36345e-178
0.4347 	4.12044e-179
0.4354 	4.09446e-181
0.4361 	3.73585e-181
0.4368 	3.12277e-181
0.4375 	2.44029e-181
0.4382 	1.7578e-181
0.4389 	1.07532e-181
0.4396 	3.92836e-182
0.4403 	2.74395e-184
0.4417 	2.13141e-184
0.4424 	1.67966e-184
0.4431 	1.22792e-184
0.4438 	7.76171e-185
0.4445 	3.24426e-185
0.4452 	1.70925e-187
0.4459 	1.56326e-187
0.4466 	1.35127e-187
0.4473 	1.07328e-187
0.448 	7.95281e-188
0.4487 	5.17285e-188
0.4494 	2.39289e-188
0.4501 	9.94638e-191
0.4508 	9.1081e-191
0.4515 	7.99829e-191
0.4522 	6.39971e-191
0.4529 	4.80114e-191
0.4536 	3.20257e-191
0.4543 	1.60399e-191
0.455 	5.42169e-194
0.4557 	4.97107e-194
0.4564 	4.43244e-194
0.4571 	3.57111e-194
0.4578 	2.70978e-194
0.4585 	1.84845e-194
0.4592 	9.87116e-195
0.4599 	1.25786e-195
0.4606 	2.54391e-197
0.4613 	2.30196e-197
0.462 	1.8667e-197
0.4627 	1.43144e-197
0.4634 	9.96183e-198
0.4641 	5.60925e-198
0.4648 	1.25667e-198
0.4655 	1.23e-200
0.4662 	1.12192e-200
0.4669 	9.21178e-201
0.4683 	5.05427e-201
0.469 	2.97551e-201
0.4697 	8.96756e-202
0.4704 	5.58444e-204
0.4711 	5.1015e-204
0.4718 	4.26533e-204
0.4725 	3.33283e-204
0.4732 	2.40033e-204
0.4739 	1.46783e-204
0.4746 	5.35322e-205
0.4753 	2.37656e-207
0.476 	2.17418e-207
0.4767 	1.84979e-207
0.4774 	1.45762e-207
0.4781 	1.06545e-207
0.4788 	6.73273e-208
0.4795 	2.81101e-208
0.4802 	9.55688e-211
0.4809 	8.75535e-211
0.4816 	7.57517e-211
0.4823 	6.01632e-211
0.483 	4.45748e-211
0.4837 	2.89864e-211
0.4844 	1.3398e-211
0.4851 	3.6121e-214
0.4858 	3.31362e-214
0.4865 	2.9137e-214
0.4872 	2.33122e-214
0.4879 	1.74874e-214
0.4886 	1.16625e-214
0.4893 	5.83767e-215
0.49 	1.28233e-217
0.4907 	1.17786e-217
0.4914 	1.05197e-217
0.4928 	6.43034e-218
0.4935 	4.38568e-218
0.4942 	2.34101e-218
0.4949 	2.96345e-219
0.4956 	3.95421e-221
0.4963 	3.58498e-221
0.4977 	2.22901e-221
0.4991 	8.73033e-222
0.5005 	1.25798e-224
0.5012 	1.14966e-224
0.5019 	9.4406e-225
0.5026 	7.30975e-225
0.5033 	5.17889e-225
0.504 	3.04804e-225
0.5047 	9.17185e-226
0.5054 	3.77839e-228
0.5061 	3.45762e-228
0.5068 	2.89201e-228
0.5075 	2.25962e-228
0.5082 	1.62724e-228
0.5089 	9.94857e-229
0.5096 	3.62474e-229
0.5103 	1.07334e-231
0.511 	9.83448e-232
0.5117 	8.37217e-232
0.5124 	6.59689e-232
0.5131 	4.8216e-232
0.5138 	3.04632e-232
0.5145 	1.27103e-232
0.5152 	2.90363e-235
0.5166 	2.30631e-235
0.5173 	1.83164e-235
0.518 	1.35696e-235
0.5187 	8.82293e-236
0.5194 	4.07621e-236
0.5201 	7.4988e-239
0.5215 	6.06087e-239
0.5222 	4.84907e-239
0.5229 	3.63726e-239
0.5236 	2.42545e-239
0.5243 	1.21365e-239
0.525 	1.84299e-242
0.5257 	1.6945e-242
0.5264 	1.51473e-242
0.5271 	1.22029e-242
0.5278 	9.25837e-243
0.5285 	6.31389e-243
0.5292 	3.3694e-243
0.5299 	4.2491e-244
0.5306 	3.97459e-246
0.5313 	3.60675e-246
0.532 	2.92457e-246
0.5327 	2.24239e-246
0.5334 	1.56021e-246
0.5341 	8.78031e-247
0.5348 	1.95853e-247
0.5355 	8.90311e-250
0.5362 	8.14323e-250
0.5369 	6.68721e-250
0.5376 	5.17765e-250
0.5383 	3.66809e-250
0.539 	2.15853e-250
0.5397 	6.48969e-251
0.5404 	1.92125e-253
0.5418 	1.47177e-253
0.5425 	1.14991e-253
0.5432 	8.28052e-254
0.5439 	5.06192e-254
0.5446 	1.84333e-254
0.5453 	3.9858e-257
0.546 	3.65411e-257
0.5467 	3.11147e-257
0.5474 	2.45164e-257
0.5481 	1.7918e-257
0.5488 	1.13196e-257
0.5495 	4.72125e-258
0.5502 	7.93878e-261
0.5509 	7.28621e-261
0.5516 	6.31047e-261
0.5523 	5.01157e-261
0.553 	3.71268e-261
0.5537 	2.41378e-261
0.5544 	1.11488e-261
0.5551 	1.52033e-264
0.5558 	1.39686e-264
0.5565 	1.22967e-264
0.5572 	9.83793e-265
0.5579 	7.37915e-265
0.5586 	4.92037e-265
0.5593 	2.46159e-265
0.56 	2.80339e-268
0.5607 	2.5784e-268
0.5614 	2.30557e-268
0.5621 	1.85736e-268
0.5628 	1.40915e-268
0.5635 	9.60943e-269
0.5642 	5.12733e-269
0.5649 	6.45228e-270
0.5656 	4.58858e-272
0.567 	3.37734e-272
0.5677 	2.58949e-272
0.5684 	1.80164e-272
0.5691 	1.01379e-272
0.5698 	2.25941e-273
0.5705 	7.93212e-276
0.5712 	7.25717e-276
0.5719 	5.95964e-276
0.5726 	4.61423e-276
0.5733 	3.26882e-276
0.574 	1.92341e-276
0.5747 	5.77999e-277
0.5754 	1.32977e-279
0.5761 	1.218e-279
0.5768 	1.01895e-279
0.5775 	7.96107e-280
0.5782 	5.73259e-280
0.5789 	3.50412e-280
0.5796 	1.27565e-280
0.5803 	2.15777e-283
0.581 	1.97859e-283
0.5817 	1.68489e-283
0.5824 	1.32756e-283
0.5831 	9.70236e-284
0.5838 	6.12909e-284
0.5845 	2.55581e-284
0.5852 	3.39276e-287
0.5859 	3.11438e-287
0.5866 	2.69756e-287
0.5873 	2.14229e-287
0.588 	1.58702e-287
0.5887 	1.03174e-287
0.5894 	4.76471e-288
0.5901 	5.17456e-291
0.5908 	4.75497e-291
0.5915 	4.18627e-291
0.5922 	3.34917e-291
0.5929 	2.51207e-291
0.5936 	1.67497e-291
0.5943 	8.37866e-292
0.595 	7.66295e-295
0.5957 	7.04877e-295
0.5964 	6.3036e-295
0.5971 	5.07811e-295
0.5978 	3.85262e-295
0.5985 	2.62713e-295
0.5992 	1.40165e-295
0.5999 	1.7616e-296
0.6006 	1.0155e-298
0.6013 	9.21898e-299
0.602 	7.47514e-299
0.6034 	3.98744e-299
0.6041 	2.2436e-299
0.6048 	4.99751e-300
0.6055 	1.4231e-302
0.6062 	1.30213e-302
0.6069 	1.06932e-302
0.6076 	8.27908e-303
0.6083 	5.86494e-303
0.609 	3.45081e-303
0.6097 	1.03667e-303
0.6104 	1.94727e-306
0.6111 	1.78375e-306
0.6118 	1.49227e-306
0.6125 	1.1659e-306
0.6132 	8.39521e-307
0.6139 	5.13146e-307
0.6146 	1.8677e-307
0.6153 	2.60951e-310
0.616 	2.393e-310
0.6167 	2.03783e-310
0.6174 	1.60564e-310
0.6181 	1.17345e-310
0.6188 	7.41252e-311
0.6195 	3.09059e-311
0.6202 	3.40942e-314
0.6209 	3.12985e-314
0.6216 	2.71099e-314
0.6223 	2.15284e-314
0.623 	1.5947e-314
0.6237 	1.03655e-314
0.6244 	4.7841e-315
0.6251 	0
0.6258 	0
0.6265 	0
0.6272 	0
0.6279 	0
0.6286 	0
0.6293 	0
0.63 	0
0.6307 	0
0.6314 	0
0.6321 	0
0.6328 	0
0.6335 	0
0.6342 	0
0.6349 	0
0.6356 	0
0.6363 	0
0.637 	0
0.6377 	0
0.6384 	0
0.6391 	0
0.6398 	0
0.6405 	0
0.6412 	0
0.6419 	0
0.6426 	0
0.6433 	0
0.644 	0
0.6447 	0
0.6454 	0
0.6461 	0
0.6468 	0
0.6475 	0
0.6482 	0
0.6489 	0
0.6496 	0
0.6503 	0
0.651 	0
0.6517 	0
0.6524 	0
0.6531 	0
0.6538 	0
0.6545 	0
0.6552 	0
0.6559 	0
0.6566 	0
0.6573 	0
0.658 	0
0.6587 	0
0.6594 	0
0.6601 	0
0.6608 	0
0.6615 	0
0.6622 	0
0.6636 	0
0.6643 	0
0.665 	0
0.6657 	0
0.6664 	0
0.6671 	0
0.6678 	0
0.6685 	0
0.6692 	0
0.6699 	0
0.6706 	0
0.6713 	0
0.672 	0
0.6727 	0
0.6734 	0
0.6741 	0
0.6748 	0
0.6762 	0
0.6769 	0
0.6776 	0
0.6783 	0
0.679 	0
0.6797 	0
0.6804 	0
0.6811 	0
0.6818 	0
0.6825 	0
0.6832 	0
0.6839 	0
0.6846 	0
0.6853 	0
0.686 	0
0.6867 	0
0.6874 	0
0.6881 	0
0.6888 	0
0.6895 	0
0.6902 	0
0.6909 	0
0.6916 	0
0.6923 	0
0.693 	0
0.6937 	0
0.6944 	0
0.6951 	0
0.6958 	0
0.6965 	0
0.6972 	0
0.6979 	0
0.6986 	0
0.6993 	0
0.7 	0
