0 	1
0.0007 	1
0.0014 	1
0.0021 	1
0.0028 	1
0.0035 	1
0.0042 	1
0.0049 	1
0.0056 	1
0.0063 	1
0.007 	1
0.0077 	1
0.0084 	1
0.0091 	1
0.0098 	1
0.0105 	1
0.0112 	1
0.0119 	1
0.0126 	1
0.0133 	1
0.014 	1
0.0147 	1
0.0154 	1
0.0161 	1
0.0168 	1
0.0175 	1
0.0182 	1
0.0189 	1
0.0196 	1
0.0203 	1
0.021 	1
0.0217 	1
0.0224 	1
0.0231 	1
0.0238 	1
0.0245 	1
0.0252 	1
0.0259 	1
0.0266 	1
0.0273 	1
0.028 	1
0.0287 	1
0.0294 	1
0.0301 	1
0.0308 	1
0.0315 	1
0.0322 	1
0.0329 	1
0.0336 	1
0.0343 	1
0.035 	1
0.0357 	1
0.0364 	1
0.0371 	1
0.0378 	1
0.0385 	1
0.0392 	1
0.0399 	1
0.0406 	1
0.0413 	1
0.042 	1
0.0427 	1
0.0434 	1
0.0441 	1
0.0448 	1
0.0455 	1
0.0462 	1
0.0469 	1
0.0476 	1
0.0483 	1
0.049 	1
0.0497 	1
0.0504 	1
0.0511 	1
0.0518 	1
0.0525 	1
0.0532 	1
0.0539 	1
0.0546 	1
0.0553 	1
0.056 	1
0.0567 	1
0.0574 	1
0.0581 	1
0.0588 	1
0.0595 	1
0.0602 	1
0.0609 	1
0.0616 	1
0.0623 	1
0.063 	1
0.0637 	1
0.0644 	1
0.0651 	1
0.0658 	1
0.0665 	1
0.0672 	1
0.0679 	1
0.0686 	1
0.0693 	1
0.07 	1
0.0707 	1
0.0714 	1
0.0721 	1
0.0728 	1
0.0735 	1
0.0742 	1
0.0749 	1
0.0756 	1
0.0763 	1
0.077 	1
0.0777 	1
0.0784 	1
0.0791 	1
0.0798 	1
0.0805 	1
0.0812 	1
0.0819 	1
0.0826 	1
0.0833 	1
0.084 	1
0.0847 	1
0.0854 	1
0.0861 	1
0.0868 	1
0.0875 	1
0.0882 	1
0.0889 	1
0.0896 	1
0.0903 	1
0.091 	1
0.0917 	1
0.0924 	1
0.0931 	1
0.0938 	1
0.0945 	1
0.0952 	1
0.0959 	1
0.0966 	1
0.0973 	1
0.098 	1
0.0987 	1
0.0994 	1
0.1001 	1
0.1008 	1
0.1015 	1
0.1022 	1
0.1029 	1
0.1036 	1
0.1043 	1
0.105 	1
0.1057 	1
0.1064 	1
0.1071 	1
0.1078 	1
0.1085 	1
0.1092 	1
0.1099 	1
0.1106 	1
0.1113 	1
0.112 	1
0.1127 	1
0.1134 	1
0.1141 	1
0.1148 	1
0.1155 	1
0.1162 	1
0.1169 	1
0.1176 	1
0.1183 	1
0.119 	1
0.1197 	1
0.1204 	1
0.1211 	1
0.1218 	1
0.1225 	1
0.1232 	1
0.1239 	1
0.1246 	1
0.1253 	1
0.126 	1
0.1267 	1
0.1274 	1
0.1281 	1
0.1288 	1
0.1295 	1
0.1302 	1
0.1309 	1
0.1316 	1
0.1323 	1
0.133 	1
0.1337 	1
0.1344 	1
0.1351 	1
0.1358 	1
0.1365 	1
0.1372 	1
0.1379 	1
0.1386 	1
0.1393 	1
0.14 	1
0.1407 	1
0.1414 	1
0.1421 	1
0.1428 	1
0.1435 	1
0.1442 	1
0.1449 	1
0.1456 	1
0.1463 	1
0.147 	1
0.1477 	1
0.1484 	1
0.1491 	1
0.1498 	1
0.1505 	1
0.1512 	1
0.1519 	1
0.1526 	1
0.1533 	1
0.154 	1
0.1547 	1
0.1554 	1
0.1561 	1
0.1568 	1
0.1575 	1
0.1582 	1
0.1589 	1
0.1596 	1
0.1603 	1
0.161 	1
0.1617 	1
0.1624 	1
0.1631 	1
0.1638 	1
0.1645 	1
0.1652 	1
0.1659 	1
0.1666 	1
0.1673 	1
0.168 	1
0.1687 	1
0.1694 	1
0.1701 	1
0.1708 	1
0.1715 	1
0.1722 	1
0.1729 	1
0.1736 	1
0.1743 	1
0.175 	1
0.1757 	1
0.1764 	1
0.1771 	1
0.1778 	1
0.1785 	1
0.1792 	1
0.1799 	1
0.1806 	1
0.1813 	1
0.182 	1
0.1827 	1
0.1834 	1
0.1841 	1
0.1848 	1
0.1855 	1
0.1862 	1
0.1869 	1
0.1876 	1
0.1883 	1
0.189 	1
0.1897 	1
0.1904 	1
0.1911 	1
0.1918 	1
0.1925 	1
0.1932 	1
0.1939 	1
0.1946 	1
0.1953 	1
0.196 	1
0.1967 	1
0.1974 	1
0.1981 	1
0.1988 	1
0.1995 	1
0.2002 	1
0.2009 	1
0.2016 	1
0.2023 	1
0.203 	1
0.2037 	1
0.2044 	1
0.2051 	1
0.2058 	1
0.2065 	1
0.2072 	1
0.2079 	1
0.2086 	1
0.2093 	1
0.21 	1
0.2107 	1
0.2114 	1
0.2121 	1
0.2128 	1
0.2135 	1
0.2142 	1
0.2149 	1
0.2156 	1
0.2163 	1
0.217 	1
0.2177 	1
0.2184 	1
0.2191 	1
0.2198 	1
0.2205 	1
0.2212 	1
0.2219 	1
0.2226 	1
0.2233 	1
0.224 	1
0.2247 	1
0.2254 	1
0.2261 	1
0.2268 	1
0.2275 	1
0.2282 	1
0.2289 	1
0.2296 	1
0.2303 	1
0.231 	1
0.2317 	1
0.2324 	1
0.2331 	1
0.2338 	1
0.2345 	1
0.2352 	1
0.2359 	1
0.2366 	1
0.2373 	1
0.238 	1
0.2387 	1
0.2394 	1
0.2401 	0.999982
0.2408 	0.999713
0.2415 	0.999445
0.2422 	0.999179
0.2429 	0.998913
0.2436 	0.998648
0.2443 	0.998382
0.245 	0.998099
0.2457 	0.933561
0.2464 	0.863738
0.2471 	0.79393
0.2478 	0.724122
0.2485 	0.654315
0.2492 	0.584507
0.2499 	0.514699
0.2506 	0.434373
0.2513 	0.364642
0.252 	0.294907
0.2527 	0.225173
0.2534 	0.155438
0.2541 	0.0857035
0.2548 	0.0159689
0.2555 	0.00119916
0.2562 	0.00102655
0.2569 	0.000835884
0.2576 	0.000643827
0.2583 	0.000451769
0.259 	0.000259712
0.2597 	6.76545e-05
0.2604 	2.59816e-09
0.2611 	2.2747e-09
0.2618 	1.87726e-09
0.2625 	1.45963e-09
0.2632 	1.04201e-09
0.2639 	6.24386e-10
0.2646 	2.06763e-10
0.2653 	6.69271e-16
0.266 	5.92998e-16
0.2667 	4.96885e-16
0.2674 	3.8975e-16
0.2681 	2.82616e-16
0.2688 	1.75481e-16
0.2695 	6.83461e-17
0.2702 	1.33405e-22
0.2709 	1.19434e-22
0.2716 	1.01802e-22
0.2723 	8.0508e-23
0.273 	5.9214e-23
0.2737 	3.79201e-23
0.2744 	1.66262e-23
0.2751 	2.30346e-29
0.2758 	2.07939e-29
0.2765 	1.80445e-29
0.2772 	1.43797e-29
0.2779 	1.07148e-29
0.2786 	7.04992e-30
0.2793 	3.38505e-30
0.28 	3.51159e-36
0.2807 	3.1589e-36
0.2814 	2.79042e-36
0.2821 	2.23966e-36
0.2828 	1.6889e-36
0.2835 	1.13814e-36
0.2842 	5.87386e-37
0.2849 	3.66289e-38
0.2856 	4.17955e-43
0.2863 	3.75621e-43
0.287 	3.03516e-43
0.2877 	2.31411e-43
0.2884 	1.59306e-43
0.2891 	8.72012e-44
0.2898 	1.50962e-44
0.2905 	4.7702e-50
0.2912 	4.33114e-50
0.2919 	3.54371e-50
0.2926 	2.72948e-50
0.2933 	1.91525e-50
0.294 	1.10102e-50
0.2947 	2.86792e-51
0.2954 	4.67061e-57
0.2961 	4.25403e-57
0.2968 	3.5451e-57
0.2975 	2.75644e-57
0.2982 	1.96778e-57
0.2989 	1.17912e-57
0.2996 	3.90456e-58
0.3003 	3.90647e-64
0.301 	3.56681e-64
0.3017 	3.02606e-64
0.3024 	2.3736e-64
0.3031 	1.72115e-64
0.3038 	1.06869e-64
0.3045 	4.16236e-65
0.3052 	2.77674e-71
0.3059 	2.54042e-71
0.3066 	2.19292e-71
0.3073 	1.73423e-71
0.308 	1.27554e-71
0.3087 	8.16846e-72
0.3094 	3.58155e-72
0.3101 	1.6656e-78
0.3108 	1.52647e-78
0.3115 	1.33984e-78
0.3122 	1.06772e-78
0.3129 	7.95597e-79
0.3136 	5.23476e-79
0.3143 	2.51355e-79
0.315 	8.42503e-86
0.3157 	7.66438e-86
0.3164 	6.83631e-86
0.3171 	5.48701e-86
0.3178 	4.13771e-86
0.3185 	2.78841e-86
0.3192 	1.43911e-86
0.3199 	8.981e-88
0.3206 	3.17424e-93
0.3213 	2.87543e-93
0.322 	2.32346e-93
0.3227 	1.7715e-93
0.3234 	1.21953e-93
0.3241 	6.67566e-94
0.3248 	1.156e-94
0.3255 	1.06494e-100
0.3262 	9.72689e-101
0.3269 	7.96224e-101
0.3276 	6.13281e-101
0.3283 	4.30338e-101
0.329 	2.47395e-101
0.3297 	6.44525e-102
0.3304 	2.82395e-108
0.3311 	2.58296e-108
0.3318 	2.15469e-108
0.3325 	1.67536e-108
0.3332 	1.19603e-108
0.3339 	7.16694e-109
0.3346 	2.3736e-109
0.3353 	5.7189e-116
0.336 	5.23776e-116
0.3367 	4.44924e-116
0.3374 	3.48995e-116
0.3381 	2.53066e-116
0.3388 	1.57138e-116
0.3395 	6.12089e-117
0.3402 	8.41455e-124
0.3409 	7.71604e-124
0.3416 	6.6693e-124
0.3423 	5.27432e-124
0.343 	3.87935e-124
0.3437 	2.48438e-124
0.3444 	1.0894e-124
0.3451 	8.34292e-132
0.3458 	7.65908e-132
0.3465 	6.73123e-132
0.3472 	5.36416e-132
0.3479 	3.99709e-132
0.3486 	2.63001e-132
0.3493 	1.26294e-132
0.35 	4.94536e-140
0.3507 	4.50735e-140
0.3514 	4.02499e-140
0.3521 	3.2306e-140
0.3528 	2.4362e-140
0.3535 	1.6418e-140
0.3542 	8.47399e-141
0.3549 	5.29996e-142
0.3556 	5.69118e-148
0.3563 	5.15355e-148
0.357 	4.16431e-148
0.3577 	3.17507e-148
0.3584 	2.18583e-148
0.3591 	1.19659e-148
0.3598 	2.07348e-149
0.3605 	0
0.3612 	0
0.3619 	0
0.3626 	0
0.3633 	0
0.364 	0
0.3647 	0
0.3654 	0
0.3661 	0
0.3668 	0
0.3675 	0
0.3682 	0
0.3689 	0
0.3696 	0
0.3703 	0
0.371 	0
0.3717 	0
0.3724 	0
0.3731 	0
0.3738 	0
0.3745 	0
0.3752 	0
0.3759 	0
0.3766 	0
0.3773 	0
0.378 	0
0.3787 	0
0.3794 	0
0.3801 	0
0.3808 	0
0.3815 	0
0.3822 	0
0.3829 	0
0.3836 	0
0.3843 	0
0.385 	0
0.3857 	0
0.3864 	0
0.3871 	0
0.3878 	0
0.3885 	0
0.3892 	0
0.3899 	0
0.3906 	0
0.3913 	0
0.392 	0
0.3927 	0
0.3934 	0
0.3941 	0
0.3948 	0
0.3955 	0
0.3962 	0
0.3969 	0
0.3976 	0
0.3983 	0
0.399 	0
0.3997 	0
0.4004 	0
0.4011 	0
0.4018 	0
0.4025 	0
0.4032 	0
0.4039 	0
0.4046 	0
0.4053 	0
0.406 	0
0.4067 	0
0.4074 	0
0.4081 	0
0.4088 	0
0.4095 	0
0.4102 	0
0.4109 	0
0.4116 	0
0.4123 	0
0.413 	0
0.4137 	0
0.4144 	0
0.4151 	0
0.4158 	0
0.4165 	0
0.4172 	0
0.4179 	0
0.4186 	0
0.4193 	0
0.42 	0
0.4207 	0
0.4214 	0
0.4221 	0
0.4228 	0
0.4235 	0
0.4242 	0
0.4249 	0
0.4256 	0
0.4263 	0
0.427 	0
0.4277 	0
0.4284 	0
0.4291 	0
0.4298 	0
0.4305 	0
0.4312 	0
0.4319 	0
0.4326 	0
0.4333 	0
0.434 	0
0.4347 	0
0.4354 	0
0.4361 	0
0.4368 	0
0.4375 	0
0.4382 	0
0.4389 	0
0.4396 	0
0.4403 	0
0.441 	0
0.4417 	0
0.4424 	0
0.4431 	0
0.4438 	0
0.4445 	0
0.4452 	0
0.4459 	0
0.4466 	0
0.4473 	0
0.448 	0
0.4487 	0
0.4494 	0
0.4501 	0
0.4508 	0
0.4515 	0
0.4522 	0
0.4529 	0
0.4536 	0
0.4543 	0
0.455 	0
0.4557 	0
0.4564 	0
0.4571 	0
0.4578 	0
0.4585 	0
0.4592 	0
0.4599 	0
0.4606 	0
0.4613 	0
0.462 	0
0.4627 	0
0.4634 	0
0.4641 	0
0.4648 	0
0.4655 	0
0.4662 	0
0.4669 	0
0.4676 	0
0.4683 	0
0.469 	0
0.4697 	0
0.4704 	0
0.4711 	0
0.4718 	0
0.4725 	0
0.4732 	0
0.4739 	0
0.4746 	0
0.4753 	0
0.476 	0
0.4767 	0
0.4774 	0
0.4781 	0
0.4788 	0
0.4795 	0
0.4802 	0
0.4809 	0
0.4816 	0
0.4823 	0
0.483 	0
0.4837 	0
0.4844 	0
0.4851 	0
0.4858 	0
0.4865 	0
0.4872 	0
0.4879 	0
0.4886 	0
0.4893 	0
0.49 	0
0.4907 	0
0.4914 	0
0.4921 	0
0.4928 	0
0.4935 	0
0.4942 	0
0.4949 	0
0.4956 	0
0.4963 	0
0.497 	0
0.4977 	0
0.4984 	0
0.4991 	0
0.4998 	0
0.5005 	0
0.5012 	0
0.5019 	0
0.5026 	0
0.5033 	0
0.504 	0
0.5047 	0
0.5054 	0
0.5061 	0
0.5068 	0
0.5075 	0
0.5082 	0
0.5089 	0
0.5096 	0
0.5103 	0
0.511 	0
0.5117 	0
0.5124 	0
0.5131 	0
0.5138 	0
0.5145 	0
0.5152 	0
0.5159 	0
0.5166 	0
0.5173 	0
0.518 	0
0.5187 	0
0.5194 	0
0.5201 	0
0.5208 	0
0.5215 	0
0.5222 	0
0.5229 	0
0.5236 	0
0.5243 	0
0.525 	0
0.5257 	0
0.5264 	0
0.5271 	0
0.5278 	0
0.5285 	0
0.5292 	0
0.5299 	0
0.5306 	0
0.5313 	0
0.532 	0
0.5327 	0
0.5334 	0
0.5341 	0
0.5348 	0
0.5355 	0
0.5362 	0
0.5369 	0
0.5376 	0
0.5383 	0
0.539 	0
0.5397 	0
0.5404 	0
0.5411 	0
0.5418 	0
0.5425 	0
0.5432 	0
0.5439 	0
0.5446 	0
0.5453 	0
0.546 	0
0.5467 	0
0.5474 	0
0.5481 	0
0.5488 	0
0.5495 	0
0.5502 	0
0.5509 	0
0.5516 	0
0.5523 	0
0.553 	0
0.5537 	0
0.5544 	0
0.5551 	0
0.5558 	0
0.5565 	0
0.5572 	0
0.5579 	0
0.5586 	0
0.5593 	0
0.56 	0
0.5607 	0
0.5614 	0
0.5621 	0
0.5628 	0
0.5635 	0
0.5642 	0
0.5649 	0
0.5656 	0
0.5663 	0
0.567 	0
0.5677 	0
0.5684 	0
0.5691 	0
0.5698 	0
0.5705 	0
0.5712 	0
0.5719 	0
0.5726 	0
0.5733 	0
0.574 	0
0.5747 	0
0.5754 	0
0.5761 	0
0.5768 	0
0.5775 	0
0.5782 	0
0.5789 	0
0.5796 	0
0.5803 	0
0.581 	0
0.5817 	0
0.5824 	0
0.5831 	0
0.5838 	0
0.5845 	0
0.5852 	0
0.5859 	0
0.5866 	0
0.5873 	0
0.588 	0
0.5887 	0
0.5894 	0
0.5901 	0
0.5908 	0
0.5915 	0
0.5922 	0
0.5929 	0
0.5936 	0
0.5943 	0
0.595 	0
0.5957 	0
0.5964 	0
0.5971 	0
0.5978 	0
0.5985 	0
0.5992 	0
0.5999 	0
0.6006 	0
0.6013 	0
0.602 	0
0.6027 	0
0.6034 	0
0.6041 	0
0.6048 	0
0.6055 	0
0.6062 	0
0.6069 	0
0.6076 	0
0.6083 	0
0.609 	0
0.6097 	0
0.6104 	0
0.6111 	0
0.6118 	0
0.6125 	0
0.6132 	0
0.6139 	0
0.6146 	0
0.6153 	0
0.616 	0
0.6167 	0
0.6174 	0
0.6181 	0
0.6188 	0
0.6195 	0
0.6202 	0
0.6209 	0
0.6216 	0
0.6223 	0
0.623 	0
0.6237 	0
0.6244 	0
0.6251 	0
0.6258 	0
0.6265 	0
0.6272 	0
0.6279 	0
0.6286 	0
0.6293 	0
0.63 	0
0.6307 	0
0.6314 	0
0.6321 	0
0.6328 	0
0.6335 	0
0.6342 	0
0.6349 	0
0.6356 	0
0.6363 	0
0.637 	0
0.6377 	0
0.6384 	0
0.6391 	0
0.6398 	0
0.6405 	0
0.6412 	0
0.6419 	0
0.6426 	0
0.6433 	0
0.644 	0
0.6447 	0
0.6454 	0
0.6461 	0
0.6468 	0
0.6475 	0
0.6482 	0
0.6489 	0
0.6496 	0
0.6503 	0
0.651 	0
0.6517 	0
0.6524 	0
0.6531 	0
0.6538 	0
0.6545 	0
0.6552 	0
0.6559 	0
0.6566 	0
0.6573 	0
0.658 	0
0.6587 	0
0.6594 	0
0.6601 	0
0.6608 	0
0.6615 	0
0.6622 	0
0.6629 	0
0.6636 	0
0.6643 	0
0.665 	0
0.6657 	0
0.6664 	0
0.6671 	0
0.6678 	0
0.6685 	0
0.6692 	0
0.6699 	0
0.6706 	0
0.6713 	0
0.672 	0
0.6727 	0
0.6734 	0
0.6741 	0
0.6748 	0
0.6755 	0
0.6762 	0
0.6769 	0
0.6776 	0
0.6783 	0
0.679 	0
0.6797 	0
0.6804 	0
0.6811 	0
0.6818 	0
0.6825 	0
0.6832 	0
0.6839 	0
0.6846 	0
0.6853 	0
0.686 	0
0.6867 	0
0.6874 	0
0.6881 	0
0.6888 	0
0.6895 	0
0.6902 	0
0.6909 	0
0.6916 	0
0.6923 	0
0.693 	0
0.6937 	0
0.6944 	0
0.6951 	0
0.6958 	0
0.6965 	0
0.6972 	0
0.6979 	0
0.6986 	0
0.6993 	0
0.7 	0
