0 	1
0.0007 	1
0.0014 	1
0.0021 	1
0.0028 	1
0.0035 	1
0.0042 	1
0.0049 	1
0.0056 	1
0.0063 	1
0.007 	1
0.0077 	1
0.0084 	1
0.0091 	1
0.0098 	1
0.0105 	1
0.0112 	1
0.0119 	1
0.0126 	1
0.0133 	1
0.014 	1
0.0147 	1
0.0154 	1
0.0161 	1
0.0168 	1
0.0175 	1
0.0182 	1
0.0189 	1
0.0196 	1
0.0203 	1
0.021 	1
0.0217 	1
0.0224 	1
0.0231 	1
0.0238 	1
0.0245 	1
0.0252 	1
0.0259 	1
0.0266 	1
0.0273 	1
0.028 	1
0.0287 	1
0.0294 	1
0.0301 	1
0.0308 	1
0.0315 	1
0.0322 	1
0.0329 	1
0.0336 	1
0.0343 	1
0.035 	1
0.0357 	1
0.0364 	1
0.0371 	1
0.0378 	1
0.0385 	1
0.0392 	1
0.0399 	1
0.0406 	1
0.0413 	1
0.042 	1
0.0427 	1
0.0434 	1
0.0441 	1
0.0448 	1
0.0455 	1
0.0462 	1
0.0469 	1
0.0476 	1
0.0483 	1
0.049 	1
0.0497 	1
0.0504 	1
0.0511 	1
0.0518 	1
0.0525 	1
0.0532 	1
0.0539 	1
0.0546 	1
0.0553 	1
0.056 	1
0.0567 	1
0.0574 	1
0.0581 	1
0.0588 	1
0.0595 	1
0.0602 	1
0.0609 	1
0.0616 	1
0.0623 	1
0.063 	1
0.0637 	1
0.0644 	1
0.0651 	1
0.0658 	1
0.0665 	1
0.0672 	1
0.0679 	1
0.0686 	1
0.0693 	1
0.07 	1
0.0707 	1
0.0714 	1
0.0721 	1
0.0728 	1
0.0735 	1
0.0742 	1
0.0749 	1
0.0756 	1
0.0763 	1
0.077 	1
0.0777 	1
0.0784 	1
0.0791 	1
0.0798 	1
0.0805 	1
0.0812 	1
0.0819 	1
0.0826 	1
0.0833 	1
0.084 	1
0.0847 	1
0.0854 	1
0.0861 	1
0.0868 	1
0.0875 	1
0.0882 	1
0.0889 	1
0.0896 	1
0.0903 	1
0.091 	1
0.0917 	1
0.0924 	1
0.0931 	1
0.0938 	1
0.0945 	1
0.0952 	1
0.0959 	1
0.0966 	1
0.0973 	1
0.098 	1
0.0987 	1
0.0994 	1
0.1001 	1
0.1008 	1
0.1015 	1
0.1022 	1
0.1029 	1
0.1036 	1
0.1043 	1
0.105 	1
0.1057 	1
0.1064 	1
0.1071 	1
0.1078 	1
0.1085 	1
0.1092 	1
0.1099 	1
0.1106 	1
0.1113 	1
0.112 	1
0.1127 	1
0.1134 	1
0.1141 	1
0.1148 	1
0.1155 	1
0.1162 	1
0.1169 	1
0.1176 	1
0.1183 	1
0.119 	1
0.1197 	1
0.1204 	1
0.1211 	1
0.1218 	1
0.1225 	1
0.1232 	1
0.1239 	1
0.1246 	1
0.1253 	1
0.126 	1
0.1267 	1
0.1274 	1
0.1281 	1
0.1288 	1
0.1295 	1
0.1302 	1
0.1309 	1
0.1316 	1
0.1323 	1
0.133 	1
0.1337 	1
0.1344 	1
0.1351 	1
0.1358 	1
0.1365 	1
0.1372 	1
0.1379 	1
0.1386 	1
0.1393 	1
0.14 	1
0.1407 	1
0.1414 	1
0.1421 	1
0.1428 	1
0.1435 	1
0.1442 	1
0.1449 	1
0.1456 	1
0.1463 	1
0.147 	1
0.1477 	1
0.1484 	1
0.1491 	1
0.1498 	1
0.1505 	1
0.1512 	1
0.1519 	1
0.1526 	1
0.1533 	1
0.154 	1
0.1547 	1
0.1554 	1
0.1561 	1
0.1568 	1
0.1575 	1
0.1582 	1
0.1589 	1
0.1596 	1
0.1603 	1
0.161 	1
0.1617 	1
0.1624 	1
0.1631 	1
0.1638 	1
0.1645 	1
0.1652 	1
0.1659 	1
0.1666 	1
0.1673 	1
0.168 	1
0.1687 	1
0.1694 	1
0.1701 	1
0.1708 	1
0.1715 	1
0.1722 	1
0.1729 	1
0.1736 	1
0.1743 	1
0.175 	1
0.1757 	1
0.1764 	1
0.1771 	1
0.1778 	1
0.1785 	1
0.1792 	1
0.1799 	1
0.1806 	1
0.1813 	1
0.182 	1
0.1827 	1
0.1834 	1
0.1841 	1
0.1848 	1
0.1855 	1
0.1862 	1
0.1869 	1
0.1876 	1
0.1883 	1
0.189 	1
0.1897 	1
0.1904 	1
0.1911 	1
0.1918 	1
0.1925 	1
0.1932 	1
0.1939 	1
0.1946 	1
0.1953 	1
0.196 	1
0.1967 	1
0.1974 	1
0.1981 	1
0.1988 	1
0.1995 	1
0.2002 	1
0.2009 	1
0.2016 	1
0.2023 	1
0.203 	1
0.2037 	1
0.2044 	1
0.2051 	1
0.2058 	1
0.2065 	1
0.2072 	1
0.2079 	1
0.2086 	1
0.2093 	1
0.21 	1
0.2107 	1
0.2114 	1
0.2121 	1
0.2128 	1
0.2135 	1
0.2142 	1
0.2149 	1
0.2156 	1
0.2163 	1
0.217 	1
0.2177 	1
0.2184 	1
0.2191 	1
0.2198 	1
0.2205 	1
0.2212 	1
0.2219 	1
0.2226 	1
0.2233 	1
0.224 	1
0.2247 	1
0.2254 	1
0.2261 	1
0.2268 	1
0.2275 	1
0.2282 	1
0.2289 	1
0.2296 	1
0.2303 	1
0.231 	1
0.2317 	1
0.2324 	1
0.2331 	1
0.2338 	1
0.2345 	1
0.2352 	1
0.2359 	1
0.2366 	1
0.2373 	1
0.238 	1
0.2387 	1
0.2394 	1
0.2401 	1
0.2408 	1
0.2415 	1
0.2422 	1
0.2429 	1
0.2436 	1
0.2443 	1
0.245 	1
0.2457 	0.930114
0.2464 	0.860233
0.2471 	0.790371
0.2478 	0.720509
0.2485 	0.650647
0.2492 	0.580785
0.2499 	0.510923
0.2506 	0.440943
0.2513 	0.370943
0.252 	0.300943
0.2527 	0.230943
0.2534 	0.160943
0.2541 	0.0909432
0.2548 	0.0209432
0.2555 	0.000861994
0.2562 	0.000748276
0.2569 	0.00061186
0.2576 	0.000473698
0.2583 	0.000335536
0.259 	0.000197375
0.2597 	5.9213e-05
0.2604 	7.69027e-10
0.2611 	6.79274e-10
0.2618 	5.63236e-10
0.2625 	4.40028e-10
0.2632 	3.1682e-10
0.2639 	1.93612e-10
0.2646 	7.04046e-11
0.2653 	1.3158e-16
0.266 	1.16246e-16
0.2667 	9.74767e-17
0.2674 	7.67999e-17
0.2681 	5.6123e-17
0.2688 	3.54461e-17
0.2695 	1.47692e-17
0.2702 	2.02724e-23
0.2709 	1.80482e-23
0.2716 	1.53554e-23
0.2723 	1.2194e-23
0.273 	9.03258e-24
0.2737 	5.87118e-24
0.2744 	2.70978e-24
0.2751 	3.18368e-30
0.2758 	2.87239e-30
0.2765 	2.49412e-30
0.2772 	1.99529e-30
0.2779 	1.49647e-30
0.2786 	9.97647e-31
0.2793 	4.98824e-31
0.28 	4.85879e-37
0.2807 	4.43114e-37
0.2814 	3.93132e-37
0.2821 	3.1669e-37
0.2828 	2.40247e-37
0.2835 	1.63805e-37
0.2842 	8.73627e-38
0.2849 	1.09204e-38
0.2856 	6.34117e-44
0.2863 	5.73549e-44
0.287 	4.6504e-44
0.2877 	3.56531e-44
0.2884 	2.48021e-44
0.2891 	1.39512e-44
0.2898 	3.10027e-45
0.2905 	8.18864e-51
0.2912 	7.48266e-51
0.2919 	6.14398e-51
0.2926 	4.75663e-51
0.2933 	3.36928e-51
0.294 	1.98193e-51
0.2947 	5.9458e-52
0.2954 	9.38403e-58
0.2961 	8.59303e-58
0.2968 	7.18808e-58
0.2975 	5.61569e-58
0.2982 	4.0433e-58
0.2989 	2.4709e-58
0.2996 	8.98511e-59
0.3003 	9.45187e-65
0.301 	8.66746e-65
0.3017 	7.38084e-65
0.3024 	5.8152e-65
0.3031 	4.24957e-65
0.3038 	2.68394e-65
0.3045 	1.11831e-65
0.3052 	8.32297e-72
0.3059 	7.64116e-72
0.3066 	6.6189e-72
0.3073 	5.25618e-72
0.308 	3.89347e-72
0.3087 	2.53075e-72
0.3094 	1.16804e-72
0.3101 	6.38941e-79
0.3108 	5.87225e-79
0.3115 	5.17047e-79
0.3122 	4.13638e-79
0.3129 	3.10228e-79
0.3136 	2.06819e-79
0.3143 	1.03409e-79
0.315 	4.27076e-86
0.3157 	3.92908e-86
0.3164 	3.51419e-86
0.3171 	2.83087e-86
0.3178 	2.14756e-86
0.3185 	1.46424e-86
0.3192 	7.8093e-87
0.3199 	9.76165e-88
0.3206 	2.28851e-93
0.3213 	2.07791e-93
0.322 	1.68479e-93
0.3227 	1.29167e-93
0.3234 	8.98555e-94
0.3241 	5.05437e-94
0.3248 	1.12319e-94
0.3255 	1.15858e-100
0.3262 	1.06027e-100
0.3269 	8.70688e-101
0.3276 	6.74081e-101
0.3283 	4.77474e-101
0.329 	2.80867e-101
0.3297 	8.42602e-102
0.3304 	5.08447e-108
0.3311 	4.65823e-108
0.3318 	3.89708e-108
0.3325 	3.04459e-108
0.3332 	2.19211e-108
0.3339 	1.33962e-108
0.3346 	4.87135e-109
0.3353 	1.93101e-115
0.336 	1.77104e-115
0.3367 	1.50824e-115
0.3374 	1.18831e-115
0.3381 	8.68383e-116
0.3388 	5.48452e-116
0.3395 	2.28522e-116
0.3402 	6.33993e-123
0.3409 	5.82087e-123
0.3416 	5.04228e-123
0.3423 	4.00416e-123
0.343 	2.96605e-123
0.3437 	1.92793e-123
0.3444 	8.89814e-124
0.3451 	1.79773e-130
0.3458 	1.65225e-130
0.3465 	1.45481e-130
0.3472 	1.16385e-130
0.3479 	8.72886e-131
0.3486 	5.81924e-131
0.3493 	2.90962e-131
0.35 	4.39697e-138
0.3507 	4.04521e-138
0.3514 	3.61808e-138
0.3521 	2.91456e-138
0.3528 	2.21105e-138
0.3535 	1.50753e-138
0.3542 	8.04018e-139
0.3549 	1.00502e-139
0.3556 	8.61249e-146
0.3563 	7.81899e-146
0.357 	6.33979e-146
0.3577 	4.8606e-146
0.3584 	3.3814e-146
0.3591 	1.90221e-146
0.3598 	4.23012e-147
0.3605 	3.63136e-150
0.3612 	3.323e-150
0.3619 	2.72885e-150
0.3626 	2.11272e-150
0.3633 	1.49659e-150
0.364 	8.80456e-151
0.3647 	2.64325e-151
0.3654 	2.55962e-154
0.3661 	2.345e-154
0.3668 	1.96187e-154
0.3675 	1.53278e-154
0.3682 	1.10368e-154
0.3689 	6.74588e-155
0.3696 	2.45494e-155
0.3703 	2.87568e-158
0.371 	2.63746e-158
0.3717 	2.24613e-158
0.3724 	1.76974e-158
0.3731 	1.29335e-158
0.3738 	8.16954e-159
0.3745 	3.40561e-159
0.3752 	2.74072e-162
0.3759 	2.51634e-162
0.3766 	2.17978e-162
0.3773 	1.73104e-162
0.378 	1.2823e-162
0.3787 	8.33558e-163
0.3794 	3.84817e-163
0.3801 	1.79846e-166
0.3808 	1.65292e-166
0.3815 	1.45541e-166
0.3822 	1.16434e-166
0.3829 	8.73278e-167
0.3836 	5.82211e-167
0.3843 	2.91145e-167
0.385 	7.85012e-171
0.3857 	7.22212e-171
0.3864 	6.45955e-171
0.3871 	5.20357e-171
0.3878 	3.94759e-171
0.3885 	2.69161e-171
0.3892 	1.43563e-171
0.3899 	1.79648e-172
0.3906 	2.07495e-175
0.3913 	1.88401e-175
0.392 	1.52758e-175
0.3927 	1.17116e-175
0.3934 	8.1473e-176
0.3941 	4.58304e-176
0.3948 	1.01878e-176
0.3955 	3.9751e-180
0.3962 	3.63782e-180
0.3969 	2.98736e-180
0.3976 	2.31281e-180
0.3983 	1.63826e-180
0.399 	9.63705e-181
0.3997 	2.89155e-181
0.4004 	5.86808e-185
0.4011 	5.37615e-185
0.4018 	4.49771e-185
0.4025 	3.51386e-185
0.4032 	2.53e-185
0.4039 	1.54615e-185
0.4046 	5.623e-186
0.4053 	9.54364e-190
0.406 	8.75305e-190
0.4067 	7.45424e-190
0.4074 	5.87307e-190
0.4081 	4.29191e-190
0.4088 	2.71075e-190
0.4095 	1.12959e-190
0.4102 	1.79988e-194
0.4109 	1.65253e-194
0.4116 	1.43149e-194
0.4123 	1.13678e-194
0.413 	8.42066e-195
0.4137 	5.47353e-195
0.4144 	2.5264e-195
0.4151 	2.88856e-199
0.4158 	2.6548e-199
0.4165 	2.33757e-199
0.4172 	1.87006e-199
0.4179 	1.40255e-199
0.4186 	9.35045e-200
0.4193 	4.67539e-200
0.42 	3.1597e-204
0.4207 	2.90693e-204
0.4214 	2.59999e-204
0.4221 	2.09444e-204
0.4228 	1.58889e-204
0.4235 	1.08334e-204
0.4242 	5.7779e-205
0.4249 	7.22404e-206
0.4256 	1.78696e-209
0.4263 	1.62252e-209
0.427 	1.31556e-209
0.4277 	1.0086e-209
0.4284 	7.01633e-210
0.4291 	3.9467e-210
0.4298 	8.77079e-211
0.4305 	4.09042e-215
0.4312 	3.74336e-215
0.4319 	3.07401e-215
0.4326 	2.37988e-215
0.4333 	1.68575e-215
0.434 	9.91617e-216
0.4347 	2.97485e-216
0.4354 	0
0.4361 	0
0.4368 	0
0.4375 	0
0.4382 	0
0.4389 	0
0.4396 	0
0.4403 	0
0.441 	0
0.4417 	0
0.4424 	0
0.4431 	0
0.4438 	0
0.4445 	0
0.4452 	0
0.4459 	0
0.4466 	0
0.4473 	0
0.448 	0
0.4487 	0
0.4494 	0
0.4501 	0
0.4508 	0
0.4515 	0
0.4522 	0
0.4529 	0
0.4536 	0
0.4543 	0
0.455 	0
0.4557 	0
0.4564 	0
0.4571 	0
0.4578 	0
0.4585 	0
0.4592 	0
0.4599 	0
0.4606 	0
0.4613 	0
0.462 	0
0.4627 	0
0.4634 	0
0.4641 	0
0.4648 	0
0.4655 	0
0.4662 	0
0.4669 	0
0.4676 	0
0.4683 	0
0.469 	0
0.4697 	0
0.4704 	0
0.4711 	0
0.4718 	0
0.4725 	0
0.4732 	0
0.4739 	0
0.4746 	0
0.4753 	0
0.476 	0
0.4767 	0
0.4774 	0
0.4781 	0
0.4788 	0
0.4795 	0
0.4802 	0
0.4809 	0
0.4816 	0
0.4823 	0
0.483 	0
0.4837 	0
0.4844 	0
0.4851 	0
0.4858 	0
0.4865 	0
0.4872 	0
0.4879 	0
0.4886 	0
0.4893 	0
0.49 	0
0.4907 	0
0.4914 	0
0.4921 	0
0.4928 	0
0.4935 	0
0.4942 	0
0.4949 	0
0.4956 	0
0.4963 	0
0.497 	0
0.4977 	0
0.4984 	0
0.4991 	0
0.4998 	0
0.5005 	0
0.5012 	0
0.5019 	0
0.5026 	0
0.5033 	0
0.504 	0
0.5047 	0
0.5054 	0
0.5061 	0
0.5068 	0
0.5075 	0
0.5082 	0
0.5089 	0
0.5096 	0
0.5103 	0
0.511 	0
0.5117 	0
0.5124 	0
0.5131 	0
0.5138 	0
0.5145 	0
0.5152 	0
0.5159 	0
0.5166 	0
0.5173 	0
0.518 	0
0.5187 	0
0.5194 	0
0.5201 	0
0.5208 	0
0.5215 	0
0.5222 	0
0.5229 	0
0.5236 	0
0.5243 	0
0.525 	0
0.5257 	0
0.5264 	0
0.5271 	0
0.5278 	0
0.5285 	0
0.5292 	0
0.5299 	0
0.5306 	0
0.5313 	0
0.532 	0
0.5327 	0
0.5334 	0
0.5341 	0
0.5348 	0
0.5355 	0
0.5362 	0
0.5369 	0
0.5376 	0
0.5383 	0
0.539 	0
0.5397 	0
0.5404 	0
0.5411 	0
0.5418 	0
0.5425 	0
0.5432 	0
0.5439 	0
0.5446 	0
0.5453 	0
0.546 	0
0.5467 	0
0.5474 	0
0.5481 	0
0.5488 	0
0.5495 	0
0.5502 	0
0.5509 	0
0.5516 	0
0.5523 	0
0.553 	0
0.5537 	0
0.5544 	0
0.5551 	0
0.5558 	0
0.5565 	0
0.5572 	0
0.5579 	0
0.5586 	0
0.5593 	0
0.56 	0
0.5607 	0
0.5614 	0
0.5621 	0
0.5628 	0
0.5635 	0
0.5642 	0
0.5649 	0
0.5656 	0
0.5663 	0
0.567 	0
0.5677 	0
0.5684 	0
0.5691 	0
0.5698 	0
0.5705 	0
0.5712 	0
0.5719 	0
0.5726 	0
0.5733 	0
0.574 	0
0.5747 	0
0.5754 	0
0.5761 	0
0.5768 	0
0.5775 	0
0.5782 	0
0.5789 	0
0.5796 	0
0.5803 	0
0.581 	0
0.5817 	0
0.5824 	0
0.5831 	0
0.5838 	0
0.5845 	0
0.5852 	0
0.5859 	0
0.5866 	0
0.5873 	0
0.588 	0
0.5887 	0
0.5894 	0
0.5901 	0
0.5908 	0
0.5915 	0
0.5922 	0
0.5929 	0
0.5936 	0
0.5943 	0
0.595 	0
0.5957 	0
0.5964 	0
0.5971 	0
0.5978 	0
0.5985 	0
0.5992 	0
0.5999 	0
0.6006 	0
0.6013 	0
0.602 	0
0.6027 	0
0.6034 	0
0.6041 	0
0.6048 	0
0.6055 	0
0.6062 	0
0.6069 	0
0.6076 	0
0.6083 	0
0.609 	0
0.6097 	0
0.6104 	0
0.6111 	0
0.6118 	0
0.6125 	0
0.6132 	0
0.6139 	0
0.6146 	0
0.6153 	0
0.616 	0
0.6167 	0
0.6174 	0
0.6181 	0
0.6188 	0
0.6195 	0
0.6202 	0
0.6209 	0
0.6216 	0
0.6223 	0
0.623 	0
0.6237 	0
0.6244 	0
0.6251 	0
0.6258 	0
0.6265 	0
0.6272 	0
0.6279 	0
0.6286 	0
0.6293 	0
0.63 	0
0.6307 	0
0.6314 	0
0.6321 	0
0.6328 	0
0.6335 	0
0.6342 	0
0.6349 	0
0.6356 	0
0.6363 	0
0.637 	0
0.6377 	0
0.6384 	0
0.6391 	0
0.6398 	0
0.6405 	0
0.6412 	0
0.6419 	0
0.6426 	0
0.6433 	0
0.644 	0
0.6447 	0
0.6454 	0
0.6461 	0
0.6468 	0
0.6475 	0
0.6482 	0
0.6489 	0
0.6496 	0
0.6503 	0
0.651 	0
0.6517 	0
0.6524 	0
0.6531 	0
0.6538 	0
0.6545 	0
0.6552 	0
0.6559 	0
0.6566 	0
0.6573 	0
0.658 	0
0.6587 	0
0.6594 	0
0.6601 	0
0.6608 	0
0.6615 	0
0.6622 	0
0.6629 	0
0.6636 	0
0.6643 	0
0.665 	0
0.6657 	0
0.6664 	0
0.6671 	0
0.6678 	0
0.6685 	0
0.6692 	0
0.6699 	0
0.6706 	0
0.6713 	0
0.672 	0
0.6727 	0
0.6734 	0
0.6741 	0
0.6748 	0
0.6755 	0
0.6762 	0
0.6769 	0
0.6776 	0
0.6783 	0
0.679 	0
0.6797 	0
0.6804 	0
0.6811 	0
0.6818 	0
0.6825 	0
0.6832 	0
0.6839 	0
0.6846 	0
0.6853 	0
0.686 	0
0.6867 	0
0.6874 	0
0.6881 	0
0.6888 	0
0.6895 	0
0.6902 	0
0.6909 	0
0.6916 	0
0.6923 	0
0.693 	0
0.6937 	0
0.6944 	0
0.6951 	0
0.6958 	0
0.6965 	0
0.6972 	0
0.6979 	0
0.6986 	0
0.6993 	0
0.7 	0
