0 	1
0.0007 	1
0.0014 	1
0.0021 	1
0.0028 	1
0.0035 	1
0.0042 	1
0.0049 	1
0.0056 	1
0.0063 	1
0.007 	1
0.0077 	1
0.0084 	1
0.0091 	1
0.0098 	1
0.0105 	1
0.0112 	1
0.0119 	1
0.0126 	1
0.0133 	1
0.014 	1
0.0147 	1
0.0154 	1
0.0161 	1
0.0168 	1
0.0175 	1
0.0182 	1
0.0189 	1
0.0196 	1
0.0203 	1
0.021 	1
0.0217 	1
0.0224 	1
0.0231 	1
0.0238 	1
0.0245 	1
0.0252 	1
0.0259 	1
0.0266 	1
0.0273 	1
0.028 	1
0.0287 	1
0.0294 	1
0.0301 	1
0.0308 	1
0.0315 	1
0.0322 	1
0.0329 	1
0.0336 	1
0.0343 	1
0.035 	1
0.0357 	1
0.0364 	1
0.0371 	1
0.0378 	1
0.0385 	1
0.0392 	1
0.0399 	1
0.0406 	1
0.0413 	1
0.042 	1
0.0427 	1
0.0434 	1
0.0441 	1
0.0448 	1
0.0455 	1
0.0462 	1
0.0469 	1
0.0476 	1
0.0483 	1
0.049 	1
0.0497 	1
0.0504 	1
0.0511 	1
0.0518 	1
0.0525 	1
0.0532 	1
0.0539 	1
0.0546 	1
0.0553 	1
0.056 	1
0.0567 	1
0.0574 	1
0.0581 	1
0.0588 	1
0.0595 	1
0.0602 	1
0.0609 	1
0.0616 	1
0.0623 	1
0.063 	1
0.0637 	1
0.0644 	1
0.0651 	1
0.0658 	1
0.0665 	1
0.0672 	1
0.0679 	1
0.0686 	1
0.0693 	1
0.07 	1
0.0707 	1
0.0714 	1
0.0721 	1
0.0728 	1
0.0735 	1
0.0742 	1
0.0749 	1
0.0756 	1
0.0763 	1
0.077 	1
0.0777 	1
0.0784 	1
0.0791 	1
0.0798 	1
0.0805 	1
0.0812 	1
0.0819 	1
0.0826 	1
0.0833 	1
0.084 	1
0.0847 	1
0.0854 	1
0.0861 	1
0.0868 	1
0.0875 	1
0.0882 	1
0.0889 	1
0.0896 	1
0.0903 	1
0.091 	1
0.0917 	1
0.0924 	1
0.0931 	1
0.0938 	1
0.0945 	1
0.0952 	1
0.0959 	1
0.0966 	1
0.0973 	1
0.098 	1
0.0987 	1
0.0994 	1
0.1001 	1
0.1008 	1
0.1015 	1
0.1022 	1
0.1029 	1
0.1036 	1
0.1043 	1
0.105 	1
0.1057 	1
0.1064 	1
0.1071 	1
0.1078 	1
0.1085 	1
0.1092 	1
0.1099 	1
0.1106 	1
0.1113 	1
0.112 	1
0.1127 	1
0.1134 	1
0.1141 	1
0.1148 	1
0.1155 	1
0.1162 	1
0.1169 	1
0.1176 	1
0.1183 	1
0.119 	1
0.1197 	1
0.1204 	1
0.1211 	1
0.1218 	1
0.1225 	1
0.1232 	1
0.1239 	1
0.1246 	1
0.1253 	1
0.126 	1
0.1267 	1
0.1274 	1
0.1281 	1
0.1288 	1
0.1295 	1
0.1302 	1
0.1309 	1
0.1316 	1
0.1323 	1
0.133 	1
0.1337 	1
0.1344 	1
0.1351 	1
0.1358 	1
0.1365 	1
0.1372 	1
0.1379 	1
0.1386 	1
0.1393 	1
0.14 	1
0.1407 	1
0.1414 	1
0.1421 	1
0.1428 	1
0.1435 	1
0.1442 	1
0.1449 	1
0.1456 	1
0.1463 	1
0.147 	1
0.1477 	1
0.1484 	1
0.1491 	1
0.1498 	1
0.1505 	1
0.1512 	1
0.1519 	1
0.1526 	1
0.1533 	1
0.154 	1
0.1547 	1
0.1554 	1
0.1561 	1
0.1568 	1
0.1575 	1
0.1582 	1
0.1589 	1
0.1596 	1
0.1603 	1
0.161 	1
0.1617 	1
0.1624 	1
0.1631 	1
0.1638 	1
0.1645 	1
0.1652 	1
0.1659 	1
0.1666 	1
0.1673 	1
0.168 	1
0.1687 	1
0.1694 	1
0.1701 	1
0.1708 	1
0.1715 	1
0.1722 	1
0.1729 	1
0.1736 	1
0.1743 	1
0.175 	1
0.1757 	1
0.1764 	1
0.1771 	1
0.1778 	1
0.1785 	1
0.1792 	1
0.1799 	1
0.1806 	1
0.1813 	1
0.182 	1
0.1827 	1
0.1834 	1
0.1841 	1
0.1848 	1
0.1855 	1
0.1862 	1
0.1869 	1
0.1876 	1
0.1883 	1
0.189 	1
0.1897 	1
0.1904 	1
0.1911 	1
0.1918 	1
0.1925 	1
0.1932 	1
0.1939 	1
0.1946 	1
0.1953 	1
0.196 	1
0.1967 	1
0.1974 	1
0.1981 	1
0.1988 	1
0.1995 	1
0.2002 	1
0.2009 	1
0.2023 	1
0.2037 	1
0.2051 	1
0.2058 	0.999999
0.2065 	0.999995
0.2072 	0.999985
0.2086 	0.999725
0.2093 	0.998321
0.21 	0.996581
0.2114 	0.982852
0.2128 	0.970312
0.2142 	0.967362
0.2149 	0.967362
0.2163 	0.970252
0.217 	0.976532
0.2184 	0.985734
0.2191 	0.985092
0.2198 	0.980138
0.2205 	0.978029
0.2212 	0.977058
0.2219 	0.98109
0.2226 	0.98515
0.224 	0.988555
0.2247 	0.989267
0.2254 	0.989717
0.2261 	0.989972
0.2268 	0.989649
0.2282 	0.988289
0.2289 	0.987339
0.2303 	0.983661
0.2317 	0.961056
0.2331 	0.800138
0.2338 	0.642088
0.2352 	0.214232
0.2366 	0.028465
0.238 	0.00328805
0.2394 	0.00125489
0.2408 	0.000839737
0.2422 	0.000661392
0.2436 	0.000504
0.245 	0.000318018
0.2464 	0.000157282
0.2471 	0.000102305
0.2478 	6.25334e-05
0.2485 	4.30369e-05
0.2499 	3.39955e-05
0.2506 	2.87882e-05
0.252 	1.41795e-05
0.2527 	6.92743e-06
0.2541 	7.51232e-07
0.2555 	5.39165e-07
0.2562 	8.69576e-07
0.2576 	1.84556e-05
0.2583 	3.09397e-05
0.2597 	4.33302e-05
0.2611 	3.62415e-05
0.2618 	3.0754e-05
0.2625 	2.52495e-05
0.2639 	2.24413e-05
0.2653 	1.46472e-05
0.2667 	5.00367e-06
0.2674 	2.08361e-06
0.2688 	2.65666e-06
0.2695 	9.2697e-06
0.2709 	2.5461e-05
0.2723 	4.38139e-05
0.2737 	5.78127e-05
0.2744 	5.01961e-05
0.2758 	2.51122e-05
0.2772 	5.20641e-06
0.2786 	6.94258e-07
0.28 	6.56776e-07
0.2814 	8.49591e-07
0.2828 	2.7693e-06
0.2842 	5.26725e-06
0.2856 	3.82001e-06
0.287 	1.26556e-06
0.2884 	2.44085e-06
0.2898 	6.41124e-06
0.2905 	7.7909e-06
0.2919 	1.07034e-05
0.2926 	1.26293e-05
0.294 	1.57236e-05
0.2947 	1.53292e-05
0.2961 	1.18998e-05
0.2975 	6.02374e-06
0.2989 	1.493e-06
0.2996 	6.48375e-07
0.3003 	1.27297e-07
0.3017 	4.31118e-09
0.3024 	2.28409e-09
0.3038 	1.08724e-08
0.3052 	2.89824e-07
0.3059 	9.53584e-07
0.3073 	3.14991e-06
0.3087 	6.01365e-06
0.3101 	7.50539e-06
0.3108 	6.7228e-06
0.3122 	3.75484e-06
0.3136 	8.86791e-07
0.3143 	3.51334e-07
0.315 	3.2846e-08
0.3164 	2.48854e-10
0.3178 	3.2801e-13
0.3185 	2.16136e-13
0.3192 	1.87521e-13
0.3199 	2.0522e-13
0.3213 	2.25674e-13
0.3227 	2.22097e-13
0.3234 	2.13293e-13
0.3248 	1.73272e-13
0.3262 	1.01955e-13
0.3276 	3.47259e-14
0.329 	5.61511e-15
0.3304 	3.2569e-16
0.3311 	6.64193e-17
0.3325 	1.70051e-18
0.3339 	1.35366e-18
0.3346 	1.15262e-18
0.336 	6.58265e-19
0.3367 	4.25605e-19
0.3374 	2.11334e-19
0.3388 	2.47133e-20
0.3395 	1.0923e-20
0.3409 	3.09562e-22
0.3423 	4.03978e-24
0.3437 	8.78298e-25
0.3451 	1.29681e-25
0.3465 	6.70022e-27
0.3479 	4.95617e-29
0.3486 	5.1695e-29
0.35 	6.17464e-28
0.3514 	1.57718e-27
0.3528 	3.20258e-27
0.3535 	3.63e-27
0.3549 	3.65004e-27
0.3563 	2.83305e-27
0.357 	1.89119e-27
0.3577 	1.10558e-27
0.3591 	4.39427e-28
0.3598 	2.92127e-28
0.3612 	1.99062e-28
0.3626 	1.20711e-28
0.364 	5.52322e-29
0.3654 	1.32282e-29
0.3668 	1.64122e-30
0.3682 	1.427e-31
0.3696 	2.45556e-32
0.371 	6.8662e-33
0.3724 	3.31112e-33
0.3738 	1.01101e-33
0.3752 	2.04585e-34
0.3766 	4.55756e-35
0.378 	7.815e-36
0.3787 	1.37189e-36
0.3801 	1.79798e-38
0.3815 	2.5587e-39
0.3829 	4.36664e-40
0.3843 	2.10357e-41
0.3857 	3.53814e-43
0.3871 	3.43456e-43
0.3885 	5.41955e-43
0.3899 	7.86733e-43
0.3913 	6.79348e-43
0.3927 	2.36031e-43
0.3941 	5.05351e-44
0.3955 	3.62545e-45
0.3962 	3.99732e-46
0.3976 	1.98631e-47
0.399 	1.55429e-47
0.3997 	1.36332e-47
0.4004 	1.12684e-47
0.4018 	5.80048e-48
0.4032 	1.6117e-48
0.4039 	4.43963e-49
0.4046 	1.75297e-49
0.406 	4.4642e-51
0.4067 	8.85089e-53
0.4074 	1.11294e-53
0.4088 	4.36069e-61
0.4095 	1.81695e-61
0.4109 	-3.93067e-76
0.4123 	-1.14868e-75
0.413 	-1.6136e-75
0.4144 	-2.38074e-75
0.4158 	-2.54679e-75
0.4165 	-2.39893e-75
0.4172 	-2.0917e-75
0.4186 	-2.72028e-74
0.4193 	-1.45737e-73
0.42 	-2.92138e-73
0.4214 	-2.75115e-72
0.4228 	-1.12894e-71
0.4242 	-3.0526e-71
0.4256 	-6.30882e-71
0.427 	-1.06832e-70
0.4284 	-1.54641e-70
0.4298 	-1.97087e-70
0.4312 	-2.26109e-70
0.4326 	-2.36497e-70
0.434 	-2.29747e-70
0.4354 	-2.10541e-70
0.4368 	-1.83953e-70
0.4375 	-1.69445e-70
0.4389 	-1.39954e-70
0.4403 	-1.12584e-70
0.441 	-1.0007e-70
0.4417 	-8.86917e-71
0.4424 	-7.7944e-71
0.4431 	-6.87226e-71
0.4438 	-5.98732e-71
0.4445 	-5.25507e-71
0.4452 	-4.5639e-71
0.4459 	-3.97543e-71
0.4473 	-2.98034e-71
0.448 	-2.5843e-71
0.4494 	-1.92394e-71
0.4501 	-1.64608e-71
0.4515 	-1.21859e-71
0.4529 	-8.97196e-72
0.4536 	-7.64925e-72
0.455 	-5.55767e-72
0.4564 	-4.05327e-72
0.4578 	-2.94136e-72
0.4592 	-2.12372e-72
0.4599 	-1.78895e-72
0.4613 	-1.27844e-72
0.4627 	-9.15293e-73
0.4634 	-7.74687e-73
0.4641 	-6.52095e-73
0.4648 	-5.47513e-73
0.4662 	-3.84729e-73
0.4676 	-2.7088e-73
0.469 	-1.90522e-73
0.4697 	-1.59559e-73
0.4711 	-1.1069e-73
0.4725 	-7.63339e-74
0.4739 	-5.3022e-74
0.4753 	-3.66509e-74
0.4767 	-2.52084e-74
0.4774 	-2.06813e-74
0.4788 	-1.40654e-74
0.4795 	-1.174e-74
0.4802 	-9.605e-75
0.4816 	-6.52686e-75
0.4823 	-5.34715e-75
0.4837 	-3.57633e-75
0.4851 	-2.40152e-75
0.4865 	-1.61274e-75
0.4879 	-1.07765e-75
0.4893 	-7.16384e-76
0.4907 	-4.73679e-76
0.4914 	-3.80594e-76
0.4928 	-2.51431e-76
0.4942 	-1.65263e-76
0.4956 	-1.08054e-76
0.497 	-7.02614e-77
0.4977 	-5.60836e-77
0.4991 	-3.64574e-77
0.5005 	-2.35768e-77
0.5019 	-1.51647e-77
0.5026 	-1.19663e-77
0.5033 	-9.69865e-78
0.504 	-7.69481e-78
0.5054 	-4.92294e-78
0.5068 	-3.13291e-78
0.5075 	-2.44358e-78
0.5082 	-1.98268e-78
0.5089 	-1.55471e-78
0.5103 	-9.84257e-79
0.5117 	-6.19889e-79
0.5124 	-4.8442e-79
0.5138 	-3.00897e-79
0.5145 	-2.41831e-79
0.5159 	-1.49703e-79
0.5173 	-9.20731e-80
0.5187 	-5.62343e-80
0.5201 	-3.46283e-80
0.5208 	-2.75586e-80
0.5222 	-1.67887e-80
0.5229 	-1.31268e-80
0.5236 	-1.01586e-80
0.525 	-6.10184e-81
0.5264 	-3.73029e-81
0.5278 	-2.269e-81
0.5292 	-1.37288e-81
0.5306 	-8.2604e-82
0.532 	-4.94078e-82
0.5327 	-3.77332e-82
0.5341 	-2.33086e-82
0.5348 	-1.87392e-82
0.5362 	-1.27706e-82
0.5376 	-8.882e-83
0.539 	-6.31623e-83
0.5404 	-4.85634e-83
0.5418 	-3.84878e-83
0.5432 	-2.93565e-83
0.5439 	-2.53353e-83
0.5446 	-2.21285e-83
0.5453 	-1.93115e-83
0.546 	-1.70141e-83
0.5474 	-1.26983e-83
0.5481 	-1.08939e-83
0.5488 	-9.17561e-84
0.5495 	-7.88034e-84
0.5502 	-6.70039e-84
0.5516 	-4.97734e-84
0.553 	-3.55292e-84
0.5544 	-2.49569e-84
0.5558 	-1.78439e-84
0.5565 	-1.50885e-84
0.5572 	-1.26578e-84
0.5586 	-8.70318e-85
0.56 	-5.95616e-85
0.5614 	-4.30328e-85
0.5628 	-2.98888e-85
0.5635 	-2.45902e-85
0.5649 	-1.681e-85
0.5663 	-1.19703e-85
0.5677 	-8.22861e-86
0.5691 	-5.48825e-86
0.5705 	-3.75857e-86
0.5719 	-2.5767e-86
0.5726 	-2.07073e-86
0.574 	-1.338e-86
0.5754 	-8.85859e-87
0.5768 	-5.9248e-87
0.5775 	-4.67193e-87
0.5789 	-2.93141e-87
0.5803 	-1.88732e-87
0.5817 	-1.24188e-87
0.5824 	-9.8532e-88
0.5838 	-6.12925e-88
0.5852 	-3.88731e-88
0.5859 	-3.17097e-88
0.5873 	-2.02033e-88
0.588 	-1.60683e-88
0.5894 	-9.90475e-89
0.5908 	-6.21018e-89
0.5922 	-3.88025e-89
0.5936 	-2.32457e-89
0.595 	-1.36881e-89
0.5957 	-1.10547e-89
0.5971 	-6.74154e-90
0.5985 	-3.92544e-90
0.5999 	-2.23249e-90
0.6013 	-1.32908e-90
0.6027 	-7.71368e-91
0.6034 	-5.80692e-91
0.6048 	-3.1453e-91
0.6055 	-2.37388e-91
0.6069 	-1.32847e-91
0.6076 	-9.44655e-92
0.609 	-4.74811e-92
0.6097 	-3.31114e-92
0.6111 	-1.53375e-92
0.6125 	-6.40643e-93
0.6139 	-2.35565e-93
0.6153 	-8.7886e-94
0.616 	-5.91378e-94
0.6174 	-3.05605e-94
0.6181 	-2.38855e-94
0.6195 	-1.44162e-94
0.6209 	-8.71541e-95
0.6223 	-5.2278e-95
0.623 	-4.08925e-95
0.6237 	-3.1079e-95
0.6251 	-1.86343e-95
0.6265 	-1.12095e-95
0.6279 	-6.71233e-96
0.6293 	-4.00122e-96
0.63 	-3.00253e-96
0.6314 	-1.79736e-96
0.6328 	-1.0724e-96
0.6342 	-6.37365e-97
0.6356 	-3.772e-97
0.637 	-2.2212e-97
0.6384 	-1.30033e-97
0.6398 	-7.55813e-98
0.6405 	-5.83035e-98
0.6419 	-3.40287e-98
0.6426 	-2.53783e-98
0.6433 	-1.97085e-98
0.644 	-1.48108e-98
0.6447 	-1.13061e-98
0.6454 	-8.57043e-99
0.6468 	-4.90698e-99
0.6482 	-2.77158e-99
0.6489 	-2.02945e-99
0.6503 	-1.12931e-99
0.6517 	-6.14264e-100
0.6524 	-4.38288e-100
0.6531 	-3.24891e-100
0.6538 	-2.2503e-100
0.6552 	-1.14297e-100
0.6559 	-8.12188e-101
0.6573 	-3.77082e-101
0.6587 	-1.64093e-101
0.6601 	-6.92461e-102
0.6615 	-2.79847e-102
0.6622 	-1.75596e-102
0.6636 	-6.04144e-103
0.665 	-1.84449e-103
0.6664 	-5.74158e-104
0.6678 	-1.64337e-104
0.6692 	-4.30604e-105
0.6699 	-1.93858e-105
0.6713 	-3.97114e-106
0.672 	-2.22537e-106
0.6727 	-8.56802e-107
0.6734 	-4.31226e-107
0.6748 	-7.31821e-108
0.6762 	-1.03811e-108
0.6776 	-1.52967e-109
0.679 	-2.37846e-110
0.6804 	-3.54302e-111
0.6818 	-5.47557e-112
0.6825 	-1.75826e-112
0.6839 	-4.83366e-113
0.6853 	-1.82829e-113
0.6867 	-7.94487e-114
0.6874 	-5.13616e-114
0.6888 	-2.27478e-114
0.6895 	-1.61252e-114
0.6909 	-7.20966e-115
0.6916 	-4.78298e-115
0.693 	-2.16907e-115
0.6944 	-6.57641e-104
0.6958 	-2.3449e-103
0.6972 	-6.06977e-103
0.6986 	-9.99011e-103
0.6993 	-1.07682e-102
0.7 	-1.14273e-102
