0 	1
0.0007 	1
0.0014 	1
0.0021 	1
0.0028 	1
0.0035 	1
0.0042 	1
0.0049 	1
0.0056 	1
0.0063 	1
0.007 	1
0.0077 	1
0.0084 	1
0.0091 	1
0.0098 	1
0.0105 	1
0.0112 	1
0.0119 	1
0.0126 	1
0.0133 	1
0.014 	1
0.0147 	1
0.0154 	1
0.0161 	1
0.0168 	1
0.0175 	1
0.0182 	1
0.0189 	1
0.0196 	1
0.0203 	1
0.021 	1
0.0217 	1
0.0224 	1
0.0231 	1
0.0238 	1
0.0245 	1
0.0252 	1
0.0259 	1
0.0266 	1
0.0273 	1
0.028 	1
0.0287 	1
0.0294 	1
0.0301 	1
0.0308 	1
0.0315 	1
0.0322 	1
0.0329 	1
0.0336 	1
0.0343 	1
0.035 	1
0.0357 	1
0.0364 	1
0.0371 	1
0.0378 	1
0.0385 	1
0.0392 	1
0.0399 	1
0.0406 	1
0.0413 	1
0.042 	1
0.0427 	1
0.0434 	1
0.0441 	1
0.0448 	1
0.0455 	1
0.0462 	1
0.0469 	1
0.0476 	1
0.0483 	1
0.049 	1
0.0497 	1
0.0504 	1
0.0511 	1
0.0518 	1
0.0525 	1
0.0532 	1
0.0539 	1
0.0546 	1
0.0553 	1
0.056 	1
0.0567 	1
0.0574 	1
0.0581 	1
0.0588 	1
0.0595 	1
0.0602 	1
0.0609 	1
0.0616 	1
0.0623 	1
0.063 	1
0.0637 	1
0.0644 	1
0.0651 	1
0.0658 	1
0.0665 	1
0.0672 	1
0.0679 	1
0.0686 	1
0.0693 	1
0.07 	1
0.0707 	1
0.0714 	1
0.0721 	1
0.0728 	1
0.0735 	1
0.0742 	1
0.0749 	1
0.0756 	1
0.0763 	1
0.077 	1
0.0777 	1
0.0784 	1
0.0791 	1
0.0798 	1
0.0805 	1
0.0812 	1
0.0819 	1
0.0826 	1
0.0833 	1
0.084 	1
0.0847 	1
0.0854 	1
0.0861 	1
0.0868 	1
0.0875 	1
0.0882 	1
0.0889 	1
0.0896 	1
0.0903 	1
0.091 	1
0.0917 	1
0.0924 	1
0.0931 	1
0.0938 	1
0.0945 	1
0.0952 	1
0.0959 	1
0.0966 	1
0.0973 	1
0.098 	1
0.0987 	1
0.0994 	1
0.1001 	1
0.1008 	1
0.1015 	1
0.1022 	1
0.1029 	1
0.1036 	1
0.1043 	1
0.105 	1
0.1057 	1
0.1064 	1
0.1071 	1
0.1078 	1
0.1085 	1
0.1092 	1
0.1099 	1
0.1106 	1
0.1113 	1
0.112 	1
0.1127 	1
0.1134 	1
0.1141 	1
0.1148 	1
0.1155 	1
0.1162 	1
0.1169 	1
0.1176 	1
0.1183 	1
0.119 	1
0.1197 	1
0.1204 	1
0.1211 	1
0.1218 	1
0.1225 	1
0.1232 	1
0.1239 	1
0.1246 	1
0.1253 	1
0.126 	1
0.1267 	1
0.1274 	1
0.1281 	1
0.1288 	1
0.1295 	1
0.1302 	1
0.1309 	1
0.1316 	1
0.1323 	1
0.133 	1
0.1337 	1
0.1344 	1
0.1351 	1
0.1358 	1
0.1365 	1
0.1372 	1
0.1379 	1
0.1386 	1
0.1393 	1
0.14 	1
0.1407 	1
0.1414 	1
0.1421 	1
0.1428 	1
0.1435 	1
0.1442 	1
0.1449 	1
0.1456 	1
0.1463 	1
0.147 	1
0.1477 	1
0.1484 	1
0.1491 	1
0.1498 	1
0.1505 	1
0.1512 	1
0.1519 	1
0.1526 	1
0.1533 	1
0.154 	1
0.1547 	1
0.1554 	1
0.1561 	1
0.1568 	1
0.1575 	1
0.1582 	1
0.1589 	1
0.1596 	1
0.1603 	1
0.161 	1
0.1617 	1
0.1624 	1
0.1631 	1
0.1638 	1
0.1645 	1
0.1652 	1
0.1659 	1
0.1666 	1
0.1673 	1
0.168 	1
0.1687 	1
0.1694 	1
0.1701 	1
0.1708 	1
0.1715 	1
0.1722 	1
0.1729 	1
0.1736 	1
0.1743 	1
0.175 	1
0.1757 	1
0.1764 	1
0.1771 	1
0.1778 	1
0.1785 	1
0.1792 	1
0.1799 	1
0.1806 	1
0.1813 	1
0.182 	1
0.1827 	1
0.1834 	1
0.1841 	1
0.1848 	1
0.1855 	1
0.1862 	1
0.1869 	1
0.1876 	1
0.1883 	1
0.189 	1
0.1897 	1
0.1904 	1
0.1911 	1
0.1918 	1
0.1925 	1
0.1932 	1
0.1939 	1
0.1946 	1
0.1953 	1
0.196 	1
0.1967 	1
0.1974 	1
0.1981 	1
0.1988 	1
0.1995 	1
0.2002 	1
0.2009 	1
0.2016 	1
0.2023 	1
0.203 	1
0.2037 	1
0.2044 	1
0.2051 	1
0.2058 	1
0.2065 	1
0.2072 	1
0.2079 	1
0.2086 	1
0.2093 	1
0.21 	1
0.2107 	1
0.2114 	1
0.2121 	1
0.2128 	1
0.2135 	1
0.2142 	1
0.2149 	1
0.2156 	1
0.2163 	1
0.217 	1
0.2177 	1
0.2184 	1
0.2191 	1
0.2198 	1
0.2205 	1
0.2212 	1
0.2219 	1
0.2226 	1
0.2233 	1
0.224 	1
0.2247 	1
0.2254 	1
0.2261 	1
0.2268 	1
0.2275 	1
0.2282 	1
0.2289 	1
0.2296 	1
0.2303 	0.999996
0.231 	0.999988
0.2317 	0.999979
0.2324 	0.99997
0.2331 	0.999962
0.2338 	0.999953
0.2345 	0.999945
0.2352 	0.999679
0.2359 	0.998771
0.2366 	0.997863
0.2373 	0.996954
0.238 	0.996046
0.2387 	0.995138
0.2394 	0.99423
0.2401 	0.991211
0.2408 	0.975517
0.2415 	0.959822
0.2422 	0.944129
0.2429 	0.928435
0.2436 	0.912741
0.2443 	0.897047
0.245 	0.881351
0.2457 	0.824162
0.2464 	0.76697
0.2471 	0.709778
0.2478 	0.652586
0.2485 	0.595394
0.2492 	0.538202
0.2499 	0.48101
0.2506 	0.426684
0.2513 	0.372845
0.252 	0.319005
0.2527 	0.265165
0.2534 	0.211326
0.2541 	0.157486
0.2548 	0.103646
0.2555 	0.0797836
0.2562 	0.0679071
0.2569 	0.0560303
0.2576 	0.0441535
0.2583 	0.0322766
0.259 	0.0203998
0.2597 	0.00852301
0.2604 	0.00317349
0.2611 	0.00271691
0.2618 	0.00226034
0.2625 	0.00180378
0.2632 	0.00134721
0.2639 	0.000890649
0.2646 	0.000434084
0.2653 	0.000163403
0.266 	0.00014044
0.2667 	0.000117478
0.2674 	9.45172e-05
0.2681 	7.15561e-05
0.2688 	4.8595e-05
0.2695 	2.56338e-05
0.2702 	8.87463e-06
0.2709 	7.61052e-06
0.2716 	6.34648e-06
0.2723 	5.0825e-06
0.273 	3.81852e-06
0.2737 	2.55454e-06
0.2744 	1.29056e-06
0.2751 	2.03188e-07
0.2758 	1.74261e-07
0.2765 	1.45335e-07
0.2772 	1.16411e-07
0.2779 	8.7487e-08
0.2786 	5.8563e-08
0.2793 	2.9639e-08
0.28 	7.19086e-10
0.2807 	6.18447e-10
0.2814 	5.17818e-10
0.2821 	4.17193e-10
0.2828 	3.16569e-10
0.2835 	2.15944e-10
0.2842 	1.1532e-10
0.2849 	1.4695e-11
0.2856 	2.94289e-13
0.2863 	2.47487e-13
0.287 	2.00673e-13
0.2877 	1.53859e-13
0.2884 	1.07044e-13
0.2891 	6.02304e-14
0.2898 	1.34164e-14
0.2905 	4.29569e-17
0.2912 	3.62805e-17
0.2919 	2.96013e-17
0.2926 	2.29219e-17
0.2933 	1.62424e-17
0.294 	9.56298e-18
0.2947 	2.88354e-18
0.2954 	2.01475e-20
0.2961 	1.70849e-20
0.2968 	1.40193e-20
0.2975 	1.09528e-20
0.2982 	7.88632e-21
0.2989 	4.81985e-21
0.2996 	1.75337e-21
0.3003 	1.45913e-24
0.301 	1.24216e-24
0.3017 	1.02492e-24
0.3024 	8.07524e-25
0.3031 	5.90132e-25
0.3038 	3.7274e-25
0.3045 	1.55349e-25
0.3052 	9.75886e-29
0.3059 	8.33862e-29
0.3066 	6.91655e-29
0.3073 	5.49265e-29
0.308 	4.06874e-29
0.3087 	2.64483e-29
0.3094 	1.22092e-29
0.3101 	6.34668e-33
0.3108 	5.44229e-33
0.3115 	4.53685e-33
0.3122 	3.62953e-33
0.3129 	2.72221e-33
0.3136 	1.81489e-33
0.3143 	9.07578e-34
0.315 	3.99964e-37
0.3157 	3.44125e-37
0.3164 	2.88248e-37
0.3171 	2.32202e-37
0.3178 	1.76157e-37
0.3185 	1.20112e-37
0.3192 	6.40668e-38
0.3199 	8.02158e-39
0.3206 	2.10042e-41
0.3213 	1.76742e-41
0.322 	1.43306e-41
0.3227 	1.0987e-41
0.3234 	7.64337e-42
0.3241 	4.29976e-42
0.3248 	9.56156e-43
0.3255 	1.23124e-45
0.3262 	1.0405e-45
0.3269 	8.48894e-46
0.3276 	6.57219e-46
0.3283 	4.65543e-46
0.329 	2.73867e-46
0.3297 	8.21911e-47
0.3304 	6.89458e-50
0.3311 	5.85002e-50
0.3318 	4.80104e-50
0.3325 	3.75086e-50
0.3332 	2.70068e-50
0.3339 	1.6505e-50
0.3346 	6.00324e-51
0.3353 	3.67118e-54
0.336 	3.12695e-54
0.3367 	2.58069e-54
0.3374 	2.03329e-54
0.3381 	1.48589e-54
0.3388 	9.38498e-55
0.3395 	3.91101e-55
0.3402 	1.85328e-58
0.3409 	1.58432e-58
0.3416 	1.31453e-58
0.3423 	1.0439e-58
0.343 	7.7327e-59
0.3437 	5.02642e-59
0.3444 	2.32013e-59
0.3451 	8.86068e-63
0.3458 	7.60121e-63
0.3465 	6.33879e-63
0.3472 	5.07107e-63
0.3479 	3.80335e-63
0.3486 	2.53563e-63
0.3493 	1.26791e-63
0.35 	4.01487e-67
0.3507 	3.45561e-67
0.3514 	2.8956e-67
0.3521 	2.33258e-67
0.3528 	1.76956e-67
0.3535 	1.20654e-67
0.3542 	6.43525e-68
0.3549 	8.05062e-69
0.3556 	1.49181e-71
0.3563 	1.25579e-71
0.357 	1.01821e-71
0.3577 	7.80634e-72
0.3584 	5.43058e-72
0.3591 	3.05482e-72
0.3598 	6.79067e-73
0.3605 	6.1316e-76
0.3612 	5.18355e-76
0.3619 	4.22911e-76
0.3626 	3.27417e-76
0.3633 	2.31923e-76
0.364 	1.36429e-76
0.3647 	4.09357e-77
0.3654 	2.40656e-80
0.3661 	2.04255e-80
0.3668 	1.67642e-80
0.3675 	1.30971e-80
0.3682 	9.43002e-81
0.3689 	5.76292e-81
0.3696 	2.09582e-81
0.3703 	9.04307e-85
0.371 	7.7043e-85
0.3717 	6.35904e-85
0.3724 	5.01017e-85
0.3731 	3.66131e-85
0.3738 	2.31244e-85
0.3745 	9.63579e-86
0.3752 	3.26142e-89
0.3759 	2.78861e-89
0.3766 	2.314e-89
0.3773 	1.8376e-89
0.378 	1.36119e-89
0.3787 	8.84785e-90
0.3794 	4.08379e-90
0.3801 	1.13141e-93
0.3808 	9.70725e-94
0.3815 	8.09599e-94
0.3822 	6.47681e-94
0.3829 	4.85763e-94
0.3836 	3.23845e-94
0.3843 	1.61927e-94
0.385 	3.7788e-98
0.3857 	3.25274e-98
0.3864 	2.72589e-98
0.3871 	2.19586e-98
0.3878 	1.66583e-98
0.3885 	1.1358e-98
0.3892 	6.05773e-99
0.3899 	7.57433e-100
0.3906 	1.05005e-102
0.3913 	8.84e-103
0.392 	7.16758e-103
0.3927 	5.49516e-103
0.3934 	3.82274e-103
0.3941 	2.15032e-103
0.3948 	4.77897e-104
0.3955 	3.26763e-107
0.3962 	2.76259e-107
0.3969 	2.25392e-107
0.3976 	1.74497e-107
0.3983 	1.23603e-107
0.399 	7.2708e-108
0.3997 	2.18134e-108
0.4004 	9.80667e-112
0.4011 	8.3237e-112
0.4018 	6.83172e-112
0.4025 	5.33729e-112
0.4032 	3.84285e-112
0.4039 	2.34842e-112
0.4046 	8.5399e-113
0.4053 	2.83874e-116
0.406 	2.41855e-116
0.4067 	1.99626e-116
0.4074 	1.57281e-116
0.4081 	1.14936e-116
0.4088 	7.25916e-117
0.4095 	3.02468e-117
0.4102 	7.92649e-121
0.4109 	6.7775e-121
0.4116 	5.62406e-121
0.4123 	4.46617e-121
0.413 	3.30827e-121
0.4137 	2.15038e-121
0.4144 	9.92484e-122
0.4151 	2.13505e-125
0.4158 	1.83184e-125
0.4165 	1.5278e-125
0.4172 	1.22224e-125
0.4179 	9.16677e-126
0.4186 	6.11118e-126
0.4193 	3.05558e-126
0.42 	5.55067e-130
0.4207 	4.77797e-130
0.4214 	4.00411e-130
0.4221 	3.22553e-130
0.4228 	2.44695e-130
0.4235 	1.66837e-130
0.4242 	8.89795e-131
0.4249 	1.11216e-131
0.4256 	1.20362e-134
0.4263 	1.01329e-134
0.427 	8.21588e-135
0.4277 	6.29883e-135
0.4284 	4.38179e-135
0.4291 	2.46474e-135
0.4298 	5.47691e-136
0.4305 	2.92781e-139
0.4312 	2.47533e-139
0.4319 	2.01955e-139
0.4326 	1.56352e-139
0.4333 	1.10748e-139
0.434 	6.51449e-140
0.4347 	1.95414e-140
0.4354 	5.22999e-144
0.4361 	4.30366e-144
0.4368 	3.30324e-144
0.4375 	2.28261e-144
0.4382 	1.26198e-144
0.4389 	2.41358e-145
0.4396 	-7.79268e-145
0.4403 	-1.27535e-144
0.441 	-1.07247e-144
0.4417 	-9.71198e-145
0.4424 	-9.26381e-145
0.4431 	-8.81564e-145
0.4438 	-8.36748e-145
0.4445 	-7.91931e-145
0.4452 	-7.15568e-145
0.4459 	-5.60343e-145
0.4466 	-4.63612e-145
0.4473 	-4.25376e-145
0.448 	-3.8714e-145
0.4487 	-3.48903e-145
0.4494 	-3.10667e-145
0.4501 	-2.69072e-145
0.4508 	-2.07327e-145
0.4515 	-1.61804e-145
0.4522 	-1.45481e-145
0.4529 	-1.29157e-145
0.4536 	-1.12834e-145
0.4543 	-9.65111e-146
0.455 	-8.02688e-146
0.4557 	-6.15214e-146
0.4564 	-4.57574e-146
0.4571 	-4.06382e-146
0.4578 	-3.5519e-146
0.4585 	-3.03998e-146
0.4592 	-2.52806e-146
0.4599 	-2.01614e-146
0.4606 	-1.54367e-146
0.4613 	-1.10166e-146
0.462 	-9.70534e-147
0.4627 	-8.39406e-147
0.4634 	-7.08278e-147
0.4641 	-5.7715e-147
0.4648 	-4.46022e-147
0.4655 	-3.37149e-147
0.4662 	-2.37166e-147
0.4669 	-2.03351e-147
0.4676 	-1.74626e-147
0.4683 	-1.45901e-147
0.469 	-1.17176e-147
0.4697 	-8.84511e-148
0.4704 	-6.53373e-148
0.4711 	-4.64283e-148
0.4718 	-3.80336e-148
0.4725 	-3.25066e-148
0.4732 	-2.69795e-148
0.4739 	-2.14525e-148
0.4746 	-1.59254e-148
0.4753 	-1.13937e-148
0.476 	-8.18792e-149
0.4767 	-6.43162e-149
0.4774 	-5.48057e-149
0.4781 	-4.52952e-149
0.4788 	-3.57846e-149
0.4795 	-2.62741e-149
0.4802 	-1.80723e-149
0.4809 	-1.31392e-149
0.4816 	-9.93132e-150
0.4823 	-8.44856e-150
0.483 	-6.9658e-150
0.4837 	-5.48305e-150
0.4844 	-4.00029e-150
0.4851 	-2.63011e-150
0.4858 	-1.93439e-150
0.4865 	-1.41158e-150
0.4872 	-1.2e-150
0.4879 	-9.88427e-151
0.4886 	-7.76851e-151
0.4893 	-5.65275e-151
0.49 	-3.54019e-151
0.4907 	-2.63087e-151
0.4914 	-1.85906e-151
0.4921 	-1.58049e-151
0.4928 	-1.30193e-151
0.4935 	-1.02336e-151
0.4942 	-7.44796e-152
0.4949 	-4.66231e-152
0.4956 	-3.3241e-152
0.4963 	-2.28083e-152
0.497 	-1.94028e-152
0.4977 	-1.59972e-152
0.4984 	-1.25917e-152
0.4991 	-9.18609e-153
0.4998 	-5.78053e-153
0.5005 	-3.92127e-153
0.5012 	-2.67999e-153
0.5019 	-2.23039e-153
0.5026 	-1.84169e-153
0.5033 	-1.45299e-153
0.504 	-1.06429e-153
0.5047 	-6.75595e-154
0.5054 	-4.33752e-154
0.5061 	-3.0197e-154
0.5068 	-2.41036e-154
0.5075 	-1.99425e-154
0.5082 	-1.57813e-154
0.5089 	-1.16201e-154
0.5096 	-7.45893e-155
0.5103 	-4.51662e-155
0.511 	-3.19827e-155
0.5117 	-2.45772e-155
0.5124 	-2.03819e-155
0.5131 	-1.61865e-155
0.5138 	-1.19912e-155
0.5145 	-7.79581e-156
0.5152 	-4.44326e-156
0.5159 	-3.19586e-156
0.5166 	-2.37224e-156
0.5173 	-1.97237e-156
0.518 	-1.57251e-156
0.5187 	-1.17264e-156
0.5194 	-7.72776e-157
0.5201 	-4.14096e-157
0.5208 	-3.02163e-157
0.5215 	-2.17303e-157
0.5222 	-1.81173e-157
0.5229 	-1.45044e-157
0.5236 	-1.08914e-157
0.5243 	-7.27846e-158
0.525 	-3.66892e-158
0.5257 	-2.71084e-158
0.5264 	-1.89386e-158
0.5271 	-1.58354e-158
0.5278 	-1.27322e-158
0.5285 	-9.62896e-159
0.5292 	-6.52574e-159
0.5299 	-3.42251e-159
0.5306 	-2.31363e-159
0.5313 	-1.57401e-159
0.532 	-1.32e-159
0.5327 	-1.066e-159
0.5334 	-8.11988e-160
0.5341 	-5.57982e-160
0.5348 	-3.03975e-160
0.5355 	-1.88303e-160
0.5362 	-1.27916e-160
0.5369 	-1.05162e-160
0.5376 	-8.53033e-161
0.5383 	-6.54446e-161
0.539 	-4.55859e-161
0.5397 	-2.57272e-161
0.5404 	-1.46506e-161
0.5411 	-1.01557e-161
0.5418 	-8.02451e-162
0.5425 	-6.53797e-162
0.5432 	-5.05143e-162
0.5439 	-3.56489e-162
0.5446 	-2.07835e-162
0.5453 	-1.09157e-162
0.546 	-7.70623e-163
0.5467 	-5.87395e-163
0.5474 	-4.80676e-163
0.5481 	-3.73958e-163
0.5488 	-2.6724e-163
0.5495 	-1.60521e-163
0.5502 	-7.80188e-164
0.5509 	-5.60004e-164
0.5516 	-4.13114e-164
0.5523 	-3.39518e-164
0.553 	-2.65922e-164
0.5537 	-1.92327e-164
0.5544 	-1.18731e-164
0.5551 	-5.35835e-165
0.5558 	-3.90467e-165
0.5565 	-2.79575e-165
0.5572 	-2.30743e-165
0.5579 	-1.8191e-165
0.5586 	-1.33077e-165
0.5593 	-8.42441e-166
0.56 	-3.54462e-166
0.5607 	-2.61691e-166
0.5614 	-1.82324e-166
0.5621 	-1.51101e-166
0.5628 	-1.19879e-166
0.5635 	-8.86559e-167
0.5642 	-5.74333e-167
0.5649 	-2.62107e-167
0.5656 	-1.68863e-167
0.5663 	-1.14741e-167
0.567 	-9.54766e-168
0.5677 	-7.62126e-168
0.5684 	-5.69486e-168
0.5691 	-3.76846e-168
0.5698 	-1.84207e-168
0.5705 	-1.05107e-168
0.5712 	-7.13813e-169
0.5719 	-5.83038e-169
0.5726 	-4.68147e-169
0.5733 	-3.53255e-169
0.574 	-2.38363e-169
0.5747 	-1.23471e-169
0.5754 	-6.31783e-170
0.5761 	-4.38019e-170
0.5768 	-3.44407e-170
0.5775 	-2.78109e-170
0.5782 	-2.1181e-170
0.5789 	-1.45512e-170
0.5796 	-7.92136e-171
0.5803 	-3.67179e-171
0.581 	-2.59341e-171
0.5817 	-1.97006e-171
0.5824 	-1.5995e-171
0.5831 	-1.22895e-171
0.5838 	-8.5839e-172
0.5845 	-4.87835e-172
0.5852 	-2.06584e-172
0.5859 	-1.48382e-172
0.5866 	-1.0924e-172
0.5873 	-8.91576e-173
0.588 	-6.90753e-173
0.5887 	-4.8993e-173
0.5894 	-2.89106e-173
0.5901 	-1.12649e-173
0.5908 	-8.21554e-174
0.5915 	-5.87794e-174
0.5922 	-4.82152e-174
0.5929 	-3.7651e-174
0.5936 	-2.70868e-174
0.5943 	-1.65225e-174
0.595 	-5.9646e-175
0.5957 	-4.4076e-175
0.5964 	-3.07212e-175
0.5971 	-2.53216e-175
0.5978 	-1.99221e-175
0.5985 	-1.45226e-175
0.5992 	-9.12307e-176
0.5999 	-3.72354e-176
0.6006 	-2.29416e-176
0.6013 	-1.56115e-176
0.602 	-1.29275e-176
0.6027 	-1.02434e-176
0.6034 	-7.55942e-177
0.6041 	-4.87539e-177
0.6048 	-2.19136e-177
0.6055 	-1.16015e-177
0.6062 	-7.89442e-178
0.6069 	-6.42327e-178
0.6076 	-5.12411e-178
0.6083 	-3.82495e-178
0.609 	-2.5258e-178
0.6097 	-1.22664e-178
0.6104 	-5.70531e-179
0.6111 	-3.96319e-179
0.6118 	-3.10842e-179
0.6125 	-2.49565e-179
0.6132 	-1.88288e-179
0.6139 	-1.27011e-179
0.6146 	-6.57337e-180
0.6153 	-2.73073e-180
0.616 	-1.93237e-180
0.6167 	-1.46607e-180
0.6174 	-1.18425e-180
0.6181 	-9.0243e-181
0.6188 	-6.20607e-181
0.6195 	-3.38785e-181
0.6202 	-1.2733e-181
0.6209 	-9.16242e-182
0.6216 	-6.74469e-182
0.6223 	-5.47981e-182
0.623 	-4.21493e-182
0.6237 	-2.95005e-182
0.6244 	-1.68517e-182
0.6251 	-5.78929e-183
0.6258 	-4.22961e-183
0.6265 	-3.02894e-183
0.6272 	-2.47451e-183
0.6279 	-1.92008e-183
0.6286 	-1.36565e-183
0.6293 	-8.11217e-184
0.63 	-2.57077e-184
0.6307 	-1.90293e-184
0.6314 	-1.32883e-184
0.6321 	-1.09131e-184
0.6328 	-8.53798e-185
0.6335 	-6.16281e-185
0.6342 	-3.78765e-185
0.6349 	-1.41249e-185
0.6356 	-8.35245e-186
0.6363 	-5.69921e-186
0.637 	-4.70404e-186
0.6377 	-3.70886e-186
0.6384 	-2.71369e-186
0.6391 	-1.71851e-186
0.6398 	-7.23337e-187
0.6405 	-3.57992e-187
0.6412 	-2.44332e-187
0.6419 	-1.98319e-187
0.6426 	-1.57509e-187
0.6433 	-1.16699e-187
0.644 	-7.58889e-188
0.6447 	-3.50789e-188
0.6454 	-1.49962e-188
0.6461 	-1.04461e-188
0.6468 	-8.18328e-189
0.6475 	-6.54427e-189
0.6482 	-4.90527e-189
0.6489 	-3.26626e-189
0.6496 	-1.62725e-189
0.6503 	-6.14456e-190
0.651 	-4.35939e-190
0.6517 	-3.30713e-190
0.6524 	-2.66203e-190
0.6531 	-2.01694e-190
0.6538 	-1.37184e-190
0.6545 	-7.26749e-191
0.6552 	-2.46459e-191
0.6559 	-1.77775e-191
0.6566 	-1.30984e-191
0.6573 	-1.06087e-191
0.658 	-8.11888e-192
0.6587 	-5.6291e-192
0.6594 	-3.13932e-192
0.6601 	-9.68621e-193
0.6608 	-7.09257e-193
0.6615 	-5.08842e-193
0.6622 	-4.14534e-193
0.6629 	-3.20225e-193
0.6636 	-2.25917e-193
0.6643 	-1.31609e-193
0.665 	-3.73456e-194
0.6657 	-2.77023e-194
0.6664 	-1.93957e-194
0.6671 	-1.58887e-194
0.6678 	-1.23816e-194
0.6685 	-8.87459e-195
0.6692 	-5.36755e-195
0.6699 	-1.86052e-195
0.6706 	-1.06003e-195
0.6713 	-7.25748e-196
0.672 	-5.97657e-196
0.6727 	-4.69565e-196
0.6734 	-3.41473e-196
0.6741 	-2.13381e-196
0.6748 	-8.52898e-197
0.6755 	-3.97662e-197
0.6762 	-2.72372e-197
0.6769 	-2.20734e-197
0.6776 	-1.74763e-197
0.6783 	-1.28791e-197
0.679 	-8.28187e-198
0.6797 	-3.68467e-198
0.6804 	-1.46344e-198
0.6811 	-1.02271e-198
0.6818 	-8.00825e-199
0.6825 	-6.38631e-199
0.6832 	-4.76437e-199
0.6839 	-3.14242e-199
0.6846 	-1.52048e-199
0.6853 	-5.28611e-200
0.686 	-3.76142e-200
0.6867 	-2.85513e-200
0.6874 	-2.29239e-200
0.6881 	-1.72965e-200
0.6888 	-1.1669e-200
0.6895 	-6.04162e-201
0.6902 	-1.87482e-201
0.6909 	-1.35593e-201
0.6916 	-1.00044e-201
0.6923 	-8.08369e-202
0.693 	-6.16297e-202
0.6937 	-4.24224e-202
0.6944 	-2.32152e-202
0.6951 	-6.49969e-203
0.6958 	-4.70994e-203
0.6965 	-3.33035e-203
0.6972 	-2.68904e-203
0.6979 	-2.04773e-203
0.6986 	-1.40643e-203
0.6993 	-7.65121e-204
0.7 	-1.24095e-204
