0 	1
0.0007 	1
0.0014 	1
0.0028 	1
0.0035 	1
0.0042 	1
0.0049 	1
0.0056 	1
0.0063 	1
0.007 	1
0.0077 	1
0.0084 	1
0.0091 	1
0.0098 	1
0.0105 	1
0.0112 	1
0.0119 	1
0.0126 	1
0.0133 	1
0.014 	1
0.0147 	1
0.0154 	1
0.0161 	1
0.0168 	1
0.0182 	1
0.0189 	1
0.0196 	1
0.0203 	1
0.021 	1
0.0217 	1
0.0224 	1
0.0231 	1
0.0238 	1
0.0245 	1
0.0252 	1
0.0266 	1
0.0273 	1
0.0287 	1
0.0294 	1
0.0301 	1
0.0308 	1
0.0315 	1
0.0322 	1
0.0329 	1
0.0336 	1
0.0343 	1
0.035 	1
0.0357 	1
0.0364 	1
0.0371 	1
0.0378 	1
0.0385 	1
0.0392 	1
0.0399 	1
0.0406 	1
0.0413 	1
0.042 	1
0.0427 	1
0.0434 	1
0.0441 	1
0.0448 	1
0.0455 	1
0.0462 	1
0.0469 	1
0.0476 	1
0.0483 	1
0.049 	1
0.0497 	1
0.0504 	1
0.0511 	1
0.0518 	1
0.0525 	1
0.0539 	1
0.0546 	1
0.0553 	1
0.056 	1
0.0567 	1
0.0574 	1
0.0581 	1
0.0588 	1
0.0595 	1
0.0602 	1
0.0609 	1
0.0616 	1
0.0623 	1
0.063 	1
0.0637 	1
0.0644 	1
0.0651 	1
0.0658 	1
0.0672 	1
0.0679 	1
0.0686 	1
0.0693 	1
0.07 	1
0.0707 	1
0.0714 	1
0.0721 	1
0.0728 	1
0.0735 	1
0.0742 	1
0.0749 	1
0.0756 	1
0.0763 	1
0.077 	1
0.0777 	1
0.0784 	1
0.0791 	1
0.0798 	1
0.0805 	1
0.0812 	1
0.0819 	1
0.0826 	1
0.0833 	1
0.084 	1
0.0847 	1
0.0854 	1
0.0861 	1
0.0868 	1
0.0875 	1
0.0882 	1
0.0889 	1
0.0896 	1
0.0903 	1
0.091 	1
0.0917 	1
0.0924 	1
0.0931 	1
0.0938 	1
0.0945 	1
0.0952 	1
0.0959 	1
0.0966 	1
0.0973 	1
0.098 	1
0.0987 	1
0.0994 	1
0.1001 	1
0.1015 	1
0.1022 	1
0.1029 	1
0.1036 	1
0.1043 	1
0.105 	1
0.1057 	1
0.1064 	1
0.1071 	1
0.1078 	1
0.1085 	1
0.1092 	1
0.1099 	1
0.1106 	1
0.1113 	1
0.112 	1
0.1127 	1
0.1134 	1
0.1141 	1
0.1148 	1
0.1155 	1
0.1162 	1
0.1169 	1
0.1176 	1
0.1183 	1
0.119 	1
0.1197 	1
0.1204 	1
0.1211 	1
0.1218 	1
0.1225 	1
0.1232 	1
0.1239 	1
0.1246 	1
0.1253 	1
0.126 	1
0.1267 	1
0.1274 	1
0.1281 	1
0.1288 	1
0.1295 	1
0.1302 	1
0.1309 	1
0.1316 	1
0.1323 	1
0.133 	1
0.1337 	1
0.1344 	1
0.1351 	1
0.1358 	1
0.1365 	1
0.1372 	1
0.1379 	1
0.1386 	1
0.1393 	1
0.14 	1
0.1414 	1
0.1421 	1
0.1428 	1
0.1435 	1
0.1442 	1
0.1449 	1
0.1456 	1
0.1463 	1
0.147 	1
0.1477 	1
0.1484 	1
0.1491 	1
0.1498 	1
0.1505 	1
0.1512 	1
0.1519 	1
0.1526 	1
0.1533 	1
0.154 	1
0.1547 	1
0.1554 	1
0.1561 	1
0.1568 	1
0.1575 	1
0.1582 	1
0.1589 	1
0.1596 	1
0.1603 	1
0.161 	1
0.1617 	1
0.1624 	1
0.1631 	1
0.1638 	1
0.1645 	1
0.1652 	1
0.1659 	1
0.1666 	1
0.1673 	1
0.168 	1
0.1687 	1
0.1694 	1
0.1701 	1
0.1708 	1
0.1715 	1
0.1722 	1
0.1729 	1
0.1736 	1
0.1743 	1
0.175 	1
0.1757 	1
0.1771 	1
0.1778 	1
0.1785 	1
0.1792 	1
0.1799 	1
0.1806 	1
0.1813 	1
0.182 	1
0.1827 	1
0.1834 	1
0.1841 	1
0.1848 	1
0.1855 	1
0.1862 	1
0.1869 	1
0.1876 	1
0.1883 	1
0.189 	1
0.1897 	1
0.1904 	1
0.1918 	1
0.1925 	1
0.1932 	1
0.1939 	1
0.1946 	1
0.1953 	1
0.196 	1
0.1967 	1
0.1974 	1
0.1981 	1
0.1988 	1
0.1995 	1
0.2002 	1
0.2009 	1
0.2016 	1
0.2023 	1
0.203 	1
0.2037 	1
0.2044 	1
0.2051 	1
0.2058 	1
0.2065 	1
0.2079 	1
0.2086 	1
0.2093 	1
0.21 	1
0.2107 	1
0.2114 	1
0.2121 	1
0.2128 	1
0.2135 	1
0.2142 	1
0.2149 	1
0.2156 	1
0.2163 	1
0.217 	1
0.2177 	1
0.2184 	1
0.2191 	1
0.2198 	1
0.2205 	1
0.2212 	1
0.2219 	1
0.2226 	1
0.2233 	1
0.224 	1
0.2247 	1
0.2254 	1
0.2261 	1
0.2268 	1
0.2275 	1
0.2282 	1
0.2289 	1
0.2296 	1
0.2303 	1
0.231 	1
0.2317 	1
0.2324 	1
0.2331 	1
0.2338 	1
0.2345 	1
0.2352 	0.999998
0.2359 	0.999993
0.2366 	0.999987
0.2373 	0.999982
0.238 	0.999976
0.2387 	0.999971
0.2394 	0.999965
0.2401 	0.999938
0.2415 	0.999631
0.2422 	0.999478
0.2429 	0.999324
0.2436 	0.999171
0.2443 	0.999017
0.245 	0.998864
0.2457 	0.994403
0.2464 	0.989942
0.2471 	0.985481
0.2478 	0.98102
0.2485 	0.976558
0.2492 	0.972097
0.2499 	0.967636
0.2506 	0.93219
0.2513 	0.891581
0.252 	0.85097
0.2527 	0.81036
0.2534 	0.76975
0.2541 	0.72914
0.2548 	0.68853
0.2555 	0.632437
0.2562 	0.570152
0.2569 	0.507867
0.2576 	0.445582
0.2583 	0.383297
0.259 	0.321012
0.2597 	0.258727
0.2604 	0.215383
0.2611 	0.186244
0.2618 	0.157106
0.2625 	0.127968
0.2632 	0.0988297
0.2639 	0.0696915
0.2646 	0.0405533
0.2653 	0.0225111
0.266 	0.0192633
0.2667 	0.0160157
0.2674 	0.012768
0.2681 	0.00952035
0.2688 	0.0062727
0.2695 	0.00302505
0.2702 	0.000677282
0.2709 	0.000579236
0.2716 	0.000481192
0.2723 	0.000383149
0.273 	0.000285106
0.2737 	0.000187063
0.2744 	8.90202e-05
0.2751 	4.88377e-06
0.2758 	4.18698e-06
0.2765 	3.49019e-06
0.2772 	2.79342e-06
0.2779 	2.09665e-06
0.2786 	1.39988e-06
0.2793 	7.03108e-07
0.28 	6.33689e-09
0.2807 	5.44983e-09
0.2814 	4.56279e-09
0.2821 	3.67578e-09
0.2828 	2.78878e-09
0.2835 	1.90177e-09
0.2842 	1.01477e-09
0.2849 	1.27763e-10
0.2856 	9.21924e-13
0.2863 	7.75257e-13
0.287 	6.286e-13
0.2877 	4.81943e-13
0.2884 	3.35286e-13
0.2891 	1.88629e-13
0.2898 	4.19719e-14
0.2905 	6.28781e-17
0.2912 	5.30977e-17
0.2919 	4.33174e-17
0.2926 	3.35371e-17
0.2933 	2.37567e-17
0.294 	1.39764e-17
0.2947 	4.19611e-18
0.2954 	4.18247e-21
0.2961 	3.5461e-21
0.2968 	2.90968e-21
0.2975 	2.27325e-21
0.2982 	1.63682e-21
0.2989 	1.00038e-21
0.2996 	3.63949e-22
0.3003 	2.56744e-25
0.301 	2.18516e-25
0.3017 	1.80281e-25
0.3024 	1.42043e-25
0.3031 	1.03805e-25
0.3038 	6.55664e-26
0.3045 	2.73281e-26
0.3052 	1.44486e-29
0.3059 	1.23423e-29
0.3066 	1.02356e-29
0.3073 	8.12844e-30
0.308 	6.02126e-30
0.3087 	3.91408e-30
0.3094 	1.80691e-30
0.3101 	7.39233e-34
0.3108 	6.33685e-34
0.3115 	5.28113e-34
0.3122 	4.22498e-34
0.3129 	3.16882e-34
0.3136 	2.11266e-34
0.3143 	1.0565e-34
0.315 	3.42659e-38
0.3157 	2.9472e-38
0.3171 	1.98791e-38
0.3178 	1.50811e-38
0.3185 	1.0283e-38
0.3192 	5.48493e-39
0.3199 	6.86853e-40
0.3206 	1.24485e-42
0.3213 	1.04698e-42
0.322 	8.48916e-43
0.3227 	6.50848e-43
0.3234 	4.5278e-43
0.3241 	2.54712e-43
0.3248 	5.66442e-44
0.3255 	4.80703e-47
0.3262 	4.06015e-47
0.3269 	3.31232e-47
0.3276 	2.56442e-47
0.3283 	1.81652e-47
0.329 	1.06862e-47
0.3297 	3.20715e-48
0.3304 	1.71131e-51
0.3311 	1.45125e-51
0.3318 	1.19085e-51
0.3325 	9.30366e-52
0.3332 	6.6988e-52
0.3339 	4.09395e-52
0.3346 	1.48909e-52
0.3353 	5.66375e-56
0.336 	4.82151e-56
0.3367 	3.97825e-56
0.3374 	3.13441e-56
0.3381 	2.29058e-56
0.3388 	1.44675e-56
0.3395 	6.0292e-57
0.3402 	1.75556e-60
0.3409 	1.49998e-60
0.3416 	1.24412e-60
0.3423 	9.8799e-61
0.343 	7.31858e-61
0.3437 	4.75726e-61
0.3444 	2.19594e-61
0.3451 	5.12734e-65
0.3458 	4.39622e-65
0.3465 	3.66448e-65
0.3472 	2.93161e-65
0.3479 	2.19875e-65
0.3486 	1.46588e-65
0.3493 	7.3301e-66
0.35 	1.4177e-69
0.3507 	1.21962e-69
0.3514 	1.02143e-69
0.3528 	6.24219e-70
0.3535 	4.25616e-70
0.3542 	2.27012e-70
0.3549 	2.84085e-71
0.3556 	3.21451e-74
0.3563 	2.70427e-74
0.357 	2.19267e-74
0.3577 	1.68107e-74
0.3584 	1.16947e-74
0.3591 	6.57864e-75
0.3598 	1.46262e-75
0.3605 	8.07283e-79
0.3612 	6.82034e-79
0.3619 	5.56423e-79
0.3626 	4.30784e-79
0.3633 	3.05145e-79
0.364 	1.79506e-79
0.3647 	5.38664e-80
0.3654 	1.93659e-83
0.3661 	1.6427e-83
0.3668 	1.34804e-83
0.3675 	1.05316e-83
0.3682 	7.58292e-84
0.3689 	4.63419e-84
0.3696 	1.68546e-84
0.3703 	4.44761e-88
0.371 	3.78709e-88
0.3717 	3.12506e-88
0.3724 	2.46219e-88
0.3731 	1.79932e-88
0.3738 	1.13645e-88
0.3745 	4.73581e-89
0.3752 	9.79983e-93
0.3759 	8.37491e-93
0.3766 	6.94731e-93
0.3773 	5.51702e-93
0.378 	4.08674e-93
0.3787 	2.65645e-93
0.3794 	1.22617e-93
0.3801 	2.07588e-97
0.3808 	1.78023e-97
0.3815 	1.48416e-97
0.3822 	1.18734e-97
0.3829 	8.90514e-98
0.3836 	5.9369e-98
0.3843 	2.96866e-98
0.385 	4.2358e-102
0.3857 	3.64464e-102
0.3864 	3.05296e-102
0.3871 	2.45934e-102
0.3878 	1.86573e-102
0.3885 	1.27211e-102
0.3892 	6.78499e-103
0.3899 	8.48839e-104
0.3906 	7.19982e-107
0.3913 	6.05828e-107
0.3927 	3.76602e-107
0.3934 	2.61989e-107
0.3941 	1.47375e-107
0.3948 	3.27619e-108
0.3955 	1.37472e-111
0.3962 	1.16168e-111
0.3969 	9.47748e-112
0.3976 	7.33746e-112
0.3983 	5.19745e-112
0.399 	3.05744e-112
0.3997 	9.17425e-113
0.4004 	2.54088e-116
0.4011 	2.15571e-116
0.4018 	1.76911e-116
0.4025 	1.38213e-116
0.4032 	9.95147e-117
0.4039 	6.08164e-117
0.4046 	2.21181e-117
0.4053 	4.5519e-121
0.406 	3.8766e-121
0.4067 	3.19918e-121
0.4074 	2.52058e-121
0.4081 	1.84199e-121
0.4088 	1.16339e-121
0.4095 	4.84794e-122
0.4102 	7.91236e-126
0.4109 	6.76303e-126
0.4116 	5.61079e-126
0.4123 	4.45566e-126
0.413 	3.30052e-126
0.4137 	2.14539e-126
0.4144 	9.90252e-127
0.4151 	1.33568e-130
0.4158 	1.14563e-130
0.4165 	9.55227e-131
0.4172 	7.64186e-131
0.4179 	5.73145e-131
0.4186 	3.82104e-131
0.4193 	1.91063e-131
0.42 	2.19122e-135
0.4207 	1.88569e-135
0.4214 	1.5798e-135
0.4221 	1.27262e-135
0.4228 	9.65447e-136
0.4235 	6.58271e-136
0.4242 	3.51094e-136
0.4249 	4.39167e-137
0.4256 	3.0176e-140
0.4263 	2.53961e-140
0.427 	2.05915e-140
0.4277 	1.5787e-140
0.4284 	1.09824e-140
0.4291 	6.17783e-141
0.4298 	1.37326e-141
0.4305 	4.70065e-145
0.4312 	3.97329e-145
0.4319 	3.24207e-145
0.4326 	2.51055e-145
0.4333 	1.77904e-145
0.434 	1.04752e-145
0.4347 	3.16003e-146
0.4354 	2.32917e-148
0.4361 	2.03703e-148
0.4368 	1.74482e-148
0.4375 	1.4526e-148
0.4382 	1.16038e-148
0.4389 	8.68162e-149
0.4396 	5.75943e-149
0.4403 	3.87748e-149
0.441 	3.38252e-149
0.4417 	2.88725e-149
0.4424 	2.39181e-149
0.4431 	1.89638e-149
0.4438 	1.40094e-149
0.4445 	9.05503e-150
0.4452 	5.32216e-150
0.4459 	4.64305e-150
0.4466 	3.96342e-150
0.4473 	3.28327e-150
0.448 	2.60312e-150
0.4487 	1.92297e-150
0.4494 	1.24282e-150
0.4501 	6.48087e-151
0.4508 	5.659e-151
0.4515 	4.83657e-151
0.4522 	4.01312e-151
0.4529 	3.18968e-151
0.4536 	2.36623e-151
0.4543 	1.54278e-151
0.455 	7.19339e-152
0.4557 	6.28844e-152
0.4564 	5.38305e-152
0.4571 	4.47605e-152
0.4578 	3.56904e-152
0.4585 	2.66204e-152
0.4592 	1.75504e-152
0.4599 	8.48031e-153
0.4606 	6.40344e-153
0.4613 	5.49193e-153
0.462 	4.57817e-153
0.4627 	3.66441e-153
0.4634 	2.75065e-153
0.4641 	1.83688e-153
0.4648 	9.23123e-154
0.4655 	6.0166e-154
0.4662 	5.17116e-154
0.4669 	4.32331e-154
0.4676 	3.47527e-154
0.4683 	2.62723e-154
0.469 	1.77919e-154
0.4697 	9.31154e-155
0.4704 	5.26053e-155
0.4711 	4.53157e-155
0.4718 	3.80057e-155
0.4725 	3.06903e-155
0.4732 	2.33749e-155
0.4739 	1.60595e-155
0.4746 	8.74407e-156
0.4753 	4.31152e-156
0.476 	3.72278e-156
0.4767 	3.13252e-156
0.4774 	2.54142e-156
0.4781 	1.95032e-156
0.4788 	1.35922e-156
0.4795 	7.68117e-157
0.4802 	3.33102e-157
0.4809 	2.88304e-157
0.4816 	2.43403e-157
0.4823 	1.98401e-157
0.483 	1.53399e-157
0.4837 	1.08397e-157
0.4844 	6.33954e-158
0.4851 	2.43615e-158
0.4858 	2.11356e-158
0.4865 	1.79038e-158
0.4879 	1.14191e-158
0.4886 	8.17679e-159
0.4893 	4.93445e-159
0.49 	1.69212e-159
0.4907 	1.47154e-159
0.4914 	1.2507e-159
0.4921 	1.02887e-159
0.4928 	8.07043e-160
0.4935 	5.85215e-160
0.4942 	3.63386e-160
0.4949 	1.41558e-160
0.4956 	9.7559e-161
0.4963 	8.31923e-161
0.497 	6.87415e-161
0.4977 	5.42907e-161
0.4984 	3.98399e-161
0.4991 	2.5389e-161
0.4998 	1.09382e-161
0.5005 	6.17217e-162
0.5012 	5.28002e-162
0.5019 	4.3821e-162
0.5026 	3.48373e-162
0.5033 	2.58536e-162
0.504 	1.68699e-162
0.5047 	7.88623e-163
0.5054 	3.73327e-163
0.5061 	3.20336e-163
0.5068 	2.67024e-163
0.5075 	2.13625e-163
0.5082 	1.60227e-163
0.5089 	1.06828e-163
0.5096 	5.34292e-164
0.5103 	2.16238e-164
0.511 	1.86095e-164
0.5117 	1.55788e-164
0.5124 	1.25389e-164
0.5131 	9.49912e-165
0.5138 	6.4593e-165
0.5145 	3.41949e-165
0.5152 	1.2012e-165
0.5159 	1.03674e-165
0.5166 	8.71522e-166
0.5173 	7.05538e-166
0.518 	5.39554e-166
0.5187 	3.7357e-166
0.5194 	2.07586e-166
0.5201 	6.40833e-167
0.5208 	5.54654e-167
0.5215 	4.68162e-167
0.5222 	3.81105e-167
0.5229 	2.94048e-167
0.5236 	2.06991e-167
0.5243 	1.19934e-167
0.525 	3.28775e-168
0.5257 	2.85343e-168
0.5264 	2.41806e-168
0.5271 	1.97888e-168
0.5278 	1.5397e-168
0.5285 	1.10051e-168
0.5292 	6.61329e-169
0.5299 	2.22147e-169
0.5306 	1.41338e-169
0.5313 	1.20241e-169
0.532 	9.89029e-170
0.5327 	7.75647e-170
0.5334 	5.62266e-170
0.5341 	3.48884e-170
0.5348 	1.35502e-170
0.5355 	6.74906e-171
0.5362 	5.76269e-171
0.5369 	4.76391e-171
0.5376 	3.76418e-171
0.5383 	2.76444e-171
0.539 	1.76471e-171
0.5397 	7.64976e-172
0.5404 	3.11058e-172
0.5411 	2.66501e-172
0.5418 	2.21421e-172
0.5425 	1.76198e-172
0.5432 	1.30975e-172
0.5439 	8.57519e-173
0.5446 	4.0529e-173
0.5453 	1.38537e-173
0.546 	1.19085e-173
0.5467 	9.94253e-174
0.5474 	7.96511e-174
0.5481 	5.98769e-174
0.5488 	4.01027e-174
0.5495 	2.03285e-174
0.5502 	5.96928e-175
0.5509 	5.14757e-175
0.5516 	4.31833e-175
0.5523 	3.48154e-175
0.553 	2.64475e-175
0.5537 	1.80796e-175
0.5544 	9.71168e-176
0.5551 	2.49117e-176
0.5558 	2.15495e-176
0.5565 	1.81627e-176
0.5572 	1.47318e-176
0.5579 	1.13009e-176
0.5586 	7.86994e-177
0.5593 	4.43901e-177
0.56 	1.00808e-177
0.5607 	8.74679e-178
0.5614 	7.40621e-178
0.5621 	6.04169e-178
0.5628 	4.67716e-178
0.5635 	3.31263e-178
0.5642 	1.94811e-178
0.5649 	5.83584e-179
0.5656 	3.44608e-179
0.5663 	2.93129e-179
0.567 	2.40428e-179
0.5677 	1.87727e-179
0.5684 	1.35026e-179
0.5691 	8.23253e-180
0.5698 	2.96244e-180
0.5705 	1.31931e-180
0.5712 	1.12697e-180
0.5719 	9.29483e-181
0.5726 	7.31599e-181
0.5733 	5.33715e-181
0.574 	3.3583e-181
0.5747 	1.37946e-181
0.5754 	4.91361e-182
0.5761 	4.2132e-182
0.5768 	3.49489e-182
0.5775 	2.7717e-182
0.5782 	2.04851e-182
0.5789 	1.32531e-182
0.5796 	6.02123e-183
0.5803 	1.78225e-183
0.581 	1.53386e-183
0.5817 	1.27959e-183
0.5824 	1.02205e-183
0.5831 	7.64513e-184
0.5838 	5.06976e-184
0.5845 	2.49438e-184
0.5852 	6.30289e-185
0.5859 	5.44411e-185
0.5866 	4.56737e-185
0.5873 	3.67268e-185
0.588 	2.77799e-185
0.5887 	1.88329e-185
0.5894 	9.88598e-186
0.5901 	2.17578e-186
0.5908 	1.88599e-186
0.5915 	1.59128e-186
0.5922 	1.2877e-186
0.5929 	9.84127e-187
0.5936 	6.80552e-187
0.5943 	3.76976e-187
0.595 	7.34005e-188
0.5957 	6.38461e-188
0.5964 	5.41807e-188
0.5971 	4.41081e-188
0.5978 	3.40355e-188
0.5985 	2.39629e-188
0.5992 	1.38903e-188
0.5999 	3.8177e-189
0.6006 	2.11464e-189
0.6013 	1.80513e-189
0.602 	1.47791e-189
0.6027 	1.1507e-189
0.6034 	8.23483e-190
0.6041 	4.96267e-190
0.6048 	1.69051e-190
0.6055 	6.86089e-191
0.6062 	5.8876e-191
0.6069 	4.85044e-191
0.6076 	3.80837e-191
0.6083 	2.7663e-191
0.609 	1.72423e-191
0.6097 	6.82159e-192
0.6104 	2.18332e-192
0.6111 	1.88188e-192
0.6118 	1.56134e-192
0.6125 	1.23558e-192
0.6132 	9.09825e-193
0.6139 	5.84068e-193
0.6146 	2.5831e-193
0.6153 	6.82353e-194
0.616 	5.90696e-194
0.6167 	4.93616e-194
0.6174 	3.93524e-194
0.6181 	2.93432e-194
0.6188 	1.9334e-194
0.6195 	9.32482e-195
0.6202 	2.09712e-195
0.6209 	1.82314e-195
0.6216 	1.53481e-195
0.6223 	1.23212e-195
0.623 	9.29435e-196
0.6237 	6.26748e-196
0.6244 	3.24062e-196
0.6251 	6.34643e-197
0.6258 	5.54028e-197
0.6265 	4.69986e-197
0.6272 	3.79776e-197
0.6279 	2.89566e-197
0.6286 	1.99356e-197
0.6293 	1.09146e-197
0.63 	1.89362e-198
0.6307 	1.65981e-198
0.6314 	1.41926e-198
0.6321 	1.15395e-198
0.6328 	8.88642e-199
0.6335 	6.23336e-199
0.6342 	3.58029e-199
0.6349 	9.27225e-200
0.6356 	4.90847e-200
0.6363 	4.2319e-200
0.637 	3.46097e-200
0.6377 	2.69004e-200
0.6384 	1.91911e-200
0.6391 	1.14817e-200
0.6398 	3.77243e-201
0.6405 	1.43451e-201
0.6412 	1.24515e-201
0.6419 	1.02586e-201
0.6426 	8.04262e-202
0.6433 	5.82667e-202
0.644 	3.61071e-202
0.6447 	1.39475e-202
0.6454 	4.14761e-203
0.6461 	3.61749e-203
0.6468 	3.00834e-203
0.6475 	2.37762e-203
0.6482 	1.7469e-203
0.6489 	1.11618e-203
0.6496 	4.85463e-204
0.6503 	1.18752e-204
0.651 	1.0405e-204
0.6517 	8.73614e-205
0.6524 	6.95695e-205
0.6531 	5.17775e-205
0.6538 	3.39856e-205
0.6545 	1.61937e-205
0.6552 	3.36961e-206
0.6559 	2.96525e-206
0.6566 	2.51418e-206
0.6573 	2.0164e-206
0.658 	1.51862e-206
0.6587 	1.02084e-206
0.6594 	5.23062e-207
0.6601 	9.48166e-208
0.6608 	8.3779e-208
0.6622 	5.79275e-208
0.6636 	3.02873e-208
0.6643 	1.64671e-208
0.665 	2.647e-209
0.6657 	2.34777e-209
0.6664 	2.03105e-209
0.6671 	1.65016e-209
0.6678 	1.26927e-209
0.6685 	8.88378e-210
0.6692 	5.07487e-210
0.6699 	1.26597e-210
0.6706 	6.52753e-211
0.6713 	5.70466e-211
0.672 	4.66238e-211
0.6727 	3.62011e-211
0.6734 	2.57784e-211
0.6741 	1.53556e-211
0.6748 	4.93287e-212
0.6755 	1.80083e-212
0.6762 	1.58506e-212
0.6769 	1.30669e-212
0.6776 	1.0235e-212
0.6783 	7.40316e-213
0.679 	4.5713e-213
0.6797 	1.73944e-213
0.6804 	4.92979e-214
0.6811 	4.3557e-214
0.6818 	3.63248e-214
0.6825 	2.86859e-214
0.6832 	2.10469e-214
0.6839 	1.3408e-214
0.6846 	5.76913e-215
0.6853 	1.33898e-215
0.686 	1.18718e-215
0.6867 	1.00147e-215
0.6874 	7.96934e-216
0.6881 	5.92395e-216
0.6888 	3.87856e-216
0.6895 	1.83316e-216
0.6902 	3.60772e-217
0.6909 	3.20888e-217
0.6916 	2.73771e-217
0.6923 	2.19422e-217
0.693 	1.65072e-217
0.6937 	1.10723e-217
0.6944 	5.63739e-218
0.6951 	9.64394e-219
0.6958 	8.62941e-219
0.6965 	7.47859e-219
0.6972 	6.08245e-219
0.6979 	4.6863e-219
0.6986 	3.29016e-219
0.6993 	1.89402e-219
0.7 	4.9788e-220
