0 	1
0.0007 	1
0.0014 	1
0.0021 	1
0.0028 	1
0.0035 	1
0.0042 	1
0.0049 	1
0.0056 	1
0.0063 	1
0.007 	1
0.0077 	1
0.0084 	1
0.0091 	1
0.0098 	1
0.0105 	1
0.0112 	1
0.0119 	1
0.0126 	1
0.0133 	1
0.014 	1
0.0147 	1
0.0154 	1
0.0161 	1
0.0168 	1
0.0175 	1
0.0182 	1
0.0189 	1
0.0196 	1
0.0203 	1
0.021 	1
0.0217 	1
0.0224 	1
0.0231 	1
0.0238 	1
0.0245 	1
0.0252 	1
0.0259 	1
0.0266 	1
0.028 	1
0.0287 	1
0.0294 	1
0.0301 	1
0.0308 	1
0.0315 	1
0.0322 	1
0.0329 	1
0.0336 	1
0.0343 	1
0.035 	1
0.0357 	1
0.0371 	1
0.0378 	1
0.0385 	1
0.0392 	1
0.0399 	1
0.0406 	1
0.0413 	1
0.042 	1
0.0427 	1
0.0434 	1
0.0441 	1
0.0448 	1
0.0455 	1
0.0462 	1
0.0469 	1
0.0476 	1
0.0483 	1
0.049 	1
0.0497 	1
0.0504 	1
0.0511 	1
0.0518 	1
0.0525 	1
0.0532 	1
0.0539 	1
0.0546 	1
0.0553 	1
0.056 	1
0.0567 	1
0.0574 	1
0.0581 	1
0.0588 	1
0.0595 	1
0.0602 	1
0.0609 	1
0.0616 	1
0.0623 	1
0.063 	1
0.0637 	1
0.0644 	1
0.0651 	1
0.0658 	1
0.0665 	1
0.0672 	1
0.0679 	1
0.0686 	1
0.0693 	1
0.07 	1
0.0707 	1
0.0714 	1
0.0721 	1
0.0728 	1
0.0735 	1
0.0742 	1
0.0749 	1
0.0756 	1
0.0763 	1
0.077 	1
0.0784 	1
0.0791 	1
0.0798 	1
0.0805 	1
0.0812 	1
0.0819 	1
0.0826 	1
0.0833 	1
0.084 	1
0.0847 	1
0.0854 	1
0.0861 	1
0.0868 	1
0.0875 	1
0.0882 	1
0.0889 	1
0.0896 	1
0.0903 	1
0.091 	1
0.0917 	1
0.0924 	1
0.0938 	1
0.0945 	1
0.0952 	1
0.0959 	1
0.0966 	1
0.0973 	1
0.098 	1
0.0987 	1
0.0994 	1
0.1001 	1
0.1008 	1
0.1015 	1
0.1022 	1
0.1029 	1
0.1036 	1
0.1043 	1
0.105 	1
0.1057 	1
0.1064 	1
0.1071 	1
0.1078 	1
0.1085 	1
0.1092 	1
0.1099 	1
0.1106 	1
0.1113 	1
0.112 	1
0.1127 	1
0.1134 	1
0.1141 	1
0.1148 	1
0.1155 	1
0.1162 	1
0.1169 	1
0.1176 	1
0.1183 	1
0.119 	1
0.1197 	1
0.1204 	1
0.1218 	1
0.1225 	1
0.1232 	1
0.1239 	1
0.1246 	1
0.1253 	1
0.126 	1
0.1267 	1
0.1274 	1
0.1281 	1
0.1288 	1
0.1295 	1
0.1302 	1
0.1309 	1
0.1316 	1
0.1323 	1
0.133 	1
0.1337 	1
0.1344 	1
0.1351 	1
0.1358 	1
0.1365 	1
0.1372 	1
0.1379 	1
0.1386 	1
0.1393 	1
0.14 	1
0.1407 	1
0.1414 	1
0.1421 	1
0.1428 	1
0.1435 	1
0.1442 	1
0.1449 	1
0.1456 	1
0.1463 	1
0.147 	1
0.1477 	1
0.1484 	1
0.1491 	1
0.1498 	1
0.1505 	1
0.1512 	1
0.1519 	1
0.1526 	1
0.1533 	1
0.154 	1
0.1547 	1
0.1554 	1
0.1561 	1
0.1568 	1
0.1575 	1
0.1582 	1
0.1589 	1
0.1596 	1
0.1603 	1
0.1617 	1
0.1624 	1
0.1631 	1
0.1638 	1
0.1645 	1
0.1652 	1
0.1666 	1
0.1673 	1
0.168 	1
0.1687 	1
0.1694 	1
0.1701 	1
0.1708 	1
0.1715 	1
0.1722 	1
0.1729 	1
0.1736 	1
0.1743 	1
0.175 	1
0.1757 	1
0.1764 	1
0.1771 	1
0.1778 	1
0.1785 	1
0.1792 	1
0.1799 	1
0.1806 	1
0.1813 	1
0.182 	1
0.1827 	1
0.1834 	1
0.1841 	1
0.1848 	1
0.1855 	1
0.1869 	1
0.1876 	1
0.1883 	1
0.189 	1
0.1897 	1
0.1904 	1
0.1911 	1
0.1918 	1
0.1925 	1
0.1932 	1
0.1939 	1
0.1946 	1
0.1953 	1
0.1967 	1
0.1974 	1
0.1981 	1
0.1988 	1
0.1995 	1
0.2002 	1
0.2009 	1
0.2016 	1
0.2023 	1
0.203 	1
0.2037 	1
0.2044 	1
0.2051 	1
0.2065 	1
0.2072 	1
0.2079 	1
0.2086 	1
0.2093 	1
0.21 	1
0.2107 	1
0.2114 	1
0.2121 	1
0.2128 	1
0.2135 	1
0.2142 	1
0.2149 	1
0.2156 	1
0.2163 	1
0.217 	1
0.2177 	1
0.2184 	1
0.2191 	1
0.2198 	1
0.2205 	1
0.2212 	1
0.2219 	1
0.2226 	1
0.2233 	1
0.224 	1
0.2247 	1
0.2254 	1
0.2261 	1
0.2268 	1
0.2275 	1
0.2282 	1
0.2289 	1
0.2296 	1
0.2303 	1
0.231 	1
0.2317 	1
0.2324 	1
0.2331 	1
0.2338 	1
0.2345 	1
0.2352 	1
0.2359 	0.999998
0.2366 	0.999997
0.2373 	0.999995
0.238 	0.999994
0.2387 	0.999992
0.2394 	0.999991
0.2401 	0.999984
0.2408 	0.999945
0.2415 	0.999905
0.2422 	0.999866
0.2429 	0.999826
0.2436 	0.999787
0.2443 	0.999748
0.245 	0.999708
0.2457 	0.998796
0.2464 	0.997884
0.2471 	0.996972
0.2478 	0.99606
0.2485 	0.995148
0.2492 	0.994236
0.2499 	0.993323
0.2506 	0.977524
0.2513 	0.959243
0.252 	0.940962
0.2527 	0.922681
0.2534 	0.9044
0.2541 	0.886119
0.2548 	0.867838
0.2555 	0.822211
0.2562 	0.765647
0.2569 	0.709082
0.2583 	0.595954
0.259 	0.539389
0.2597 	0.482825
0.2604 	0.4296
0.2618 	0.328161
0.2632 	0.226722
0.2639 	0.176002
0.2646 	0.125283
0.2653 	0.0909434
0.2667 	0.0659458
0.2674 	0.053447
0.2681 	0.0409481
0.2688 	0.0284493
0.2695 	0.0159504
0.2702 	0.00674844
0.2709 	0.00578857
0.2716 	0.0048287
0.2723 	0.00386881
0.273 	0.00290893
0.2737 	0.00194904
0.2744 	0.000989158
0.2751 	0.000163093
0.2758 	0.000139945
0.2765 	0.000116798
0.2772 	9.36495e-05
0.2779 	7.05013e-05
0.2786 	4.7353e-05
0.2793 	2.42048e-05
0.28 	1.05655e-06
0.2807 	9.08834e-07
0.2814 	7.61117e-07
0.2821 	6.13395e-07
0.2828 	4.65672e-07
0.2835 	3.17949e-07
0.2842 	1.70226e-07
0.2849 	2.25033e-08
0.2856 	1.23204e-09
0.2863 	1.03609e-09
0.287 	8.40131e-10
0.2877 	6.44169e-10
0.2884 	4.48208e-10
0.2891 	2.52246e-10
0.2898 	5.62848e-11
0.2905 	2.66244e-13
0.2919 	1.83424e-13
0.2926 	1.42011e-13
0.2933 	1.00599e-13
0.294 	5.91867e-14
0.2947 	1.77743e-14
0.2954 	2.39935e-17
0.2961 	2.03431e-17
0.2968 	1.66923e-17
0.2975 	1.30413e-17
0.2982 	9.39035e-18
0.2989 	5.7394e-18
0.2996 	2.08845e-18
0.3003 	2.05572e-21
0.301 	1.74962e-21
0.3017 	1.44349e-21
0.3024 	1.13733e-21
0.3031 	8.31172e-22
0.3038 	5.25013e-22
0.3045 	2.18854e-22
0.3052 	1.62449e-25
0.3059 	1.38766e-25
0.3073 	9.1389e-26
0.308 	6.76987e-26
0.3087 	4.40083e-26
0.3094 	2.0318e-26
0.3101 	1.17141e-29
0.3108 	1.00413e-29
0.3115 	8.36825e-30
0.3122 	6.69475e-30
0.3129 	5.02125e-30
0.3136 	3.34776e-30
0.3143 	1.67426e-30
0.315 	7.6149e-34
0.3157 	6.54933e-34
0.3164 	5.48364e-34
0.3171 	4.41746e-34
0.3178 	3.35128e-34
0.3185 	2.2851e-34
0.3192 	1.21892e-34
0.3199 	1.52745e-35
0.3206 	3.81936e-38
0.3213 	3.21212e-38
0.322 	2.60446e-38
0.3234 	1.38915e-38
0.3241 	7.81493e-39
0.3248 	1.73837e-39
0.3255 	1.98743e-42
0.3262 	1.67853e-42
0.3269 	1.36936e-42
0.3276 	1.06017e-42
0.3283 	7.50985e-43
0.329 	4.41797e-43
0.3297 	1.3261e-43
0.3304 	9.25658e-47
0.3311 	7.84934e-47
0.3318 	6.44084e-47
0.3325 	5.032e-47
0.3332 	3.62315e-47
0.3339 	2.21431e-47
0.3346 	8.05467e-48
0.3353 	3.88336e-51
0.336 	3.30565e-51
0.3367 	2.72742e-51
0.3374 	2.14891e-51
0.3381 	1.5704e-51
0.3388 	9.91887e-52
0.3395 	4.13376e-52
0.3402 	1.47892e-55
0.3409 	1.26352e-55
0.3416 	1.04795e-55
0.3423 	8.32209e-56
0.343 	6.16465e-56
0.3437 	4.0072e-56
0.3444 	1.84976e-56
0.3451 	5.15408e-60
0.3465 	3.68317e-60
0.3472 	2.94657e-60
0.3479 	2.20997e-60
0.3486 	1.47337e-60
0.3493 	7.36767e-61
0.35 	1.65627e-64
0.3507 	1.42478e-64
0.3514 	1.19318e-64
0.3521 	9.61178e-65
0.3528 	7.29181e-65
0.3535 	4.97185e-65
0.3542 	2.65188e-65
0.3549 	3.31909e-66
0.3556 	4.26433e-69
0.3563 	3.58724e-69
0.357 	2.9086e-69
0.3577 	2.22996e-69
0.3584 	1.55131e-69
0.3591 	8.72672e-70
0.3598 	1.9403e-70
0.3605 	1.19184e-73
0.3612 	1.00688e-73
0.3619 	8.21435e-74
0.3626 	6.35957e-74
0.3633 	4.5048e-74
0.364 	2.65002e-74
0.3647 	7.95244e-75
0.3654 	3.12686e-78
0.3661 	2.65223e-78
0.3668 	2.17646e-78
0.3675 	1.70038e-78
0.3682 	1.2243e-78
0.3689 	7.48213e-79
0.3696 	2.7213e-79
0.3703 	7.73585e-83
0.371 	6.58683e-83
0.3717 	5.43531e-83
0.3724 	4.28241e-83
0.3731 	3.1295e-83
0.3738 	1.9766e-83
0.3745 	8.23692e-84
0.3752 	1.81217e-87
0.3766 	1.28466e-87
0.3773 	1.02018e-87
0.378 	7.557e-88
0.3787 	4.9122e-88
0.3794 	2.26739e-88
0.3801 	4.03453e-92
0.3808 	3.45993e-92
0.3815 	2.88452e-92
0.3822 	2.30763e-92
0.3829 	1.73074e-92
0.3836 	1.15386e-92
0.3843 	5.76972e-93
0.385 	8.56565e-97
0.3857 	7.37031e-97
0.3864 	6.17388e-97
0.3871 	4.97344e-97
0.3878 	3.77299e-97
0.3885 	2.57255e-97
0.3892 	1.37211e-97
0.3899 	1.71663e-98
0.3906 	1.50156e-101
0.392 	1.02449e-101
0.3927 	7.85447e-102
0.3934 	5.46408e-102
0.3941 	3.07369e-102
0.3948 	6.83295e-103
0.3955 	2.93369e-106
0.3962 	2.47918e-106
0.3969 	2.02263e-106
0.3976 	1.56592e-106
0.3983 	1.10921e-106
0.399 	6.52501e-107
0.3997 	1.95792e-107
0.4004 	5.50967e-111
0.4011 	4.67474e-111
0.4018 	3.83645e-111
0.4025 	2.99725e-111
0.4032 	2.15805e-111
0.4039 	1.31885e-111
0.4046 	4.79649e-112
0.4053 	9.96642e-116
0.406 	8.48842e-116
0.4067 	7.00532e-116
0.4074 	5.51938e-116
0.4081 	4.03344e-116
0.4088 	2.5475e-116
0.4095 	1.06157e-116
0.4102 	1.73929e-120
0.4109 	1.48676e-120
0.4116 	1.23351e-120
0.4123 	9.79561e-121
0.413 	7.25608e-121
0.4137 	4.71656e-121
0.4144 	2.17703e-121
0.4151 	2.93233e-125
0.4158 	2.51531e-125
0.4165 	2.09741e-125
0.4172 	1.67793e-125
0.4179 	1.25846e-125
0.4186 	8.38991e-126
0.4193 	4.19519e-126
0.42 	4.78141e-130
0.4207 	4.11507e-130
0.4214 	3.44785e-130
0.4221 	2.77745e-130
0.4228 	2.10705e-130
0.4235 	1.43665e-130
0.4242 	7.66247e-131
0.4249 	9.58457e-132
0.4256 	6.51666e-135
0.4263 	5.48502e-135
0.427 	4.44733e-135
0.4277 	3.40965e-135
0.4284 	2.37196e-135
0.4291 	1.33428e-135
0.4298 	2.96593e-136
0.4305 	9.99815e-140
0.4319 	6.89511e-140
0.4326 	5.33819e-140
0.4333 	3.78126e-140
0.434 	2.22434e-140
0.4347 	6.67415e-141
0.4354 	1.48764e-144
0.4368 	1.03621e-144
0.4375 	8.09583e-145
0.4382 	5.82952e-145
0.4389 	3.56321e-145
0.4396 	1.2969e-145
0.4403 	1.77547e-148
0.441 	1.56148e-148
0.4417 	1.34733e-148
0.4424 	1.13309e-148
0.4431 	9.18856e-149
0.4438 	7.04618e-149
0.4445 	4.90381e-149
0.4452 	3.26007e-149
0.4459 	2.86289e-149
0.4466 	2.46552e-149
0.4473 	2.06795e-149
0.448 	1.67037e-149
0.4487 	1.2728e-149
0.4494 	8.75233e-150
0.4501 	5.25251e-150
0.4508 	4.60797e-150
0.4515 	3.96308e-150
0.4522 	3.31758e-150
0.4529 	2.67208e-150
0.4536 	2.02658e-150
0.4543 	1.38108e-150
0.455 	7.35584e-151
0.4557 	6.45448e-151
0.4571 	4.64971e-151
0.4578 	3.74665e-151
0.4585 	2.8436e-151
0.4592 	1.94055e-151
0.4599 	1.03749e-151
0.4606 	8.11838e-152
0.4613 	6.99065e-152
0.462 	5.86058e-152
0.4627 	4.73051e-152
0.4634 	3.60044e-152
0.4641 	2.47037e-152
0.4648 	1.3403e-152
0.4655 	9.26263e-153
0.4662 	7.98647e-153
0.4669 	6.70725e-153
0.4676 	5.42779e-153
0.4683 	4.14833e-153
0.469 	2.86887e-153
0.4697 	1.58941e-153
0.4704 	9.658e-154
0.4711 	8.3408e-154
0.4718 	7.02054e-154
0.4725 	5.69946e-154
0.4732 	4.37837e-154
0.4739 	3.05729e-154
0.4746 	1.7362e-154
0.4753 	9.27703e-155
0.476 	8.02652e-155
0.4767 	6.77334e-155
0.4774 	5.51868e-155
0.4781 	4.26401e-155
0.4788 	3.00935e-155
0.4795 	1.75469e-155
0.4802 	8.27051e-156
0.4809 	7.16991e-156
0.4816 	6.06726e-156
0.4823 	4.96256e-156
0.483 	3.85786e-156
0.4837 	2.75316e-156
0.4844 	1.64847e-156
0.4851 	6.88667e-157
0.4858 	5.98265e-157
0.4865 	5.07729e-157
0.4872 	4.16952e-157
0.4879 	3.26175e-157
0.4886 	2.35398e-157
0.4893 	1.44622e-157
0.49 	5.38446e-158
0.4907 	4.68761e-158
0.4914 	3.99008e-158
0.4921 	3.29003e-158
0.4928 	2.58998e-158
0.4935 	1.88993e-158
0.4942 	1.18988e-158
0.4949 	4.89836e-159
0.4956 	3.46422e-159
0.4963 	2.95761e-159
0.497 	2.44862e-159
0.4977 	1.93964e-159
0.4984 	1.43065e-159
0.4991 	9.21658e-160
0.4998 	4.12669e-160
0.5005 	2.42364e-160
0.5019 	1.72519e-160
0.5026 	1.37493e-160
0.5033 	1.02467e-160
0.504 	6.74402e-161
0.5047 	3.24138e-161
0.5054 	1.61026e-161
0.5061 	1.38278e-161
0.5068 	1.15421e-161
0.5075 	9.25333e-162
0.5082 	6.9646e-162
0.5089 	4.67587e-162
0.5096 	2.38714e-162
0.5103 	1.01867e-162
0.511 	8.77229e-163
0.5117 	7.35174e-163
0.5124 	5.92782e-163
0.5131 	4.50389e-163
0.5138 	3.07997e-163
0.5145 	1.65604e-163
0.5152 	6.14976e-164
0.5159 	5.31047e-164
0.5166 	4.46811e-164
0.5173 	3.62269e-164
0.518 	2.77727e-164
0.5187 	1.93185e-164
0.5194 	1.08643e-164
0.5201 	3.54981e-165
0.5208 	3.07363e-165
0.5215 	2.5961e-165
0.5222 	2.11613e-165
0.5229 	1.63616e-165
0.5236 	1.15619e-165
0.5243 	6.76222e-166
0.525 	1.96254e-166
0.5257 	1.70376e-166
0.5264 	1.44451e-166
0.5271 	1.18349e-166
0.5278 	9.22479e-167
0.5285 	6.61466e-167
0.5292 	4.00453e-167
0.5299 	1.39439e-167
0.5306 	9.05881e-168
0.532 	6.34705e-168
0.5327 	4.98529e-168
0.5334 	3.62352e-168
0.5341 	2.26176e-168
0.5348 	8.99993e-169
0.5355 	4.62653e-169
0.5362 	3.95084e-169
0.5369 	3.26875e-169
0.5376 	2.58616e-169
0.5383 	1.90358e-169
0.539 	1.22099e-169
0.5397 	5.38409e-170
0.5404 	2.2727e-170
0.5411 	1.94714e-170
0.5418 	1.61875e-170
0.5425 	1.28958e-170
0.5432 	9.60417e-171
0.5439 	6.31252e-171
0.5446 	3.02088e-171
0.5453 	1.07518e-171
0.546 	9.24095e-172
0.5467 	7.71836e-172
0.5474 	6.18927e-172
0.5481 	4.66018e-172
0.5488 	3.13109e-172
0.5495 	1.602e-172
0.5502 	4.90476e-173
0.5509 	4.22852e-173
0.5516 	3.54784e-173
0.5523 	2.86274e-173
0.553 	2.17763e-173
0.5537 	1.49252e-173
0.5544 	8.07418e-174
0.5551 	2.16009e-174
0.5558 	1.86784e-174
0.5565 	1.57409e-174
0.5572 	1.27766e-174
0.5579 	9.81237e-175
0.5586 	6.84808e-175
0.5593 	3.8838e-175
0.56 	9.19519e-176
0.5607 	7.97422e-176
0.5614 	6.74915e-176
0.5621 	5.5091e-176
0.5628 	4.26905e-176
0.5635 	3.02899e-176
0.5642 	1.78894e-176
0.5649 	5.48887e-177
0.5656 	3.29419e-177
0.5663 	2.79989e-177
0.567 	2.29774e-177
0.5677 	1.79559e-177
0.5684 	1.29343e-177
0.5691 	7.91278e-178
0.5698 	2.89124e-178
0.5705 	1.31836e-178
0.5712 	1.12493e-178
0.5719 	9.28116e-179
0.5726 	7.31045e-179
0.5733 	5.33975e-179
0.574 	3.36904e-179
0.5747 	1.39833e-179
0.5754 	5.11735e-180
0.5761 	4.38219e-180
0.5768 	3.63504e-180
0.5775 	2.88461e-180
0.5782 	2.13418e-180
0.5789 	1.38375e-180
0.5796 	6.33328e-181
0.5803 	1.92883e-181
0.581 	1.65747e-181
0.5817 	1.38211e-181
0.5824 	1.10452e-181
0.5831 	8.26926e-182
0.5838 	5.49333e-182
0.5845 	2.71741e-182
0.5852 	7.0678e-183
0.5859 	6.09399e-183
0.5866 	5.10774e-183
0.5873 	4.10904e-183
0.588 	3.11035e-183
0.5887 	2.11165e-183
0.5894 	1.11296e-183
0.5901 	2.52073e-184
0.5908 	2.18056e-184
0.5915 	1.83693e-184
0.5922 	1.48706e-184
0.5929 	1.1372e-184
0.5936 	7.87335e-185
0.5943 	4.37471e-185
0.595 	8.7606e-186
0.5957 	7.60263e-186
0.5964 	6.43674e-186
0.5971 	5.24184e-186
0.5978 	4.04694e-186
0.5985 	2.85205e-186
0.5992 	1.65715e-186
0.5999 	4.62251e-187
0.6006 	2.58588e-187
0.6013 	2.20032e-187
0.602 	1.80198e-187
0.6027 	1.40365e-187
0.6034 	1.00531e-187
0.6041 	6.06968e-188
0.6048 	2.08629e-188
0.6055 	8.59075e-189
0.6062 	7.34324e-189
0.6069 	6.04905e-189
0.6076 	4.75127e-189
0.6083 	3.45348e-189
0.609 	2.1557e-189
0.6097 	8.57912e-190
0.6104 	2.79105e-190
0.6111 	2.39532e-190
0.6118 	1.98544e-190
0.6132 	1.15796e-190
0.6139 	7.44222e-191
0.6146 	3.30481e-191
0.6153 	8.87908e-192
0.616 	7.65001e-192
0.6167 	6.38024e-192
0.6174 	5.08787e-192
0.6181 	3.7955e-192
0.6188 	2.50313e-192
0.6195 	1.21076e-192
0.6202 	2.76943e-193
0.6209 	2.39522e-193
0.6216 	2.01009e-193
0.6223 	1.61403e-193
0.623 	1.21798e-193
0.6237 	8.21927e-194
0.6244 	4.25873e-194
0.6251 	8.48018e-195
0.6258 	7.36189e-195
0.6265 	6.21714e-195
0.6272 	5.02477e-195
0.6279 	3.83239e-195
0.6286 	2.64002e-195
0.6293 	1.44764e-195
0.63 	2.5527e-196
0.6314 	1.89051e-196
0.6328 	1.1842e-196
0.6335 	8.31045e-197
0.6342 	4.77891e-197
0.6349 	1.24737e-197
0.6356 	6.61494e-198
0.6363 	5.65979e-198
0.637 	4.62936e-198
0.6384 	2.5685e-198
0.6391 	1.53807e-198
0.6398 	5.07644e-199
0.6405 	1.9392e-199
0.6412 	1.66878e-199
0.6419 	1.37404e-199
0.6426 	1.07742e-199
0.6433 	7.80808e-200
0.644 	4.84194e-200
0.6447 	1.8758e-200
0.6454 	5.61157e-201
0.6468 	4.02572e-201
0.6475 	3.18219e-201
0.6482 	2.33865e-201
0.6489 	1.49512e-201
0.6496 	6.51585e-202
0.6503 	1.60515e-202
0.651 	1.39397e-202
0.6517 	1.16597e-202
0.6524 	9.28637e-203
0.6531 	6.91302e-203
0.6538 	4.53967e-203
0.6545 	2.16631e-203
0.6552 	4.54474e-204
0.6559 	3.96412e-204
0.6566 	3.34303e-204
0.6573 	2.68149e-204
0.658 	2.01994e-204
0.6587 	1.35839e-204
0.6594 	6.96838e-205
0.6601 	1.27536e-205
0.6608 	1.11716e-205
0.6615 	9.50122e-206
0.6629 	5.84279e-206
0.6636 	4.01358e-206
0.6643 	2.18437e-206
0.665 	3.55156e-207
0.6657 	3.12377e-207
0.6664 	2.68e-207
0.6671 	2.17767e-207
0.6678 	1.67535e-207
0.6685 	1.17302e-207
0.6692 	6.70697e-208
0.6699 	1.68372e-208
0.6706 	8.67591e-209
0.6713 	7.51063e-209
0.672 	6.13917e-209
0.6727 	4.76772e-209
0.6734 	3.39627e-209
0.6741 	2.02481e-209
0.6748 	6.53356e-210
0.6755 	2.39569e-210
0.6762 	2.08848e-210
0.6769 	1.72056e-210
0.6776 	1.34796e-210
0.6783 	9.75366e-211
0.679 	6.02771e-211
0.6797 	2.30175e-211
0.6804 	6.58191e-212
0.6811 	5.76438e-212
0.6818 	4.79722e-212
0.6825 	3.78924e-212
0.6832 	2.78126e-212
0.6839 	1.77328e-212
0.6846 	7.65296e-213
0.6853 	1.80017e-213
0.686 	1.58339e-213
0.6867 	1.33134e-213
0.6874 	1.05968e-213
0.6881 	7.88021e-214
0.6888 	5.16364e-214
0.6895 	2.44706e-214
0.6902 	4.90279e-215
0.6909 	4.32977e-215
0.6916 	3.6785e-215
0.6923 	2.94898e-215
0.6937 	1.48995e-215
0.6944 	7.60427e-216
0.6951 	1.33023e-216
0.6958 	1.18308e-216
0.6965 	1.02058e-216
0.6972 	8.30455e-217
0.6979 	6.40329e-217
0.6986 	4.50203e-217
0.6993 	2.60077e-217
0.7 	6.99506e-218
