0 	1
0.0007 	1
0.0014 	1
0.0021 	1
0.0028 	1
0.0035 	1
0.0042 	1
0.0049 	1
0.0056 	1
0.0063 	1
0.007 	1
0.0077 	1
0.0084 	1
0.0091 	1
0.0098 	1
0.0105 	1
0.0112 	1
0.0119 	1
0.0126 	1
0.0133 	1
0.014 	1
0.0147 	1
0.0154 	1
0.0161 	1
0.0168 	1
0.0175 	1
0.0182 	1
0.0189 	1
0.0196 	1
0.0203 	1
0.021 	1
0.0217 	1
0.0224 	1
0.0231 	1
0.0238 	1
0.0245 	1
0.0252 	1
0.0259 	1
0.0266 	1
0.0273 	1
0.028 	1
0.0287 	1
0.0294 	1
0.0301 	1
0.0308 	1
0.0315 	1
0.0322 	1
0.0329 	1
0.0336 	1
0.0343 	1
0.035 	1
0.0357 	1
0.0364 	1
0.0371 	1
0.0378 	1
0.0385 	1
0.0392 	1
0.0399 	1
0.0406 	1
0.0413 	1
0.042 	1
0.0427 	1
0.0434 	1
0.0441 	1
0.0448 	1
0.0455 	1
0.0462 	1
0.0469 	1
0.0476 	1
0.0483 	1
0.049 	1
0.0497 	1
0.0504 	1
0.0511 	1
0.0518 	1
0.0525 	1
0.0532 	1
0.0539 	1
0.0546 	1
0.0553 	1
0.056 	1
0.0567 	1
0.0574 	1
0.0581 	1
0.0588 	1
0.0595 	1
0.0602 	1
0.0609 	1
0.0616 	1
0.0623 	1
0.063 	1
0.0637 	1
0.0644 	1
0.0651 	1
0.0658 	1
0.0665 	1
0.0672 	1
0.0679 	1
0.0686 	1
0.0693 	1
0.07 	1
0.0707 	1
0.0714 	1
0.0721 	1
0.0728 	1
0.0735 	1
0.0742 	1
0.0749 	1
0.0756 	1
0.0763 	1
0.077 	1
0.0777 	1
0.0784 	1
0.0791 	1
0.0798 	1
0.0805 	1
0.0812 	1
0.0819 	1
0.0826 	1
0.0833 	1
0.084 	1
0.0847 	1
0.0854 	1
0.0861 	1
0.0868 	1
0.0875 	1
0.0882 	1
0.0889 	1
0.0896 	1
0.0903 	1
0.091 	1
0.0917 	1
0.0924 	1
0.0931 	1
0.0938 	1
0.0945 	1
0.0952 	1
0.0959 	1
0.0966 	1
0.0973 	1
0.098 	1
0.0987 	1
0.0994 	1
0.1001 	1
0.1008 	1
0.1015 	1
0.1022 	1
0.1029 	1
0.1036 	1
0.1043 	1
0.105 	1
0.1057 	1
0.1064 	1
0.1071 	1
0.1078 	1
0.1085 	1
0.1092 	1
0.1099 	1
0.1106 	1
0.1113 	1
0.112 	1
0.1127 	1
0.1134 	1
0.1141 	1
0.1148 	1
0.1155 	1
0.1162 	1
0.1169 	1
0.1176 	1
0.1183 	1
0.119 	1
0.1197 	1
0.1204 	1
0.1211 	1
0.1218 	1
0.1225 	1
0.1232 	1
0.1239 	1
0.1246 	1
0.1253 	1
0.126 	1
0.1267 	1
0.1274 	1
0.1281 	1
0.1288 	1
0.1295 	1
0.1302 	1
0.1309 	1
0.1316 	1
0.1323 	1
0.133 	1
0.1337 	1
0.1344 	1
0.1351 	1
0.1358 	1
0.1365 	1
0.1372 	1
0.1379 	1
0.1386 	1
0.1393 	1
0.14 	1
0.1407 	1
0.1414 	1
0.1421 	1
0.1428 	1
0.1435 	1
0.1442 	1
0.1449 	1
0.1456 	1
0.1463 	1
0.147 	1
0.1477 	1
0.1484 	1
0.1491 	1
0.1498 	1
0.1505 	1
0.1512 	1
0.1519 	1
0.1526 	1
0.1533 	1
0.154 	1
0.1547 	1
0.1554 	1
0.1561 	1
0.1568 	1
0.1575 	1
0.1582 	1
0.1589 	1
0.1596 	1
0.1603 	1
0.161 	1
0.1617 	1
0.1624 	1
0.1631 	1
0.1638 	1
0.1645 	1
0.1652 	1
0.1659 	1
0.1666 	1
0.1673 	1
0.168 	1
0.1687 	1
0.1694 	1
0.1701 	1
0.1708 	1
0.1715 	1
0.1722 	1
0.1729 	1
0.1736 	1
0.1743 	1
0.175 	1
0.1757 	1
0.1764 	1
0.1771 	1
0.1778 	1
0.1785 	1
0.1792 	1
0.1799 	1
0.1806 	1
0.1813 	1
0.182 	1
0.1827 	1
0.1834 	1
0.1841 	1
0.1848 	1
0.1855 	1
0.1862 	1
0.1869 	1
0.1876 	1
0.1883 	1
0.189 	1
0.1897 	1
0.1904 	1
0.1911 	1
0.1918 	1
0.1925 	1
0.1932 	1
0.1939 	1
0.1946 	1
0.1953 	1
0.196 	1
0.1967 	1
0.1974 	1
0.1981 	1
0.1988 	1
0.1995 	1
0.2002 	1
0.2009 	1
0.2016 	1
0.2023 	1
0.203 	1
0.2037 	1
0.2044 	1
0.2051 	1
0.2058 	1
0.2065 	0.999999
0.2072 	0.999998
0.2079 	0.999996
0.2086 	0.999993
0.2093 	0.99999
0.21 	0.999986
0.2107 	0.999982
0.2114 	0.999941
0.2121 	0.999762
0.2128 	0.999582
0.2135 	0.999403
0.2142 	0.99911
0.2149 	0.998755
0.2156 	0.99839
0.2163 	0.997792
0.217 	0.994179
0.2177 	0.990687
0.2184 	0.987295
0.2191 	0.982278
0.2198 	0.975635
0.2205 	0.96895
0.2212 	0.962249
0.2219 	0.926476
0.2226 	0.88869
0.2233 	0.851238
0.224 	0.802597
0.2247 	0.733814
0.2254 	0.664616
0.2261 	0.595108
0.2268 	0.530719
0.2275 	0.467705
0.2282 	0.404629
0.2289 	0.34295
0.2296 	0.28639
0.2303 	0.229469
0.231 	0.172067
0.2317 	0.131167
0.2324 	0.0993712
0.2331 	0.0670853
0.2338 	0.0366347
0.2345 	0.030042
0.2352 	0.0234009
0.2359 	0.0166388
0.2366 	0.011562
0.2373 	0.00817052
0.238 	0.0046446
0.2387 	0.00111506
0.2394 	0.0007202
0.2401 	0.000565646
0.2408 	0.000406117
0.2415 	0.000275118
0.2422 	0.000195473
0.2429 	0.000113546
0.2436 	3.11538e-05
0.2443 	1.16582e-05
0.245 	9.31626e-06
0.2457 	6.88248e-06
0.2464 	4.6777e-06
0.2471 	3.31259e-06
0.2478 	2.08924e-06
0.2485 	9.3014e-07
0.2492 	4.58854e-07
0.2499 	3.69687e-07
0.2506 	2.77718e-07
0.2513 	1.88058e-07
0.252 	1.34482e-07
0.2527 	8.67724e-08
0.2534 	4.39536e-08
0.2541 	2.0573e-08
0.2548 	1.66306e-08
0.2555 	1.25987e-08
0.2562 	8.53104e-09
0.2569 	6.09845e-09
0.2576 	3.95413e-09
0.2583 	2.05106e-09
0.259 	7.76847e-10
0.2597 	6.3457e-10
0.2604 	4.89413e-10
0.2611 	3.42095e-10
0.2618 	2.44918e-10
0.2625 	1.64925e-10
0.2632 	9.49401e-11
0.2639 	3.86173e-11
0.2646 	3.23902e-11
0.2653 	2.60807e-11
0.266 	1.96615e-11
0.2667 	1.49229e-11
0.2674 	1.11725e-11
0.2681 	7.83515e-12
0.2688 	4.68415e-12
0.2695 	3.95511e-12
0.2702 	3.22211e-12
0.2709 	2.4792e-12
0.2716 	1.88917e-12
0.2723 	1.45201e-12
0.273 	1.04531e-12
0.2737 	6.39425e-13
0.2744 	5.16472e-13
0.2751 	4.15057e-13
0.2758 	3.12284e-13
0.2765 	2.26162e-13
0.2772 	1.7001e-13
0.2779 	1.14868e-13
0.2786 	5.99311e-14
0.2793 	4.14608e-14
0.28 	3.29359e-14
0.2807 	2.42494e-14
0.2814 	1.64864e-14
0.2821 	1.21097e-14
0.2828 	7.61585e-15
0.2835 	3.06893e-15
0.2842 	1.27688e-15
0.2849 	1.01532e-15
0.2856 	7.47191e-16
0.2863 	4.88153e-16
0.287 	3.61501e-16
0.2877 	2.25698e-16
0.2884 	8.22741e-17
0.2891 	9.61732e-18
0.2898 	7.72843e-18
0.2905 	5.76369e-18
0.2912 	3.76861e-18
0.2919 	2.81948e-18
0.2926 	1.85019e-18
0.2933 	7.31699e-19
0.294 	1.18948e-20
0.2947 	9.73043e-21
0.2954 	7.41175e-21
0.2961 	4.97736e-21
0.2968 	3.70702e-21
0.2975 	2.62065e-21
0.2982 	1.15414e-21
0.2989 	1.81974e-24
0.2996 	1.52585e-24
0.3003 	1.19785e-24
0.301 	8.24345e-25
0.3017 	6.0734e-25
0.3024 	4.64321e-25
0.3031 	2.23633e-25
0.3038 	1.35613e-28
0.3045 	1.13692e-28
0.3052 	9.02994e-29
0.3059 	6.32281e-29
0.3066 	4.46255e-29
0.3073 	3.44916e-29
0.308 	1.79342e-29
0.3087 	1.20735e-30
0.3094 	1.05955e-32
0.3101 	8.43757e-33
0.3108 	6.00031e-33
0.3115 	4.08082e-33
0.3122 	3.09332e-33
0.3129 	1.73778e-33
0.3136 	3.07659e-34
0.3143 	1.03987e-36
0.315 	8.31758e-37
0.3157 	6.00804e-37
0.3164 	3.98938e-37
0.3171 	3.03728e-37
0.3178 	1.81857e-37
0.3185 	4.79339e-38
0.3192 	9.26572e-41
0.3199 	7.46187e-41
0.3206 	5.49244e-41
0.3213 	3.58064e-41
0.322 	2.77689e-41
0.3227 	1.76856e-41
0.3234 	5.90045e-42
0.3241 	7.20981e-45
0.3248 	5.86778e-45
0.3255 	4.40122e-45
0.3262 	2.88486e-45
0.3269 	2.23151e-45
0.3276 	1.51063e-45
0.3283 	5.91436e-46
0.329 	4.94757e-49
0.3297 	4.07297e-49
0.3304 	3.1154e-49
0.3311 	2.09562e-49
0.3318 	1.57931e-49
0.3325 	1.13374e-49
0.3332 	4.99025e-50
0.3339 	3.06122e-53
0.3346 	2.54745e-53
0.3353 	1.98815e-53
0.336 	1.36814e-53
0.3367 	1.00389e-53
0.3374 	7.61449e-54
0.3381 	3.66715e-54
0.3388 	1.74591e-57
0.3395 	1.46674e-57
0.3402 	1.16793e-57
0.3409 	8.20037e-58
0.3416 	5.85628e-58
0.3423 	4.647e-58
0.343 	2.41777e-58
0.3437 	1.6205e-59
0.3444 	7.91673e-62
0.3451 	6.4278e-62
0.3458 	4.59479e-62
0.3465 	3.19433e-62
0.3472 	2.57247e-62
0.3479 	1.46476e-62
0.3486 	2.58868e-63
0.3493 	4.06216e-66
0.35 	3.35983e-66
0.3507 	2.44069e-66
0.3514 	1.65298e-66
0.3521 	1.34717e-66
0.3528 	8.30511e-67
0.3535 	2.18719e-67
0.3542 	2.00149e-70
0.3549 	1.66897e-70
0.3556 	1.2418e-70
0.3563 	8.20141e-71
0.357 	6.75137e-71
0.3577 	4.46699e-71
0.3584 	1.48968e-71
0.3591 	9.53615e-75
0.3598 	8.00854e-75
0.3605 	6.09654e-75
0.3612 	4.03077e-75
0.3619 	3.26412e-75
0.3626 	2.30131e-75
0.3633 	9.00798e-76
0.364 	4.4147e-79
0.3647 	3.7314e-79
0.3654 	2.90316e-79
0.3661 	1.96621e-79
0.3668 	1.53096e-79
0.3675 	1.14343e-79
0.3682 	5.03225e-80
0.3689 	1.99248e-83
0.3696 	1.69416e-83
0.3703 	1.34595e-83
0.371 	9.31236e-84
0.3717 	6.99295e-84
0.3724 	5.50614e-84
0.3731 	2.65157e-84
0.3738 	8.78816e-88
0.3745 	7.51459e-88
0.3752 	6.09179e-88
0.3759 	4.29591e-88
0.3766 	3.11926e-88
0.3773 	2.56185e-88
0.378 	1.33412e-88
0.3787 	8.92934e-90
0.3794 	3.26263e-92
0.3801 	2.69734e-92
0.3808 	1.93503e-92
0.3815 	1.36157e-92
0.3822 	1.12806e-92
0.3829 	6.46131e-93
0.3836 	1.14152e-93
0.3843 	1.38883e-96
0.385 	1.17051e-96
0.3857 	8.52808e-97
0.3864 	5.82613e-97
0.3871 	4.86597e-97
0.3878 	3.02915e-97
0.3885 	7.97616e-98
0.3892 	5.80521e-101
0.3899 	4.9259e-101
0.3906 	3.68437e-101
0.3913 	2.44773e-101
0.392 	2.0596e-101
0.3927 	1.38056e-101
0.3934 	4.60358e-102
0.3941 	2.38638e-105
0.3948 	2.03795e-105
0.3955 	1.56314e-105
0.3962 	1.03778e-105
0.3969 	8.56796e-106
0.3976 	6.1381e-106
0.3983 	2.40249e-106
0.399 	9.66191e-110
0.3997 	8.30137e-110
0.4004 	6.52365e-110
0.4011 	4.43307e-110
0.4018 	3.50863e-110
0.4025 	2.67014e-110
0.4032 	1.17508e-110
0.4039 	3.85795e-114
0.4046 	3.33376e-114
0.4053 	2.6822e-114
0.406 	1.86081e-114
0.4067 	1.41638e-114
0.4074 	1.13928e-114
0.4081 	5.48621e-115
0.4088 	1.52074e-118
0.4095 	1.32131e-118
0.4102 	1.08773e-118
0.4109 	7.6877e-119
0.4116 	5.64295e-119
0.4123 	4.74299e-119
0.413 	2.47131e-119
0.4137 	1.65304e-120
0.4144 	5.17191e-123
0.4151 	4.35448e-123
0.4158 	3.12961e-123
0.4165 	2.22052e-123
0.4172 	1.87981e-123
0.4179 	1.08137e-123
0.4186 	1.91013e-124
0.4193 	1.99987e-127
0.42 	1.72165e-127
0.4207 	1.25632e-127
0.4214 	8.63383e-128
0.4221 	7.35867e-128
0.4228 	4.61661e-128
0.4235 	1.21551e-128
0.4242 	7.63909e-132
0.4249 	6.61964e-132
0.4256 	4.975e-132
0.4263 	3.31738e-132
0.427 	2.84564e-132
0.4277 	1.92859e-132
0.4284 	6.43068e-133
0.4291 	2.88172e-136
0.4298 	2.51326e-136
0.4305 	1.94362e-136
0.4312 	1.29352e-136
0.4319 	1.08697e-136
0.4326 	7.89857e-137
0.4333 	3.09143e-137
0.434 	1.07312e-140
0.4347 	9.41878e-141
0.4354 	7.49083e-141
0.4361 	5.10122e-141
0.4368 	4.10011e-141
0.4375 	3.17534e-141
0.4382 	1.39738e-141
0.4389 	3.93778e-145
0.4396 	3.47787e-145
0.4403 	2.84458e-145
0.441 	1.98011e-145
0.4417 	1.52922e-145
0.4424 	1.25719e-145
0.4431 	6.07781e-146
0.4438 	4.67751e-148
0.4445 	3.56749e-148
0.4452 	2.7155e-148
0.4459 	2.50857e-148
0.4466 	2.21349e-148
0.4473 	1.83025e-148
0.448 	1.41679e-148
0.4487 	1.00259e-148
0.4494 	3.79714e-149
0.4501 	-1.18593e-149
0.4508 	2.26832e-149
0.4515 	4.232e-149
0.4522 	3.51264e-149
0.4529 	2.60724e-149
0.4536 	1.66461e-149
0.4543 	4.96457e-150
0.455 	-7.33209e-150
0.4557 	4.72727e-151
0.4564 	6.39134e-150
0.4571 	5.39385e-150
0.4578 	4.0056e-150
0.4585 	2.44221e-150
0.4592 	8.65391e-151
0.4599 	-7.18889e-151
0.4606 	-5.88664e-152
0.4613 	8.92657e-151
0.462 	7.71042e-151
0.4627 	6.01375e-151
0.4634 	3.9203e-151
0.4641 	2.0333e-151
0.4648 	3.52773e-152
0.4655 	5.29948e-152
0.4662 	1.45021e-151
0.4669 	1.34133e-151
0.4676 	1.10836e-151
0.4683 	8.09352e-152
0.469 	5.51604e-152
0.4697 	3.68123e-152
0.4704 	3.06388e-152
0.4711 	3.35961e-152
0.4718 	3.09353e-152
0.4725 	2.63033e-152
0.4732 	2.0436e-152
0.4739 	1.52476e-152
0.4746 	1.25485e-152
0.4753 	1.04758e-152
0.476 	9.23851e-153
0.4767 	8.09818e-153
0.4774 	6.96597e-153
0.4781 	5.49594e-153
0.4788 	4.09149e-153
0.4795 	3.53963e-153
0.4802 	3.00575e-153
0.4809 	2.51682e-153
0.4816 	2.13167e-153
0.4823 	1.8503e-153
0.483 	1.46251e-153
0.4837 	1.07217e-153
0.4844 	9.2428e-154
0.4851 	7.939e-154
0.4858 	6.56676e-154
0.4865 	5.43423e-154
0.4872 	4.73319e-154
0.4879 	3.77034e-154
0.4886 	2.7553e-154
0.4893 	2.29738e-154
0.49 	1.99142e-154
0.4907 	1.64332e-154
0.4914 	1.33393e-154
0.4921 	1.16649e-154
0.4928 	9.39076e-155
0.4935 	6.84832e-155
0.4942 	5.4873e-155
0.4949 	4.78261e-155
0.4956 	3.96394e-155
0.4963 	3.15863e-155
0.497 	2.77414e-155
0.4977 	2.26414e-155
0.4984 	1.6507e-155
0.4991 	1.26564e-155
0.4998 	1.10895e-155
0.5005 	9.25602e-156
0.5012 	7.31594e-156
0.5019 	6.38604e-156
0.5026 	5.29945e-156
0.5033 	3.8691e-156
0.504 	2.8294e-156
0.5047 	2.49286e-156
0.5054 	2.09992e-156
0.5061 	1.66466e-156
0.5068 	1.42762e-156
0.5075 	1.20773e-156
0.5082 	8.84278e-157
0.5089 	6.15137e-157
0.5096 	5.45151e-157
0.5103 	4.64444e-157
0.511 	3.69442e-157
0.5117 	3.10951e-157
0.5124 	2.68791e-157
0.5131 	1.97603e-157
0.5138 	1.30491e-157
0.5145 	1.16356e-157
0.5152 	1.00474e-157
0.5159 	8.02245e-158
0.5166 	6.6207e-158
0.5173 	5.84216e-158
0.518 	4.32941e-158
0.5187 	2.7994e-158
0.5194 	2.43186e-158
0.5201 	2.13305e-158
0.5208 	1.71004e-158
0.5215 	1.38261e-158
0.5222 	1.22722e-158
0.5229 	9.32649e-159
0.5236 	6.10422e-159
0.5243 	4.99362e-159
0.525 	4.45892e-159
0.5257 	3.5898e-159
0.5264 	2.84159e-159
0.5271 	2.53669e-159
0.5278 	1.98123e-159
0.5285 	1.31397e-159
0.5292 	1.01089e-159
0.5299 	9.1014e-160
0.5306 	7.44668e-160
0.5313 	5.76781e-160
0.532 	5.17742e-160
0.5327 	4.16294e-160
0.5334 	2.79958e-160
0.5341 	2.0246e-160
0.5348 	1.83801e-160
0.5355 	1.53175e-160
0.5362 	1.17763e-160
0.5369 	1.04719e-160
0.5376 	8.67958e-161
0.5383 	5.92127e-161
0.539 	4.0264e-161
0.5397 	3.68573e-161
0.5404 	3.13549e-161
0.5411 	2.42807e-161
0.5418 	2.10677e-161
0.5425 	1.8017e-161
0.5432 	1.2471e-161
0.5439 	7.98174e-162
0.5446 	7.36695e-162
0.5453 	6.4111e-162
0.546 	5.00052e-162
0.5467 	4.23229e-162
0.5474 	3.73663e-162
0.5481 	2.62427e-162
0.5488 	1.58351e-162
0.5495 	1.47354e-162
0.5502 	1.31447e-162
0.5509 	1.03262e-162
0.5516 	8.52415e-163
0.5523 	7.73863e-163
0.553 	5.537e-163
0.5537 	3.30271e-163
0.5544 	2.96167e-163
0.5551 	2.71324e-163
0.5558 	2.1466e-163
0.5565 	1.72839e-163
0.5572 	1.57734e-163
0.5579 	1.17575e-163
0.5586 	7.24519e-164
0.5593 	6.00671e-164
0.56 	5.66108e-164
0.5607 	4.5102e-164
0.5614 	3.54298e-164
0.5621 	3.2492e-164
0.5628 	2.52217e-164
0.5635 	1.60217e-164
0.5642 	1.23443e-164
0.5649 	1.17351e-164
0.5656 	9.61563e-165
0.5663 	7.37237e-165
0.567 	6.79192e-165
0.5677 	5.48627e-165
0.5684 	3.58495e-165
0.5691 	2.58079e-165
0.5698 	2.47377e-165
0.5705 	2.08786e-165
0.5712 	1.59041e-165
0.5719 	1.44624e-165
0.5726 	1.21437e-165
0.5733 	8.14569e-166
0.574 	5.50877e-166
0.5747 	5.32182e-166
0.5754 	4.63235e-166
0.5761 	3.566e-166
0.5768 	3.14779e-166
0.5775 	2.74385e-166
0.5782 	1.88554e-166
0.5789 	1.20423e-166
0.5796 	1.17193e-166
0.5803 	1.05308e-166
0.581 	8.18849e-167
0.5817 	7.02284e-167
0.5824 	6.34512e-167
0.5831 	4.4583e-167
0.5838 	2.70235e-167
0.5845 	2.64781e-167
0.5852 	2.45788e-167
0.5859 	1.92948e-167
0.5866 	1.60939e-167
0.5873 	1.4976e-167
0.588 	1.07891e-167
0.5887 	6.53236e-168
0.5894 	6.14682e-168
0.5901 	5.89649e-168
0.5908 	4.67073e-168
0.5915 	3.7928e-168
0.5922 	3.54099e-168
0.5929 	2.67536e-168
0.5936 	1.68839e-168
0.5943 	1.46695e-168
0.595 	1.4543e-168
0.5957 	1.16177e-168
0.5964 	9.1938e-169
0.5971 	8.60834e-169
0.5978 	6.7994e-169
0.5985 	4.4462e-169
0.5992 	3.5973e-169
0.5999 	3.58413e-169
0.6006 	2.96698e-169
0.6013 	2.29042e-169
0.602 	2.14998e-169
0.6027 	1.7699e-169
0.6034 	1.19319e-169
0.6041 	9.05108e-170
0.6048 	9.05647e-170
0.6055 	7.76639e-170
0.6062 	5.95814e-170
0.6069 	5.50673e-170
0.6076 	4.71105e-170
0.6083 	3.26022e-170
0.609 	2.33099e-170
0.6097 	2.34066e-170
0.6104 	2.07823e-170
0.6111 	1.61171e-170
0.6118 	1.44251e-170
0.6125 	1.27907e-170
0.6132 	9.05262e-171
0.6139 	6.12474e-171
0.6146 	6.1677e-171
0.6153 	5.66571e-171
0.616 	4.43712e-171
0.6167 	3.85105e-171
0.6174 	3.53082e-171
0.6181 	2.54748e-171
0.6188 	1.63545e-171
0.6195 	1.65055e-171
0.6202 	1.56734e-171
0.6209 	1.23836e-171
0.6216 	1.0435e-171
0.6223 	9.82752e-172
0.623 	7.24117e-172
0.6237 	4.61019e-172
0.6244 	4.46683e-172
0.6251 	4.38057e-172
0.6258 	3.48878e-172
0.6265 	2.85712e-172
0.6272 	2.69366e-172
0.6279 	2.07137e-172
0.6286 	1.35848e-172
0.6293 	1.21702e-172
0.63 	1.23142e-172
0.6307 	9.878e-173
0.6314 	7.86868e-173
0.6321 	7.42457e-173
0.6328 	5.93975e-173
0.6335 	3.99226e-173
0.6342 	3.32338e-173
0.6349 	3.36484e-173
0.6356 	2.79849e-173
0.6363 	2.16986e-173
0.637 	2.04862e-173
0.6377 	1.70064e-173
0.6384 	1.1667e-173
0.6391 	9.05499e-174
0.6398 	9.17038e-174
0.6405 	7.89812e-174
0.6412 	6.07079e-174
0.6419 	5.63296e-174
0.6426 	4.84195e-174
0.6433 	3.37935e-174
0.644 	2.45021e-174
0.6447 	2.48129e-174
0.6454 	2.21051e-174
0.6461 	1.71334e-174
0.6468 	1.53619e-174
0.6475 	1.36495e-174
0.6482 	9.66501e-175
0.6489 	6.55162e-175
0.6496 	6.63239e-175
0.6503 	6.10508e-175
0.651 	4.76697e-175
0.6517 	4.13381e-175
0.6524 	3.79168e-175
0.6531 	2.71737e-175
0.6538 	1.72124e-175
0.6545 	1.74136e-175
0.6552 	1.65451e-175
0.6559 	1.30022e-175
0.6566 	1.09114e-175
0.6573 	1.02729e-175
0.658 	7.47073e-176
0.6587 	4.61985e-176
0.6594 	4.46043e-176
0.6601 	4.37028e-176
0.6608 	3.45345e-176
0.6615 	2.80515e-176
0.6622 	2.64022e-176
0.6629 	1.99527e-176
0.6636 	1.25553e-176
0.6643 	1.10533e-176
0.665 	1.11592e-176
0.6657 	8.85918e-177
0.6664 	6.9636e-177
0.6671 	6.55101e-177
0.6678 	5.13507e-177
0.6685 	3.27307e-177
0.6692 	2.62182e-177
0.6699 	2.64322e-177
0.6706 	2.17178e-177
0.6713 	1.65069e-177
0.672 	1.5518e-177
0.6727 	1.26012e-177
0.6734 	8.10308e-178
0.6741 	5.87347e-178
0.6748 	5.91238e-178
0.6755 	5.02232e-178
0.6762 	3.76068e-178
0.6769 	3.46271e-178
0.6776 	2.91146e-178
0.6783 	1.88219e-178
0.679 	1.22277e-178
0.6797 	1.22905e-178
0.6804 	1.07863e-178
0.6811 	8.10663e-179
0.6818 	7.16289e-179
0.6825 	6.23787e-179
0.6832 	4.0428e-179
0.6839 	2.32014e-179
0.6846 	2.32967e-179
0.6853 	2.11214e-179
0.686 	1.59186e-179
0.6867 	1.34831e-179
0.6874 	1.21767e-179
0.6881 	7.89735e-180
0.6888 	3.92478e-180
0.6895 	3.94115e-180
0.6902 	3.69467e-180
0.6909 	2.79112e-180
0.6916 	2.26329e-180
0.6923 	2.11119e-180
0.693 	1.37799e-180
0.6937 	6.31663e-181
0.6944 	5.81708e-181
0.6951 	5.6521e-181
0.6958 	4.2805e-181
0.6965 	3.32813e-181
0.6972 	3.13035e-181
0.6979 	2.25875e-181
0.6986 	1.25403e-181
0.6993 	1.17008e-181
0.7 	1.33725e-181
