0 	1
0.0007 	1
0.0014 	1
0.0021 	1
0.0028 	1
0.0035 	1
0.0042 	1
0.0049 	1
0.0056 	1
0.0063 	1
0.007 	1
0.0077 	1
0.0084 	1
0.0091 	1
0.0098 	1
0.0105 	1
0.0112 	1
0.0119 	1
0.0126 	1
0.0133 	1
0.014 	1
0.0147 	1
0.0154 	1
0.0161 	1
0.0168 	1
0.0175 	1
0.0182 	1
0.0189 	1
0.0196 	1
0.0203 	1
0.021 	1
0.0217 	1
0.0224 	1
0.0231 	1
0.0238 	1
0.0245 	1
0.0252 	1
0.0259 	1
0.0266 	1
0.0273 	1
0.028 	1
0.0287 	1
0.0294 	1
0.0301 	1
0.0308 	1
0.0315 	1
0.0322 	1
0.0329 	1
0.0336 	1
0.0343 	1
0.035 	1
0.0357 	1
0.0364 	1
0.0371 	1
0.0378 	1
0.0385 	1
0.0392 	1
0.0399 	1
0.0406 	1
0.0413 	1
0.042 	1
0.0427 	1
0.0434 	1
0.0441 	1
0.0448 	1
0.0455 	1
0.0462 	1
0.0469 	1
0.0476 	1
0.0483 	1
0.049 	1
0.0497 	1
0.0504 	1
0.0511 	1
0.0518 	1
0.0525 	1
0.0532 	1
0.0539 	1
0.0546 	1
0.0553 	1
0.056 	1
0.0567 	1
0.0574 	1
0.0581 	1
0.0588 	1
0.0595 	1
0.0602 	1
0.0609 	1
0.0616 	1
0.0623 	1
0.063 	1
0.0637 	1
0.0644 	1
0.0651 	1
0.0658 	1
0.0665 	1
0.0672 	1
0.0679 	1
0.0686 	1
0.0693 	1
0.07 	1
0.0707 	1
0.0714 	1
0.0721 	1
0.0728 	1
0.0735 	1
0.0742 	1
0.0749 	1
0.0756 	1
0.0763 	1
0.077 	1
0.0777 	1
0.0784 	1
0.0791 	1
0.0798 	1
0.0805 	1
0.0812 	1
0.0819 	1
0.0826 	1
0.0833 	1
0.084 	1
0.0847 	1
0.0854 	1
0.0861 	1
0.0868 	1
0.0875 	1
0.0882 	1
0.0889 	1
0.0896 	1
0.0903 	1
0.091 	1
0.0917 	1
0.0924 	1
0.0931 	1
0.0938 	1
0.0945 	1
0.0952 	1
0.0959 	1
0.0966 	1
0.0973 	1
0.098 	1
0.0987 	1
0.0994 	1
0.1001 	1
0.1008 	1
0.1015 	1
0.1022 	1
0.1029 	1
0.1036 	1
0.1043 	1
0.105 	1
0.1057 	1
0.1064 	1
0.1071 	1
0.1078 	1
0.1085 	1
0.1092 	1
0.1099 	1
0.1106 	1
0.1113 	1
0.112 	1
0.1127 	1
0.1134 	1
0.1141 	1
0.1148 	1
0.1155 	1
0.1162 	1
0.1169 	1
0.1176 	1
0.1183 	1
0.119 	1
0.1197 	1
0.1204 	1
0.1211 	1
0.1218 	1
0.1225 	1
0.1232 	1
0.1239 	1
0.1246 	1
0.1253 	1
0.126 	1
0.1267 	1
0.1274 	1
0.1281 	1
0.1288 	1
0.1295 	1
0.1302 	1
0.1309 	1
0.1316 	1
0.1323 	1
0.133 	1
0.1337 	1
0.1344 	1
0.1351 	1
0.1358 	1
0.1365 	1
0.1372 	1
0.1379 	1
0.1386 	1
0.1393 	1
0.14 	1
0.1407 	1
0.1414 	1
0.1421 	1
0.1428 	1
0.1435 	1
0.1442 	1
0.1449 	1
0.1456 	1
0.1463 	1
0.147 	1
0.1477 	1
0.1484 	1
0.1491 	1
0.1498 	1
0.1505 	1
0.1512 	1
0.1519 	1
0.1526 	1
0.1533 	1
0.154 	1
0.1547 	1
0.1554 	1
0.1561 	1
0.1568 	1
0.1575 	1
0.1582 	1
0.1589 	1
0.1596 	1
0.1603 	1
0.161 	1
0.1617 	1
0.1624 	1
0.1631 	1
0.1638 	1
0.1645 	1
0.1652 	1
0.1659 	1
0.1666 	1
0.1673 	1
0.168 	1
0.1687 	1
0.1694 	1
0.1701 	1
0.1708 	1
0.1715 	1
0.1722 	1
0.1729 	1
0.1736 	1
0.1743 	1
0.175 	1
0.1757 	1
0.1764 	1
0.1771 	1
0.1778 	1
0.1785 	1
0.1792 	1
0.1799 	1
0.1806 	1
0.1813 	1
0.182 	1
0.1827 	1
0.1834 	1
0.1841 	1
0.1848 	1
0.1855 	1
0.1862 	1
0.1869 	1
0.1876 	1
0.1883 	1
0.189 	1
0.1897 	1
0.1904 	1
0.1911 	1
0.1918 	1
0.1925 	1
0.1932 	1
0.1939 	1
0.1946 	1
0.1953 	1
0.196 	1
0.1967 	1
0.1974 	1
0.1981 	1
0.1988 	1
0.1995 	1
0.2002 	1
0.2009 	1
0.2016 	1
0.2023 	1
0.203 	1
0.2037 	1
0.2044 	1
0.2051 	1
0.2058 	1
0.2065 	1
0.2072 	1
0.2079 	1
0.2086 	1
0.2093 	1
0.21 	1
0.2107 	1
0.2114 	1
0.2121 	1
0.2128 	1
0.2135 	1
0.2142 	1
0.2149 	1
0.2156 	1
0.2163 	1
0.217 	1
0.2177 	1
0.2184 	1
0.2191 	1
0.2198 	1
0.2205 	1
0.2212 	1
0.2219 	1
0.2226 	1
0.2233 	1
0.224 	1
0.2247 	1
0.2254 	1
0.2261 	1
0.2268 	1
0.2275 	1
0.2282 	1
0.2289 	1
0.2296 	1
0.2303 	1
0.231 	1
0.2317 	1
0.2324 	1
0.2331 	1
0.2338 	1
0.2345 	1
0.2352 	1
0.2359 	0.999998
0.2366 	0.999997
0.2373 	0.999996
0.238 	0.999995
0.2387 	0.999994
0.2394 	0.999993
0.2401 	0.999988
0.2408 	0.999965
0.2415 	0.999942
0.2422 	0.999918
0.2429 	0.999895
0.2436 	0.999872
0.2443 	0.999848
0.245 	0.999825
0.2457 	0.999412
0.2464 	0.998999
0.2471 	0.998586
0.2478 	0.998173
0.2485 	0.997761
0.2492 	0.997348
0.2499 	0.996935
0.2506 	0.988678
0.2513 	0.979109
0.252 	0.969539
0.2527 	0.959968
0.2534 	0.950398
0.2541 	0.940827
0.2548 	0.931257
0.2555 	0.892138
0.2562 	0.841183
0.2569 	0.790226
0.2576 	0.73927
0.2583 	0.688313
0.259 	0.637357
0.2597 	0.5864
0.2604 	0.530755
0.2611 	0.471657
0.2618 	0.41256
0.2625 	0.353463
0.2632 	0.294366
0.2639 	0.235268
0.2646 	0.176171
0.2653 	0.134433
0.266 	0.11582
0.2667 	0.0972073
0.2674 	0.0785953
0.2681 	0.0599833
0.2688 	0.0413713
0.2695 	0.0227593
0.2702 	0.00910071
0.2709 	0.00779153
0.2716 	0.00648239
0.2723 	0.00517329
0.273 	0.00386419
0.2737 	0.00255509
0.2744 	0.00124599
0.2751 	0.000122221
0.2758 	0.000104791
0.2765 	8.73623e-05
0.2772 	6.99331e-05
0.2779 	5.25039e-05
0.2786 	3.50747e-05
0.2793 	1.76455e-05
0.28 	2.27424e-07
0.2807 	1.95582e-07
0.2814 	1.63749e-07
0.2821 	1.31913e-07
0.2828 	1.00078e-07
0.2835 	6.82418e-08
0.2842 	3.6406e-08
0.2849 	4.57019e-09
0.2856 	3.75548e-11
0.2863 	3.15818e-11
0.287 	2.56066e-11
0.2877 	1.96313e-11
0.2884 	1.3656e-11
0.2891 	7.68079e-12
0.2898 	1.70554e-12
0.2905 	1.956e-15
0.2912 	1.65186e-15
0.2919 	1.34757e-15
0.2926 	1.04326e-15
0.2933 	7.38954e-16
0.294 	4.34648e-16
0.2947 	1.30342e-16
0.2954 	1.12729e-19
0.2961 	9.55842e-20
0.2968 	7.84295e-20
0.2975 	6.12721e-20
0.2982 	4.41147e-20
0.2989 	2.69574e-20
0.2996 	9.80002e-21
0.3003 	6.52507e-24
0.301 	5.55393e-24
0.3017 	4.58221e-24
0.3024 	3.61018e-24
0.3031 	2.63814e-24
0.3038 	1.66611e-24
0.3045 	6.94073e-25
0.3052 	3.78156e-28
0.3059 	3.23055e-28
0.3066 	2.67923e-28
0.3073 	2.12759e-28
0.308 	1.57596e-28
0.3087 	1.02433e-28
0.3094 	4.72692e-29
0.3101 	2.171e-32
0.3108 	1.86117e-32
0.3115 	1.55119e-32
0.3122 	1.24093e-32
0.3129 	9.3068e-33
0.3136 	6.20426e-33
0.3143 	3.10173e-33
0.315 	1.21742e-36
0.3157 	1.04713e-36
0.3164 	8.76841e-37
0.3171 	7.06335e-37
0.3178 	5.35829e-37
0.3185 	3.65323e-37
0.3192 	1.94817e-37
0.3199 	2.43112e-38
0.3206 	5.68449e-41
0.3213 	4.78139e-41
0.322 	3.87675e-41
0.3227 	2.97212e-41
0.3234 	2.06748e-41
0.3241 	1.16284e-41
0.3248 	2.58204e-42
0.3255 	2.95592e-45
0.3262 	2.49689e-45
0.3269 	2.03697e-45
0.3276 	1.57697e-45
0.3283 	1.11698e-45
0.329 	6.5699e-46
0.3297 	1.96998e-46
0.3304 	1.4685e-49
0.3311 	1.24544e-49
0.3318 	1.02198e-49
0.3325 	7.98406e-50
0.3332 	5.74832e-50
0.3339 	3.51258e-50
0.3346 	1.27684e-50
0.3353 	6.97436e-54
0.336 	5.93769e-54
0.3367 	4.89932e-54
0.3374 	3.85999e-54
0.3381 	2.82067e-54
0.3388 	1.78135e-54
0.3395 	7.42024e-55
0.3402 	3.1739e-58
0.3409 	2.71202e-58
0.3416 	2.2495e-58
0.3423 	1.78633e-58
0.343 	1.32317e-58
0.3437 	8.60003e-59
0.3444 	3.96838e-59
0.3451 	1.38787e-62
0.3458 	1.19005e-62
0.3465 	9.92014e-63
0.3472 	7.93597e-63
0.3479 	5.9518e-63
0.3486 	3.96763e-63
0.3493 	1.98346e-63
0.35 	5.84603e-67
0.3507 	5.02933e-67
0.3514 	4.21228e-67
0.3521 	3.39316e-67
0.3528 	2.57405e-67
0.3535 	1.75494e-67
0.3542 	9.35826e-68
0.3549 	1.16713e-68
0.3556 	2.05071e-71
0.3563 	1.72531e-71
0.357 	1.39887e-71
0.3577 	1.07244e-71
0.3584 	7.46009e-72
0.3591 	4.19576e-72
0.3598 	9.31429e-73
0.3605 	8.0759e-76
0.3612 	6.82331e-76
0.3619 	5.56656e-76
0.3626 	4.30948e-76
0.3633 	3.05241e-76
0.364 	1.79533e-76
0.3647 	5.38259e-77
0.3654 	3.07281e-80
0.3661 	2.6066e-80
0.3668 	2.13903e-80
0.3675 	1.67107e-80
0.3682 	1.20312e-80
0.3689 	7.35169e-81
0.3696 	2.67216e-81
0.3703 	1.12962e-84
0.371 	9.61892e-85
0.3717 	7.93743e-85
0.3724 	6.25359e-85
0.3731 	4.56975e-85
0.3738 	2.88591e-85
0.3745 	1.20206e-85
0.3752 	4.01147e-89
0.3759 	3.42828e-89
0.3766 	2.84391e-89
0.3773 	2.25835e-89
0.378 	1.67279e-89
0.3787 	1.08723e-89
0.3794 	5.01666e-90
0.3801 	1.34374e-93
0.3808 	1.14489e-93
0.3815 	9.47026e-94
0.3822 	7.50918e-94
0.3829 	5.54811e-94
0.3836 	3.58703e-94
0.3843 	1.62595e-94
0.385 	-3.33865e-95
0.3857 	-3.50543e-95
0.3864 	-3.66639e-95
0.3871 	-3.80514e-95
0.3878 	-3.94389e-95
0.3885 	-4.08265e-95
0.3892 	-4.2214e-95
0.3899 	-4.36015e-95
0.3906 	-3.79921e-95
0.3913 	-3.1592e-95
0.392 	-3.01248e-95
0.3927 	-2.86575e-95
0.3934 	-2.71902e-95
0.3941 	-2.57229e-95
0.3948 	-2.42557e-95
0.3955 	-2.05574e-95
0.3962 	-1.59614e-95
0.3969 	-1.45305e-95
0.3976 	-1.33432e-95
0.3983 	-1.21558e-95
0.399 	-1.09684e-95
0.3997 	-9.78103e-96
0.4004 	-8.15283e-96
0.4011 	-6.19053e-96
0.4018 	-5.34891e-96
0.4025 	-4.81293e-96
0.4032 	-4.27695e-96
0.4039 	-3.74096e-96
0.4046 	-3.20498e-96
0.4053 	-2.62244e-96
0.406 	-1.97609e-96
0.4067 	-1.62784e-96
0.4074 	-1.44521e-96
0.4081 	-1.26258e-96
0.4088 	-1.07995e-96
0.4095 	-8.97316e-97
0.4102 	-7.1658e-97
0.4109 	-5.39792e-97
0.4116 	-4.25782e-97
0.4123 	-3.74548e-97
0.413 	-3.23314e-97
0.4137 	-2.7208e-97
0.4144 	-2.20846e-97
0.4151 	-1.71027e-97
0.4158 	-1.29289e-97
0.4165 	-9.80481e-98
0.4172 	-8.57024e-98
0.4179 	-7.33566e-98
0.4186 	-6.10109e-98
0.4193 	-4.86652e-98
0.42 	-3.63292e-98
0.4207 	-2.76201e-98
0.4214 	-2.02128e-98
0.4221 	-1.75909e-98
0.4228 	-1.49689e-98
0.4235 	-1.2347e-98
0.4242 	-9.72508e-99
0.4249 	-7.10315e-99
0.4256 	-5.33017e-99
0.4263 	-3.77667e-99
0.427 	-3.27731e-99
0.4277 	-2.77795e-99
0.4284 	-2.27859e-99
0.4291 	-1.77923e-99
0.4298 	-1.27986e-99
0.4305 	-9.38414e-100
0.4312 	-6.59451e-100
0.4319 	-5.59322e-100
0.4326 	-4.7295e-100
0.4333 	-3.86578e-100
0.434 	-3.00206e-100
0.4347 	-2.13834e-100
0.4354 	-1.51922e-100
0.4361 	-1.08215e-100
0.4368 	-8.80859e-101
0.4375 	-7.43878e-101
0.4382 	-6.06896e-101
0.4389 	-4.69915e-101
0.4396 	-3.32934e-101
0.4403 	-2.2764e-101
0.441 	-1.64309e-101
0.4417 	-1.28787e-101
0.4424 	-1.08716e-101
0.4431 	-8.86443e-102
0.4438 	-6.85729e-102
0.4445 	-4.85014e-102
0.4452 	-3.17431e-102
0.4459 	-2.32054e-102
0.4466 	-1.75695e-102
0.4473 	-1.48355e-102
0.448 	-1.21014e-102
0.4487 	-9.3674e-103
0.4494 	-6.63336e-103
0.4501 	-4.1385e-103
0.4508 	-3.06233e-103
0.4515 	-2.24621e-103
0.4522 	-1.89821e-103
0.4529 	-1.55021e-103
0.4536 	-1.20221e-103
0.4543 	-8.5421e-104
0.455 	-5.06454e-104
0.4557 	-3.79122e-104
0.4564 	-2.7013e-104
0.4571 	-2.28558e-104
0.4578 	-1.86987e-104
0.4585 	-1.45415e-104
0.4592 	-1.03844e-104
0.4599 	-6.22721e-105
0.4606 	-4.41877e-105
0.4613 	-3.06587e-105
0.462 	-2.59804e-105
0.4627 	-2.13021e-105
0.4634 	-1.66238e-105
0.4641 	-1.19455e-105
0.4648 	-7.26723e-106
0.4655 	-4.8638e-106
0.4662 	-3.36503e-106
0.4669 	-2.79592e-106
0.4676 	-2.29832e-106
0.4683 	-1.80072e-106
0.469 	-1.30313e-106
0.4697 	-8.05529e-107
0.4704 	-5.07015e-107
0.4711 	-3.57123e-107
0.4718 	-2.85586e-107
0.4725 	-2.35418e-107
0.4732 	-1.85251e-107
0.4739 	-1.35083e-107
0.4746 	-8.49155e-108
0.4753 	-5.01804e-108
0.476 	-3.59304e-108
0.4767 	-2.77512e-108
0.4774 	-2.29445e-108
0.4781 	-1.81379e-108
0.4788 	-1.33312e-108
0.4795 	-8.52456e-109
0.4802 	-4.72616e-109
0.4809 	-3.43546e-109
0.4816 	-2.57078e-109
0.4823 	-2.13211e-109
0.483 	-1.69343e-109
0.4837 	-1.25476e-109
0.4844 	-8.16091e-110
0.4851 	-4.24475e-110
0.4858 	-3.12864e-110
0.4865 	-2.27466e-110
0.4872 	-1.89252e-110
0.4879 	-1.51038e-110
0.4886 	-1.12824e-110
0.4893 	-7.46099e-111
0.49 	-3.64211e-111
0.4907 	-2.7193e-111
0.4914 	-1.92574e-111
0.4921 	-1.60738e-111
0.4928 	-1.28902e-111
0.4935 	-9.70665e-112
0.4942 	-6.52307e-112
0.4949 	-3.33949e-112
0.4956 	-2.25996e-112
0.4963 	-1.56247e-112
0.497 	-1.30839e-112
0.4977 	-1.05431e-112
0.4984 	-8.00222e-113
0.4991 	-5.46138e-113
0.4998 	-2.92054e-113
0.5005 	-1.79902e-113
0.5012 	-1.24263e-113
0.5019 	-1.0222e-113
0.5026 	-8.27623e-114
0.5033 	-6.33042e-114
0.504 	-4.3846e-114
0.5047 	-2.43879e-114
0.5054 	-1.37389e-114
0.5061 	-9.67228e-115
0.5068 	-7.67574e-115
0.5075 	-6.24378e-115
0.5082 	-4.81182e-115
0.5089 	-3.37986e-115
0.5096 	-1.94791e-115
0.5103 	-1.00808e-115
0.511 	-7.22032e-116
0.5117 	-5.54684e-116
0.5124 	-4.53278e-116
0.5131 	-3.51873e-116
0.5138 	-2.50468e-116
0.5145 	-1.49063e-116
0.5152 	-7.11627e-117
0.5159 	-5.17756e-117
0.5166 	-3.86225e-117
0.5173 	-3.17034e-117
0.518 	-2.47844e-117
0.5187 	-1.78653e-117
0.5194 	-1.09462e-117
0.5201 	-4.83935e-118
0.5208 	-3.57173e-118
0.5215 	-2.59419e-118
0.5222 	-2.13877e-118
0.5229 	-1.68335e-118
0.5236 	-1.22793e-118
0.5243 	-7.72511e-119
0.525 	-3.1738e-119
0.5257 	-2.37362e-119
0.5264 	-1.68265e-119
0.5271 	-1.39316e-119
0.5278 	-1.10367e-119
0.5285 	-8.14177e-120
0.5292 	-5.24686e-120
0.5299 	-2.35195e-120
0.5306 	-1.52151e-120
0.5313 	-1.05502e-120
0.532 	-8.77122e-121
0.5327 	-6.9922e-121
0.5334 	-5.21318e-121
0.5341 	-3.43417e-121
0.5348 	-1.65515e-121
0.5355 	-9.41844e-122
0.5362 	-6.5313e-122
0.5369 	-5.34267e-122
0.5376 	-4.28469e-122
0.5383 	-3.22672e-122
0.539 	-2.16874e-122
0.5397 	-1.11076e-122
0.5404 	-5.63644e-123
0.5411 	-3.98422e-123
0.5418 	-3.15133e-123
0.5425 	-2.54189e-123
0.5432 	-1.93245e-123
0.5439 	-1.32301e-123
0.5446 	-7.13568e-124
0.5453 	-3.26439e-124
0.546 	-2.34772e-124
0.5467 	-1.80154e-124
0.5474 	-1.46119e-124
0.5481 	-1.12084e-124
0.5488 	-7.80481e-125
0.5495 	-4.40127e-125
0.5502 	-1.83144e-125
0.5509 	-1.33797e-125
0.5516 	-9.99018e-126
0.5523 	-8.14582e-126
0.553 	-6.30147e-126
0.5537 	-4.45712e-126
0.5544 	-2.61277e-126
0.5551 	-9.96261e-127
0.5558 	-7.38298e-127
0.5565 	-5.37803e-127
0.5572 	-4.40748e-127
0.5579 	-3.43693e-127
0.5586 	-2.46638e-127
0.5593 	-1.49584e-127
0.56 	-5.25879e-128
0.5607 	-3.94874e-128
0.5614 	-2.81271e-128
0.5621 	-2.31637e-128
0.5628 	-1.82002e-128
0.5635 	-1.32367e-128
0.5642 	-8.27328e-129
0.5649 	-3.30982e-129
0.5656 	-2.04903e-129
0.5663 	-1.43019e-129
0.567 	-1.18333e-129
0.5677 	-9.3646e-130
0.5684 	-6.89593e-130
0.5691 	-4.42727e-130
0.5698 	-1.9586e-130
0.5705 	-1.03251e-130
0.5712 	-7.21215e-131
0.5719 	-5.88018e-131
0.5726 	-4.68522e-131
0.5733 	-3.49025e-131
0.574 	-2.29528e-131
0.5747 	-1.10031e-131
0.5754 	-5.05666e-132
0.5761 	-3.59914e-132
0.5768 	-2.8442e-132
0.5775 	-2.28088e-132
0.5782 	-1.71756e-132
0.5789 	-1.15424e-132
0.5796 	-5.90921e-133
0.5803 	-2.40884e-133
0.581 	-1.74384e-133
0.5817 	-1.33997e-133
0.5824 	-1.08119e-133
0.5831 	-8.22404e-134
0.5838 	-5.63619e-134
0.5845 	-3.04834e-134
0.5852 	-1.117e-134
0.5859 	-8.2116e-135
0.5866 	-6.15279e-135
0.5873 	-4.99355e-135
0.588 	-3.8343e-135
0.5887 	-2.67505e-135
0.5894 	-1.51581e-135
0.5901 	-5.04554e-136
0.5908 	-3.76156e-136
0.5915 	-2.75519e-136
0.5922 	-2.24852e-136
0.5929 	-1.74185e-136
0.5936 	-1.23518e-136
0.5943 	-7.28513e-137
0.595 	-2.22145e-137
0.5957 	-1.67763e-137
0.5964 	-1.20389e-137
0.5971 	-9.87698e-138
0.5978 	-7.71511e-138
0.5985 	-5.55324e-138
0.5992 	-3.39137e-138
0.5999 	-1.22949e-138
0.6006 	-7.29057e-139
0.6013 	-5.13594e-139
0.602 	-4.23492e-139
0.6027 	-3.3339e-139
0.6034 	-2.43288e-139
0.6041 	-1.53186e-139
0.6048 	-6.30841e-140
0.6055 	-3.08947e-140
0.6062 	-2.17919e-140
0.6069 	-1.77338e-140
0.6076 	-1.40638e-140
0.6083 	-1.03938e-140
0.609 	-6.72377e-141
0.6097 	-3.05376e-141
0.6104 	-1.27751e-141
0.6111 	-9.17621e-142
0.6118 	-7.25655e-142
0.6125 	-5.79487e-142
0.6132 	-4.33318e-142
0.6139 	-2.8715e-142
0.6146 	-1.40981e-142
0.6153 	-5.15812e-143
0.616 	-3.76627e-143
0.6167 	-2.90306e-143
0.6174 	-2.33354e-143
0.6181 	-1.76402e-143
0.6188 	-1.1945e-143
0.6195 	-6.24986e-144
0.6202 	-2.03485e-144
0.6209 	-1.50805e-144
0.6216 	-1.13605e-144
0.6223 	-9.18864e-145
0.623 	-7.01675e-145
0.6237 	-4.84485e-145
0.6244 	-2.67296e-145
0.6251 	-7.84777e-146
0.6258 	-5.89551e-146
0.6265 	-4.35082e-146
0.6272 	-3.53977e-146
0.6279 	-2.72872e-146
0.6286 	-1.91767e-146
0.6293 	-1.10662e-146
0.63 	-2.96035e-147
0.6307 	-2.25188e-147
0.6314 	-1.63147e-147
0.6321 	-1.33476e-147
0.6328 	-1.03805e-147
0.6335 	-7.41338e-148
0.6342 	-4.44627e-148
0.6349 	-1.47915e-148
0.6356 	-8.40974e-149
0.6363 	-5.99273e-149
0.637 	-4.92886e-149
0.6377 	-3.86499e-149
0.6384 	-2.80112e-149
0.6391 	-1.73726e-149
0.6398 	-6.73388e-150
0.6405 	-3.07261e-150
0.6412 	-2.19333e-150
0.6419 	-1.78322e-150
0.6426 	-1.40921e-150
0.6433 	-1.03519e-150
0.644 	-6.61169e-151
0.6447 	-2.87151e-151
0.6454 	-1.09895e-151
0.6461 	-7.98175e-152
0.6468 	-6.3238e-152
0.6475 	-5.03398e-152
0.6482 	-3.74416e-152
0.6489 	-2.45433e-152
0.6496 	-1.16451e-152
0.6503 	-3.8498e-153
0.651 	-2.84028e-153
0.6517 	-2.19914e-153
0.6524 	-1.76265e-153
0.6531 	-1.32616e-153
0.6538 	-8.89672e-154
0.6545 	-4.53184e-154
0.6552 	-1.32165e-154
0.6559 	-9.8906e-155
0.6566 	-7.50262e-155
0.6573 	-6.05254e-155
0.658 	-4.60246e-155
0.6587 	-3.15238e-155
0.6594 	-1.7023e-155
0.6601 	-4.44867e-156
0.6608 	-3.37274e-156
0.6615 	-2.5121e-156
0.6622 	-2.039e-156
0.6629 	-1.56591e-156
0.6636 	-1.09281e-156
0.6643 	-6.19707e-157
0.665 	-1.46879e-157
0.6657 	-1.12698e-157
0.6664 	-8.25845e-158
0.6671 	-6.74205e-158
0.6678 	-5.22565e-158
0.6685 	-3.70925e-158
0.6692 	-2.19286e-158
0.6699 	-6.76457e-159
0.6706 	-3.69214e-159
0.6713 	-2.66662e-159
0.672 	-2.18895e-159
0.6727 	-1.71128e-159
0.6734 	-1.23361e-159
0.6741 	-7.55935e-160
0.6748 	-2.78263e-160
0.6755 	-1.18659e-160
0.6762 	-8.58873e-161
0.6769 	-6.98103e-161
0.6776 	-5.50175e-161
0.6783 	-4.02247e-161
0.679 	-2.54319e-161
0.6797 	-1.06391e-161
0.6804 	-3.74285e-162
0.6811 	-2.75371e-162
0.6818 	-2.18777e-162
0.6825 	-1.73725e-162
0.6832 	-1.28673e-162
0.6839 	-8.36208e-163
0.6846 	-3.85687e-163
0.6853 	-1.15926e-163
0.686 	-8.65608e-164
0.6867 	-6.73961e-164
0.6874 	-5.38985e-164
0.6881 	-4.04008e-164
0.6888 	-2.69031e-164
0.6895 	-1.34055e-164
0.6902 	-3.52713e-165
0.6909 	-2.66939e-165
0.6916 	-2.04156e-165
0.6923 	-1.64364e-165
0.693 	-1.24571e-165
0.6937 	-8.47785e-166
0.6944 	-4.49859e-166
0.6951 	-1.05587e-166
0.6958 	-8.16059e-167
0.6965 	-6.21799e-167
0.6972 	-5.09523e-167
0.6979 	-3.97247e-167
0.6986 	-2.84971e-167
0.6993 	-1.72696e-167
0.7 	-6.04858e-168
