0 	1
0.0007 	1
0.0014 	1
0.0021 	1
0.0028 	1
0.0035 	1
0.0042 	1
0.0049 	1
0.0056 	1
0.007 	1
0.0077 	1
0.0084 	1
0.0091 	1
0.0098 	1
0.0105 	1
0.0112 	1
0.0119 	1
0.0126 	1
0.0133 	1
0.014 	1
0.0147 	1
0.0154 	1
0.0161 	1
0.0168 	1
0.0175 	1
0.0182 	1
0.0189 	1
0.0196 	1
0.0203 	1
0.021 	1
0.0217 	1
0.0224 	1
0.0231 	1
0.0238 	1
0.0245 	1
0.0252 	1
0.0259 	1
0.0266 	1
0.0273 	1
0.028 	1
0.0287 	1
0.0294 	1
0.0301 	1
0.0308 	1
0.0315 	1
0.0322 	1
0.0329 	1
0.0336 	1
0.0343 	1
0.035 	1
0.0357 	1
0.0364 	1
0.0371 	1
0.0378 	1
0.0385 	1
0.0392 	1
0.0399 	1
0.0406 	1
0.0413 	1
0.042 	1
0.0427 	1
0.0434 	1
0.0441 	1
0.0448 	1
0.0455 	1
0.0462 	1
0.0469 	1
0.0476 	1
0.0483 	1
0.049 	1
0.0497 	1
0.0504 	1
0.0511 	1
0.0518 	1
0.0525 	1
0.0532 	1
0.0539 	1
0.0546 	1
0.0553 	1
0.056 	1
0.0567 	1
0.0574 	1
0.0581 	1
0.0588 	1
0.0595 	1
0.0602 	1
0.0609 	1
0.0616 	1
0.0623 	1
0.063 	1
0.0637 	1
0.0644 	1
0.0651 	1
0.0658 	1
0.0665 	1
0.0672 	1
0.0679 	1
0.0686 	1
0.0693 	1
0.07 	1
0.0707 	1
0.0714 	1
0.0728 	1
0.0735 	1
0.0742 	1
0.0749 	1
0.0756 	1
0.0763 	1
0.077 	1
0.0777 	1
0.0784 	1
0.0791 	1
0.0798 	1
0.0805 	1
0.0812 	1
0.0819 	1
0.0826 	1
0.0833 	1
0.084 	1
0.0847 	1
0.0854 	1
0.0861 	1
0.0868 	1
0.0875 	1
0.0882 	1
0.0889 	1
0.0896 	1
0.0903 	1
0.091 	1
0.0917 	1
0.0924 	1
0.0931 	1
0.0938 	1
0.0945 	1
0.0952 	1
0.0959 	1
0.0966 	1
0.0973 	1
0.098 	1
0.0987 	1
0.0994 	1
0.1001 	1
0.1008 	1
0.1015 	1
0.1022 	1
0.1029 	1
0.1036 	1
0.1043 	1
0.105 	1
0.1057 	1
0.1064 	1
0.1071 	1
0.1078 	1
0.1085 	1
0.1092 	1
0.1099 	1
0.1106 	1
0.1113 	1
0.112 	1
0.1127 	1
0.1134 	1
0.1148 	1
0.1155 	1
0.1162 	1
0.1169 	1
0.1176 	1
0.1183 	1
0.119 	1
0.1197 	1
0.1204 	1
0.1211 	1
0.1218 	1
0.1225 	1
0.1239 	1
0.1246 	1
0.1253 	1
0.126 	1
0.1267 	1
0.1274 	1
0.1281 	1
0.1288 	1
0.1295 	1
0.1302 	1
0.1309 	1
0.1316 	1
0.1323 	1
0.133 	1
0.1337 	1
0.1344 	1
0.1351 	1
0.1358 	1
0.1365 	1
0.1372 	1
0.1379 	1
0.1386 	1
0.1393 	1
0.14 	1
0.1407 	1
0.1414 	1
0.1421 	1
0.1428 	1
0.1435 	1
0.1442 	1
0.1449 	1
0.1456 	1
0.1463 	1
0.1477 	1
0.1484 	1
0.1491 	1
0.1498 	1
0.1505 	1
0.1512 	1
0.1519 	1
0.1526 	1
0.1533 	1
0.154 	1
0.1547 	1
0.1554 	1
0.1561 	1
0.1568 	1
0.1575 	1
0.1582 	1
0.1589 	1
0.1596 	1
0.1603 	1
0.161 	1
0.1617 	1
0.1624 	1
0.1631 	1
0.1645 	1
0.1652 	1
0.1659 	1
0.1666 	1
0.1673 	1
0.168 	1
0.1687 	1
0.1694 	1
0.1701 	1
0.1708 	1
0.1715 	1
0.1722 	1
0.1729 	1
0.1736 	1
0.1743 	1
0.175 	1
0.1757 	1
0.1764 	1
0.1778 	1
0.1785 	1
0.1792 	1
0.1799 	1
0.1806 	1
0.1813 	1
0.182 	1
0.1827 	1
0.1834 	1
0.1841 	1
0.1848 	1
0.1855 	1
0.1862 	1
0.1869 	1
0.1876 	1
0.1883 	1
0.189 	1
0.1897 	1
0.1904 	1
0.1911 	1
0.1918 	1
0.1925 	1
0.1932 	1
0.1939 	1
0.1946 	1
0.1953 	1
0.196 	1
0.1967 	1
0.1974 	1
0.1981 	1
0.1988 	1
0.1995 	1
0.2002 	1
0.2009 	1
0.2016 	1
0.2023 	1
0.203 	1
0.2044 	1
0.2051 	1
0.2058 	1
0.2065 	1
0.2072 	1
0.2079 	1
0.2086 	1
0.2093 	1
0.21 	1
0.2107 	1
0.2114 	1
0.2121 	1
0.2128 	1
0.2135 	1
0.2142 	1
0.2149 	1
0.2156 	1
0.2163 	1
0.217 	1
0.2177 	1
0.2184 	1
0.2191 	1
0.2198 	1
0.2205 	1
0.2212 	1
0.2219 	1
0.2226 	1
0.2233 	1
0.224 	1
0.2247 	1
0.2254 	1
0.2261 	1
0.2268 	1
0.2275 	1
0.2289 	1
0.2296 	1
0.2303 	1
0.231 	0.999999
0.2317 	0.999999
0.2324 	0.999999
0.2331 	0.999998
0.2338 	0.999998
0.2345 	0.999997
0.2352 	0.99988
0.2359 	0.999471
0.2366 	0.999062
0.2373 	0.998653
0.238 	0.998244
0.2387 	0.997835
0.2401 	0.994479
0.2408 	0.976303
0.2415 	0.958122
0.2422 	0.939931
0.2429 	0.92174
0.2436 	0.903548
0.2443 	0.885357
0.245 	0.867166
0.2457 	0.797718
0.2464 	0.728273
0.2471 	0.658839
0.2478 	0.589405
0.2485 	0.51997
0.2492 	0.450536
0.2499 	0.381101
0.2506 	0.326762
0.2513 	0.274939
0.252 	0.223131
0.2527 	0.171323
0.2534 	0.119514
0.2541 	0.0677058
0.2548 	0.0158975
0.2555 	0.000992657
0.2562 	0.000849274
0.2569 	0.0006936
0.2576 	0.000536981
0.2583 	0.000380362
0.259 	0.000223742
0.2597 	6.71231e-05
0.2604 	5.55573e-10
0.2611 	4.84754e-10
0.2618 	4.00707e-10
0.2625 	3.13053e-10
0.2632 	2.25398e-10
0.2639 	1.37743e-10
0.2646 	5.00885e-11
0.2653 	1.23629e-16
0.266 	1.08925e-16
0.2667 	9.12326e-17
0.2674 	7.18802e-17
0.2681 	5.25279e-17
0.2688 	3.31755e-17
0.2695 	1.38232e-17
0.2702 	9.7325e-23
0.2709 	8.75645e-23
0.2716 	7.49673e-23
0.2723 	5.95332e-23
0.273 	4.40992e-23
0.2737 	2.86652e-23
0.2744 	1.32312e-23
0.2751 	1.95918e-27
0.2758 	1.798e-27
0.2765 	1.58143e-27
0.2772 	1.26515e-27
0.2779 	9.48867e-28
0.2786 	6.32585e-28
0.2793 	3.16303e-28
0.28 	2.05204e-32
0.2807 	1.88649e-32
0.2814 	1.68616e-32
0.2821 	1.3583e-32
0.2828 	1.03044e-32
0.2835 	7.02571e-33
0.2842 	3.74707e-33
0.2849 	4.68426e-34
0.2856 	4.46402e-38
0.2863 	4.05165e-38
0.287 	3.28512e-38
0.2877 	2.51859e-38
0.2891 	9.85541e-39
0.2898 	2.19014e-39
0.2905 	6.14304e-44
0.2912 	5.62053e-44
0.2919 	4.61545e-44
0.2926 	3.57325e-44
0.2933 	2.53106e-44
0.294 	1.48886e-44
0.2947 	4.46662e-45
0.2954 	5.59171e-50
0.2961 	5.12222e-50
0.2968 	4.28511e-50
0.2975 	3.34774e-50
0.2982 	2.41037e-50
0.2989 	1.47301e-50
0.2996 	5.35642e-51
0.3003 	3.58302e-56
0.301 	3.28586e-56
0.3017 	2.79817e-56
0.3024 	2.20462e-56
0.3031 	1.61107e-56
0.3038 	1.01752e-56
0.3045 	4.23966e-57
0.3052 	1.69903e-62
0.3059 	1.5598e-62
0.3066 	1.3511e-62
0.3073 	1.07293e-62
0.308 	7.94763e-63
0.3087 	5.16596e-63
0.3094 	2.38429e-63
0.3101 	6.25654e-69
0.3108 	5.74961e-69
0.3115 	5.06215e-69
0.3122 	4.04972e-69
0.3129 	3.03729e-69
0.3136 	2.02486e-69
0.3143 	1.01243e-69
0.315 	1.91142e-75
0.3157 	1.75795e-75
0.3164 	1.57187e-75
0.3171 	1.26623e-75
0.3178 	9.60586e-76
0.3185 	6.54945e-76
0.3192 	3.49304e-76
0.3199 	4.36635e-77
0.3206 	4.99797e-82
0.3213 	4.52992e-82
0.3227 	2.8159e-82
0.3234 	1.95889e-82
0.3241 	1.10188e-82
0.3248 	2.44863e-83
0.3255 	2.08564e-88
0.3262 	1.89495e-88
0.3269 	1.55524e-88
0.3276 	1.20405e-88
0.3283 	8.52872e-89
0.329 	5.01691e-89
0.3297 	1.50509e-89
0.3304 	2.17734e-94
0.3311 	1.97469e-94
0.3318 	1.64801e-94
0.3325 	1.28751e-94
0.3332 	9.27008e-95
0.3339 	5.66506e-95
0.3346 	2.06005e-95
0.3353 	3.38456e-100
0.336 	3.07676e-100
0.3367 	2.61082e-100
0.3374 	2.05701e-100
0.3381 	1.5032e-100
0.3388 	9.49391e-101
0.3395 	3.95583e-101
0.3402 	5.22349e-106
0.3409 	4.76132e-106
0.3416 	4.10742e-106
0.3423 	3.26178e-106
0.343 	2.41613e-106
0.3437 	1.57049e-106
0.3444 	7.24845e-107
0.3451 	7.40373e-112
0.3458 	6.76459e-112
0.3465 	5.93013e-112
0.3472 	4.74411e-112
0.3479 	3.55808e-112
0.3486 	2.37206e-112
0.3493 	1.18603e-112
0.35 	9.58e-118
0.3507 	8.77105e-118
0.3514 	7.81003e-118
0.3521 	6.29141e-118
0.3528 	4.7728e-118
0.3535 	3.25419e-118
0.3542 	1.73557e-118
0.3549 	2.16956e-119
0.3556 	1.03381e-123
0.3563 	9.34551e-124
0.357 	7.57744e-124
0.3577 	5.80937e-124
0.3584 	4.04131e-124
0.3591 	2.27324e-124
0.3598 	5.05174e-125
0.3605 	1.10686e-129
0.3612 	1.00893e-129
0.3619 	8.28269e-130
0.3626 	6.41241e-130
0.3633 	4.54213e-130
0.364 	2.67184e-130
0.3647 	8.01561e-131
0.3654 	1.07598e-135
0.3661 	9.82515e-136
0.3668 	8.21321e-136
0.3675 	6.41658e-136
0.3682 	4.61994e-136
0.3689 	2.8233e-136
0.3696 	1.02666e-136
0.3703 	9.49572e-142
0.371 	8.68483e-142
0.3717 	7.3878e-142
0.3724 	5.82069e-142
0.3731 	4.25359e-142
0.3738 	2.68648e-142
0.3745 	1.11937e-142
0.3752 	1.23974e-147
0.3759 	1.09659e-147
0.3766 	9.3002e-148
0.3773 	7.40017e-148
0.378 	5.50014e-148
0.3787 	3.60011e-148
0.3794 	1.70008e-148
0.3801 	7.0283e-150
0.3808 	6.18522e-150
0.3815 	5.26879e-150
0.3822 	4.22034e-150
0.3829 	3.1719e-150
0.3836 	2.12345e-150
0.3843 	1.07501e-150
0.385 	2.65598e-152
0.3857 	2.37029e-152
0.3864 	2.06028e-152
0.3878 	1.26203e-152
0.3885 	8.6291e-153
0.3892 	4.63786e-153
0.3899 	6.46612e-154
0.3906 	6.99866e-155
0.3913 	6.21636e-155
0.392 	5.04355e-155
0.3927 	3.87075e-155
0.3934 	2.69794e-155
0.3941 	1.52514e-155
0.3948 	3.52337e-156
0.3955 	1.61123e-157
0.3962 	1.45189e-157
0.3969 	1.19137e-157
0.3976 	9.23057e-158
0.3983 	6.54749e-158
0.399 	3.86441e-158
0.3997 	1.18133e-158
0.4004 	2.98499e-160
0.4011 	2.70655e-160
0.4018 	2.25937e-160
0.4025 	1.76617e-160
0.4032 	1.27297e-160
0.4039 	7.79769e-161
0.4046 	2.86569e-161
0.4053 	4.56552e-163
0.406 	4.1567e-163
0.4067 	3.53013e-163
0.4074 	2.7826e-163
0.4081 	2.03507e-163
0.4088 	1.28753e-163
0.4095 	5.40001e-164
0.4102 	5.90255e-166
0.4109 	5.38926e-166
0.4116 	4.65419e-166
0.4123 	3.69735e-166
0.413 	2.74051e-166
0.4137 	1.78366e-166
0.4144 	8.26821e-167
0.4151 	6.59084e-169
0.4158 	6.03021e-169
0.4165 	5.29224e-169
0.4172 	4.23508e-169
0.4179 	3.17792e-169
0.4186 	2.12076e-169
0.4193 	1.0636e-169
0.42 	6.4426e-172
0.4207 	5.90386e-172
0.4214 	5.26157e-172
0.4221 	4.23957e-172
0.4228 	3.21756e-172
0.4235 	2.19556e-172
0.4242 	1.17356e-172
0.4249 	1.51553e-173
0.4256 	5.15585e-175
0.4263 	4.66272e-175
0.4277 	2.90008e-175
0.4284 	2.01876e-175
0.4291 	1.13744e-175
0.4298 	2.56125e-176
0.4305 	4.06213e-178
0.4312 	3.70204e-178
0.4319 	3.03962e-178
0.4326 	2.35395e-178
0.4333 	1.66827e-178
0.434 	9.826e-179
0.4347 	2.96927e-179
0.4354 	2.9209e-181
0.4361 	2.66515e-181
0.4368 	2.22779e-181
0.4375 	1.7409e-181
0.4382 	1.25401e-181
0.4389 	7.67127e-182
0.4396 	2.8024e-182
0.4403 	1.94609e-184
0.441 	1.7778e-184
0.4417 	1.51172e-184
0.4424 	1.19131e-184
0.4431 	8.70907e-185
0.4438 	5.50501e-185
0.4445 	2.30095e-185
0.4452 	1.20389e-187
0.4459 	1.10107e-187
0.4466 	9.51765e-188
0.4473 	7.55959e-188
0.448 	5.60153e-188
0.4487 	3.64347e-188
0.4494 	1.68541e-188
0.4501 	6.98678e-191
0.4508 	6.39793e-191
0.4515 	5.61835e-191
0.4522 	4.49544e-191
0.4529 	3.37253e-191
0.4536 	2.24962e-191
0.4543 	1.12672e-191
0.455 	3.81024e-194
0.4557 	3.49355e-194
0.4564 	3.11501e-194
0.4571 	2.50969e-194
0.4578 	1.90436e-194
0.4585 	1.29904e-194
0.4592 	6.93721e-195
0.4599 	8.83999e-196
0.4606 	1.78861e-197
0.4613 	1.61849e-197
0.462 	1.31246e-197
0.4627 	1.00644e-197
0.4634 	7.00409e-198
0.4641 	3.94383e-198
0.4648 	8.83557e-199
0.4655 	8.65176e-201
0.4662 	7.89159e-201
0.4669 	6.47954e-201
0.4676 	5.01735e-201
0.4683 	3.55516e-201
0.469 	2.09297e-201
0.4697 	6.30777e-202
0.4704 	3.92973e-204
0.4711 	3.58988e-204
0.4718 	3.00148e-204
0.4725 	2.34529e-204
0.4732 	1.68909e-204
0.4739 	1.0329e-204
0.4746 	3.76702e-205
0.4753 	1.67305e-207
0.476 	1.53057e-207
0.4767 	1.30221e-207
0.4774 	1.02613e-207
0.4781 	7.5005e-208
0.4788 	4.7397e-208
0.4795 	1.97889e-208
0.4802 	6.73049e-211
0.4809 	6.166e-211
0.4823 	4.23703e-211
0.483 	3.13921e-211
0.4844 	9.43564e-212
0.4851 	2.54482e-214
0.4858 	2.33453e-214
0.4865 	2.05278e-214
0.4872 	1.6424e-214
0.4879 	1.23203e-214
0.4886 	8.21654e-215
0.4893 	4.11279e-215
0.49 	9.03773e-218
0.4907 	8.30146e-218
0.4914 	7.41416e-218
0.4921 	5.9731e-218
0.4928 	4.53204e-218
0.4935 	3.09098e-218
0.4942 	1.64992e-218
0.4949 	2.08862e-219
0.4956 	2.78792e-221
0.4963 	2.52759e-221
0.497 	2.04958e-221
0.4977 	1.57156e-221
0.4984 	1.09355e-221
0.4991 	6.15532e-222
0.4998 	1.37517e-222
0.5005 	8.87259e-225
0.5012 	8.10861e-225
0.5019 	6.65849e-225
0.5026 	5.15559e-225
0.5033 	3.65269e-225
0.504 	2.14979e-225
0.5047 	6.46895e-226
0.5054 	2.66586e-228
0.5061 	2.43953e-228
0.5068 	2.04047e-228
0.5075 	1.59429e-228
0.5082 	1.1481e-228
0.5096 	2.55745e-229
0.5103 	7.57565e-232
0.511 	6.94117e-232
0.5117 	5.90907e-232
0.5124 	4.65608e-232
0.5131 	3.40308e-232
0.5138 	2.15009e-232
0.5145 	8.97095e-233
0.5152 	2.05008e-235
0.5159 	1.88064e-235
0.5166 	1.62835e-235
0.5173 	1.29321e-235
0.518 	9.58073e-236
0.5187 	6.22935e-236
0.5194 	2.87797e-236
0.5201 	5.29625e-239
0.5208 	4.86412e-239
0.5215 	4.28066e-239
0.5229 	2.56892e-239
0.5243 	8.57174e-240
0.525 	1.30209e-242
0.5257 	1.19718e-242
0.5264 	1.07018e-242
0.5271 	8.62146e-243
0.5278 	6.54115e-243
0.5285 	4.46083e-243
0.5299 	3.00205e-244
0.5306 	2.80901e-246
0.5313 	2.54903e-246
0.532 	2.06691e-246
0.5327 	1.58479e-246
0.5341 	6.20541e-247
0.5348 	1.38417e-247
0.5355 	6.2942e-250
0.5362 	5.75699e-250
0.5369 	4.72763e-250
0.5376 	3.66043e-250
0.5383 	2.59322e-250
0.539 	1.52601e-250
0.5397 	4.58799e-251
0.5404 	1.35869e-253
0.5411 	1.24419e-253
0.5418 	1.04082e-253
0.5425 	8.13203e-254
0.5432 	5.85588e-254
0.5439 	3.57973e-254
0.5446 	1.30358e-254
0.5453 	2.81958e-257
0.546 	2.58494e-257
0.5467 	2.20107e-257
0.5474 	1.7343e-257
0.5481 	1.26753e-257
0.5488 	8.00754e-258
0.5495 	3.33983e-258
0.5502 	5.61762e-261
0.5509 	5.15584e-261
0.5516 	4.46539e-261
0.5523 	3.54627e-261
0.553 	2.62715e-261
0.5537 	1.70803e-261
0.5544 	7.88907e-262
0.5551 	1.07613e-264
0.5558 	9.88732e-265
0.5565 	8.70391e-265
0.5572 	6.96353e-265
0.5579 	5.22314e-265
0.5586 	3.48276e-265
0.5593 	1.74237e-265
0.56 	1.98487e-268
0.5607 	1.82558e-268
0.5614 	1.63241e-268
0.5621 	1.31506e-268
0.5628 	9.97719e-269
0.5635 	6.80374e-269
0.5642 	3.63029e-269
0.5649 	4.5684e-270
0.5656 	3.24975e-272
0.5663 	2.94989e-272
0.567 	2.39192e-272
0.5677 	1.83394e-272
0.5684 	1.27597e-272
0.5691 	7.17992e-273
0.5698 	1.60017e-273
0.5705 	5.61926e-276
0.5712 	5.14111e-276
0.5719 	4.22192e-276
0.5726 	3.26881e-276
0.574 	1.36258e-276
0.5747 	4.09465e-277
0.5754 	9.4228e-280
0.5761 	8.63081e-280
0.5768 	7.22037e-280
0.5775 	5.64126e-280
0.5782 	4.06215e-280
0.5789 	2.48304e-280
0.5796 	9.03932e-281
0.5803 	1.5294e-283
0.581 	1.4024e-283
0.5817 	1.19423e-283
0.5824 	9.40961e-284
0.5831 	6.87692e-284
0.5838 	4.34422e-284
0.5845 	1.81153e-284
0.5852 	2.40535e-287
0.5859 	2.20799e-287
0.5866 	1.91247e-287
0.5873 	1.51881e-287
0.588 	1.12514e-287
0.5887 	7.31469e-288
0.5894 	3.37801e-288
0.5901 	3.66946e-291
0.5908 	3.37191e-291
0.5915 	2.96863e-291
0.5922 	2.37501e-291
0.5929 	1.78139e-291
0.5936 	1.18778e-291
0.5943 	5.9416e-292
0.595 	5.43533e-295
0.5957 	4.99969e-295
0.5964 	4.47114e-295
0.5971 	3.6019e-295
0.5978 	2.73266e-295
0.5985 	1.86343e-295
0.5992 	9.94188e-296
0.5999 	1.2495e-296
0.6006 	7.20454e-299
0.6013 	6.54048e-299
0.602 	5.30329e-299
0.6027 	4.06611e-299
0.6034 	2.82892e-299
0.6041 	1.59174e-299
0.6048 	3.54553e-300
0.6055 	1.00984e-302
0.6062 	9.24005e-303
0.6069 	7.58801e-303
0.6076 	5.87491e-303
0.609 	2.44873e-303
0.6097 	7.35632e-304
0.6104 	1.38209e-306
0.6111 	1.26603e-306
0.6118 	1.05915e-306
0.6125 	8.27502e-307
0.6132 	5.95855e-307
0.6139 	3.64208e-307
0.6146 	1.32561e-307
0.6153 	1.85248e-310
0.616 	1.69878e-310
0.6167 	1.44665e-310
0.6174 	1.13983e-310
0.6181 	8.33023e-311
0.6188 	5.26211e-311
0.6195 	2.19399e-311
0.6202 	2.42189e-314
0.6209 	2.22317e-314
0.6216 	1.92558e-314
0.6223 	1.52914e-314
0.623 	1.1327e-314
0.6237 	7.36253e-315
0.6244 	3.39809e-315
0.6251 	0
0.6258 	0
0.6265 	0
0.6272 	0
0.6279 	0
0.6286 	0
0.6293 	0
0.63 	0
0.6307 	0
0.6314 	0
0.6321 	0
0.6328 	0
0.6335 	0
0.6342 	0
0.6349 	0
0.6356 	0
0.6363 	0
0.637 	0
0.6377 	0
0.6384 	0
0.6391 	0
0.6398 	0
0.6405 	0
0.6412 	0
0.6419 	0
0.6426 	0
0.6433 	0
0.644 	0
0.6447 	0
0.6454 	0
0.6461 	0
0.6468 	0
0.6475 	0
0.6482 	0
0.6489 	0
0.6496 	0
0.6503 	0
0.651 	0
0.6517 	0
0.6524 	0
0.6531 	0
0.6545 	0
0.6559 	0
0.6566 	0
0.6573 	0
0.658 	0
0.6587 	0
0.6594 	0
0.6601 	0
0.6608 	0
0.6615 	0
0.6622 	0
0.6629 	0
0.6636 	0
0.6643 	0
0.665 	0
0.6657 	0
0.6664 	0
0.6671 	0
0.6678 	0
0.6685 	0
0.6692 	0
0.6699 	0
0.6706 	0
0.6713 	0
0.672 	0
0.6727 	0
0.6734 	0
0.6748 	0
0.6755 	0
0.6762 	0
0.6769 	0
0.6776 	0
0.6783 	0
0.679 	0
0.6797 	0
0.6804 	0
0.6811 	0
0.6818 	0
0.6825 	0
0.6832 	0
0.6839 	0
0.6846 	0
0.6853 	0
0.686 	0
0.6867 	0
0.6874 	0
0.6881 	0
0.6888 	0
0.6895 	0
0.6902 	0
0.6909 	0
0.6916 	0
0.6923 	0
0.693 	0
0.6937 	0
0.6944 	0
0.6951 	0
0.6958 	0
0.6965 	0
0.6972 	0
0.6979 	0
0.6986 	0
0.6993 	0
0.7 	0
