0 	1
0.0007 	1
0.0014 	1
0.0021 	1
0.0028 	1
0.0035 	1
0.0042 	1
0.0049 	1
0.0056 	1
0.0063 	1
0.007 	1
0.0077 	1
0.0084 	1
0.0091 	1
0.0098 	1
0.0105 	1
0.0112 	1
0.0119 	1
0.0126 	1
0.0133 	1
0.014 	1
0.0147 	1
0.0154 	1
0.0161 	1
0.0168 	1
0.0175 	1
0.0182 	1
0.0189 	1
0.0196 	1
0.0203 	1
0.021 	1
0.0217 	1
0.0224 	1
0.0231 	1
0.0238 	1
0.0245 	1
0.0252 	1
0.0259 	1
0.0266 	1
0.0273 	1
0.028 	1
0.0287 	1
0.0294 	1
0.0301 	1
0.0308 	1
0.0315 	1
0.0322 	1
0.0329 	1
0.0336 	1
0.0343 	1
0.035 	1
0.0357 	1
0.0364 	1
0.0371 	1
0.0378 	1
0.0385 	1
0.0392 	1
0.0399 	1
0.0406 	1
0.0413 	1
0.042 	1
0.0427 	1
0.0434 	1
0.0441 	1
0.0448 	1
0.0455 	1
0.0462 	1
0.0469 	1
0.0476 	1
0.0483 	1
0.049 	1
0.0497 	1
0.0504 	1
0.0511 	1
0.0518 	1
0.0525 	1
0.0532 	1
0.0539 	1
0.0546 	1
0.0553 	1
0.056 	1
0.0567 	1
0.0574 	1
0.0581 	1
0.0588 	1
0.0595 	1
0.0602 	1
0.0609 	1
0.0616 	1
0.0623 	1
0.063 	1
0.0637 	1
0.0644 	1
0.0651 	1
0.0658 	1
0.0665 	1
0.0672 	1
0.0679 	1
0.0686 	1
0.0693 	1
0.07 	1
0.0707 	1
0.0714 	1
0.0721 	1
0.0728 	1
0.0735 	1
0.0742 	1
0.0749 	1
0.0756 	1
0.0763 	1
0.077 	1
0.0777 	1
0.0784 	1
0.0791 	1
0.0798 	1
0.0805 	1
0.0812 	1
0.0819 	1
0.0826 	1
0.0833 	1
0.084 	1
0.0847 	1
0.0854 	1
0.0861 	1
0.0868 	1
0.0875 	1
0.0882 	1
0.0889 	1
0.0896 	1
0.0903 	1
0.091 	1
0.0917 	1
0.0924 	1
0.0931 	1
0.0938 	1
0.0945 	1
0.0952 	1
0.0959 	1
0.0966 	1
0.0973 	1
0.098 	1
0.0987 	1
0.0994 	1
0.1001 	1
0.1008 	1
0.1015 	1
0.1022 	1
0.1029 	1
0.1036 	1
0.1043 	1
0.105 	1
0.1057 	0.999999
0.1064 	0.999999
0.1071 	0.999999
0.1078 	0.999999
0.1085 	0.999999
0.1092 	0.999999
0.1099 	0.999998
0.1106 	0.999998
0.1113 	0.999997
0.112 	0.999997
0.1127 	0.999997
0.1134 	0.999997
0.1141 	0.999996
0.1148 	0.999997
0.1155 	0.999996
0.1162 	0.999995
0.1169 	0.999995
0.1176 	0.999996
0.1183 	0.999996
0.119 	0.999996
0.1197 	0.999997
0.1204 	0.999997
0.1211 	0.999998
0.1218 	0.999998
0.1225 	0.999999
0.1232 	0.999999
0.1239 	0.999999
0.1246 	0.999999
0.1253 	0.999999
0.126 	1
0.1267 	0.999999
0.1274 	0.999999
0.1281 	0.999999
0.1288 	0.999999
0.1295 	0.999998
0.1302 	0.999998
0.1309 	0.999999
0.1316 	0.999998
0.1323 	0.999997
0.133 	0.999996
0.1337 	0.999995
0.1344 	0.999994
0.1351 	0.999993
0.1358 	0.999993
0.1365 	0.999992
0.1372 	0.99999
0.1379 	0.999988
0.1386 	0.999986
0.1393 	0.999984
0.14 	0.999982
0.1407 	0.999981
0.1414 	0.999979
0.1421 	0.999977
0.1428 	0.999974
0.1435 	0.999972
0.1442 	0.999969
0.1449 	0.999966
0.1456 	0.999962
0.1463 	0.999955
0.147 	0.999947
0.1477 	0.999938
0.1484 	0.99993
0.1491 	0.999922
0.1498 	0.999911
0.1505 	0.999882
0.1512 	0.999842
0.1519 	0.999801
0.1526 	0.999761
0.1533 	0.99972
0.154 	0.99968
0.1547 	0.999638
0.1554 	0.999524
0.1561 	0.999392
0.1568 	0.999308
0.1575 	0.999224
0.1582 	0.99914
0.1589 	0.999056
0.1596 	0.999011
0.1603 	0.998883
0.161 	0.998652
0.1617 	0.998613
0.1624 	0.998578
0.1631 	0.998543
0.1638 	0.998508
0.1645 	0.998526
0.1652 	0.99871
0.1659 	0.998618
0.1666 	0.998675
0.1673 	0.998733
0.168 	0.998791
0.1687 	0.998849
0.1694 	0.998907
0.1701 	0.999126
0.1708 	0.999196
0.1715 	0.999255
0.1722 	0.999302
0.1729 	0.999349
0.1736 	0.999396
0.1743 	0.999443
0.175 	0.999468
0.1757 	0.999518
0.1764 	0.999524
0.1771 	0.999523
0.1778 	0.999521
0.1785 	0.999519
0.1792 	0.999517
0.1799 	0.999502
0.1806 	0.999479
0.1813 	0.999448
0.182 	0.999418
0.1827 	0.999389
0.1834 	0.999359
0.1841 	0.99933
0.1848 	0.9993
0.1855 	0.999203
0.1862 	0.999214
0.1869 	0.999223
0.1876 	0.999235
0.1883 	0.999249
0.189 	0.999264
0.1897 	0.999279
0.1904 	0.99935
0.1911 	0.999417
0.1918 	0.999486
0.1925 	0.999562
0.1932 	0.999648
0.1939 	0.99972
0.1946 	0.999795
0.1953 	0.999842
0.196 	0.999873
0.1967 	0.999905
0.1974 	0.999938
0.1981 	0.99996
0.1988 	0.99998
0.1995 	0.999992
0.2002 	0.999997
0.2009 	0.999999
0.2016 	1
0.2023 	1
0.203 	1
0.2037 	1
0.2044 	1
0.2051 	1
0.2058 	1
0.2065 	1
0.2079 	1
0.2093 	1
0.2107 	1
0.2114 	0.999963
0.2121 	0.999793
0.2128 	0.995378
0.2135 	0.985303
0.2149 	0.802082
0.2156 	0.571791
0.2163 	0.327167
0.217 	0.158294
0.2177 	0.0323651
0.2191 	0.00404202
0.2205 	0.00248256
0.2212 	0.00199891
0.2219 	0.00153459
0.2233 	0.000755222
0.2247 	0.000291603
0.2254 	0.000166994
0.2261 	8.61899e-05
0.2268 	4.68597e-05
0.2275 	1.88412e-05
0.2282 	1.27461e-05
0.2289 	7.92086e-06
0.2296 	7.75373e-06
0.2303 	8.70928e-06
0.231 	1.11617e-05
0.2317 	2.32307e-05
0.2324 	4.06403e-05
0.2331 	6.96368e-05
0.2338 	0.000101174
0.2345 	0.000140693
0.2352 	0.000187814
0.2359 	0.00025394
0.2366 	0.000328034
0.2373 	0.000410166
0.238 	0.000462271
0.2394 	0.000454832
0.2401 	0.000392927
0.2408 	0.000285751
0.2415 	0.000186978
0.2422 	0.000103406
0.2429 	5.82805e-05
0.2436 	4.19888e-05
0.2443 	8.8407e-05
0.245 	0.00015198
0.2457 	0.000217408
0.2464 	0.000272719
0.2471 	0.000291048
0.2478 	0.000295833
0.2492 	0.000233081
0.2499 	0.000163441
0.2506 	9.91007e-05
0.252 	3.24721e-05
0.2534 	2.90599e-05
0.2548 	2.97347e-05
0.2555 	2.97214e-05
0.2569 	2.64872e-05
0.2583 	1.6657e-05
0.2597 	9.45075e-06
0.2611 	8.71263e-06
0.2625 	2.19951e-05
0.2639 	0.000110347
0.2646 	0.000171392
0.266 	0.000233208
0.2674 	0.000146838
0.2688 	3.02058e-05
0.2702 	3.14396e-05
0.2716 	7.54783e-05
0.2723 	9.27189e-05
0.2737 	6.78932e-05
0.2751 	1.90639e-05
0.2758 	1.08259e-05
0.2765 	4.92793e-06
0.2772 	3.24656e-06
0.2779 	2.76459e-06
0.2786 	3.18217e-06
0.2793 	5.11231e-06
0.28 	7.4535e-06
0.2807 	9.48793e-06
0.2814 	1.11431e-05
0.2821 	1.14034e-05
0.2828 	1.08894e-05
0.2835 	9.34314e-06
0.2842 	7.18773e-06
0.2849 	4.69567e-06
0.2856 	3.05492e-06
0.2863 	1.62116e-06
0.2877 	5.60263e-07
0.2891 	1.46024e-07
0.2898 	6.34005e-08
0.2912 	1.41842e-08
0.2926 	8.97699e-09
0.294 	8.95394e-09
0.2947 	8.82087e-09
0.2961 	7.93607e-09
0.2968 	7.81815e-09
0.2982 	9.20812e-09
0.2996 	1.46196e-08
0.3003 	2.05668e-08
0.3017 	3.43829e-08
0.3024 	3.65848e-08
0.3038 	1.9656e-08
0.3052 	1.00875e-08
0.3066 	3.94625e-08
0.308 	3.50453e-07
0.3094 	1.2915e-06
0.3108 	2.1948e-06
0.3122 	1.9062e-06
0.3129 	1.38747e-06
0.3136 	7.54994e-07
0.315 	7.47533e-08
0.3164 	1.92459e-09
0.3178 	1.67231e-11
0.3192 	1.27229e-11
0.3206 	1.31523e-11
0.322 	9.83001e-12
0.3234 	4.84299e-12
0.3248 	1.59058e-12
0.3255 	8.92421e-13
0.3262 	4.44787e-13
0.3269 	2.75549e-13
0.3276 	1.40974e-13
0.3283 	8.57962e-14
0.329 	4.32208e-14
0.3297 	2.33207e-14
0.3304 	1.12915e-14
0.3311 	5.16554e-15
0.3318 	2.56464e-15
0.3325 	9.24308e-16
0.3332 	5.21207e-16
0.3339 	1.84926e-16
0.3353 	3.30405e-17
0.3367 	5.2293e-18
0.3374 	1.73933e-18
0.3381 	7.37818e-19
0.3388 	1.86519e-19
0.3395 	9.49305e-20
0.3402 	2.55519e-20
0.3416 	3.69198e-21
0.3423 	1.52574e-21
0.343 	6.48468e-22
0.3437 	2.86782e-22
0.3444 	2.09764e-22
0.3451 	1.62096e-22
0.3458 	1.59566e-22
0.3465 	1.58739e-22
0.3472 	1.60978e-22
0.3479 	1.60052e-22
0.3486 	1.56752e-22
0.3493 	1.41219e-22
0.35 	1.22356e-22
0.3507 	9.29997e-23
0.3514 	6.5101e-23
0.3528 	2.53927e-23
0.3542 	9.52661e-24
0.3549 	5.97867e-24
0.3563 	2.7889e-24
0.357 	2.03698e-24
0.3577 	1.38291e-24
0.3584 	9.73497e-25
0.3591 	6.60057e-25
0.3598 	4.42446e-25
0.3605 	3.01123e-25
0.3612 	1.90315e-25
0.3619 	1.3184e-25
0.3626 	8.14382e-26
0.3633 	5.54368e-26
0.364 	3.44227e-26
0.3654 	1.41172e-26
0.3661 	8.70077e-27
0.3668 	5.67533e-27
0.3675 	3.30116e-27
0.3689 	1.37173e-27
0.3696 	9.24977e-28
0.3703 	5.84085e-28
0.371 	3.84344e-28
0.3717 	2.53325e-28
0.3724 	1.60435e-28
0.3731 	1.09034e-28
0.3738 	6.62141e-29
0.3745 	4.49446e-29
0.3752 	2.6956e-29
0.3759 	1.71693e-29
0.3766 	1.01681e-29
0.3773 	5.94899e-30
0.378 	3.53875e-30
0.3787 	1.85207e-30
0.3794 	1.14867e-30
0.3801 	5.7875e-31
0.3808 	3.57746e-31
0.3815 	1.89e-31
0.3822 	1.1422e-31
0.3829 	6.80792e-32
0.3836 	4.34182e-32
0.3843 	3.18255e-32
0.3857 	2.10195e-32
0.3864 	1.85536e-32
0.3871 	1.72192e-32
0.3878 	1.59077e-32
0.3885 	1.46269e-32
0.3892 	1.29493e-32
0.3899 	1.10513e-32
0.3906 	8.7823e-33
0.3913 	6.48375e-33
0.392 	4.59348e-33
0.3927 	2.94239e-33
0.3934 	1.88927e-33
0.3941 	1.13099e-33
0.3948 	6.67034e-34
0.3955 	4.02296e-34
0.3962 	2.17246e-34
0.3969 	1.37242e-34
0.3976 	7.1656e-35
0.3983 	4.4271e-35
0.399 	2.31435e-35
0.3997 	1.32711e-35
0.4004 	7.12634e-36
0.4018 	2.17049e-36
0.4025 	1.03852e-36
0.4032 	6.39752e-37
0.4039 	2.97588e-37
0.4053 	6.94527e-38
0.406 	3.09988e-38
0.4067 	1.20806e-38
0.4074 	4.016e-39
0.4081 	1.7234e-39
0.4088 	4.71127e-40
0.4095 	2.34836e-40
0.4109 	2.64281e-41
0.4116 	8.48244e-42
0.4123 	3.40511e-42
0.413 	1.30085e-42
0.4137 	3.85826e-43
0.4144 	1.77619e-43
0.4151 	4.25485e-44
0.4158 	2.09843e-44
0.4165 	6.01017e-45
0.4172 	2.88928e-45
0.4179 	1.23242e-45
0.4186 	6.73598e-46
0.4193 	4.1641e-46
0.4207 	1.62723e-46
0.4214 	9.33776e-47
0.4221 	5.83757e-47
0.4228 	3.2429e-47
0.4235 	1.85561e-47
0.4242 	1.03343e-47
0.4249 	5.25222e-48
0.4256 	3.02573e-48
0.4263 	1.36018e-48
0.427 	8.00407e-49
0.4277 	3.53458e-49
0.4284 	1.88564e-49
0.4291 	8.37306e-50
0.4298 	3.89711e-50
0.4305 	1.81499e-50
0.4312 	6.90408e-51
0.4319 	3.64438e-51
0.4326 	1.29191e-51
0.4333 	6.95207e-52
0.434 	2.63817e-52
0.4347 	1.29883e-52
0.4354 	5.47781e-53
0.4361 	2.3796e-53
0.4375 	3.96428e-54
0.4382 	2.22141e-54
0.4389 	7.70273e-55
0.4403 	1.32863e-55
0.441 	5.61179e-56
0.4417 	1.9984e-56
0.4424 	6.36013e-57
0.4431 	2.58139e-57
0.4438 	5.7607e-58
0.4445 	2.81225e-58
0.4452 	6.04796e-59
0.4459 	2.49844e-59
0.4466 	5.40129e-60
0.4473 	1.70041e-60
0.448 	4.05651e-61
0.4487 	7.33431e-62
0.4494 	2.57287e-62
0.4501 	3.30128e-63
0.4515 	2.31395e-64
0.4529 	2.30043e-65
0.4536 	8.10336e-66
0.455 	8.91596e-67
0.4557 	4.95763e-67
0.4564 	1.68855e-67
0.4571 	9.43295e-68
0.4578 	4.44763e-68
0.4592 	1.77751e-68
0.4606 	8.88697e-69
0.462 	4.84208e-69
0.4634 	2.90679e-69
0.4648 	2.04137e-69
0.4655 	1.8418e-69
0.4662 	1.69772e-69
0.4669 	1.63964e-69
0.4676 	1.81613e-69
0.4683 	3.35985e-69
0.469 	9.89665e-69
0.4704 	5.03347e-68
0.4711 	8.2336e-68
0.4718 	9.33755e-68
0.4725 	9.868e-68
0.4732 	6.74236e-68
0.4739 	3.83018e-68
0.4746 	1.71004e-68
0.4753 	3.80876e-69
0.476 	1.06332e-69
0.4767 	4.59075e-71
0.4774 	-9.82149e-72
0.4781 	-2.1179e-71
0.4788 	-2.49065e-71
0.4802 	-2.61367e-71
0.4809 	-2.64808e-71
0.4816 	-2.67277e-71
0.4823 	-2.68774e-71
0.483 	-2.68912e-71
0.4837 	-2.68507e-71
0.4844 	-2.66396e-71
0.4858 	-2.59957e-71
0.4865 	-2.55457e-71
0.4872 	-2.49972e-71
0.4879 	-2.43741e-71
0.4886 	-2.36951e-71
0.4893 	-2.29341e-71
0.49 	-2.21508e-71
0.4907 	-2.1291e-71
0.4914 	-2.04209e-71
0.4921 	-1.95128e-71
0.4928 	-1.85955e-71
0.4942 	-1.67384e-71
0.4949 	-1.58118e-71
0.4956 	-1.49058e-71
0.4963 	-1.40061e-71
0.497 	-1.31448e-71
0.4977 	-1.22989e-71
0.4984 	-1.14918e-71
0.4991 	-1.07161e-71
0.4998 	-9.97173e-72
0.5005 	-9.27544e-72
0.5012 	-8.59836e-72
0.5019 	-7.98441e-72
0.5026 	-7.3847e-72
0.504 	-6.32023e-72
0.5047 	-5.83878e-72
0.5054 	-5.38982e-72
0.5068 	-4.58115e-72
0.5082 	-3.88147e-72
0.5089 	-3.56371e-72
0.5096 	-3.2785e-72
0.5103 	-3.00909e-72
0.5117 	-2.53342e-72
0.5131 	-2.12679e-72
0.5138 	-1.94177e-72
0.5145 	-1.78031e-72
0.5152 	-1.62521e-72
0.5159 	-1.486e-72
0.5166 	-1.35653e-72
0.5173 	-1.23678e-72
0.518 	-1.12915e-72
0.5187 	-1.02638e-72
0.5194 	-9.37305e-73
0.5201 	-8.51114e-73
0.5208 	-7.75899e-73
0.5215 	-7.04645e-73
0.5222 	-6.40511e-73
0.5229 	-5.81844e-73
0.5236 	-5.27276e-73
0.5243 	-4.79183e-73
0.5257 	-3.93598e-73
0.5271 	-3.22451e-73
0.5278 	-2.91478e-73
0.5285 	-2.63465e-73
0.5292 	-2.38292e-73
0.5299 	-2.14695e-73
0.5306 	-1.94318e-73
0.5313 	-1.74706e-73
0.532 	-1.58055e-73
0.5327 	-1.42177e-73
0.5334 	-1.28228e-73
0.5341 	-1.15423e-73
0.5348 	-1.0376e-73
0.5355 	-9.3474e-74
0.5362 	-8.37396e-74
0.5369 	-7.55143e-74
0.5376 	-6.75997e-74
0.5383 	-6.08557e-74
0.539 	-5.45212e-74
0.5397 	-4.89229e-74
0.5404 	-4.38727e-74
0.5411 	-3.92334e-74
0.5418 	-3.52239e-74
0.5425 	-3.13859e-74
0.5432 	-2.82159e-74
0.5439 	-2.51651e-74
0.5446 	-2.25508e-74
0.5453 	-2.01344e-74
0.546 	-1.79818e-74
0.5467 	-1.60753e-74
0.5474 	-1.43055e-74
0.5481 	-1.28072e-74
0.5488 	-1.1373e-74
0.5495 	-1.01819e-74
0.5509 	-8.07767e-75
0.5516 	-7.19178e-75
0.5523 	-6.39488e-75
0.553 	-5.70259e-75
0.5537 	-5.05214e-75
0.5544 	-4.51339e-75
0.5551 	-3.99729e-75
0.5558 	-3.56571e-75
0.5565 	-3.16297e-75
0.5572 	-2.8121e-75
0.5586 	-2.21399e-75
0.5593 	-1.97135e-75
0.56 	-1.74023e-75
0.5607 	-1.55292e-75
0.5614 	-1.37326e-75
0.5628 	-1.08235e-75
0.5635 	-9.59646e-76
0.5642 	-8.52071e-76
0.5649 	-7.52891e-76
0.5656 	-6.70073e-76
0.5663 	-5.9109e-76
0.5677 	-4.65448e-76
0.5691 	-3.66377e-76
0.5698 	-3.24451e-76
0.5705 	-2.88381e-76
0.5712 	-2.54654e-76
0.5719 	-2.2707e-76
0.5726 	-2.00718e-76
0.5733 	-1.78933e-76
0.574 	-1.58679e-76
0.5747 	-1.41177e-76
0.5754 	-1.2564e-76
0.5761 	-1.11577e-76
0.5768 	-9.96834e-77
0.5775 	-8.838e-77
0.5782 	-7.92916e-77
0.5789 	-7.05847e-77
0.5796 	-6.32747e-77
0.5803 	-5.65763e-77
0.581 	-5.06931e-77
0.5824 	-4.08025e-77
0.5831 	-3.68407e-77
0.5838 	-3.30605e-77
0.5845 	-2.99501e-77
0.5852 	-2.7003e-77
0.5859 	-2.4464e-77
0.5866 	-2.21517e-77
0.5873 	-2.0066e-77
0.588 	-1.82371e-77
0.5887 	-1.65108e-77
0.5894 	-1.50514e-77
0.5901 	-1.36454e-77
0.5908 	-1.24367e-77
0.5915 	-1.12947e-77
0.5922 	-1.02727e-77
0.5929 	-9.3378e-78
0.5936 	-8.46825e-78
0.5943 	-7.69884e-78
0.595 	-6.9567e-78
0.5957 	-6.32281e-78
0.5964 	-5.70884e-78
0.5971 	-5.1678e-78
0.5978 	-4.66099e-78
0.5992 	-3.78261e-78
0.5999 	-3.38982e-78
0.6006 	-3.04841e-78
0.6013 	-2.71928e-78
0.6027 	-2.17043e-78
0.6041 	-1.71847e-78
0.6048 	-1.52148e-78
0.6055 	-1.34852e-78
0.6062 	-1.18518e-78
0.6069 	-1.04848e-78
0.6076 	-9.17325e-79
0.6083 	-8.07181e-79
0.609 	-7.04382e-79
0.6104 	-5.35146e-79
0.6111 	-4.62944e-79
0.6125 	-3.44372e-79
0.6132 	-2.98633e-79
0.6139 	-2.54993e-79
0.6146 	-2.19044e-79
0.6153 	-1.86511e-79
0.616 	-1.58531e-79
0.6167 	-1.34673e-79
0.6174 	-1.13101e-79
0.6181 	-9.59102e-80
0.6188 	-7.97372e-80
0.6195 	-6.73042e-80
0.6202 	-5.57711e-80
0.6209 	-4.64879e-80
0.6216 	-3.84207e-80
0.6223 	-3.15689e-80
0.623 	-2.60426e-80
0.6237 	-2.10466e-80
0.6244 	-1.73503e-80
0.6251 	-1.39027e-80
0.6258 	-1.13489e-80
0.6265 	-9.06869e-81
0.6279 	-5.80894e-81
0.6286 	-4.57477e-81
0.6293 	-3.65082e-81
0.63 	-2.81142e-81
0.6307 	-2.24898e-81
0.6314 	-1.72755e-81
0.6321 	-1.35638e-81
0.6328 	-1.04096e-81
0.6335 	-7.99858e-82
0.6342 	-6.14688e-82
0.6349 	-4.60573e-82
0.6356 	-3.5546e-82
0.6363 	-2.61156e-82
0.637 	-2.01156e-82
0.6377 	-1.47859e-82
0.6384 	-1.11321e-82
0.6391 	-8.21031e-83
0.6398 	-6.02008e-83
0.6412 	-3.17844e-83
0.6419 	-2.38817e-83
0.6426 	-1.68229e-83
0.6433 	-1.2513e-83
0.644 	-8.8713e-84
0.6447 	-6.43172e-84
0.6454 	-4.60655e-84
0.6461 	-3.24219e-84
0.6468 	-2.35681e-84
0.6475 	-1.60199e-84
0.6482 	-1.18839e-84
0.6489 	-8.15306e-85
0.6496 	-5.90683e-85
0.6503 	-4.10469e-85
0.6517 	-2.04657e-85
0.6524 	-1.39947e-85
0.6531 	-1.01228e-85
0.6538 	-6.80008e-86
0.6545 	-4.98195e-86
0.6552 	-3.40943e-86
0.6559 	-2.45097e-86
0.6566 	-1.71908e-86
0.6573 	-1.21368e-86
0.6587 	-6.1024e-87
0.6594 	-4.5797e-87
0.6601 	-3.23889e-87
0.6608 	-2.45715e-87
0.6615 	-1.7986e-87
0.6622 	-1.36171e-87
0.6629 	-1.03079e-87
0.6636 	-7.79348e-88
0.6643 	-6.08183e-88
0.665 	-4.58892e-88
0.6664 	-2.83473e-88
0.6678 	-1.77508e-88
0.6685 	-1.40684e-88
0.6692 	-1.12102e-88
0.6699 	-8.80955e-89
0.6706 	-7.10995e-89
0.6713 	-5.56522e-89
0.672 	-4.51367e-89
0.6727 	-3.56203e-89
0.6734 	-2.86015e-89
0.6741 	-2.27454e-89
0.6748 	-1.80512e-89
0.6755 	-1.44687e-89
0.6762 	-1.13308e-89
0.6769 	-9.16437e-90
0.6776 	-7.17297e-90
0.6783 	-5.7842e-90
0.679 	-4.56349e-90
0.6797 	-3.6451e-90
0.6804 	-2.90508e-90
0.6811 	-2.29885e-90
0.6825 	-1.45288e-90
0.6839 	-9.37758e-91
0.6846 	-7.58385e-91
0.6853 	-6.03744e-91
0.6867 	-3.85216e-91
0.6874 	-3.02126e-91
0.6888 	-1.85894e-91
0.6902 	-1.11807e-91
0.6909 	-8.55816e-92
0.6916 	-6.38392e-92
0.6923 	-4.65768e-92
0.6937 	-2.28578e-92
0.6951 	-9.2532e-93
0.6965 	-2.04317e-93
0.6979 	-3.60028e-100
0.6993 	-4.07701e-101
0.7 	-1.61411e-113
