0 	1
0.0007 	1
0.0014 	1
0.0021 	1
0.0028 	1
0.0035 	1
0.0042 	1
0.0049 	1
0.0056 	1
0.0063 	1
0.007 	1
0.0077 	1
0.0084 	1
0.0091 	1
0.0098 	1
0.0105 	1
0.0112 	1
0.0119 	1
0.0126 	1
0.0133 	1
0.014 	1
0.0147 	1
0.0154 	1
0.0161 	1
0.0168 	1
0.0175 	1
0.0182 	1
0.0189 	1
0.0196 	1
0.0203 	1
0.021 	1
0.0217 	1
0.0224 	1
0.0231 	1
0.0238 	1
0.0245 	1
0.0252 	1
0.0259 	1
0.0266 	1
0.0273 	1
0.028 	1
0.0287 	1
0.0294 	1
0.0301 	1
0.0308 	1
0.0315 	1
0.0322 	1
0.0329 	1
0.0336 	1
0.0343 	1
0.035 	1
0.0357 	1
0.0364 	1
0.0371 	1
0.0378 	1
0.0385 	1
0.0392 	1
0.0399 	1
0.0406 	1
0.0413 	1
0.042 	1
0.0427 	1
0.0434 	1
0.0441 	1
0.0448 	1
0.0455 	1
0.0462 	1
0.0469 	1
0.0476 	1
0.0483 	1
0.049 	1
0.0497 	1
0.0504 	1
0.0511 	1
0.0518 	1
0.0525 	1
0.0532 	1
0.0539 	1
0.0546 	1
0.0553 	1
0.056 	1
0.0567 	1
0.0574 	1
0.0581 	1
0.0588 	1
0.0595 	1
0.0602 	1
0.0609 	1
0.0616 	1
0.0623 	1
0.063 	1
0.0637 	1
0.0644 	1
0.0651 	1
0.0658 	1
0.0665 	1
0.0672 	1
0.0679 	1
0.0686 	1
0.0693 	1
0.07 	1
0.0707 	1
0.0714 	1
0.0721 	1
0.0728 	1
0.0735 	1
0.0742 	1
0.0749 	1
0.0756 	1
0.0763 	1
0.077 	1
0.0777 	1
0.0784 	1
0.0791 	1
0.0798 	1
0.0805 	1
0.0812 	1
0.0819 	1
0.0826 	1
0.0833 	1
0.084 	1
0.0847 	1
0.0854 	1
0.0861 	1
0.0868 	1
0.0875 	1
0.0882 	1
0.0889 	1
0.0896 	1
0.0903 	1
0.091 	1
0.0917 	1
0.0924 	1
0.0931 	1
0.0938 	1
0.0945 	1
0.0952 	1
0.0959 	1
0.0966 	1
0.0973 	1
0.098 	1
0.0987 	1
0.0994 	1
0.1001 	1
0.1008 	1
0.1015 	1
0.1022 	1
0.1029 	1
0.1036 	1
0.1043 	1
0.105 	1
0.1057 	1
0.1064 	1
0.1071 	1
0.1078 	1
0.1085 	1
0.1092 	1
0.1099 	1
0.1106 	1
0.1113 	1
0.112 	1
0.1127 	1
0.1134 	1
0.1141 	1
0.1148 	1
0.1155 	1
0.1162 	1
0.1169 	1
0.1176 	1
0.1183 	1
0.119 	1
0.1197 	1
0.1204 	1
0.1211 	1
0.1218 	1
0.1225 	1
0.1232 	1
0.1239 	1
0.1246 	1
0.1253 	1
0.126 	1
0.1267 	1
0.1274 	1
0.1281 	1
0.1288 	1
0.1295 	1
0.1302 	1
0.1309 	1
0.1316 	1
0.1323 	1
0.133 	1
0.1337 	1
0.1344 	1
0.1351 	1
0.1358 	1
0.1365 	1
0.1372 	1
0.1379 	1
0.1386 	1
0.1393 	1
0.14 	1
0.1407 	1
0.1414 	1
0.1421 	1
0.1428 	1
0.1435 	1
0.1442 	1
0.1449 	1
0.1456 	1
0.1463 	1
0.147 	1
0.1477 	1
0.1484 	1
0.1491 	1
0.1498 	1
0.1505 	1
0.1512 	1
0.1519 	1
0.1526 	1
0.1533 	1
0.154 	1
0.1547 	1
0.1554 	1
0.1561 	1
0.1568 	1
0.1575 	1
0.1582 	1
0.1589 	1
0.1596 	1
0.1603 	1
0.161 	1
0.1617 	1
0.1624 	1
0.1631 	1
0.1638 	1
0.1645 	1
0.1652 	1
0.1659 	1
0.1666 	1
0.1673 	1
0.168 	1
0.1687 	1
0.1694 	1
0.1701 	1
0.1708 	1
0.1715 	1
0.1722 	1
0.1729 	1
0.1736 	1
0.1743 	1
0.175 	1
0.1757 	1
0.1764 	1
0.1771 	1
0.1778 	1
0.1785 	1
0.1792 	1
0.1799 	1
0.1806 	1
0.1813 	1
0.182 	1
0.1827 	1
0.1834 	1
0.1841 	1
0.1848 	1
0.1855 	1
0.1862 	1
0.1869 	1
0.1876 	1
0.1883 	1
0.189 	1
0.1897 	1
0.1904 	1
0.1911 	1
0.1918 	1
0.1925 	1
0.1932 	1
0.1939 	1
0.1946 	1
0.1953 	1
0.196 	1
0.1967 	1
0.1974 	1
0.1981 	1
0.1988 	1
0.1995 	1
0.2002 	1
0.2009 	1
0.2016 	1
0.2023 	1
0.203 	1
0.2037 	1
0.2044 	1
0.2051 	1
0.2058 	1
0.2065 	1
0.2072 	1
0.2079 	1
0.2086 	1
0.2093 	1
0.21 	1
0.2107 	1
0.2114 	1
0.2121 	1
0.2128 	1
0.2135 	1
0.2142 	1
0.2149 	1
0.2156 	1
0.2163 	1
0.217 	1
0.2177 	1
0.2184 	1
0.2191 	1
0.2198 	1
0.2205 	1
0.2212 	1
0.2219 	1
0.2226 	1
0.2233 	1
0.224 	1
0.2247 	1
0.2254 	1
0.2261 	1
0.2268 	1
0.2275 	1
0.2282 	1
0.2289 	1
0.2296 	1
0.2303 	1
0.231 	1
0.2317 	1
0.2324 	1
0.2331 	1
0.2338 	1
0.2345 	1
0.2352 	1
0.2359 	1
0.2366 	1
0.2373 	1
0.238 	1
0.2387 	1
0.2394 	1
0.2401 	1
0.2408 	1
0.2415 	1
0.2422 	1
0.2429 	1
0.2436 	1
0.2443 	1
0.245 	1
0.2457 	1
0.2464 	1
0.2471 	1
0.2478 	1
0.2485 	1
0.2492 	1
0.2499 	1
0.2506 	1
0.2513 	0.999999
0.252 	0.999999
0.2527 	0.999999
0.2534 	0.999999
0.2541 	0.999999
0.2548 	0.999998
0.2555 	0.999997
0.2562 	0.999995
0.2569 	0.999993
0.2576 	0.99999
0.2583 	0.999988
0.259 	0.999986
0.2597 	0.999984
0.2604 	0.999968
0.2611 	0.999942
0.2618 	0.999917
0.2625 	0.999891
0.2632 	0.999865
0.2639 	0.999839
0.2646 	0.999813
0.2653 	0.999628
0.266 	0.999229
0.2667 	0.998831
0.2674 	0.998432
0.2681 	0.998034
0.2688 	0.997636
0.2695 	0.997237
0.2702 	0.994415
0.2709 	0.985531
0.2716 	0.976646
0.2723 	0.967761
0.273 	0.958876
0.2737 	0.949991
0.2744 	0.941106
0.2751 	0.926837
0.2758 	0.880261
0.2765 	0.833685
0.2772 	0.787108
0.2779 	0.740531
0.2786 	0.693954
0.2793 	0.647377
0.28 	0.600794
0.2807 	0.541844
0.2814 	0.482898
0.2821 	0.423952
0.2828 	0.365007
0.2835 	0.306061
0.2842 	0.247115
0.2849 	0.188169
0.2856 	0.160052
0.2863 	0.137068
0.287 	0.114084
0.2877 	0.0911009
0.2884 	0.0681175
0.2891 	0.0451341
0.2898 	0.0221507
0.2905 	0.0140568
0.2912 	0.0119136
0.2919 	0.00977059
0.2926 	0.00762759
0.2933 	0.00548459
0.294 	0.00334159
0.2947 	0.00119859
0.2954 	0.000258132
0.2961 	0.000218953
0.2968 	0.000179779
0.2975 	0.000140606
0.2982 	0.000101434
0.2989 	6.22611e-05
0.2996 	2.30885e-05
0.3003 	6.68086e-07
0.301 	5.6859e-07
0.3017 	4.6911e-07
0.3024 	3.69639e-07
0.3031 	2.70168e-07
0.3038 	1.70696e-07
0.3045 	7.12249e-08
0.3052 	1.83719e-10
0.3059 	1.58869e-10
0.3066 	1.34024e-10
0.3073 	1.09182e-10
0.308 	8.43399e-11
0.3087 	5.9498e-11
0.3094 	3.46561e-11
0.3101 	1.33951e-11
0.3108 	1.3589e-11
0.3115 	1.37829e-11
0.3122 	1.39767e-11
0.3129 	1.41704e-11
0.3136 	1.43642e-11
0.3143 	1.45579e-11
0.315 	1.47516e-11
0.3157 	1.47238e-11
0.3164 	1.46961e-11
0.3171 	1.46684e-11
0.3178 	1.46408e-11
0.3185 	1.46131e-11
0.3192 	1.45855e-11
0.3199 	1.45578e-11
0.3206 	1.41775e-11
0.3213 	1.37384e-11
0.322 	1.32999e-11
0.3227 	1.28613e-11
0.3234 	1.24228e-11
0.3241 	1.19842e-11
0.3248 	1.15457e-11
0.3255 	1.08809e-11
0.3262 	1.01256e-11
0.3269 	9.37074e-12
0.3276 	8.6159e-12
0.3283 	7.86105e-12
0.329 	7.1062e-12
0.3297 	6.35136e-12
0.3304 	5.68435e-12
0.3311 	5.08329e-12
0.3318 	4.48201e-12
0.3325 	3.88067e-12
0.3332 	3.27933e-12
0.3339 	2.67799e-12
0.3346 	2.07666e-12
0.3353 	1.64157e-12
0.336 	1.42799e-12
0.3367 	1.21417e-12
0.3374 	1.00021e-12
0.3381 	7.86242e-13
0.3388 	5.72278e-13
0.3395 	3.58313e-13
0.3402 	1.97652e-13
0.3409 	1.70117e-13
0.3416 	1.42526e-13
0.3423 	1.14881e-13
0.343 	8.72363e-14
0.3437 	5.95913e-14
0.3444 	3.19463e-14
0.3451 	8.10096e-15
0.3458 	7.01752e-15
0.3465 	5.93143e-15
0.3472 	4.84057e-15
0.3479 	3.74972e-15
0.3486 	2.65886e-15
0.3493 	1.568e-15
0.35 	4.7733e-16
0.3507 	4.21078e-16
0.3514 	3.64745e-16
0.3521 	3.08101e-16
0.3528 	2.51458e-16
0.3535 	1.94814e-16
0.3542 	1.3817e-16
0.3549 	8.15261e-17
0.3556 	6.5521e-17
0.3563 	5.62758e-17
0.357 	4.69685e-17
0.3577 	3.76612e-17
0.3584 	2.83538e-17
0.3591 	1.90465e-17
0.3598 	9.73918e-18
0.3605 	6.39977e-18
0.3612 	5.44533e-18
0.3619 	4.48337e-18
0.3626 	3.52083e-18
0.3633 	2.55828e-18
0.364 	1.59574e-18
0.3647 	6.33199e-19
0.3654 	2.03436e-19
0.3661 	1.72931e-19
0.3668 	1.42173e-19
0.3675 	1.11344e-19
0.3682 	8.05163e-20
0.3689 	4.96881e-20
0.3696 	1.88599e-20
0.3703 	1.17561e-21
0.371 	1.00252e-21
0.3717 	8.27905e-22
0.3724 	6.52447e-22
0.3731 	4.76989e-22
0.3738 	3.01531e-22
0.3745 	1.26074e-22
0.3752 	7.50257e-25
0.3759 	6.42542e-25
0.3766 	5.33859e-25
0.3773 	4.2421e-25
0.378 	3.14562e-25
0.3787 	2.04913e-25
0.3794 	9.52638e-26
0.3801 	1.27576e-27
0.3808 	1.10065e-27
0.3815 	9.23898e-28
0.3822 	7.44191e-28
0.3829 	5.64484e-28
0.3836 	3.84777e-28
0.3843 	2.0507e-28
0.385 	2.53979e-29
0.3857 	2.19483e-29
0.3864 	1.84773e-29
0.3871 	1.49267e-29
0.3878 	1.13761e-29
0.3885 	7.82552e-30
0.3892 	4.27494e-30
0.3899 	7.24347e-31
0.3906 	1.92348e-31
0.3913 	1.62549e-31
0.392 	1.3187e-31
0.3927 	1.01191e-31
0.3934 	7.05122e-32
0.3941 	3.98333e-32
0.3948 	9.15439e-33
0.3955 	3.56715e-34
0.3962 	3.0278e-34
0.3969 	2.47126e-34
0.3976 	1.91339e-34
0.3983 	1.35552e-34
0.399 	7.9765e-35
0.3997 	2.3978e-35
0.4004 	7.44686e-38
0.4011 	6.34674e-38
0.4018 	5.21474e-38
0.4025 	4.07404e-38
0.4032 	2.93334e-38
0.4039 	1.79265e-38
0.4046 	6.51952e-39
0.4053 	3.40302e-42
0.406 	2.91061e-42
0.4067 	2.40659e-42
0.4074 	1.89611e-42
0.4081 	1.38563e-42
0.4088 	8.75154e-43
0.4095 	3.64675e-43
0.4102 	1.46786e-46
0.4109 	1.2597e-46
0.4116 	1.04777e-46
0.4123 	8.32055e-47
0.413 	6.16342e-47
0.4137 	4.00628e-47
0.4144 	1.84915e-47
0.4151 	6.18122e-51
0.4158 	5.32166e-51
0.4165 	4.45115e-51
0.4172 	3.56093e-51
0.4179 	2.67072e-51
0.4186 	1.7805e-51
0.4193 	8.90286e-52
0.42 	2.5708e-55
0.4207 	2.22009e-55
0.4214 	1.86675e-55
0.4221 	1.50377e-55
0.4228 	1.1408e-55
0.4235 	7.77827e-56
0.4242 	4.14853e-56
0.4249 	5.18794e-57
0.4256 	9.09382e-60
0.4263 	7.68479e-60
0.427 	6.23093e-60
0.4277 	4.77707e-60
0.4284 	3.3232e-60
0.4291 	1.86934e-60
0.4298 	4.15481e-61
0.4305 	3.62764e-64
0.4312 	3.07881e-64
0.4319 	2.51274e-64
0.4326 	1.94536e-64
0.4333 	1.37797e-64
0.434 	8.10583e-65
0.4347 	2.43196e-65
0.4354 	1.40663e-68
0.4361 	1.19823e-68
0.4368 	9.84383e-69
0.4375 	7.69052e-69
0.4382 	5.5372e-69
0.4389 	3.38388e-69
0.4396 	1.23057e-69
0.4403 	5.32192e-73
0.441 	4.54942e-73
0.4417 	3.76071e-73
0.4424 	2.96299e-73
0.4431 	2.16527e-73
0.4438 	1.36755e-73
0.4445 	5.69832e-74
0.4452 	1.97561e-77
0.4459 	1.69453e-77
0.4466 	1.40895e-77
0.4473 	1.11887e-77
0.448 	8.28796e-78
0.4487 	5.38721e-78
0.4494 	2.48646e-78
0.4501 	7.22878e-82
0.4508 	6.22023e-82
0.4515 	5.20042e-82
0.4522 	4.16034e-82
0.4529 	3.12027e-82
0.4536 	2.08019e-82
0.4543 	1.04011e-82
0.455 	2.61526e-86
0.4557 	2.25731e-86
0.4564 	1.89703e-86
0.4571 	1.52816e-86
0.4578 	1.1593e-86
0.4585 	7.90434e-87
0.4592 	4.2157e-87
0.4599 	5.27053e-88
0.4606 	8.11888e-91
0.4613 	6.85645e-91
0.462 	5.55927e-91
0.4627 	4.2621e-91
0.4634 	2.96492e-91
0.4641 	1.66774e-91
0.4648 	3.70567e-92
0.4655 	1.22012e-95
0.4662 	-3.47736e-96
0.4669 	-8.80936e-96
0.4676 	-1.33455e-95
0.4683 	-1.78816e-95
0.469 	-2.24177e-95
0.4697 	-2.69538e-95
0.4704 	-3.584e-95
0.4711 	-4.79953e-95
0.4718 	-5.06015e-95
0.4725 	-5.06035e-95
0.4732 	-5.06055e-95
0.4739 	-5.06074e-95
0.4746 	-5.06094e-95
0.4753 	-5.42686e-95
0.476 	-6.28087e-95
0.4767 	-6.586e-95
0.4774 	-6.58618e-95
0.4781 	-6.58637e-95
0.4788 	-6.58656e-95
0.4795 	-6.58674e-95
0.4802 	-6.67668e-95
0.4809 	-6.99125e-95
0.4816 	-7.1486e-95
0.4823 	-7.14873e-95
0.483 	-7.14885e-95
0.4837 	-7.14898e-95
0.4844 	-7.1491e-95
0.4851 	-7.11832e-95
0.4858 	-6.90172e-95
0.4865 	-6.7625e-95
0.4872 	-6.76254e-95
0.4879 	-6.76258e-95
0.4886 	-6.76262e-95
0.4893 	-6.76265e-95
0.49 	-6.76278e-95
0.4907 	-6.17252e-95
0.4914 	-5.7087e-95
0.4921 	-5.70865e-95
0.4928 	-5.70861e-95
0.4935 	-5.70857e-95
0.4942 	-5.70852e-95
0.4949 	-5.70848e-95
0.4956 	-5.06471e-95
0.4963 	-4.36711e-95
0.497 	-4.36701e-95
0.4977 	-4.36691e-95
0.4984 	-4.36681e-95
0.4991 	-4.36672e-95
0.4998 	-4.36662e-95
0.5005 	-3.84461e-95
0.5012 	-3.11361e-95
0.5019 	-3.06128e-95
0.5026 	-3.06117e-95
0.5033 	-3.06105e-95
0.504 	-3.06093e-95
0.5047 	-3.06081e-95
0.5054 	-2.71615e-95
0.5061 	-2.11284e-95
0.5068 	-1.98347e-95
0.5075 	-1.98336e-95
0.5082 	-1.98325e-95
0.5089 	-1.98314e-95
0.5096 	-1.98303e-95
0.5103 	-1.7942e-95
0.511 	-1.35352e-95
0.5117 	-1.19607e-95
0.5124 	-1.19598e-95
0.5131 	-1.19589e-95
0.5138 	-1.1958e-95
0.5145 	-1.19571e-95
0.5152 	-1.11243e-95
0.5159 	-8.20924e-96
0.5166 	-6.75139e-96
0.5173 	-6.75075e-96
0.518 	-6.75012e-96
0.5187 	-6.74948e-96
0.5194 	-6.74885e-96
0.5201 	-6.49561e-96
0.5208 	-4.72388e-96
0.5215 	-3.58476e-96
0.5222 	-3.58435e-96
0.5229 	-3.58394e-96
0.5236 	-3.58353e-96
0.5243 	-3.58312e-96
0.525 	-3.58276e-96
0.5257 	-2.58344e-96
0.5264 	-1.79806e-96
0.5271 	-1.79782e-96
0.5278 	-1.79758e-96
0.5285 	-1.79733e-96
0.5292 	-1.79709e-96
0.5299 	-1.79685e-96
0.5306 	-1.34489e-96
0.5313 	-8.55173e-97
0.532 	-8.55039e-97
0.5327 	-8.54905e-97
0.5334 	-8.54772e-97
0.5341 	-8.54638e-97
0.5348 	-8.54504e-97
0.5355 	-6.67497e-97
0.5362 	-4.05654e-97
0.5369 	-3.86887e-97
0.5376 	-3.86818e-97
0.5383 	-3.86749e-97
0.539 	-3.8668e-97
0.5397 	-3.86611e-97
0.5404 	-3.1636e-97
0.5411 	-1.93422e-97
0.5418 	-1.67052e-97
0.5425 	-1.67019e-97
0.5432 	-1.66985e-97
0.5439 	-1.66952e-97
0.5446 	-1.66918e-97
0.5453 	-1.43421e-97
0.546 	-8.86071e-98
0.5467 	-6.90209e-98
0.5474 	-6.90056e-98
0.5481 	-6.89904e-98
0.5488 	-6.89751e-98
0.5495 	-6.89598e-98
0.5502 	-6.22993e-98
0.5509 	-3.90064e-98
0.5516 	-2.73566e-98
0.5523 	-2.73499e-98
0.553 	-2.73433e-98
0.5537 	-2.73367e-98
0.5544 	-2.733e-98
0.5551 	-2.59746e-98
0.5558 	-1.65105e-98
0.5565 	-1.04255e-98
0.5572 	-1.04227e-98
0.5579 	-1.042e-98
0.5586 	-1.04173e-98
0.5593 	-1.04145e-98
0.56 	-1.04119e-98
0.5607 	-6.72556e-99
0.5614 	-3.82831e-99
0.5621 	-3.82723e-99
0.5628 	-3.82615e-99
0.5635 	-3.82506e-99
0.5642 	-3.82398e-99
0.5649 	-3.8229e-99
0.5656 	-2.63947e-99
0.5663 	-1.35721e-99
0.567 	-1.3568e-99
0.5677 	-1.35639e-99
0.5684 	-1.35598e-99
0.5691 	-1.35557e-99
0.5698 	-1.35516e-99
0.5705 	-9.99243e-100
0.5712 	-5.00954e-100
0.5719 	-4.65224e-100
0.5726 	-4.65075e-100
0.5733 	-4.64925e-100
0.574 	-4.64776e-100
0.5747 	-4.64627e-100
0.5754 	-3.65398e-100
0.5761 	-1.91786e-100
0.5768 	-1.54542e-100
0.5775 	-1.5449e-100
0.5782 	-1.54438e-100
0.5789 	-1.54386e-100
0.5796 	-1.54334e-100
0.5803 	-1.29239e-100
0.581 	-7.0723e-101
0.5817 	-4.98129e-101
0.5824 	-4.97952e-101
0.5831 	-4.97776e-101
0.5838 	-4.976e-101
0.5845 	-4.97423e-101
0.5852 	-4.42735e-101
0.5859 	-2.51606e-101
0.5866 	-1.56012e-101
0.5873 	-1.55955e-101
0.588 	-1.55897e-101
0.5887 	-1.55839e-101
0.5894 	-1.55782e-101
0.5901 	-1.47091e-101
0.5908 	-8.6499e-102
0.5915 	-4.75404e-102
0.5922 	-4.75222e-102
0.5929 	-4.75039e-102
0.5936 	-4.74857e-102
0.5943 	-4.74675e-102
0.595 	-4.74497e-102
0.5957 	-2.87828e-102
0.5964 	-1.41114e-102
0.5971 	-1.41058e-102
0.5978 	-1.41002e-102
0.5985 	-1.40946e-102
0.5992 	-1.40891e-102
0.5999 	-1.40835e-102
0.6006 	-9.28439e-103
0.6013 	-4.08466e-103
0.602 	-4.08299e-103
0.6027 	-4.08132e-103
0.6034 	-4.07966e-103
0.6041 	-4.07799e-103
0.6048 	-4.07632e-103
0.6055 	-2.90738e-103
0.6062 	-1.27097e-103
0.6069 	-1.15363e-103
0.6076 	-1.15315e-103
0.6083 	-1.15266e-103
0.609 	-1.15218e-103
0.6097 	-1.1517e-103
0.6104 	-8.85033e-104
0.6111 	-4.18535e-104
0.6118 	-3.18463e-104
0.6125 	-3.18327e-104
0.6132 	-3.1819e-104
0.6139 	-3.18053e-104
0.6146 	-3.17916e-104
0.6153 	-2.62218e-104
0.616 	-1.32365e-104
0.6167 	-8.5964e-105
0.6174 	-8.59262e-105
0.6181 	-8.58884e-105
0.6188 	-8.58507e-105
0.6195 	-8.58129e-105
0.6202 	-7.57015e-105
0.6209 	-4.03755e-105
0.6216 	-2.27075e-105
0.6223 	-2.26973e-105
0.623 	-2.26871e-105
0.6237 	-2.26769e-105
0.6244 	-2.26668e-105
0.6251 	-2.13175e-105
0.6258 	-1.19176e-105
0.6265 	-5.87382e-106
0.6272 	-5.87114e-106
0.6279 	-5.86846e-106
0.6286 	-5.86578e-106
0.6293 	-5.8631e-106
0.63 	-5.86048e-106
0.6307 	-3.4127e-106
0.6314 	-1.48886e-106
0.6321 	-1.48817e-106
0.6328 	-1.48748e-106
0.6335 	-1.48679e-106
0.6342 	-1.4861e-106
0.6349 	-1.48541e-106
0.6356 	-9.50061e-107
0.6363 	-3.70027e-107
0.637 	-3.69852e-107
0.6377 	-3.69678e-107
0.6384 	-3.69503e-107
0.6391 	-3.69329e-107
0.6398 	-3.69155e-107
0.6405 	-2.57573e-107
0.6412 	-1.01373e-107
0.6419 	-9.01763e-108
0.6426 	-9.01331e-108
0.6433 	-9.009e-108
0.644 	-9.00469e-108
0.6447 	-9.00037e-108
0.6454 	-6.81051e-108
0.6461 	-2.97982e-108
0.6468 	-2.15813e-108
0.6475 	-2.15709e-108
0.6482 	-2.15604e-108
0.6489 	-2.15499e-108
0.6496 	-2.15395e-108
0.6503 	-1.75849e-108
0.651 	-8.3663e-109
0.6517 	-5.07233e-109
0.6524 	-5.06984e-109
0.6531 	-5.06735e-109
0.6538 	-5.06485e-109
0.6545 	-5.06236e-109
0.6552 	-4.43881e-109
0.6559 	-2.26072e-109
0.6566 	-1.17138e-109
0.6573 	-1.17079e-109
0.658 	-1.17021e-109
0.6587 	-1.16963e-109
0.6594 	-1.16905e-109
0.6601 	-1.09646e-109
0.6608 	-5.90944e-110
0.6615 	-2.65924e-110
0.6622 	-2.6579e-110
0.6629 	-2.65656e-110
0.6636 	-2.65523e-110
0.6643 	-2.65389e-110
0.665 	-2.65257e-110
0.6657 	-1.49979e-110
0.6664 	-5.93758e-111
0.6671 	-5.93456e-111
0.6678 	-5.93154e-111
0.6685 	-5.92852e-111
0.6692 	-5.92549e-111
0.6699 	-5.92247e-111
0.6706 	-3.70604e-111
0.6713 	-1.30462e-111
0.672 	-1.30395e-111
0.6727 	-1.30328e-111
0.6734 	-1.30261e-111
0.6741 	-1.30194e-111
0.6748 	-1.30127e-111
0.6755 	-8.93636e-112
0.6762 	-3.23018e-112
0.6769 	-2.82123e-112
0.6776 	-2.81976e-112
0.6783 	-2.8183e-112
0.679 	-2.81683e-112
0.6797 	-2.81537e-112
0.6804 	-2.10684e-112
0.6811 	-8.67482e-113
0.6818 	-6.01657e-113
0.6825 	-6.01341e-113
0.6832 	-6.01026e-113
0.6839 	-6.00711e-113
0.6846 	-6.00395e-113
0.6853 	-4.86656e-113
0.686 	-2.2153e-113
0.6867 	-1.26799e-113
0.6874 	-1.26732e-113
0.6881 	-1.26665e-113
0.6888 	-1.26599e-113
0.6895 	-1.26532e-113
0.6902 	-1.10512e-113
0.6909 	-5.456e-114
0.6916 	-2.65771e-114
0.6923 	-2.65632e-114
0.693 	-2.65492e-114
0.6937 	-2.65352e-114
0.6944 	-2.65212e-114
0.6951 	-2.51264e-114
0.6958 	-1.5429e-114
0.6965 	-9.19417e-115
0.6972 	-9.19176e-115
0.6979 	-9.18936e-115
0.6986 	-9.18696e-115
0.6993 	-9.18456e-115
0.7 	-9.18222e-115
