0 	1
0.0007 	1
0.0014 	1
0.0021 	1
0.0028 	1
0.0035 	1
0.0042 	1
0.0049 	1
0.0056 	1
0.0063 	1
0.007 	1
0.0077 	1
0.0084 	1
0.0091 	1
0.0098 	1
0.0105 	1
0.0112 	1
0.0119 	1
0.0126 	1
0.0133 	1
0.014 	1
0.0147 	1
0.0154 	1
0.0161 	1
0.0168 	1
0.0175 	1
0.0182 	1
0.0189 	1
0.0196 	1
0.0203 	1
0.021 	1
0.0217 	1
0.0224 	1
0.0231 	1
0.0238 	1
0.0245 	1
0.0252 	1
0.0259 	1
0.0266 	1
0.0273 	1
0.028 	1
0.0287 	1
0.0294 	1
0.0301 	1
0.0308 	1
0.0315 	1
0.0322 	1
0.0329 	1
0.0336 	1
0.0343 	1
0.035 	1
0.0357 	1
0.0364 	1
0.0371 	1
0.0378 	1
0.0385 	1
0.0392 	1
0.0399 	1
0.0406 	1
0.0413 	1
0.042 	1
0.0427 	1
0.0434 	1
0.0441 	1
0.0448 	1
0.0455 	1
0.0462 	1
0.0469 	1
0.0476 	1
0.0483 	1
0.049 	1
0.0497 	1
0.0504 	1
0.0511 	1
0.0518 	1
0.0525 	1
0.0532 	1
0.0539 	1
0.0546 	1
0.0553 	1
0.056 	1
0.0567 	1
0.0574 	1
0.0581 	1
0.0588 	1
0.0595 	1
0.0602 	1
0.0609 	1
0.0616 	1
0.0623 	1
0.063 	1
0.0637 	1
0.0644 	1
0.0651 	1
0.0658 	1
0.0665 	1
0.0672 	1
0.0679 	1
0.0686 	1
0.0693 	1
0.07 	1
0.0707 	1
0.0714 	1
0.0721 	1
0.0728 	1
0.0735 	1
0.0742 	1
0.0749 	1
0.0756 	1
0.0763 	1
0.077 	1
0.0777 	1
0.0784 	1
0.0791 	1
0.0798 	1
0.0805 	1
0.0812 	1
0.0819 	1
0.0826 	1
0.0833 	1
0.084 	1
0.0847 	1
0.0854 	1
0.0861 	1
0.0868 	1
0.0875 	1
0.0882 	1
0.0889 	1
0.0896 	1
0.0903 	1
0.091 	1
0.0917 	1
0.0924 	1
0.0931 	1
0.0938 	1
0.0945 	1
0.0952 	1
0.0959 	1
0.0966 	1
0.0973 	1
0.098 	1
0.0987 	1
0.0994 	1
0.1001 	1
0.1008 	1
0.1015 	1
0.1022 	1
0.1029 	1
0.1036 	1
0.1043 	1
0.105 	1
0.1057 	1
0.1064 	1
0.1071 	1
0.1078 	1
0.1085 	1
0.1092 	1
0.1099 	1
0.1106 	1
0.1113 	1
0.112 	1
0.1127 	1
0.1134 	1
0.1141 	1
0.1148 	1
0.1155 	1
0.1162 	1
0.1169 	1
0.1176 	1
0.1183 	1
0.119 	1
0.1197 	1
0.1204 	1
0.1211 	1
0.1218 	1
0.1225 	1
0.1232 	1
0.1239 	1
0.1246 	1
0.1253 	1
0.126 	1
0.1267 	1
0.1274 	1
0.1281 	1
0.1288 	1
0.1295 	1
0.1302 	1
0.1309 	1
0.1316 	1
0.1323 	1
0.133 	1
0.1337 	1
0.1344 	1
0.1351 	1
0.1358 	1
0.1365 	1
0.1372 	1
0.1379 	1
0.1386 	1
0.1393 	1
0.14 	1
0.1407 	1
0.1414 	1
0.1421 	1
0.1428 	1
0.1435 	1
0.1442 	1
0.1449 	1
0.1456 	1
0.1463 	1
0.147 	1
0.1477 	1
0.1484 	1
0.1491 	1
0.1498 	1
0.1505 	1
0.1512 	1
0.1519 	1
0.1526 	1
0.1533 	1
0.154 	1
0.1547 	1
0.1554 	1
0.1561 	1
0.1568 	1
0.1575 	1
0.1582 	1
0.1589 	1
0.1596 	1
0.1603 	1
0.161 	1
0.1617 	1
0.1624 	1
0.1631 	1
0.1638 	1
0.1645 	1
0.1652 	1
0.1659 	1
0.1666 	1
0.1673 	1
0.168 	1
0.1687 	1
0.1694 	1
0.1701 	1
0.1708 	1
0.1715 	1
0.1722 	1
0.1729 	1
0.1736 	1
0.1743 	1
0.175 	1
0.1757 	1
0.1764 	1
0.1771 	1
0.1778 	1
0.1785 	1
0.1792 	1
0.1799 	1
0.1806 	1
0.1813 	1
0.182 	1
0.1827 	1
0.1834 	1
0.1841 	1
0.1848 	1
0.1855 	1
0.1862 	1
0.1869 	1
0.1876 	1
0.1883 	1
0.189 	1
0.1897 	1
0.1904 	1
0.1911 	1
0.1918 	1
0.1925 	1
0.1932 	1
0.1939 	1
0.1946 	1
0.1953 	1
0.196 	1
0.1967 	1
0.1974 	1
0.1981 	1
0.1988 	1
0.1995 	1
0.2002 	1
0.2009 	1
0.2016 	1
0.2023 	1
0.203 	1
0.2037 	1
0.2044 	1
0.2051 	1
0.2058 	1
0.2065 	1
0.2072 	1
0.2079 	1
0.2086 	1
0.2093 	1
0.21 	1
0.2107 	1
0.2114 	1
0.2121 	1
0.2128 	1
0.2135 	1
0.2142 	1
0.2149 	1
0.2156 	1
0.2163 	1
0.217 	1
0.2177 	1
0.2184 	1
0.2191 	1
0.2198 	1
0.2205 	1
0.2212 	1
0.2219 	1
0.2226 	1
0.2233 	1
0.224 	1
0.2247 	1
0.2254 	1
0.2261 	1
0.2268 	1
0.2275 	1
0.2282 	1
0.2289 	1
0.2296 	1
0.2303 	1
0.231 	1
0.2317 	1
0.2324 	1
0.2331 	1
0.2338 	0.999999
0.2345 	0.999999
0.2352 	0.999999
0.2359 	0.999998
0.2366 	0.999874
0.2373 	0.999613
0.238 	0.999312
0.2387 	0.999011
0.2394 	0.99848
0.2401 	0.997932
0.2408 	0.997393
0.2415 	0.991476
0.2422 	0.975783
0.2429 	0.959157
0.2436 	0.94253
0.2443 	0.914073
0.245 	0.882389
0.2457 	0.850788
0.2464 	0.811035
0.2471 	0.741387
0.2478 	0.671776
0.2485 	0.602168
0.2492 	0.508098
0.2499 	0.400439
0.2506 	0.292846
0.2513 	0.189063
0.252 	0.134661
0.2527 	0.0810886
0.2534 	0.0277152
0.2541 	0.000930582
0.2548 	0.000734932
0.2555 	0.000543378
0.2562 	0.000353463
0.2569 	0.000244235
0.2576 	0.00014928
0.2583 	5.8415e-05
0.259 	1.44684e-09
0.2597 	1.1968e-09
0.2604 	9.03193e-10
0.2611 	5.76903e-10
0.2618 	3.75178e-10
0.2625 	2.28225e-10
0.2632 	1.00419e-10
0.2639 	2.83714e-16
0.2646 	2.48844e-16
0.2653 	1.97096e-16
0.266 	1.22842e-16
0.2667 	7.50905e-17
0.2674 	4.56056e-17
0.2681 	2.19583e-17
0.2688 	5.12879e-23
0.2695 	4.44996e-23
0.2702 	3.60577e-23
0.2709 	2.34818e-23
0.2716 	1.41622e-23
0.2723 	8.55297e-24
0.273 	4.42396e-24
0.2737 	2.94944e-25
0.2744 	6.0258e-30
0.2751 	4.62776e-30
0.2758 	3.29859e-30
0.2765 	2.12323e-30
0.2772 	1.25522e-30
0.2779 	6.88349e-31
0.2786 	1.21475e-31
0.2793 	7.54695e-37
0.28 	5.48554e-37
0.2807 	4.1339e-37
0.2814 	2.8201e-37
0.2821 	1.64501e-37
0.2828 	9.32789e-38
0.2835 	2.45472e-38
0.2842 	8.56146e-44
0.2849 	6.25187e-44
0.2856 	4.70627e-44
0.2863 	3.29303e-44
0.287 	1.94525e-44
0.2877 	1.09527e-44
0.2884 	3.6509e-45
0.2891 	8.258e-51
0.2898 	6.11721e-51
0.2905 	4.56897e-51
0.2912 	3.25775e-51
0.2919 	1.95305e-51
0.2926 	1.07838e-51
0.2933 	4.21977e-52
0.294 	6.60976e-58
0.2947 	4.97659e-58
0.2954 	3.69573e-58
0.2961 	2.67911e-58
0.2968 	1.63656e-58
0.2975 	8.77335e-59
0.2982 	3.86028e-59
0.2989 	4.31544e-65
0.2996 	3.32235e-65
0.3003 	2.47458e-65
0.301 	1.82058e-65
0.3017 	1.13526e-65
0.3024 	5.83492e-66
0.3031 	2.80941e-66
0.3038 	2.21316e-72
0.3045 	1.74741e-72
0.3052 	1.3189e-72
0.3059 	9.83468e-73
0.3066 	6.28038e-73
0.3073 	3.05955e-73
0.308 	1.58253e-73
0.3087 	1.05505e-74
0.3094 	7.93278e-80
0.3101 	5.93932e-80
0.3108 	4.48252e-80
0.3115 	2.95429e-80
0.3122 	1.39137e-80
0.3129 	7.63008e-81
0.3136 	1.3465e-81
0.3143 	2.853e-87
0.315 	2.09741e-87
0.3157 	1.6004e-87
0.3164 	1.08861e-87
0.3171 	5.22615e-88
0.3178 	2.90435e-88
0.3185 	7.64305e-89
0.3192 	8.24719e-95
0.3199 	6.27823e-95
0.3206 	4.78156e-95
0.3213 	3.34137e-95
0.322 	1.61204e-95
0.3227 	8.29922e-96
0.3234 	2.76641e-96
0.3241 	1.84741e-102
0.3248 	1.47379e-102
0.3255 	1.1365e-102
0.3262 	8.13748e-103
0.3269 	4.08921e-103
0.3276 	1.92517e-103
0.3283 	7.53328e-104
0.329 	3.11844e-110
0.3297 	2.59385e-110
0.3304 	2.04976e-110
0.3311 	1.49104e-110
0.3318 	7.94685e-111
0.3325 	3.42433e-111
0.3332 	1.50671e-111
0.3339 	4.93706e-118
0.3346 	3.95338e-118
0.3353 	3.04783e-118
0.336 	2.24645e-118
0.3367 	1.32164e-118
0.3374 	5.87596e-119
0.3381 	2.82917e-119
0.3388 	6.34275e-126
0.3395 	4.98493e-126
0.3402 	3.74374e-126
0.3409 	2.79415e-126
0.3416 	1.74619e-126
0.3423 	7.79702e-127
0.343 	4.03295e-127
0.3437 	2.68869e-128
0.3444 	5.23127e-134
0.3451 	4.00245e-134
0.3458 	3.02503e-134
0.3465 	1.94614e-134
0.3472 	7.6751e-135
0.3479 	4.20893e-135
0.3486 	7.42757e-136
0.3493 	4.01618e-142
0.35 	3.20115e-142
0.3507 	2.44796e-142
0.3514 	1.63055e-142
0.3521 	5.77653e-143
0.3528 	3.07706e-143
0.3535 	8.09803e-144
0.3542 	5.50544e-148
0.3549 	3.73113e-148
0.3556 	2.76876e-148
0.3563 	1.94169e-148
0.357 	1.11447e-148
0.3577 	6.20245e-149
0.3584 	2.06821e-149
0.3591 	9.83848e-153
0.3598 	7.88066e-153
0.3605 	6.08998e-153
0.3612 	4.36615e-153
0.3619 	2.04963e-153
0.3626 	8.91551e-154
0.3633 	3.48896e-154
0.364 	4.75944e-158
0.3647 	5.39109e-158
0.3654 	4.90904e-158
0.3661 	3.59173e-158
0.3668 	1.43219e-158
0.3675 	2.18878e-159
0.3682 	9.6314e-160
0.3689 	1.42448e-163
0.3696 	1.71463e-163
0.3703 	1.69328e-163
0.371 	1.25659e-163
0.3717 	5.72098e-164
0.3724 	4.93169e-165
0.3731 	2.37452e-165
0.3738 	1.67424e-244
0.3745 	2.51122e-243
0.3752 	3.5157e-243
0.3759 	1.17191e-243
0.3766 	8.11412e-249
0.3773 	2.10127e-260
0.378 	1.08689e-260
0.3787 	7.2504e-262
0.3794 	6.53805e-265
0.3801 	7.97487e-265
0.3808 	5.95411e-265
0.3815 	4.65471e-265
0.3822 	4.47235e-265
0.3829 	2.45345e-265
0.3836 	4.34554e-266
0.3843 	2.58281e-268
0.385 	3.41415e-268
0.3857 	2.57923e-268
0.3864 	1.92311e-268
0.3871 	1.92266e-268
0.3878 	1.13296e-268
0.3885 	2.9901e-269
0.3892 	1.49356e-271
0.3899 	1.99772e-271
0.3906 	1.63589e-271
0.3913 	1.16586e-271
0.392 	1.16561e-271
0.3927 	7.59083e-272
0.3934 	2.53476e-272
0.3941 	8.1753e-275
0.3948 	1.10761e-274
0.3955 	9.82534e-275
0.3962 	6.91389e-275
0.3969 	6.70466e-275
0.3976 	4.78186e-275
0.3983 	1.87343e-275
0.399 	4.29169e-278
0.3997 	5.89665e-278
0.4004 	5.66431e-278
0.4011 	4.05399e-278
0.4018 	3.70838e-278
0.4025 	2.87474e-278
0.4032 	1.26595e-278
0.4039 	2.08126e-281
0.4046 	2.90393e-281
0.4053 	3.02038e-281
0.406 	2.1952e-281
0.4067 	1.90029e-281
0.4074 	1.59092e-281
0.4081 	7.66456e-282
0.4088 	9.09624e-285
0.4095 	1.29089e-284
0.4102 	1.45399e-284
0.4109 	1.07167e-284
0.4116 	8.80435e-285
0.4123 	7.91699e-285
0.413 	4.09678e-285
0.4137 	2.76572e-286
0.4144 	5.17936e-288
0.4151 	6.31999e-288
0.4158 	4.71829e-288
0.4165 	3.68844e-288
0.4172 	3.54548e-288
0.4179 	1.94493e-288
0.4186 	3.44377e-289
0.4193 	1.87529e-291
0.42 	2.48065e-291
0.4207 	1.87392e-291
0.4214 	1.39717e-291
0.4221 	1.39699e-291
0.4228 	8.23366e-292
0.4235 	2.17032e-292
0.4242 	6.18725e-295
0.4249 	8.28188e-295
0.4256 	6.78209e-295
0.4263 	4.83311e-295
0.427 	4.83255e-295
0.4277 	3.14796e-295
0.4284 	1.05033e-295
0.4291 	1.84346e-298
0.4298 	2.49951e-298
0.4305 	2.21751e-298
0.4312 	1.56029e-298
0.4319 	1.5132e-298
0.4326 	1.07957e-298
0.4333 	4.22696e-299
0.434 	4.80395e-302
0.4347 	6.60578e-302
0.4354 	6.34674e-302
0.4361 	4.54206e-302
0.4368 	4.15505e-302
0.4375 	3.22217e-302
0.4382 	1.41831e-302
0.4389 	1.07692e-305
0.4396 	1.50386e-305
0.4403 	1.5646e-305
0.441 	1.13706e-305
0.4417 	9.84318e-306
0.4424 	8.24409e-306
0.4431 	3.97041e-306
0.4438 	2.05441e-309
0.4445 	2.91806e-309
0.4452 	3.28788e-309
0.4459 	2.42317e-309
0.4466 	1.99075e-309
0.4473 	1.79091e-309
0.448 	9.26496e-310
0.4487 	6.20841e-311
0.4494 	4.76184e-313
0.4501 	5.81295e-313
0.4508 	4.33947e-313
0.4515 	3.39215e-313
0.4522 	3.26224e-313
0.4529 	1.78919e-313
0.4536 	3.16139e-314
0.4543 	6.49609e-317
0.455 	8.59733e-317
0.4557 	6.49414e-317
0.4564 	4.84159e-317
0.4571 	4.84131e-317
0.4578 	2.85416e-317
0.4585 	7.51492e-318
0.4592 	6.83787e-321
0.4599 	9.16492e-321
0.4606 	7.50486e-321
0.4613 	5.34579e-321
0.462 	5.34579e-321
0.4627 	3.48316e-321
0.4634 	1.16105e-321
0.4641 	0
0.4648 	0
0.4655 	0
0.4662 	0
0.4669 	0
0.4676 	0
0.4683 	0
0.469 	0
0.4697 	0
0.4704 	0
0.4711 	0
0.4718 	0
0.4725 	0
0.4732 	0
0.4739 	0
0.4746 	0
0.4753 	0
0.476 	0
0.4767 	0
0.4774 	0
0.4781 	0
0.4788 	0
0.4795 	0
0.4802 	0
0.4809 	0
0.4816 	0
0.4823 	0
0.483 	0
0.4837 	0
0.4844 	0
0.4851 	0
0.4858 	0
0.4865 	0
0.4872 	0
0.4879 	0
0.4886 	0
0.4893 	0
0.49 	0
0.4907 	0
0.4914 	0
0.4921 	0
0.4928 	0
0.4935 	0
0.4942 	0
0.4949 	0
0.4956 	0
0.4963 	0
0.497 	0
0.4977 	0
0.4984 	0
0.4991 	0
0.4998 	0
0.5005 	0
0.5012 	0
0.5019 	0
0.5026 	0
0.5033 	0
0.504 	0
0.5047 	0
0.5054 	0
0.5061 	0
0.5068 	0
0.5075 	0
0.5082 	0
0.5089 	0
0.5096 	0
0.5103 	0
0.511 	0
0.5117 	0
0.5124 	0
0.5131 	0
0.5138 	0
0.5145 	0
0.5152 	0
0.5159 	0
0.5166 	0
0.5173 	0
0.518 	0
0.5187 	0
0.5194 	0
0.5201 	0
0.5208 	0
0.5215 	0
0.5222 	0
0.5229 	0
0.5236 	0
0.5243 	0
0.525 	0
0.5257 	0
0.5264 	0
0.5271 	0
0.5278 	0
0.5285 	0
0.5292 	0
0.5299 	0
0.5306 	0
0.5313 	0
0.532 	0
0.5327 	0
0.5334 	0
0.5341 	0
0.5348 	0
0.5355 	0
0.5362 	0
0.5369 	0
0.5376 	0
0.5383 	0
0.539 	0
0.5397 	0
0.5404 	0
0.5411 	0
0.5418 	0
0.5425 	0
0.5432 	0
0.5439 	0
0.5446 	0
0.5453 	0
0.546 	0
0.5467 	0
0.5474 	0
0.5481 	0
0.5488 	0
0.5495 	0
0.5502 	0
0.5509 	0
0.5516 	0
0.5523 	0
0.553 	0
0.5537 	0
0.5544 	0
0.5551 	0
0.5558 	0
0.5565 	0
0.5572 	0
0.5579 	0
0.5586 	0
0.5593 	0
0.56 	0
0.5607 	0
0.5614 	0
0.5621 	0
0.5628 	0
0.5635 	0
0.5642 	0
0.5649 	0
0.5656 	0
0.5663 	0
0.567 	0
0.5677 	0
0.5684 	0
0.5691 	0
0.5698 	0
0.5705 	0
0.5712 	0
0.5719 	0
0.5726 	0
0.5733 	0
0.574 	0
0.5747 	0
0.5754 	0
0.5761 	0
0.5768 	0
0.5775 	0
0.5782 	0
0.5789 	0
0.5796 	0
0.5803 	0
0.581 	0
0.5817 	0
0.5824 	0
0.5831 	0
0.5838 	0
0.5845 	0
0.5852 	0
0.5859 	0
0.5866 	0
0.5873 	0
0.588 	0
0.5887 	0
0.5894 	0
0.5901 	0
0.5908 	0
0.5915 	0
0.5922 	0
0.5929 	0
0.5936 	0
0.5943 	0
0.595 	0
0.5957 	0
0.5964 	0
0.5971 	0
0.5978 	0
0.5985 	0
0.5992 	0
0.5999 	0
0.6006 	0
0.6013 	0
0.602 	0
0.6027 	0
0.6034 	0
0.6041 	0
0.6048 	0
0.6055 	0
0.6062 	0
0.6069 	0
0.6076 	0
0.6083 	0
0.609 	0
0.6097 	0
0.6104 	0
0.6111 	0
0.6118 	0
0.6125 	0
0.6132 	0
0.6139 	0
0.6146 	0
0.6153 	0
0.616 	0
0.6167 	0
0.6174 	0
0.6181 	0
0.6188 	0
0.6195 	0
0.6202 	0
0.6209 	0
0.6216 	0
0.6223 	0
0.623 	0
0.6237 	0
0.6244 	0
0.6251 	0
0.6258 	0
0.6265 	0
0.6272 	0
0.6279 	0
0.6286 	0
0.6293 	0
0.63 	0
0.6307 	0
0.6314 	0
0.6321 	0
0.6328 	0
0.6335 	0
0.6342 	0
0.6349 	0
0.6356 	0
0.6363 	0
0.637 	0
0.6377 	0
0.6384 	0
0.6391 	0
0.6398 	0
0.6405 	0
0.6412 	0
0.6419 	0
0.6426 	0
0.6433 	0
0.644 	0
0.6447 	0
0.6454 	0
0.6461 	0
0.6468 	0
0.6475 	0
0.6482 	0
0.6489 	0
0.6496 	0
0.6503 	0
0.651 	0
0.6517 	0
0.6524 	0
0.6531 	0
0.6538 	0
0.6545 	0
0.6552 	0
0.6559 	0
0.6566 	0
0.6573 	0
0.658 	0
0.6587 	0
0.6594 	0
0.6601 	0
0.6608 	0
0.6615 	0
0.6622 	0
0.6629 	0
0.6636 	0
0.6643 	0
0.665 	0
0.6657 	0
0.6664 	0
0.6671 	0
0.6678 	0
0.6685 	0
0.6692 	0
0.6699 	0
0.6706 	0
0.6713 	0
0.672 	0
0.6727 	0
0.6734 	0
0.6741 	0
0.6748 	0
0.6755 	0
0.6762 	0
0.6769 	0
0.6776 	0
0.6783 	0
0.679 	0
0.6797 	0
0.6804 	0
0.6811 	0
0.6818 	0
0.6825 	0
0.6832 	0
0.6839 	0
0.6846 	0
0.6853 	0
0.686 	0
0.6867 	0
0.6874 	0
0.6881 	0
0.6888 	0
0.6895 	0
0.6902 	0
0.6909 	0
0.6916 	0
0.6923 	0
0.693 	0
0.6937 	0
0.6944 	0
0.6951 	0
0.6958 	0
0.6965 	0
0.6972 	0
0.6979 	0
0.6986 	0
0.6993 	0
0.7 	0
