0 	1
0.0007 	1
0.0014 	1
0.0021 	1
0.0028 	1
0.0035 	1
0.0042 	1
0.0049 	1
0.0056 	1
0.0063 	1
0.007 	1
0.0077 	1
0.0084 	1
0.0091 	1
0.0098 	1
0.0105 	1
0.0112 	1
0.0119 	1
0.0126 	1
0.0133 	1
0.014 	1
0.0147 	1
0.0154 	1
0.0161 	1
0.0168 	1
0.0175 	1
0.0182 	1
0.0189 	1
0.0196 	1
0.0203 	1
0.021 	1
0.0217 	1
0.0224 	1
0.0231 	1
0.0238 	1
0.0245 	1
0.0252 	1
0.0259 	1
0.0266 	1
0.0273 	1
0.028 	1
0.0287 	1
0.0294 	1
0.0301 	1
0.0308 	1
0.0315 	1
0.0322 	1
0.0329 	1
0.0336 	1
0.0343 	1
0.035 	1
0.0357 	1
0.0364 	1
0.0371 	1
0.0378 	1
0.0385 	1
0.0392 	1
0.0399 	1
0.0406 	1
0.0413 	1
0.042 	1
0.0427 	1
0.0434 	1
0.0441 	1
0.0448 	1
0.0455 	1
0.0462 	1
0.0469 	1
0.0476 	1
0.0483 	1
0.049 	1
0.0497 	1
0.0504 	1
0.0511 	1
0.0518 	1
0.0525 	1
0.0532 	1
0.0539 	1
0.0546 	1
0.0553 	1
0.056 	1
0.0567 	1
0.0574 	1
0.0581 	1
0.0588 	1
0.0595 	1
0.0602 	1
0.0609 	1
0.0616 	1
0.0623 	1
0.063 	1
0.0637 	1
0.0644 	1
0.0651 	1
0.0658 	1
0.0665 	1
0.0672 	1
0.0679 	1
0.0686 	1
0.0693 	1
0.07 	1
0.0707 	1
0.0714 	1
0.0721 	1
0.0728 	1
0.0735 	1
0.0742 	1
0.0749 	1
0.0756 	1
0.0763 	1
0.077 	1
0.0777 	1
0.0784 	1
0.0791 	1
0.0798 	1
0.0805 	1
0.0812 	1
0.0819 	1
0.0826 	1
0.0833 	1
0.084 	1
0.0847 	1
0.0854 	1
0.0861 	1
0.0868 	1
0.0875 	1
0.0882 	1
0.0889 	1
0.0896 	1
0.0903 	1
0.091 	1
0.0917 	1
0.0924 	1
0.0931 	1
0.0938 	1
0.0945 	1
0.0952 	1
0.0959 	1
0.0966 	1
0.0973 	1
0.098 	1
0.0987 	1
0.0994 	1
0.1001 	1
0.1008 	1
0.1015 	1
0.1022 	1
0.1029 	1
0.1036 	1
0.1043 	1
0.105 	1
0.1057 	1
0.1064 	1
0.1071 	1
0.1078 	1
0.1085 	1
0.1092 	1
0.1099 	1
0.1106 	1
0.1113 	1
0.112 	1
0.1127 	1
0.1134 	1
0.1141 	1
0.1148 	1
0.1155 	1
0.1162 	1
0.1169 	1
0.1176 	1
0.1183 	1
0.119 	1
0.1197 	1
0.1204 	1
0.1211 	1
0.1218 	1
0.1225 	1
0.1232 	1
0.1239 	1
0.1246 	1
0.1253 	1
0.126 	1
0.1267 	1
0.1274 	1
0.1281 	1
0.1288 	1
0.1295 	1
0.1302 	1
0.1309 	1
0.1316 	1
0.1323 	1
0.133 	1
0.1337 	1
0.1344 	1
0.1351 	1
0.1358 	1
0.1365 	1
0.1372 	1
0.1379 	1
0.1386 	1
0.1393 	1
0.14 	1
0.1407 	1
0.1414 	1
0.1421 	1
0.1428 	1
0.1435 	1
0.1442 	1
0.1449 	1
0.1456 	1
0.1463 	1
0.147 	1
0.1477 	1
0.1484 	1
0.1491 	1
0.1498 	1
0.1505 	1
0.1512 	1
0.1519 	1
0.1526 	1
0.1533 	1
0.154 	1
0.1547 	1
0.1554 	1
0.1561 	1
0.1568 	1
0.1575 	1
0.1582 	1
0.1589 	1
0.1596 	1
0.1603 	1
0.161 	1
0.1617 	1
0.1624 	1
0.1631 	1
0.1638 	1
0.1645 	1
0.1652 	1
0.1659 	1
0.1666 	1
0.1673 	1
0.168 	1
0.1687 	1
0.1694 	1
0.1701 	1
0.1708 	1
0.1715 	1
0.1722 	1
0.1729 	1
0.1736 	1
0.1743 	1
0.175 	1
0.1757 	1
0.1764 	1
0.1771 	1
0.1778 	1
0.1785 	1
0.1792 	1
0.1799 	1
0.1806 	1
0.1813 	1
0.182 	1
0.1827 	1
0.1834 	1
0.1841 	1
0.1848 	1
0.1855 	1
0.1862 	1
0.1869 	1
0.1876 	1
0.1883 	1
0.189 	1
0.1897 	1
0.1904 	1
0.1911 	1
0.1918 	1
0.1925 	1
0.1932 	1
0.1939 	1
0.1946 	1
0.1953 	1
0.196 	1
0.1967 	1
0.1974 	1
0.1981 	1
0.1988 	1
0.1995 	1
0.2002 	1
0.2009 	1
0.2023 	1
0.2037 	1
0.2044 	1
0.2051 	1
0.2065 	1
0.2079 	1
0.2086 	1
0.21 	1
0.2114 	1
0.2121 	1
0.2135 	1
0.2149 	1
0.2163 	1
0.217 	1
0.2184 	1
0.2191 	1
0.2205 	1
0.2212 	1
0.2226 	1
0.2233 	1
0.2247 	1
0.2261 	1
0.2268 	1
0.2282 	1
0.2296 	1
0.231 	1
0.2324 	1
0.2338 	1
0.2352 	1
0.2359 	1
0.2373 	1
0.238 	1
0.2387 	1
0.2401 	1
0.2408 	1
0.2415 	1
0.2429 	0.999972
0.2436 	0.999925
0.245 	0.99849
0.2464 	0.976483
0.2478 	0.861787
0.2492 	0.591995
0.2506 	0.304474
0.252 	0.137022
0.2527 	0.0865655
0.2541 	0.0296287
0.2555 	0.00786858
0.2569 	0.00167501
0.2583 	0.000274881
0.2597 	3.58281e-05
0.2604 	1.13065e-05
0.2618 	1.54838e-06
0.2625 	4.15539e-07
0.2639 	7.57963e-08
0.2653 	1.98078e-08
0.2667 	7.27243e-09
0.2681 	2.78346e-09
0.2688 	1.52141e-09
0.2702 	5.79755e-10
0.2716 	3.79501e-10
0.273 	3.76025e-10
0.2744 	3.22865e-10
0.2751 	2.70389e-10
0.2765 	1.27596e-10
0.2779 	5.18792e-11
0.2793 	4.20776e-11
0.2807 	7.04018e-11
0.2821 	1.34278e-10
0.2835 	1.64849e-10
0.2849 	1.08358e-10
0.2863 	2.89497e-11
0.287 	1.3375e-11
0.2877 	1.89315e-12
0.2891 	1.32943e-14
0.2905 	4.79226e-18
0.2912 	3.20405e-19
0.2926 	2.42926e-27
0.294 	2.66624e-32
0.2947 	7.99897e-33
0.2954 	2.48041e-37
0.2961 	4.38122e-38
0.2968 	1.88603e-42
0.2982 	1.59086e-46
0.2996 	1.15223e-48
0.301 	9.0453e-52
0.3024 	1.49704e-56
0.3038 	4.53415e-64
0.3045 	2.23211e-64
0.3059 	1.92652e-65
0.3066 	2.62001e-66
0.3073 	3.80943e-68
0.3087 	-8.88237e-67
0.3094 	-4.77305e-67
0.3108 	-3.37439e-68
0.3122 	-4.33119e-70
0.3129 	-5.74784e-72
0.3143 	-3.17243e-75
0.315 	-1.7411e-80
0.3157 	-7.67426e-81
0.3164 	-1.26974e-82
0.3178 	-4.88597e-81
0.3192 	-9.75223e-80
0.3206 	-1.10272e-78
0.322 	-6.58813e-78
0.3227 	-1.11725e-77
0.3234 	-1.65953e-77
0.3248 	-1.53344e-77
0.3262 	-2.71895e-77
0.3269 	-9.56066e-77
0.3283 	-3.72709e-76
0.3297 	-4.51044e-76
0.3304 	-3.89132e-76
0.3318 	-4.21973e-76
0.3325 	-5.95082e-76
0.3339 	-6.80532e-76
0.3346 	-4.65053e-76
0.3353 	-2.61241e-76
0.3367 	-6.63994e-78
0.3381 	-8.57547e-78
0.3395 	-6.04272e-78
0.3409 	-1.20116e-78
0.3423 	-8.61435e-80
0.343 	-8.80199e-80
0.3437 	-8.7143e-80
0.3451 	-3.47503e-80
0.3458 	-1.38209e-80
0.3472 	-3.85608e-82
0.3486 	-3.59788e-82
0.35 	-1.48621e-82
0.3514 	-7.13738e-85
0.3528 	-6.9582e-85
0.3535 	-6.44547e-85
0.3542 	-4.93899e-85
0.3549 	-2.8804e-85
0.3556 	-1.34769e-85
0.3563 	-5.8389e-88
0.357 	-5.75701e-88
0.3577 	-5.56507e-88
0.3591 	-4.06178e-88
0.3605 	-1.19919e-88
0.3619 	-1.52338e-91
0.3626 	-1.4723e-91
0.3633 	-1.34055e-91
0.3647 	-6.91809e-92
0.3654 	-3.49341e-92
0.3661 	-6.17311e-93
0.3675 	-9.38611e-96
0.3682 	-8.53163e-96
0.3696 	-4.69405e-96
0.371 	-6.41029e-97
0.3724 	-2.74369e-100
0.3738 	-2.25598e-100
0.3745 	-1.4878e-100
0.3759 	-2.62992e-101
0.3766 	-9.9686e-105
0.3773 	-9.45503e-105
0.3787 	-7.91553e-105
0.3794 	-5.42728e-105
0.3801 	-2.92883e-105
0.3808 	-1.14596e-105
0.3815 	-4.33408e-110
0.3829 	-3.7917e-110
0.3843 	-2.45899e-110
0.385 	-1.34597e-110
0.3857 	-5.92171e-111
0.3864 	-1.90068e-166
0.3878 	-1.66465e-166
0.3885 	-1.56689e-166
0.3899 	-6.81956e-167
0.3906 	-3.16184e-167
0.392 	3.43815e-195
0.3927 	3.22268e-195
0.3934 	2.91298e-195
0.3941 	2.30306e-195
0.3948 	1.39291e-195
0.3955 	6.79723e-196
0.3962 	4.53188e-197
0.3969 	2.02669e-202
0.3976 	1.93366e-202
0.399 	1.46969e-202
0.3997 	9.20024e-203
0.4004 	4.65427e-203
0.4018 	0
0.4025 	0
0.4039 	0
0.4053 	0
0.406 	0
0.4067 	0
0.4081 	0
0.4095 	0
0.4102 	0
0.4109 	0
0.4116 	0
0.413 	0
0.4137 	0
0.4151 	0
0.4158 	0
0.4165 	0
0.4172 	0
0.4179 	0
0.4186 	0
0.42 	0
0.4214 	0
0.4221 	0
0.4228 	0
0.4235 	0
0.4242 	0
0.4249 	0
0.4263 	0
0.4277 	0
0.4291 	0
0.4298 	0
0.4305 	0
0.4312 	0
0.4319 	0
0.4326 	0
0.4333 	0
0.4347 	0
0.4354 	0
0.4368 	0
0.4382 	0
0.4389 	0
0.4396 	0
0.4403 	0
0.441 	0
0.4424 	0
0.4438 	0
0.4445 	0
0.4459 	0
0.4473 	0
0.4487 	0
0.4501 	0
0.4515 	0
0.4529 	0
0.4536 	0
0.455 	0
0.4564 	0
0.4571 	0
0.4578 	0
0.4585 	0
0.4592 	0
0.4606 	0
0.462 	0
0.4627 	0
0.4641 	0
0.4648 	0
0.4655 	0
0.4669 	0
0.4676 	0
0.4683 	0
0.469 	0
0.4697 	0
0.4704 	0
0.4711 	0
0.4725 	0
0.4739 	0
0.4753 	0
0.4767 	0
0.4781 	0
0.4788 	0
0.4802 	0
0.4816 	0
0.4823 	0
0.4837 	0
0.4851 	0
0.4865 	0
0.4879 	0
0.4893 	0
0.49 	0
0.4914 	0
0.4928 	0
0.4935 	0
0.4949 	0
0.4963 	0
0.4977 	0
0.4991 	0
0.5005 	0
0.5012 	0
0.5026 	0
0.504 	0
0.5054 	0
0.5061 	0
0.5075 	0
0.5089 	0
0.5096 	0
0.511 	0
0.5117 	0
0.5124 	0
0.5131 	0
0.5138 	0
0.5145 	0
0.5152 	0
0.5159 	0
0.5173 	0
0.5187 	0
0.5194 	0
0.5201 	0
0.5215 	0
0.5222 	0
0.5236 	0
0.5243 	0
0.5257 	0
0.5264 	0
0.5278 	0
0.5285 	0
0.5299 	0
0.5306 	0
0.5313 	0
0.5327 	0
0.5341 	0
0.5355 	0
0.5369 	0
0.5383 	0
0.5397 	0
0.5411 	0
0.5425 	0
0.5439 	0
0.5453 	0
0.5467 	0
0.5474 	0
0.5488 	0
0.5502 	0
0.5516 	0
0.5523 	0
0.553 	0
0.5537 	0
0.5544 	0
0.5551 	0
0.5565 	0
0.5572 	0
0.5579 	0
0.5586 	0
0.5593 	0
0.5607 	0
0.5621 	0
0.5635 	0
0.5649 	0
0.5663 	0
0.5677 	0
0.5691 	0
0.5698 	0
0.5712 	0
0.5726 	0
0.574 	0
0.5754 	0
0.5761 	0
0.5775 	0
0.5789 	0
0.5803 	0
0.5817 	0
0.5831 	0
0.5845 	0
0.5852 	0
0.5859 	0
0.5866 	0
0.5873 	0
0.5887 	0
0.5901 	0
0.5908 	0
0.5915 	0
0.5929 	0
0.5943 	0
0.595 	0
0.5964 	0
0.5978 	0
0.5985 	0
0.5999 	0
0.6013 	0
0.6027 	0
0.6034 	0
0.6048 	0
0.6062 	0
0.6076 	0
0.6083 	0
0.6097 	0
0.6111 	0
0.6125 	0
0.6139 	0
0.6146 	0
0.616 	0
0.6167 	0
0.6174 	0
0.6188 	0
0.6202 	0
0.6216 	0
0.6223 	0
0.6237 	0
0.6251 	0
0.6265 	0
0.6279 	0
0.6293 	0
0.6307 	0
0.6321 	0
0.6335 	0
0.6349 	0
0.6363 	0
0.6377 	0
0.6391 	0
0.6398 	0
0.6412 	0
0.6426 	0
0.644 	0
0.6454 	0
0.6461 	0
0.6475 	0
0.6489 	0
0.6503 	0
0.6517 	0
0.6524 	0
0.6538 	0
0.6552 	0
0.6566 	0
0.6573 	0
0.6587 	0
0.6601 	0
0.6615 	0
0.6629 	0
0.6643 	0
0.665 	0
0.6664 	0
0.6678 	0
0.6692 	0
0.6699 	0
0.6713 	0
0.6727 	0
0.6741 	0
0.6755 	0
0.6769 	0
0.6776 	0
0.6783 	0
0.679 	0
0.6804 	0
0.6818 	0
0.6832 	0
0.6846 	0
0.6853 	0
0.6867 	0
0.6874 	0
0.6881 	0
0.6895 	0
0.6909 	0
0.6916 	0
0.6923 	0
0.6937 	0
0.6951 	0
0.6965 	0
0.6979 	0
0.6993 	0
0.7 	0
