0 	1
0.0007 	1
0.0014 	1
0.0021 	1
0.0028 	1
0.0035 	1
0.0042 	1
0.0049 	1
0.0056 	1
0.0063 	1
0.007 	1
0.0077 	1
0.0084 	1
0.0091 	1
0.0098 	1
0.0105 	1
0.0112 	1
0.0119 	1
0.0126 	1
0.0133 	1
0.014 	1
0.0147 	1
0.0154 	1
0.0161 	1
0.0168 	1
0.0175 	1
0.0182 	1
0.0189 	1
0.0196 	1
0.0203 	1
0.021 	1
0.0217 	1
0.0224 	1
0.0231 	1
0.0238 	1
0.0245 	1
0.0252 	1
0.0259 	1
0.0266 	1
0.0273 	1
0.028 	1
0.0287 	1
0.0294 	1
0.0301 	1
0.0308 	1
0.0315 	1
0.0322 	1
0.0329 	1
0.0336 	1
0.0343 	1
0.035 	1
0.0357 	1
0.0364 	1
0.0371 	1
0.0378 	1
0.0385 	1
0.0392 	1
0.0399 	1
0.0406 	1
0.0413 	1
0.042 	1
0.0427 	1
0.0434 	1
0.0441 	1
0.0448 	1
0.0455 	1
0.0462 	1
0.0469 	1
0.0476 	1
0.0483 	1
0.049 	1
0.0497 	1
0.0504 	1
0.0511 	1
0.0518 	1
0.0525 	1
0.0532 	1
0.0539 	1
0.0546 	1
0.0553 	1
0.056 	1
0.0567 	1
0.0574 	1
0.0581 	1
0.0588 	1
0.0595 	1
0.0602 	1
0.0609 	1
0.0616 	1
0.0623 	1
0.063 	1
0.0637 	1
0.0644 	1
0.0651 	1
0.0658 	1
0.0665 	1
0.0672 	1
0.0679 	1
0.0686 	1
0.0693 	1
0.07 	1
0.0707 	1
0.0714 	1
0.0721 	1
0.0728 	1
0.0735 	1
0.0742 	1
0.0749 	1
0.0756 	1
0.0763 	1
0.077 	1
0.0777 	1
0.0784 	1
0.0791 	1
0.0798 	1
0.0805 	1
0.0812 	1
0.0819 	1
0.0826 	1
0.0833 	1
0.084 	1
0.0847 	1
0.0854 	1
0.0861 	1
0.0868 	1
0.0875 	1
0.0882 	1
0.0889 	1
0.0896 	1
0.0903 	1
0.091 	1
0.0917 	1
0.0924 	1
0.0931 	1
0.0938 	1
0.0945 	1
0.0952 	1
0.0959 	1
0.0966 	1
0.0973 	1
0.098 	1
0.0987 	1
0.0994 	1
0.1001 	1
0.1008 	1
0.1015 	1
0.1022 	1
0.1029 	1
0.1036 	1
0.1043 	1
0.105 	1
0.1057 	1
0.1064 	1
0.1071 	1
0.1078 	1
0.1085 	1
0.1092 	1
0.1099 	1
0.1106 	1
0.1113 	1
0.112 	1
0.1127 	1
0.1134 	1
0.1141 	1
0.1148 	1
0.1155 	1
0.1162 	1
0.1169 	1
0.1176 	1
0.1183 	1
0.119 	1
0.1197 	1
0.1204 	1
0.1211 	1
0.1218 	1
0.1225 	1
0.1232 	1
0.1239 	1
0.1246 	1
0.1253 	1
0.126 	1
0.1267 	1
0.1274 	1
0.1281 	1
0.1288 	1
0.1295 	1
0.1302 	1
0.1309 	1
0.1316 	1
0.1323 	1
0.133 	1
0.1337 	1
0.1344 	1
0.1351 	1
0.1358 	1
0.1365 	1
0.1372 	1
0.1379 	1
0.1386 	1
0.1393 	1
0.14 	1
0.1407 	1
0.1414 	1
0.1421 	1
0.1428 	1
0.1435 	1
0.1442 	1
0.1449 	1
0.1456 	1
0.1463 	1
0.147 	1
0.1477 	1
0.1484 	1
0.1491 	1
0.1498 	1
0.1505 	1
0.1512 	1
0.1519 	1
0.1526 	1
0.1533 	1
0.154 	1
0.1547 	1
0.1554 	1
0.1561 	1
0.1568 	1
0.1575 	1
0.1582 	1
0.1589 	1
0.1596 	1
0.1603 	1
0.161 	1
0.1617 	1
0.1624 	1
0.1631 	1
0.1638 	1
0.1645 	1
0.1652 	1
0.1659 	1
0.1666 	1
0.1673 	1
0.168 	1
0.1687 	1
0.1694 	1
0.1701 	1
0.1708 	1
0.1715 	1
0.1722 	1
0.1729 	1
0.1736 	1
0.1743 	1
0.175 	1
0.1757 	1
0.1764 	1
0.1771 	1
0.1778 	1
0.1785 	1
0.1792 	1
0.1799 	1
0.1806 	1
0.1813 	1
0.182 	1
0.1827 	1
0.1834 	1
0.1841 	1
0.1848 	1
0.1855 	1
0.1862 	1
0.1869 	1
0.1876 	1
0.1883 	1
0.189 	1
0.1897 	1
0.1904 	1
0.1911 	1
0.1918 	1
0.1925 	1
0.1932 	1
0.1939 	1
0.1946 	1
0.1953 	1
0.196 	1
0.1967 	1
0.1974 	1
0.1981 	1
0.1988 	1
0.1995 	1
0.2002 	1
0.2009 	1
0.2016 	1
0.2023 	1
0.203 	1
0.2037 	1
0.2044 	1
0.2051 	1
0.2058 	1
0.2065 	1
0.2072 	1
0.2079 	1
0.2086 	1
0.2093 	1
0.21 	1
0.2107 	1
0.2114 	1
0.2121 	1
0.2128 	1
0.2135 	1
0.2142 	1
0.2149 	1
0.2156 	1
0.2163 	1
0.217 	1
0.2177 	1
0.2184 	1
0.2191 	1
0.2198 	1
0.2205 	1
0.2212 	1
0.2219 	1
0.2226 	1
0.2233 	1
0.224 	1
0.2247 	1
0.2254 	1
0.2261 	1
0.2268 	1
0.2275 	1
0.2282 	1
0.2289 	1
0.2296 	1
0.2303 	1
0.231 	1
0.2317 	1
0.2324 	1
0.2331 	1
0.2338 	1
0.2345 	1
0.2352 	1
0.2359 	1
0.2366 	1
0.2373 	1
0.238 	1
0.2387 	1
0.2394 	1
0.2401 	1
0.2408 	0.999996
0.2415 	0.999993
0.2422 	0.999989
0.2429 	0.999986
0.2436 	0.999982
0.2443 	0.999979
0.245 	0.999975
0.2457 	0.930272
0.2464 	0.860568
0.2471 	0.790867
0.2478 	0.721165
0.2485 	0.651464
0.2492 	0.581763
0.2499 	0.512061
0.2506 	0.442105
0.2513 	0.372108
0.252 	0.302112
0.2527 	0.232115
0.2534 	0.162118
0.2541 	0.0921218
0.2548 	0.0221253
0.2555 	0.00191663
0.2562 	0.00162146
0.2569 	0.00132298
0.2576 	0.00102424
0.2583 	0.000725508
0.259 	0.000426772
0.2597 	0.000128036
0.2604 	1.10576e-08
0.2611 	9.3311e-09
0.2618 	7.64682e-09
0.2625 	5.97407e-09
0.2632 	4.30133e-09
0.2639 	2.62858e-09
0.2646 	9.55831e-10
0.2653 	5.16011e-15
0.266 	4.28205e-15
0.2667 	3.49224e-15
0.2674 	2.75146e-15
0.2681 	2.01068e-15
0.2688 	1.2699e-15
0.2695 	5.29118e-16
0.2702 	1.75138e-21
0.2709 	1.40571e-21
0.2716 	1.1178e-21
0.2723 	8.87668e-22
0.273 	6.57531e-22
0.2737 	4.27394e-22
0.2744 	1.97257e-22
0.2751 	4.91078e-28
0.2758 	3.77383e-28
0.2765 	2.84007e-28
0.2772 	2.27205e-28
0.2779 	1.70404e-28
0.2786 	1.13602e-28
0.2793 	5.68006e-29
0.28 	1.25475e-34
0.2807 	9.301e-35
0.2814 	6.48016e-35
0.2821 	5.22013e-35
0.2828 	3.96009e-35
0.2835 	2.70006e-35
0.2842 	1.44002e-35
0.2849 	1.79985e-36
0.2856 	2.24923e-41
0.2863 	1.47128e-41
0.287 	1.19293e-41
0.2877 	9.14578e-42
0.2884 	6.36227e-42
0.2891 	3.57876e-42
0.2898 	7.95244e-43
0.2905 	5.5487e-48
0.2912 	3.7164e-48
0.2919 	2.96403e-48
0.2926 	2.29473e-48
0.2933 	1.62543e-48
0.294 	9.5613e-49
0.2947 	2.86832e-49
0.2954 	1.41456e-54
0.2961 	1.03863e-54
0.2968 	8.17556e-55
0.2975 	6.38715e-55
0.2982 	4.59874e-55
0.2989 	2.81033e-55
0.2996 	1.02192e-55
0.3003 	3.70993e-61
0.301 	2.97909e-61
0.3017 	2.39191e-61
0.3024 	1.88453e-61
0.3031 	1.37716e-61
0.3038 	8.6978e-62
0.3045 	3.62403e-62
0.3052 	9.84642e-68
0.3059 	8.42888e-68
0.3066 	6.99956e-68
0.3073 	5.55847e-68
0.308 	4.11738e-68
0.3087 	2.67629e-68
0.3094 	1.2352e-68
0.3101 	2.57439e-74
0.3108 	2.2882e-74
0.3115 	1.96394e-74
0.3122 	1.57115e-74
0.3129 	1.17836e-74
0.3136 	7.85573e-75
0.3143 	3.92783e-75
0.315 	6.44123e-81
0.3157 	5.83777e-81
0.3164 	5.14909e-81
0.3171 	4.14787e-81
0.3178 	3.14666e-81
0.3185 	2.14544e-81
0.3192 	1.14423e-81
0.3199 	1.43013e-82
0.3206 	1.37747e-87
0.3213 	1.24189e-87
0.322 	1.00693e-87
0.3227 	7.71982e-88
0.3234 	5.3703e-88
0.3241 	3.02077e-88
0.3248 	6.71251e-89
0.3255 	2.97188e-94
0.3262 	2.71105e-94
0.3269 	2.22574e-94
0.3276 	1.72315e-94
0.3283 	1.22056e-94
0.329 	7.17973e-95
0.3297 	2.15386e-95
0.3304 	5.81709e-101
0.3311 	5.32241e-101
0.3318 	4.45133e-101
0.3325 	3.4776e-101
0.3332 	2.50387e-101
0.3339 	1.53013e-101
0.3346 	5.56401e-102
0.3353 	1.02968e-107
0.336 	9.43865e-108
0.3367 	8.03631e-108
0.3374 	6.33163e-108
0.3381 	4.62695e-108
0.3388 	2.92227e-108
0.3395 	1.2176e-108
0.3402 	1.64756e-114
0.3409 	1.51233e-114
0.3416 	1.30988e-114
0.3423 	1.0402e-114
0.343 	7.70515e-115
0.3437 	5.00833e-115
0.3444 	2.31151e-115
0.3451 	2.36741e-121
0.3458 	2.17562e-121
0.3465 	1.91551e-121
0.3472 	1.5324e-121
0.3479 	1.1493e-121
0.3486 	7.66198e-122
0.3493 	3.83096e-122
0.35 	3.05651e-128
0.3507 	2.81187e-128
0.3514 	2.51487e-128
0.3521 	2.02587e-128
0.3528 	1.53686e-128
0.3535 	1.04786e-128
0.3542 	5.58854e-129
0.3549 	6.98489e-130
0.3556 	3.26613e-135
0.3563 	2.9655e-135
0.357 	2.40446e-135
0.3577 	1.84342e-135
0.3584 	1.28237e-135
0.3591 	7.21331e-136
0.3598 	1.60288e-136
0.3605 	3.43188e-142
0.3612 	3.14066e-142
0.3619 	2.57908e-142
0.3626 	1.99671e-142
0.3633 	1.41433e-142
0.364 	8.3196e-143
0.3647 	2.49586e-143
0.3654 	7.92028e-148
0.3661 	7.25388e-148
0.3668 	6.06908e-148
0.3675 	4.7429e-148
0.3682 	3.41672e-148
0.3689 	2.09054e-148
0.3696 	7.64355e-149
0.3703 	6.33689e-151
0.371 	5.81173e-151
0.3717 	4.94959e-151
0.3724 	3.90024e-151
0.3731 	2.85089e-151
0.3738 	1.80154e-151
0.3745 	7.52194e-152
0.3752 	2.61729e-154
0.3759 	2.40297e-154
0.3766 	2.08161e-154
0.3773 	1.65319e-154
0.378 	1.22477e-154
0.3787 	7.96351e-155
0.3794 	3.67932e-155
0.3801 	7.15364e-158
0.3808 	6.57467e-158
0.3815 	5.78907e-158
0.3822 	4.63154e-158
0.3829 	3.47401e-158
0.3836 	2.31649e-158
0.3843 	1.15896e-158
0.385 	1.45497e-161
0.3857 	1.33856e-161
0.3864 	1.19722e-161
0.3871 	9.6447e-162
0.3878 	7.31723e-162
0.3885 	4.98976e-162
0.3892 	2.6623e-162
0.3899 	3.3483e-163
0.3906 	2.21549e-165
0.3913 	2.0116e-165
0.392 	1.63109e-165
0.3927 	1.25058e-165
0.3934 	8.70067e-166
0.3941 	4.89558e-166
0.3948 	1.09048e-166
0.3955 	3.19102e-169
0.3962 	2.92026e-169
0.3969 	2.39817e-169
0.3976 	1.85674e-169
0.3983 	1.31532e-169
0.399 	7.73902e-170
0.3997 	2.3248e-170
0.4004 	4.31718e-173
0.4011 	3.95525e-173
0.4018 	3.30906e-173
0.4025 	2.58533e-173
0.4032 	1.8616e-173
0.4039 	1.13787e-173
0.4046 	4.14146e-174
0.4053 	5.79953e-177
0.406 	5.31911e-177
0.4067 	4.52993e-177
0.4074 	3.5692e-177
0.4081 	2.60847e-177
0.4088 	1.64774e-177
0.4095 	6.87017e-178
0.4102 	7.83844e-181
0.4109 	7.19674e-181
0.4116 	6.23423e-181
0.4123 	4.95093e-181
0.413 	3.66762e-181
0.4137 	2.38431e-181
0.4144 	1.101e-181
0.4151 	1.03284e-184
0.4158 	9.49267e-185
0.4165 	8.35845e-185
0.4172 	6.68701e-185
0.4179 	5.01557e-185
0.4186 	3.34413e-185
0.4193 	1.67269e-185
0.42 	1.28123e-188
0.4207 	1.17874e-188
0.4214 	1.05429e-188
0.4221 	8.49315e-189
0.4228 	6.44341e-189
0.4235 	4.39368e-189
0.4242 	2.34395e-189
0.4249 	2.94222e-190
0.4256 	1.34331e-192
0.4263 	1.21971e-192
0.427 	9.88979e-193
0.4277 	7.58251e-193
0.4284 	5.27523e-193
0.4291 	2.96795e-193
0.4298 	6.60664e-194
0.4305 	1.39902e-196
0.4312 	1.28032e-196
0.4319 	1.05142e-196
0.4326 	8.1403e-197
0.4333 	5.76643e-197
0.434 	3.39257e-197
0.4347 	1.01871e-197
0.4354 	1.32171e-200
0.4361 	1.21092e-200
0.4368 	1.01307e-200
0.4375 	7.91489e-201
0.4382 	5.69904e-201
0.4389 	3.48318e-201
0.4396 	1.26733e-201
0.4403 	1.13498e-204
0.441 	1.04096e-204
0.4417 	8.86507e-205
0.4424 	6.98479e-205
0.4431 	5.1045e-205
0.4438 	3.22422e-205
0.4445 	1.34393e-205
0.4452 	8.84709e-209
0.4459 	8.12281e-209
0.4466 	7.0364e-209
0.4473 	5.58785e-209
0.448 	4.13931e-209
0.4487 	2.69076e-209
0.4494 	1.24222e-209
0.4501 	6.28857e-213
0.4508 	5.7797e-213
0.4515 	5.08908e-213
0.4522 	4.07135e-213
0.4529 	3.05361e-213
0.4536 	2.03587e-213
0.4543 	1.01813e-213
0.455 	4.09757e-217
0.4557 	3.76977e-217
0.4564 	3.37174e-217
0.4571 	2.71617e-217
0.4578 	2.0606e-217
0.4585 	1.40503e-217
0.4592 	7.49456e-218
0.4599 	9.38843e-219
0.4606 	2.26686e-221
0.4613 	2.05826e-221
0.462 	1.66888e-221
0.4627 	1.27951e-221
0.4634 	8.90131e-222
0.4641 	5.00754e-222
0.4648 	1.11377e-222
0.4655 	1.26432e-225
0.4662 	1.15705e-225
0.4669 	9.50174e-226
0.4676 	7.35633e-226
0.4683 	5.21092e-226
0.469 	3.06552e-226
0.4697 	9.2011e-227
0.4704 	6.58138e-230
0.4711 	6.02967e-230
0.4718 	5.04448e-230
0.4725 	3.94107e-230
0.4732 	2.83766e-230
0.4739 	1.73425e-230
0.4746 	6.30835e-231
0.4753 	3.22905e-234
0.476 	2.96156e-234
0.4767 	2.52213e-234
0.4774 	1.98716e-234
0.4781 	1.4522e-234
0.4788 	9.17229e-235
0.4795 	3.82263e-235
0.4802 	1.50811e-238
0.4809 	1.38465e-238
0.4816 	1.19945e-238
0.4823 	9.52515e-239
0.483 	7.05583e-239
0.4837 	4.58651e-239
0.4844 	2.11719e-239
0.4851 	6.70044e-243
0.4858 	6.15823e-243
0.4865 	5.42237e-243
0.4872 	4.33795e-243
0.4879 	3.25353e-243
0.4886 	2.16911e-243
0.4893 	1.08469e-243
0.49 	2.83569e-247
0.4907 	2.60884e-247
0.4914 	2.33338e-247
0.4921 	1.87969e-247
0.4928 	1.426e-247
0.4935 	9.72303e-248
0.4942 	5.18611e-248
0.4949 	6.49182e-249
0.4956 	1.0555e-251
0.4963 	9.58368e-252
0.497 	7.77063e-252
0.4977 	5.95757e-252
0.4984 	4.14452e-252
0.4991 	2.33147e-252
0.4998 	5.18415e-253
0.5005 	4.08387e-256
0.5012 	3.73737e-256
0.5019 	3.06912e-256
0.5026 	2.37613e-256
0.5033 	1.68313e-256
0.504 	9.90139e-257
0.5047 	2.97144e-257
0.5054 	1.51143e-260
0.5061 	1.38473e-260
0.5068 	1.15847e-260
0.5075 	9.05068e-261
0.5082 	6.51663e-261
0.5089 	3.98258e-261
0.5096 	1.44853e-261
0.5103 	5.34736e-265
0.511 	4.90439e-265
0.5117 	4.17667e-265
0.5124 	3.29075e-265
0.5131 	2.40482e-265
0.5138 	1.5189e-265
0.5145 	6.32972e-266
0.5152 	1.80656e-269
0.5159 	1.65866e-269
0.5166 	1.43681e-269
0.5173 	1.141e-269
0.518 	8.45202e-270
0.5187 	5.494e-270
0.5194 	2.53598e-270
0.5201 	5.82084e-274
0.5208 	5.3498e-274
0.5215 	4.71053e-274
0.5222 	3.76846e-274
0.5229 	2.82638e-274
0.5236 	1.88431e-274
0.5243 	9.42236e-275
0.525 	1.78663e-278
0.5257 	1.6437e-278
0.5264 	1.47014e-278
0.5271 	1.18429e-278
0.5278 	8.9844e-279
0.5285 	6.12587e-279
0.5292 	3.26735e-279
0.5299 	4.08825e-280
0.5306 	4.80618e-283
0.5313 	4.36391e-283
0.532 	3.53833e-283
0.5327 	2.71275e-283
0.5334 	1.88717e-283
0.5341 	1.06159e-283
0.5348 	2.36007e-284
0.5355 	1.33653e-287
0.5362 	1.22313e-287
0.5369 	1.00443e-287
0.5376 	7.77633e-288
0.5383 	5.50833e-288
0.539 	3.24033e-288
0.5397 	9.7233e-289
0.5404 	3.53336e-292
0.5411 	3.23716e-292
0.5418 	2.70823e-292
0.5425 	2.11582e-292
0.5432 	1.52341e-292
0.5439 	9.31006e-293
0.5446 	3.38599e-293
0.5453 	8.87889e-297
0.546 	8.14338e-297
0.5467 	6.93503e-297
0.5474 	5.46401e-297
0.5481 	3.99298e-297
0.5488 	2.52195e-297
0.5495 	1.05092e-297
0.5502 	2.12086e-301
0.5509 	1.94723e-301
0.5516 	1.68678e-301
0.5523 	1.33951e-301
0.553 	9.92239e-302
0.5537 	6.4497e-302
0.5544 	2.97702e-302
0.5551 	4.8166e-306
0.5558 	4.42683e-306
0.5565 	3.89785e-306
0.5572 	3.11829e-306
0.5579 	2.33874e-306
0.5586 	1.55919e-306
0.5593 	7.79641e-307
0.56 	1.04037e-310
0.5607 	9.57141e-311
0.5614 	8.56078e-311
0.5621 	6.89622e-311
0.5628 	5.23166e-311
0.5635 	3.5671e-311
0.5642 	1.90254e-311
0.5649 	2.37976e-312
0.5656 	1.96748e-315
0.5663 	1.78642e-315
0.567 	1.44845e-315
0.5677 	1.11048e-315
0.5684 	7.72505e-316
0.5691 	4.34531e-316
0.5698 	9.65578e-317
0.5705 	0
0.5712 	0
0.5719 	0
0.5726 	0
0.5733 	0
0.574 	0
0.5747 	0
0.5754 	0
0.5761 	0
0.5768 	0
0.5775 	0
0.5782 	0
0.5789 	0
0.5796 	0
0.5803 	0
0.581 	0
0.5817 	0
0.5824 	0
0.5831 	0
0.5838 	0
0.5845 	0
0.5852 	0
0.5859 	0
0.5866 	0
0.5873 	0
0.588 	0
0.5887 	0
0.5894 	0
0.5901 	0
0.5908 	0
0.5915 	0
0.5922 	0
0.5929 	0
0.5936 	0
0.5943 	0
0.595 	0
0.5957 	0
0.5964 	0
0.5971 	0
0.5978 	0
0.5985 	0
0.5992 	0
0.5999 	0
0.6006 	0
0.6013 	0
0.602 	0
0.6027 	0
0.6034 	0
0.6041 	0
0.6048 	0
0.6055 	0
0.6062 	0
0.6069 	0
0.6076 	0
0.6083 	0
0.609 	0
0.6097 	0
0.6104 	0
0.6111 	0
0.6118 	0
0.6125 	0
0.6132 	0
0.6139 	0
0.6146 	0
0.6153 	0
0.616 	0
0.6167 	0
0.6174 	0
0.6181 	0
0.6188 	0
0.6195 	0
0.6202 	0
0.6209 	0
0.6216 	0
0.6223 	0
0.623 	0
0.6237 	0
0.6244 	0
0.6251 	0
0.6258 	0
0.6265 	0
0.6272 	0
0.6279 	0
0.6286 	0
0.6293 	0
0.63 	0
0.6307 	0
0.6314 	0
0.6321 	0
0.6328 	0
0.6335 	0
0.6342 	0
0.6349 	0
0.6356 	0
0.6363 	0
0.637 	0
0.6377 	0
0.6384 	0
0.6391 	0
0.6398 	0
0.6405 	0
0.6412 	0
0.6419 	0
0.6426 	0
0.6433 	0
0.644 	0
0.6447 	0
0.6454 	0
0.6461 	0
0.6468 	0
0.6475 	0
0.6482 	0
0.6489 	0
0.6496 	0
0.6503 	0
0.651 	0
0.6517 	0
0.6524 	0
0.6531 	0
0.6538 	0
0.6545 	0
0.6552 	0
0.6559 	0
0.6566 	0
0.6573 	0
0.658 	0
0.6587 	0
0.6594 	0
0.6601 	0
0.6608 	0
0.6615 	0
0.6622 	0
0.6629 	0
0.6636 	0
0.6643 	0
0.665 	0
0.6657 	0
0.6664 	0
0.6671 	0
0.6678 	0
0.6685 	0
0.6692 	0
0.6699 	0
0.6706 	0
0.6713 	0
0.672 	0
0.6727 	0
0.6734 	0
0.6741 	0
0.6748 	0
0.6755 	0
0.6762 	0
0.6769 	0
0.6776 	0
0.6783 	0
0.679 	0
0.6797 	0
0.6804 	0
0.6811 	0
0.6818 	0
0.6825 	0
0.6832 	0
0.6839 	0
0.6846 	0
0.6853 	0
0.686 	0
0.6867 	0
0.6874 	0
0.6881 	0
0.6888 	0
0.6895 	0
0.6902 	0
0.6909 	0
0.6916 	0
0.6923 	0
0.693 	0
0.6937 	0
0.6944 	0
0.6951 	0
0.6958 	0
0.6965 	0
0.6972 	0
0.6979 	0
0.6986 	0
0.6993 	0
0.7 	0
