0 	1
0.0007 	1
0.0014 	1
0.0021 	1
0.0028 	1
0.0042 	1
0.0049 	1
0.0056 	1
0.0063 	1
0.0077 	1
0.0084 	1
0.0091 	1
0.0098 	1
0.0105 	1
0.0112 	1
0.0119 	1
0.0126 	1
0.0133 	1
0.014 	1
0.0147 	1
0.0154 	1
0.0168 	1
0.0175 	1
0.0182 	1
0.0189 	1
0.0196 	1
0.0203 	1
0.021 	1
0.0217 	1
0.0224 	1
0.0231 	1
0.0238 	1
0.0245 	1
0.0252 	1
0.0259 	1
0.0266 	1
0.0273 	1
0.028 	1
0.0287 	1
0.0294 	1
0.0301 	1
0.0308 	1
0.0315 	1
0.0322 	1
0.0329 	1
0.0336 	1
0.0343 	1
0.035 	1
0.0357 	1
0.0364 	1
0.0371 	1
0.0378 	1
0.0385 	1
0.0392 	1
0.0399 	1
0.0406 	1
0.0413 	1
0.042 	1
0.0427 	1
0.0434 	1
0.0441 	1
0.0448 	1
0.0455 	1
0.0462 	1
0.0469 	1
0.0476 	1
0.0483 	1
0.049 	1
0.0497 	1
0.0504 	1
0.0511 	1
0.0518 	1
0.0525 	1
0.0532 	1
0.0539 	1
0.0546 	1
0.0553 	1
0.056 	1
0.0567 	1
0.0574 	1
0.0581 	1
0.0588 	1
0.0595 	1
0.0602 	1
0.0609 	1
0.0616 	1
0.0623 	1
0.063 	1
0.0637 	1
0.0644 	1
0.0651 	1
0.0658 	1
0.0665 	1
0.0672 	1
0.0679 	1
0.0686 	1
0.0693 	1
0.07 	1
0.0707 	1
0.0714 	1
0.0721 	1
0.0728 	1
0.0735 	1
0.0742 	1
0.0749 	1
0.0756 	1
0.0763 	1
0.077 	1
0.0777 	1
0.0784 	1
0.0791 	1
0.0798 	1
0.0805 	1
0.0812 	1
0.0819 	1
0.0826 	1
0.0833 	1
0.084 	1
0.0847 	1
0.0854 	1
0.0861 	1
0.0875 	1
0.0882 	1
0.0889 	1
0.0896 	1
0.0903 	1
0.091 	1
0.0917 	1
0.0924 	1
0.0931 	1
0.0938 	1
0.0945 	1
0.0952 	1
0.0959 	1
0.0966 	1
0.098 	1
0.0987 	1
0.0994 	1
0.1001 	1
0.1008 	1
0.1015 	1
0.1022 	1
0.1029 	1
0.1036 	1
0.1043 	1
0.105 	1
0.1057 	1
0.1064 	1
0.1071 	1
0.1078 	1
0.1085 	1
0.1099 	1
0.1106 	1
0.1113 	1
0.112 	1
0.1127 	1
0.1134 	1
0.1141 	1
0.1148 	1
0.1155 	1
0.1162 	1
0.1169 	1
0.1176 	1
0.1183 	1
0.119 	1
0.1197 	1
0.1204 	1
0.1211 	1
0.1218 	1
0.1225 	1
0.1232 	1
0.1239 	1
0.1246 	1
0.1253 	1
0.126 	1
0.1267 	1
0.1274 	1
0.1281 	1
0.1288 	1
0.1295 	1
0.1302 	1
0.1309 	1
0.1316 	1
0.1323 	1
0.133 	1
0.1337 	1
0.1344 	1
0.1351 	1
0.1358 	1
0.1365 	1
0.1372 	1
0.1379 	1
0.1386 	1
0.1393 	1
0.14 	1
0.1407 	1
0.1414 	1
0.1421 	1
0.1428 	1
0.1435 	1
0.1442 	1
0.1449 	1
0.1456 	1
0.1463 	1
0.147 	1
0.1477 	1
0.1491 	1
0.1498 	1
0.1505 	1
0.1512 	1
0.1519 	1
0.1526 	1
0.1533 	1
0.154 	1
0.1547 	1
0.1554 	1
0.1561 	1
0.1568 	1
0.1575 	1
0.1582 	1
0.1589 	1
0.1596 	1
0.1603 	1
0.161 	1
0.1617 	1
0.1624 	1
0.1631 	1
0.1638 	1
0.1645 	1
0.1652 	1
0.1659 	1
0.1666 	1
0.1673 	1
0.168 	1
0.1687 	1
0.1701 	1
0.1708 	1
0.1715 	1
0.1722 	1
0.1729 	1
0.1736 	1
0.1743 	1
0.175 	1
0.1757 	1
0.1764 	1
0.1771 	1
0.1778 	1
0.1785 	1
0.1792 	1
0.1799 	1
0.1806 	1
0.1813 	1
0.182 	1
0.1827 	1
0.1834 	1
0.1841 	1
0.1848 	1
0.1855 	1
0.1862 	1
0.1869 	1
0.1876 	1
0.1883 	1
0.189 	1
0.1897 	1
0.1904 	1
0.1911 	1
0.1918 	1
0.1925 	1
0.1932 	1
0.1946 	1
0.1953 	1
0.196 	1
0.1967 	1
0.1974 	1
0.1981 	1
0.1988 	1
0.1995 	1
0.2002 	1
0.2009 	1
0.2016 	1
0.2023 	1
0.203 	1
0.2037 	1
0.2044 	1
0.2051 	1
0.2058 	1
0.2065 	1
0.2072 	1
0.2079 	1
0.2086 	1
0.2093 	1
0.21 	1
0.2107 	1
0.2114 	1
0.2121 	1
0.2128 	1
0.2135 	1
0.2142 	1
0.2149 	1
0.2156 	1
0.2163 	1
0.217 	1
0.2177 	1
0.2184 	1
0.2191 	1
0.2198 	1
0.2205 	1
0.2212 	1
0.2219 	1
0.2226 	1
0.2233 	1
0.224 	1
0.2247 	1
0.2254 	1
0.2261 	1
0.2268 	1
0.2275 	1
0.2282 	1
0.2289 	1
0.2296 	1
0.2303 	1
0.231 	1
0.2317 	1
0.2324 	1
0.2331 	1
0.2338 	1
0.2345 	1
0.2352 	1
0.2359 	1
0.2366 	1
0.2373 	1
0.238 	1
0.2394 	1
0.2401 	0.999964
0.2408 	0.999716
0.2415 	0.999453
0.2422 	0.999166
0.2429 	0.998879
0.2436 	0.998592
0.2443 	0.998305
0.245 	0.998018
0.2457 	0.928266
0.2464 	0.858522
0.2478 	0.719089
0.2485 	0.649373
0.2492 	0.579656
0.2499 	0.50994
0.2506 	0.440193
0.2513 	0.370445
0.252 	0.300732
0.2527 	0.231019
0.2534 	0.161306
0.2541 	0.0915927
0.2548 	0.0218798
0.2555 	0.00178449
0.2562 	0.00153629
0.2569 	0.00125534
0.2576 	0.000971878
0.2583 	0.000688414
0.259 	0.00040495
0.2597 	0.000121487
0.2604 	2.12495e-09
0.2611 	1.86457e-09
0.2618 	1.54349e-09
0.2625 	1.20585e-09
0.2632 	8.68212e-10
0.2639 	5.30574e-10
0.2646 	1.92936e-10
0.2653 	5.8467e-16
0.266 	5.17826e-16
0.2667 	4.34679e-16
0.2674 	3.42474e-16
0.2681 	2.5027e-16
0.2688 	1.58065e-16
0.2695 	6.58606e-17
0.2702 	2.00275e-22
0.2709 	1.78835e-22
0.2716 	1.52425e-22
0.2723 	1.21043e-22
0.273 	8.96618e-23
0.2744 	2.68986e-23
0.2751 	7.53375e-29
0.2758 	6.77441e-29
0.2765 	5.86718e-29
0.2772 	4.69374e-29
0.2779 	3.52031e-29
0.2793 	1.17344e-29
0.28 	3.2711e-35
0.2807 	2.95828e-35
0.2814 	2.60399e-35
0.2821 	2.09766e-35
0.2828 	1.59133e-35
0.2835 	1.085e-35
0.2842 	5.78665e-36
0.2849 	7.23345e-37
0.2856 	1.46775e-41
0.2863 	1.31248e-41
0.287 	1.06418e-41
0.2877 	8.15869e-42
0.2891 	3.19253e-42
0.2898 	7.09459e-43
0.2905 	8.74165e-48
0.2912 	7.82185e-48
0.2919 	6.41175e-48
0.2926 	4.96394e-48
0.2933 	3.51613e-48
0.294 	2.06831e-48
0.2947 	6.20502e-49
0.2954 	1.05531e-53
0.2961 	9.46763e-54
0.2968 	7.88056e-54
0.2975 	6.15669e-54
0.2982 	4.43282e-54
0.2989 	2.70895e-54
0.2996 	9.85084e-55
0.3003 	1.51017e-59
0.301 	1.36171e-59
0.3017 	1.15164e-59
0.3024 	9.07357e-60
0.3031 	6.63069e-60
0.3038 	4.18781e-60
0.3045 	1.74493e-60
0.3052 	2.12422e-65
0.3059 	1.92478e-65
0.3066 	1.65472e-65
0.3073 	1.31404e-65
0.3087 	6.32688e-66
0.3094 	2.92011e-66
0.3101 	2.72731e-71
0.3108 	2.48085e-71
0.3115 	2.16758e-71
0.3122 	1.73407e-71
0.3129 	1.30055e-71
0.3136 	8.67034e-72
0.3143 	4.33519e-72
0.315 	3.16803e-77
0.3157 	2.89086e-77
0.3164 	2.56615e-77
0.3171 	2.06718e-77
0.3178 	1.5682e-77
0.3185 	1.06923e-77
0.3192 	5.70258e-78
0.3199 	7.12851e-79
0.3206 	3.03072e-83
0.3213 	2.73208e-83
0.322 	2.2152e-83
0.3227 	1.69832e-83
0.3234 	1.18144e-83
0.3241 	6.64561e-84
0.3248 	1.47683e-84
0.3255 	2.85008e-89
0.3262 	2.59199e-89
0.3269 	2.12748e-89
0.3276 	1.64708e-89
0.3283 	1.16668e-89
0.329 	6.86284e-90
0.3297 	2.05887e-90
0.3304 	2.39983e-95
0.3311 	2.18759e-95
0.3318 	1.82793e-95
0.3325 	1.42807e-95
0.3332 	1.02821e-95
0.3339 	6.28354e-96
0.3346 	2.28494e-96
0.3353 	1.80767e-101
0.336 	1.65116e-101
0.3367 	1.40383e-101
0.3374 	1.10605e-101
0.3381 	8.08266e-102
0.3388 	5.10484e-102
0.3395 	2.12703e-102
0.3402 	1.21761e-107
0.3409 	1.11421e-107
0.3416 	9.63342e-108
0.3423 	7.65007e-108
0.343 	5.66672e-108
0.3437 	3.68337e-108
0.3444 	1.70002e-108
0.3451 	7.33474e-114
0.3458 	6.72286e-114
0.3465 	5.90753e-114
0.3472 	4.72603e-114
0.3479 	3.54452e-114
0.3486 	2.36302e-114
0.3493 	1.18151e-114
0.35 	3.9532e-120
0.3507 	3.62882e-120
0.3514 	3.23899e-120
0.3521 	2.60919e-120
0.3528 	1.97938e-120
0.3535 	1.34958e-120
0.3542 	7.19777e-121
0.3549 	8.99738e-122
0.3556 	1.75354e-126
0.3563 	1.58895e-126
0.357 	1.28834e-126
0.3577 	9.87727e-127
0.3584 	6.87115e-127
0.3591 	3.86502e-127
0.3598 	8.589e-128
0.3605 	7.59479e-133
0.3612 	6.9378e-133
0.3619 	5.69646e-133
0.3626 	4.41016e-133
0.3633 	3.12387e-133
0.364 	1.83757e-133
0.3647 	5.51273e-134
0.3654 	2.95182e-139
0.3661 	2.70031e-139
0.3668 	2.25827e-139
0.3675 	1.76428e-139
0.3682 	1.27028e-139
0.3689 	7.76283e-140
0.3696 	2.82285e-140
0.3703 	1.03838e-145
0.371 	9.50687e-146
0.3717 	8.09123e-146
0.3724 	6.37632e-146
0.3731 	4.66142e-146
0.3738 	2.94652e-146
0.3745 	1.23162e-146
0.3752 	6.5327e-149
0.3759 	5.97088e-149
0.3766 	5.15935e-149
0.3773 	4.09811e-149
0.378 	3.03687e-149
0.3787 	1.97564e-149
0.3794 	9.14397e-150
0.3801 	4.7041e-152
0.3808 	4.28111e-152
0.3815 	3.74217e-152
0.3822 	2.99452e-152
0.3829 	2.24686e-152
0.3836 	1.49921e-152
0.3843 	7.51555e-153
0.385 	3.90039e-155
0.3857 	3.53936e-155
0.3864 	3.1256e-155
0.3871 	2.51852e-155
0.3878 	1.91145e-155
0.3885 	1.30437e-155
0.3892 	6.97295e-156
0.3899 	9.02203e-157
0.3906 	3.21881e-158
0.3913 	2.88043e-158
0.392 	2.33605e-158
0.3927 	1.79167e-158
0.3934 	1.24729e-158
0.3941 	7.02906e-159
0.3948 	1.58525e-159
0.3955 	2.79597e-161
0.3962 	2.52764e-161
0.3969 	2.07406e-161
0.3976 	1.60623e-161
0.3983 	1.1384e-161
0.399 	6.7057e-162
0.3997 	2.02739e-162
0.4004 	2.12869e-164
0.4011 	1.93326e-164
0.4018 	1.61419e-164
0.4025 	1.2614e-164
0.4032 	9.08611e-165
0.4039 	5.55821e-165
0.4046 	2.0303e-165
0.4053 	1.38353e-167
0.406 	1.2612e-167
0.4067 	1.0715e-167
0.4081 	6.17259e-168
0.4088 	3.90137e-168
0.4095 	1.63016e-168
0.4102 	7.67247e-171
0.4109 	7.01437e-171
0.4116 	6.06171e-171
0.4123 	4.81447e-171
0.413 	3.56723e-171
0.4137 	2.32e-171
0.4144 	1.07276e-171
0.4151 	3.6586e-174
0.4158 	3.35241e-174
0.4165 	2.94531e-174
0.4172 	2.35655e-174
0.4179 	1.76779e-174
0.4186 	1.17903e-174
0.42 	1.51478e-177
0.4207 	1.39057e-177
0.4214 	1.24127e-177
0.4221 	1.00002e-177
0.4228 	7.58768e-178
0.4235 	5.17515e-178
0.4242 	2.76262e-178
0.4249 	3.50083e-179
0.4256 	5.05568e-181
0.4263 	4.5823e-181
0.427 	3.71571e-181
0.4277 	2.84911e-181
0.4284 	1.98252e-181
0.4291 	1.11592e-181
0.4298 	2.49325e-182
0.4305 	1.62623e-184
0.4312 	1.48603e-184
0.4319 	1.22026e-184
0.4326 	9.4483e-185
0.4333 	6.69397e-185
0.434 	3.93965e-185
0.4347 	1.18532e-185
0.4354 	4.66893e-188
0.4361 	4.2724e-188
0.4368 	3.57346e-188
0.4375 	2.79204e-188
0.4382 	2.01062e-188
0.4389 	1.2292e-188
0.4396 	4.47775e-189
0.4403 	1.20645e-191
0.441 	1.10539e-191
0.4417 	9.41015e-192
0.4424 	7.41467e-192
0.4431 	5.41919e-192
0.4438 	3.42371e-192
0.4445 	1.42824e-192
0.4452 	2.82838e-195
0.4459 	2.59449e-195
0.4466 	2.24637e-195
0.4473 	1.78401e-195
0.448 	1.32165e-195
0.4487 	8.59286e-196
0.4494 	3.96924e-196
0.4501 	6.06274e-199
0.4508 	5.56755e-199
0.4515 	4.89935e-199
0.4522 	3.91972e-199
0.4529 	2.94009e-199
0.4536 	1.96046e-199
0.4543 	9.80827e-200
0.455 	1.19722e-202
0.4557 	1.10059e-202
0.4564 	9.83689e-203
0.4571 	7.92458e-203
0.4578 	6.01228e-203
0.4585 	4.09997e-203
0.4592 	2.18766e-203
0.4599 	2.75355e-204
0.4606 	2.01874e-206
0.4613 	1.83148e-206
0.462 	1.48505e-206
0.4627 	1.13863e-206
0.4634 	7.92199e-207
0.4641 	4.45772e-207
0.4648 	9.9346e-208
0.4655 	3.45918e-210
0.4662 	3.16298e-210
0.4669 	2.59734e-210
0.4676 	2.01098e-210
0.4683 	1.42461e-210
0.469 	8.38247e-211
0.4697 	2.51883e-211
0.4704 	5.57125e-214
0.4711 	5.1e-214
0.4718 	4.26596e-214
0.4725 	3.33298e-214
0.4732 	2.39999e-214
0.4739 	1.467e-214
0.4746 	5.34014e-215
0.4753 	8.47729e-218
0.476 	7.76893e-218
0.4767 	6.61418e-218
0.4774 	5.21144e-218
0.4781 	3.80869e-218
0.4788 	2.40595e-218
0.4795 	1.00321e-218
0.4802 	1.22357e-221
0.4809 	1.12256e-221
0.4816 	9.72016e-222
0.4823 	7.7193e-222
0.483 	5.71844e-222
0.4837 	3.71758e-222
0.4844 	1.71672e-222
0.4851 	1.67987e-225
0.4858 	1.54286e-225
0.4865 	1.35781e-225
0.4872 	1.08629e-225
0.4879 	8.14776e-226
0.4886 	5.43257e-226
0.4893 	2.71738e-226
0.49 	2.19733e-229
0.4907 	2.02027e-229
0.4914 	1.80591e-229
0.4921 	1.45482e-229
0.4928 	1.10372e-229
0.4935 	7.52622e-230
0.4942 	4.01525e-230
0.4949 	5.04276e-231
0.4956 	2.522e-233
0.4963 	2.2885e-233
0.497 	1.8556e-233
0.4977 	1.4227e-233
0.4984 	9.89801e-234
0.4991 	5.56903e-234
0.4998 	1.24004e-234
0.5005 	3.00151e-237
0.5012 	2.7452e-237
0.5019 	2.25429e-237
0.5026 	1.74534e-237
0.504 	7.27433e-238
0.5047 	2.1848e-238
0.5054 	3.4044e-241
0.5061 	3.11737e-241
0.5068 	2.60772e-241
0.5075 	2.03737e-241
0.5082 	1.46701e-241
0.5089 	8.96655e-242
0.5096 	3.26299e-242
0.5103 	3.67829e-245
0.5117 	2.8712e-245
0.5124 	2.26224e-245
0.5131 	1.65328e-245
0.5138 	1.04432e-245
0.5145 	4.35359e-246
0.5152 	3.78429e-249
0.5159 	3.47311e-249
0.5166 	3.00792e-249
0.5173 	2.38872e-249
0.518 	1.76952e-249
0.5187 	1.15032e-249
0.5194 	5.31118e-250
0.5201 	3.70638e-253
0.5208 	3.40531e-253
0.5215 	2.99767e-253
0.5222 	2.3982e-253
0.5229 	1.79874e-253
0.5243 	5.9981e-254
0.525 	3.45556e-257
0.5257 	3.17822e-257
0.5264 	2.84191e-257
0.5271 	2.28937e-257
0.5278 	1.73684e-257
0.5285 	1.18431e-257
0.5299 	7.92367e-259
0.5306 	2.82396e-261
0.5313 	2.56342e-261
0.532 	2.0785e-261
0.5327 	1.59357e-261
0.5334 	1.10865e-261
0.5341 	6.23726e-262
0.5348 	1.38803e-262
0.5355 	2.3895e-265
0.5362 	2.18623e-265
0.5369 	1.79531e-265
0.5376 	1.38997e-265
0.5383 	9.84618e-266
0.539 	5.7927e-266
0.5397 	1.73922e-266
0.5404 	1.92623e-269
0.5411 	1.7644e-269
0.5418 	1.47605e-269
0.5425 	1.1532e-269
0.5432 	8.30344e-270
0.5439 	5.07492e-270
0.5446 	1.8464e-270
0.5453 	1.48009e-273
0.546 	1.35725e-273
0.5467 	1.15578e-273
0.5474 	9.10642e-274
0.5481 	6.65499e-274
0.5488 	4.20356e-274
0.5495 	1.75213e-274
0.5502 	1.08466e-277
0.5509 	9.95712e-278
0.5516 	8.62465e-278
0.5523 	6.84915e-278
0.553 	5.07364e-278
0.5537 	3.29813e-278
0.5544 	1.52263e-278
0.5551 	7.58556e-282
0.5558 	6.97087e-282
0.5565 	6.13737e-282
0.5572 	4.91e-282
0.5579 	3.68262e-282
0.5586 	2.45525e-282
0.5593 	1.22788e-282
0.56 	5.06583e-286
0.5607 	4.6601e-286
0.5614 	4.16767e-286
0.5621 	3.35735e-286
0.5628 	2.54703e-286
0.5635 	1.73672e-286
0.5642 	9.26397e-287
0.5649 	1.16079e-287
0.5656 	2.9767e-290
0.5663 	2.70253e-290
0.567 	2.19127e-290
0.5677 	1.68002e-290
0.5684 	1.16877e-290
0.5691 	6.57517e-291
0.5698 	1.46265e-291
0.5705 	1.81796e-294
0.5712 	1.66357e-294
0.5719 	1.36612e-294
0.5726 	1.05767e-294
0.5733 	7.49213e-295
0.574 	4.40759e-295
0.5747 	1.32306e-295
0.5754 	1.06222e-298
0.5761 	9.731e-299
0.5768 	8.14092e-299
0.5775 	6.36023e-299
0.5782 	4.57954e-299
0.5789 	2.79884e-299
0.5796 	1.01815e-299
0.5803 	5.94136e-303
0.581 	5.44885e-303
0.5817 	4.64024e-303
0.5824 	3.65601e-303
0.5831 	2.67179e-303
0.5838 	1.68757e-303
0.5845 	7.03342e-304
0.5852 	3.18316e-307
0.5859 	2.9224e-307
0.5866 	2.53145e-307
0.5873 	2.0103e-307
0.588 	1.48915e-307
0.5887 	9.68009e-308
0.5894 	4.46862e-308
0.5901 	1.63448e-311
0.5908 	1.50214e-311
0.5915 	1.3226e-311
0.5922 	1.0581e-311
0.5929 	7.93594e-312
0.5936 	5.29089e-312
0.5943 	2.64585e-312
0.595 	8.03548e-316
0.5957 	7.39253e-316
0.5964 	6.61186e-316
0.5971 	5.32626e-316
0.5978 	4.04065e-316
0.5985 	2.75504e-316
0.5992 	1.46943e-316
0.5999 	1.83825e-317
0.6006 	1.55384e-320
0.6013 	1.41056e-320
0.602 	1.14376e-320
0.6027 	8.76967e-321
0.6034 	6.10171e-321
0.6041 	3.42882e-321
0.6048 	7.60861e-322
0.6055 	0
0.6062 	0
0.6069 	0
0.6076 	0
0.6083 	0
0.609 	0
0.6097 	0
0.6104 	0
0.6111 	0
0.6118 	0
0.6125 	0
0.6132 	0
0.6139 	0
0.6146 	0
0.6153 	0
0.616 	0
0.6167 	0
0.6174 	0
0.6181 	0
0.6188 	0
0.6195 	0
0.6202 	0
0.6209 	0
0.6216 	0
0.6223 	0
0.623 	0
0.6244 	0
0.6251 	0
0.6258 	0
0.6265 	0
0.6272 	0
0.6279 	0
0.6293 	0
0.63 	0
0.6307 	0
0.6314 	0
0.6321 	0
0.6328 	0
0.6335 	0
0.6342 	0
0.6349 	0
0.6356 	0
0.6363 	0
0.637 	0
0.6377 	0
0.6384 	0
0.6391 	0
0.6398 	0
0.6405 	0
0.6412 	0
0.6419 	0
0.6426 	0
0.6433 	0
0.644 	0
0.6447 	0
0.6454 	0
0.6461 	0
0.6468 	0
0.6475 	0
0.6482 	0
0.6489 	0
0.6496 	0
0.6503 	0
0.6517 	0
0.6524 	0
0.6531 	0
0.6538 	0
0.6545 	0
0.6552 	0
0.6559 	0
0.6566 	0
0.6573 	0
0.658 	0
0.6587 	0
0.6594 	0
0.6601 	0
0.6608 	0
0.6615 	0
0.6622 	0
0.6629 	0
0.6636 	0
0.6643 	0
0.665 	0
0.6657 	0
0.6664 	0
0.6678 	0
0.6685 	0
0.6692 	0
0.6699 	0
0.6706 	0
0.6713 	0
0.672 	0
0.6727 	0
0.6734 	0
0.6741 	0
0.6748 	0
0.6755 	0
0.6762 	0
0.6769 	0
0.6776 	0
0.6783 	0
0.679 	0
0.6797 	0
0.6804 	0
0.6811 	0
0.6818 	0
0.6825 	0
0.6832 	0
0.6839 	0
0.6846 	0
0.6853 	0
0.686 	0
0.6867 	0
0.6874 	0
0.6881 	0
0.6888 	0
0.6895 	0
0.6902 	0
0.6909 	0
0.6916 	0
0.6923 	0
0.693 	0
0.6937 	0
0.6944 	0
0.6951 	0
0.6958 	0
0.6965 	0
0.6972 	0
0.6979 	0
0.6986 	0
0.6993 	0
0.7 	0
