0 	1
0.0007 	1
0.0014 	1
0.0021 	1
0.0028 	1
0.0035 	1
0.0042 	1
0.0049 	1
0.0056 	1
0.0063 	1
0.007 	1
0.0077 	1
0.0084 	1
0.0091 	1
0.0098 	1
0.0105 	1
0.0112 	1
0.0119 	1
0.0126 	1
0.0133 	1
0.014 	1
0.0147 	1
0.0154 	1
0.0161 	1
0.0168 	1
0.0175 	1
0.0182 	1
0.0189 	1
0.0196 	1
0.0203 	1
0.021 	1
0.0217 	1
0.0224 	1
0.0231 	1
0.0238 	1
0.0245 	1
0.0252 	1
0.0259 	1
0.0266 	1
0.0273 	1
0.028 	1
0.0287 	1
0.0294 	1
0.0301 	1
0.0315 	1
0.0322 	1
0.0329 	1
0.0336 	1
0.0343 	1
0.035 	1
0.0357 	1
0.0364 	1
0.0378 	1
0.0385 	1
0.0392 	1
0.0399 	1
0.0406 	1
0.0413 	1
0.042 	1
0.0427 	1
0.0434 	1
0.0441 	1
0.0448 	1
0.0455 	1
0.0462 	1
0.0469 	1
0.0476 	1
0.0483 	1
0.049 	1
0.0497 	1
0.0504 	1
0.0511 	1
0.0518 	1
0.0525 	1
0.0532 	1
0.0539 	1
0.0546 	1
0.0553 	1
0.056 	1
0.0567 	1
0.0574 	1
0.0581 	1
0.0588 	1
0.0595 	1
0.0602 	1
0.0609 	1
0.0616 	1
0.0623 	1
0.063 	1
0.0637 	1
0.0644 	1
0.0651 	1
0.0658 	1
0.0665 	1
0.0672 	1
0.0679 	1
0.0686 	1
0.0693 	1
0.07 	1
0.0707 	1
0.0714 	1
0.0721 	1
0.0728 	1
0.0735 	1
0.0742 	1
0.0749 	1
0.0756 	1
0.0763 	1
0.077 	1
0.0777 	1
0.0784 	1
0.0791 	1
0.0798 	1
0.0805 	1
0.0812 	1
0.0819 	1
0.0826 	1
0.0833 	1
0.084 	1
0.0847 	1
0.0854 	1
0.0861 	1
0.0868 	1
0.0875 	1
0.0889 	1
0.0896 	1
0.0903 	1
0.091 	1
0.0917 	1
0.0924 	1
0.0931 	1
0.0938 	1
0.0945 	1
0.0952 	1
0.0959 	1
0.0966 	1
0.0973 	1
0.098 	1
0.0987 	1
0.0994 	1
0.1001 	1
0.1008 	1
0.1015 	1
0.1029 	1
0.1036 	1
0.1043 	1
0.105 	1
0.1057 	1
0.1064 	1
0.1071 	1
0.1078 	1
0.1085 	1
0.1092 	1
0.1099 	1
0.1106 	1
0.1113 	1
0.112 	1
0.1127 	1
0.1134 	1
0.1141 	1
0.1148 	1
0.1155 	1
0.1162 	1
0.1169 	1
0.1176 	1
0.1183 	1
0.119 	1
0.1197 	1
0.1204 	1
0.1211 	1
0.1218 	1
0.1225 	1
0.1232 	1
0.1239 	1
0.1246 	1
0.1253 	1
0.126 	1
0.1267 	1
0.1274 	1
0.1281 	1
0.1288 	1
0.1295 	1
0.1302 	1
0.1309 	1
0.1316 	1
0.1323 	1
0.133 	1
0.1337 	1
0.1344 	1
0.1351 	1
0.1358 	1
0.1365 	1
0.1372 	1
0.1379 	1
0.1386 	1
0.1393 	1
0.14 	1
0.1407 	1
0.1414 	1
0.1421 	1
0.1428 	1
0.1435 	1
0.1442 	1
0.1449 	1
0.1456 	1
0.1463 	1
0.147 	1
0.1477 	1
0.1484 	1
0.1491 	1
0.1498 	1
0.1505 	1
0.1512 	1
0.1519 	1
0.1526 	1
0.1533 	1
0.154 	1
0.1547 	1
0.1554 	1
0.1561 	1
0.1568 	1
0.1575 	1
0.1582 	1
0.1589 	1
0.1596 	1
0.1603 	1
0.161 	1
0.1617 	1
0.1624 	1
0.1631 	1
0.1638 	1
0.1645 	1
0.1652 	1
0.1666 	1
0.1673 	1
0.168 	1
0.1687 	1
0.1694 	1
0.1701 	1
0.1708 	1
0.1715 	1
0.1722 	1
0.1729 	1
0.1736 	1
0.1743 	1
0.175 	1
0.1764 	1
0.1778 	1
0.1785 	1
0.1792 	1
0.1799 	1
0.1806 	1
0.1813 	1
0.182 	1
0.1827 	1
0.1834 	1
0.1841 	1
0.1848 	1
0.1855 	1
0.1862 	1
0.1869 	1
0.1876 	1
0.1883 	1
0.189 	1
0.1897 	1
0.1904 	1
0.1911 	1
0.1918 	1
0.1925 	1
0.1932 	1
0.1939 	1
0.1946 	1
0.1953 	1
0.196 	1
0.1967 	1
0.1974 	1
0.1981 	1
0.1988 	1
0.1995 	1
0.2002 	1
0.2009 	1
0.2016 	1
0.2023 	1
0.203 	1
0.2037 	1
0.2044 	1
0.2051 	1
0.2058 	1
0.2065 	1
0.2072 	1
0.2079 	1
0.2086 	1
0.2093 	1
0.21 	1
0.2107 	1
0.2114 	1
0.2121 	1
0.2128 	1
0.2135 	1
0.2142 	1
0.2149 	1
0.2156 	1
0.2163 	1
0.217 	1
0.2177 	1
0.2184 	1
0.2191 	1
0.2198 	1
0.2205 	1
0.2212 	1
0.2219 	1
0.2226 	1
0.2233 	1
0.224 	1
0.2247 	1
0.2254 	0.999988
0.2261 	0.999969
0.2268 	0.999949
0.2275 	0.999929
0.2282 	0.999909
0.2289 	0.99989
0.2296 	0.99987
0.2303 	0.999185
0.231 	0.997615
0.2317 	0.996044
0.2324 	0.994473
0.2331 	0.992902
0.2338 	0.991331
0.2345 	0.989759
0.2352 	0.982489
0.2359 	0.960969
0.2366 	0.939448
0.2373 	0.917927
0.238 	0.896406
0.2387 	0.874885
0.2394 	0.853365
0.2401 	0.826146
0.2415 	0.703331
0.2422 	0.641923
0.2429 	0.580515
0.2436 	0.519108
0.2443 	0.4577
0.245 	0.396292
0.2457 	0.348067
0.2464 	0.299841
0.2471 	0.251616
0.2478 	0.203391
0.2485 	0.155166
0.2492 	0.106942
0.2499 	0.0587167
0.2506 	0.045826
0.2513 	0.0388243
0.252 	0.031823
0.2527 	0.0248217
0.2534 	0.0178204
0.2541 	0.0108191
0.2548 	0.00381785
0.2555 	0.00165232
0.2569 	0.00118989
0.2576 	0.000958684
0.2583 	0.000727475
0.259 	0.000496266
0.2597 	0.000265058
0.2604 	0.000154787
0.2611 	0.00013522
0.2618 	0.000115653
0.2625 	9.60861e-05
0.2632 	7.65193e-05
0.2639 	5.69526e-05
0.2646 	3.73859e-05
0.2653 	2.48384e-05
0.266 	2.165e-05
0.2667 	1.84617e-05
0.2674 	1.52734e-05
0.2681 	1.20852e-05
0.2688 	8.89689e-06
0.2695 	5.70861e-06
0.2702 	3.30624e-06
0.2709 	2.86863e-06
0.2716 	2.43105e-06
0.2723 	1.99348e-06
0.273 	1.55591e-06
0.2737 	1.11834e-06
0.2744 	6.80765e-07
0.2751 	2.99978e-07
0.2758 	2.59888e-07
0.2765 	2.19801e-07
0.2772 	1.79718e-07
0.2779 	1.39636e-07
0.2786 	9.95529e-08
0.2793 	5.94701e-08
0.28 	1.93874e-08
0.2807 	1.67864e-08
0.2814 	1.41855e-08
0.2821 	1.15853e-08
0.2828 	8.98499e-09
0.2835 	6.38472e-09
0.2842 	3.78445e-09
0.2849 	1.18418e-09
0.2856 	7.17205e-10
0.2863 	6.05783e-10
0.287 	4.94403e-10
0.2877 	3.83022e-10
0.2884 	2.71641e-10
0.2891 	1.6026e-10
0.2898 	4.88797e-11
0.2905 	1.53683e-11
0.2912 	1.30048e-11
0.2919 	1.06423e-11
0.2926 	8.27996e-12
0.2933 	5.91759e-12
0.294 	3.55523e-12
0.2947 	1.19286e-12
0.2954 	1.66027e-13
0.2961 	1.40838e-13
0.2968 	1.15662e-13
0.2975 	9.04886e-14
0.2982 	6.53154e-14
0.2989 	4.01421e-14
0.2996 	1.49688e-14
0.3003 	5.49076e-16
0.301 	4.67274e-16
0.3017 	3.85511e-16
0.3024 	3.03769e-16
0.3031 	2.22027e-16
0.3038 	1.40285e-16
0.3045 	5.85436e-17
0.3052 	1.50271e-19
0.3059 	1.28345e-19
0.3066 	1.06428e-19
0.3073 	8.45206e-20
0.308 	6.26133e-20
0.3087 	4.07059e-20
0.3094 	1.87985e-20
0.3101 	2.03976e-23
0.3108 	1.74821e-23
0.3115 	1.45675e-23
0.3122 	1.16545e-23
0.3129 	8.74138e-24
0.3136 	5.8283e-24
0.3143 	2.91522e-24
0.315 	2.14722e-27
0.3157 	1.84646e-27
0.3164 	1.54575e-27
0.3171 	1.24522e-27
0.3178 	9.44689e-28
0.3185 	6.44158e-28
0.3192 	3.43628e-28
0.3199 	4.30977e-29
0.3206 	1.4497e-31
0.3213 	1.21896e-31
0.322 	9.88361e-32
0.3227 	7.57765e-32
0.3234 	5.27169e-32
0.3241 	2.96573e-32
0.3248 	6.59775e-33
0.3255 	8.36707e-36
0.3262 	7.06495e-36
0.3269 	5.76353e-36
0.3276 	4.46218e-36
0.3283 	3.16082e-36
0.329 	1.85947e-36
0.3297 	5.58109e-37
0.3304 	3.54367e-40
0.3311 	3.00425e-40
0.3318 	2.46501e-40
0.3325 	1.92581e-40
0.3332 	1.38662e-40
0.3339 	8.47424e-41
0.3346 	3.08229e-41
0.3353 	1.1019e-44
0.336 	9.37766e-45
0.3374 	6.0955e-45
0.3381 	4.45448e-45
0.3388 	2.81345e-45
0.3395 	1.17242e-45
0.3402 	2.51081e-49
0.3409 	2.14471e-49
0.3416 	1.77857e-49
0.3423 	1.4124e-49
0.343 	1.04624e-49
0.3437 	6.80069e-50
0.3444 	3.13901e-50
0.3451 	4.19448e-54
0.3458 	3.59557e-54
0.3465 	2.99653e-54
0.3472 	2.39723e-54
0.3479 	1.79794e-54
0.3486 	1.19865e-54
0.3493 	5.99353e-55
0.35 	5.99599e-59
0.3507 	5.15728e-59
0.3514 	4.31836e-59
0.3521 	3.47869e-59
0.3528 	2.63903e-59
0.3535 	1.79936e-59
0.3542 	9.59693e-60
0.3549 	1.20026e-60
0.3556 	6.51086e-64
0.3563 	5.4764e-64
0.357 	4.44034e-64
0.3577 	3.40428e-64
0.3584 	2.36822e-64
0.3591 	1.33216e-64
0.3598 	2.96096e-65
0.3605 	7.05011e-69
0.3612 	5.95548e-69
0.3619 	4.85857e-69
0.3633 	2.66441e-69
0.364 	1.56733e-69
0.3647 	4.70251e-70
0.3654 	6.79171e-74
0.3661 	5.76055e-74
0.3668 	4.72712e-74
0.3675 	3.69308e-74
0.3682 	2.65903e-74
0.3689 	1.62499e-74
0.3696 	5.90946e-75
0.3703 	6.03145e-79
0.371 	5.13558e-79
0.3717 	4.23776e-79
0.3724 	3.33885e-79
0.3731 	2.43995e-79
0.3738 	1.54104e-79
0.3745 	6.4213e-80
0.3752 	5.09673e-84
0.3759 	4.35574e-84
0.3766 	3.6133e-84
0.3773 	2.86939e-84
0.378 	2.12549e-84
0.3787 	1.38158e-84
0.3794 	6.37676e-85
0.3801 	4.19314e-89
0.3808 	3.59616e-89
0.3815 	2.99823e-89
0.3822 	2.39859e-89
0.3829 	1.79895e-89
0.3836 	1.19931e-89
0.3843 	5.99673e-90
0.385 	3.4149e-94
0.3857 	2.93859e-94
0.3864 	2.46177e-94
0.3871 	1.9831e-94
0.3878 	1.50442e-94
0.3885 	1.02575e-94
0.3892 	5.47081e-95
0.3899 	6.84089e-96
0.3906 	2.39871e-99
0.3913 	2.0187e-99
0.392 	1.63679e-99
0.3927 	1.25488e-99
0.3934 	8.72964e-100
0.3941 	4.91052e-100
0.3948 	1.0914e-100
0.3955 	1.96795e-104
0.3962 	1.66331e-104
0.3969 	1.35702e-104
0.3976 	1.0506e-104
0.3983 	7.44179e-105
0.399 	4.3776e-105
0.3997 	1.3134e-105
0.4004 	1.62938e-109
0.4011 	1.38268e-109
0.4025 	8.86552e-110
0.4032 	6.38322e-110
0.4039 	3.90091e-110
0.4046 	1.41861e-110
0.4053 	1.36641e-114
0.406 	1.16397e-114
0.4067 	9.60674e-115
0.4074 	7.56897e-115
0.4081 	5.5312e-115
0.4088 	3.49344e-115
0.4095 	1.45567e-115
0.4102 	1.16113e-119
0.4109 	9.92719e-120
0.4116 	8.23719e-120
0.4123 	6.54132e-120
0.413 	4.84545e-120
0.4137 	3.14958e-120
0.4144 	1.45371e-120
0.4151 	1.00016e-124
0.4158 	8.58079e-125
0.4165 	7.15623e-125
0.4172 	5.725e-125
0.4179 	4.29377e-125
0.4186 	2.86254e-125
0.4193 	1.43132e-125
0.42 	8.72161e-130
0.4207 	7.5075e-130
0.4214 	6.29142e-130
0.4221 	5.0681e-130
0.4228 	3.84478e-130
0.4235 	2.62147e-130
0.4242 	1.39815e-130
0.4249 	1.74835e-131
0.4256 	6.64182e-135
0.427 	4.53376e-135
0.4277 	3.4759e-135
0.4284 	2.41804e-135
0.4291 	1.36017e-135
0.4298 	3.02312e-136
0.4305 	5.92851e-140
0.4319 	4.08959e-140
0.4333 	2.2427e-140
0.434 	1.31926e-140
0.4347 	3.95819e-141
0.4354 	5.32987e-145
0.4361 	4.52431e-145
0.4368 	3.71348e-145
0.4375 	2.9012e-145
0.4389 	1.27666e-145
0.4396 	4.64389e-146
0.4403 	2.21834e-149
0.441 	1.94173e-149
0.4417 	1.66449e-149
0.4424 	1.3869e-149
0.4431 	1.10931e-149
0.4438 	8.31719e-150
0.4445 	5.54128e-150
0.4452 	3.43686e-150
0.4459 	3.01118e-150
0.4473 	2.15845e-150
0.448 	1.73185e-150
0.4487 	1.30526e-150
0.4494 	8.78668e-151
0.4501 	5.04136e-151
0.4508 	4.41974e-151
0.4515 	3.7977e-151
0.4522 	3.17491e-151
0.4529 	2.55212e-151
0.4536 	1.92933e-151
0.4543 	1.30654e-151
0.455 	6.8375e-152
0.4557 	5.99493e-152
0.4564 	5.15199e-152
0.4571 	4.30765e-152
0.4578 	3.46332e-152
0.4585 	2.61898e-152
0.4592 	1.77465e-152
0.4599 	9.3031e-153
0.4606 	7.23049e-153
0.4613 	6.21949e-153
0.462 	5.20619e-153
0.4627 	4.19288e-153
0.4634 	3.17958e-153
0.4641 	2.16627e-153
0.4648 	1.15297e-153
0.4655 	7.85669e-154
0.4662 	6.76773e-154
0.4669 	5.67592e-154
0.4676 	4.58389e-154
0.4683 	3.49186e-154
0.469 	2.39982e-154
0.4697 	1.30779e-154
0.4704 	7.78756e-155
0.4711 	6.71963e-155
0.4718 	5.64902e-155
0.4725 	4.57769e-155
0.4732 	3.50635e-155
0.4739 	2.43502e-155
0.4746 	1.36368e-155
0.4753 	7.10253e-156
0.476 	6.14029e-156
0.4767 	5.17584e-156
0.4774 	4.21017e-156
0.4781 	3.2445e-156
0.4788 	2.27883e-156
0.4795 	1.31316e-156
0.4802 	6.00461e-157
0.4809 	5.2018e-157
0.4816 	4.3974e-157
0.4823 	3.59142e-157
0.483 	2.78544e-157
0.4837 	1.97945e-157
0.4844 	1.17347e-157
0.4851 	4.73704e-158
0.4858 	4.11251e-158
0.4865 	3.487e-158
0.4872 	2.85974e-158
0.4879 	2.23248e-158
0.4886 	1.60522e-158
0.4893 	9.77956e-159
0.49 	3.50694e-159
0.4907 	3.05127e-159
0.4921 	2.13726e-159
0.4928 	1.67939e-159
0.4935 	1.22153e-159
0.4942 	7.63663e-160
0.4949 	3.05797e-160
0.4956 	2.13521e-160
0.4963 	1.82164e-160
0.497 	1.50653e-160
0.4977 	1.19143e-160
0.4984 	8.76321e-161
0.4991 	5.61214e-161
0.4998 	2.46107e-161
0.5005 	1.41496e-161
0.5012 	1.21082e-161
0.5019 	1.00559e-161
0.5026 	8.00273e-162
0.5033 	5.94956e-162
0.504 	3.8964e-162
0.5047 	1.84323e-162
0.5054 	8.91111e-163
0.5061 	7.64784e-163
0.5068 	6.3783e-163
0.5075 	5.10705e-163
0.5082 	3.8358e-163
0.5089 	2.56455e-163
0.5096 	1.2933e-163
0.5103 	5.34941e-164
0.511 	4.60427e-164
0.5117 	3.85583e-164
0.5124 	3.10557e-164
0.5131 	2.35531e-164
0.5138 	1.60504e-164
0.5145 	8.54776e-165
0.5152 	3.06873e-165
0.5159 	2.64872e-165
0.5166 	2.22714e-165
0.5173 	1.80398e-165
0.518 	1.38083e-165
0.5187 	9.5768e-166
0.5194 	5.34527e-166
0.5201 	1.68587e-166
0.5208 	1.45913e-166
0.5215 	1.23174e-166
0.5222 	1.00317e-166
0.5229 	7.74589e-167
0.5236 	5.46013e-167
0.5243 	3.17437e-167
0.525 	8.88605e-168
0.5257 	7.71162e-168
0.5264 	6.53496e-168
0.5271 	5.35017e-168
0.5278 	4.16539e-168
0.5285 	2.9806e-168
0.5292 	1.79581e-168
0.5299 	6.11022e-169
0.5306 	3.91651e-169
0.5313 	3.33143e-169
0.532 	2.74116e-169
0.5327 	2.15089e-169
0.5334 	1.56062e-169
0.5341 	9.70354e-170
0.5348 	3.80085e-170
0.5355 	1.91424e-170
0.5362 	1.63406e-170
0.5369 	1.35119e-170
0.5376 	1.06811e-170
0.5383 	7.85036e-171
0.539 	5.01957e-171
0.5397 	2.18879e-171
0.5404 	9.01649e-172
0.5411 	7.72239e-172
0.5418 	6.41687e-172
0.5425 	5.10825e-172
0.5432 	3.79962e-172
0.5439 	2.491e-172
0.5446 	1.18237e-172
0.5453 	4.09861e-173
0.546 	3.52166e-173
0.5467 	2.94019e-173
0.5474 	2.3562e-173
0.5481 	1.77222e-173
0.5488 	1.18824e-173
0.5495 	6.04252e-174
0.5502 	1.80019e-174
0.5509 	1.5516e-174
0.5516 	1.30137e-174
0.553 	7.97618e-175
0.5537 	5.45741e-175
0.5544 	2.93863e-175
0.5551 	7.64883e-176
0.5558 	6.61255e-176
0.5565 	5.57093e-176
0.5572 	4.51971e-176
0.5579 	3.46848e-176
0.5586 	2.41725e-176
0.5593 	1.36602e-176
0.56 	3.14795e-177
0.5607 	2.72944e-177
0.5614 	2.30952e-177
0.5621 	1.88442e-177
0.5628 	1.45932e-177
0.5635 	1.03422e-177
0.5642 	6.09116e-178
0.5649 	1.84015e-178
0.5656 	1.09236e-178
0.5663 	9.28246e-179
0.567 	7.61502e-179
0.5677 	5.94759e-179
0.5684 	4.28015e-179
0.5691 	2.61271e-179
0.5698 	9.45276e-180
0.5705 	4.24345e-180
0.5712 	3.62016e-180
0.5719 	2.98591e-180
0.5726 	2.3508e-180
0.5733 	1.7157e-180
0.574 	1.0806e-180
0.5747 	4.45501e-181
0.5754 	1.60154e-181
0.5761 	1.37123e-181
0.5768 	1.13713e-181
0.5775 	9.02003e-182
0.5782 	6.66874e-182
0.5789 	4.31746e-182
0.5796 	1.96617e-182
0.5803 	5.87143e-183
0.581 	5.04464e-183
0.5817 	4.20555e-183
0.5824 	3.35962e-183
0.5831 	2.51369e-183
0.5838 	1.66776e-183
0.5845 	8.21826e-184
0.5852 	2.09341e-184
0.5859 	1.80473e-184
0.5866 	1.51234e-184
0.5873 	1.21622e-184
0.588 	9.20113e-185
0.5887 	6.24002e-185
0.5894 	3.2789e-185
0.5901 	7.2678e-186
0.5908 	6.28626e-186
0.5915 	5.29465e-186
0.5922 	4.28493e-186
0.5929 	3.2752e-186
0.5936 	2.26548e-186
0.5943 	1.25575e-186
0.595 	2.46026e-187
0.5957 	2.13485e-187
0.5964 	1.8072e-187
0.5971 	1.47134e-187
0.5978 	1.13547e-187
0.5985 	7.99602e-188
0.5992 	4.63735e-188
0.5999 	1.27868e-188
0.6006 	7.085e-189
0.6013 	6.02796e-189
0.602 	4.93557e-189
0.6027 	3.84319e-189
0.6034 	2.7508e-189
0.6041 	1.65842e-189
0.6048 	5.66035e-190
0.6055 	2.30051e-190
0.6062 	1.96629e-190
0.6069 	1.61944e-190
0.6076 	1.27162e-190
0.6083 	9.23801e-191
0.609 	5.75983e-191
0.6097 	2.28164e-191
0.6104 	7.31691e-192
0.6111 	6.2791e-192
0.6118 	5.20386e-192
0.6125 	4.1184e-192
0.6132 	3.03294e-192
0.6139 	1.94748e-192
0.6146 	8.62026e-193
0.6153 	2.28222e-193
0.616 	1.96622e-193
0.6167 	1.63968e-193
0.6174 	1.30726e-193
0.6181 	9.74852e-194
0.6188 	6.4244e-194
0.6195 	3.10028e-194
0.6202 	6.98924e-195
0.6209 	6.0447e-195
0.6216 	5.07235e-195
0.6223 	4.07218e-195
0.623 	3.07201e-195
0.6237 	2.07184e-195
0.6244 	1.07167e-195
0.6251 	2.10414e-196
0.6258 	1.82666e-196
0.6265 	1.54254e-196
0.6272 	1.24651e-196
0.6279 	9.50471e-197
0.6286 	6.54434e-197
0.6293 	3.58397e-197
0.63 	6.23602e-198
0.6307 	5.43371e-198
0.6314 	4.61834e-198
0.6321 	3.75511e-198
0.6328 	2.89189e-198
0.6335 	2.02867e-198
0.6342 	1.16545e-198
0.6349 	3.02224e-199
0.6356 	1.59312e-199
0.6363 	1.36311e-199
0.637 	1.11482e-199
0.6377 	8.66517e-200
0.6384 	6.18218e-200
0.6391 	3.6992e-200
0.6398 	1.21621e-200
0.6405 	4.60893e-201
0.6412 	3.9664e-201
0.6419 	3.26556e-201
0.6426 	2.56024e-201
0.6433 	1.85492e-201
0.644 	1.1496e-201
0.6447 	4.44275e-202
0.6454 	1.31796e-202
0.6461 	1.13949e-202
0.6468 	9.45507e-203
0.6475 	7.47293e-203
0.6482 	5.4908e-203
0.6489 	3.50866e-203
0.6496 	1.52653e-203
0.6503 	3.72868e-204
0.651 	3.23835e-204
0.6517 	2.70865e-204
0.6524 	2.15707e-204
0.6531 	1.60549e-204
0.6538 	1.05392e-204
0.6545 	5.02339e-205
0.6552 	1.04542e-205
0.6559 	9.11933e-206
0.6566 	7.69068e-206
0.6573 	6.16822e-206
0.658 	4.64576e-206
0.6587 	3.1233e-206
0.6594 	1.60084e-206
0.6601 	2.90725e-207
0.6608 	2.54684e-207
0.6615 	2.16617e-207
0.6629 	1.33183e-207
0.6636 	9.14663e-208
0.6643 	4.97495e-208
0.665 	8.03279e-209
0.6657 	7.0659e-209
0.6664 	6.06264e-209
0.6671 	4.92598e-209
0.6678 	3.78932e-209
0.6685 	2.65266e-209
0.6692 	1.51601e-209
0.6699 	3.79351e-210
0.6706 	1.94863e-210
0.6713 	1.68711e-210
0.672 	1.37896e-210
0.6734 	7.62684e-211
0.6741 	4.54543e-211
0.6748 	1.46402e-211
0.6755 	5.34693e-212
0.6762 	4.66193e-212
0.6769 	3.84054e-212
0.6776 	3.00866e-212
0.6783 	2.17678e-212
0.679 	1.3449e-212
0.6797 	5.13014e-213
0.6804 	1.46132e-213
0.6811 	1.27999e-213
0.6818 	1.06524e-213
0.6825 	8.4137e-214
0.6832 	6.17501e-214
0.6839 	3.93633e-214
0.6846 	1.69765e-214
0.6853 	3.97885e-215
0.686 	3.50018e-215
0.6867 	2.94311e-215
0.6874 	2.34247e-215
0.6881 	1.74183e-215
0.6888 	1.14119e-215
0.6895 	5.40553e-216
0.6902 	1.07925e-216
0.6909 	9.53209e-217
0.6916 	8.09853e-217
0.6923 	6.4918e-217
0.693 	4.88507e-217
0.6937 	3.27834e-217
0.6944 	1.67161e-217
0.6951 	2.89714e-218
0.6958 	2.56858e-218
0.6965 	2.20667e-218
0.6972 	1.7847e-218
0.6979 	1.36274e-218
0.6986 	9.40777e-219
0.6993 	5.18814e-219
0.7 	9.68515e-220
