0 	1
0.0007 	1
0.0014 	1
0.0021 	1
0.0028 	1
0.0035 	1
0.0042 	1
0.0049 	1
0.0056 	1
0.0063 	1
0.007 	1
0.0077 	1
0.0084 	1
0.0091 	1
0.0098 	1
0.0105 	1
0.0112 	1
0.0119 	1
0.0126 	1
0.0133 	1
0.014 	1
0.0147 	1
0.0154 	1
0.0161 	1
0.0168 	1
0.0175 	1
0.0182 	1
0.0189 	1
0.0196 	1
0.0203 	1
0.021 	1
0.0217 	1
0.0224 	1
0.0231 	1
0.0238 	1
0.0245 	1
0.0252 	1
0.0259 	1
0.0266 	1
0.0273 	1
0.028 	1
0.0287 	1
0.0294 	1
0.0301 	1
0.0308 	1
0.0315 	1
0.0322 	1
0.0329 	1
0.0336 	1
0.0343 	1
0.035 	1
0.0357 	1
0.0364 	1
0.0371 	1
0.0378 	1
0.0385 	1
0.0392 	1
0.0399 	1
0.0406 	1
0.0413 	1
0.042 	1
0.0427 	1
0.0434 	1
0.0441 	1
0.0448 	1
0.0455 	1
0.0462 	1
0.0469 	1
0.0476 	1
0.0483 	1
0.049 	1
0.0497 	1
0.0504 	1
0.0511 	1
0.0518 	1
0.0525 	1
0.0532 	1
0.0539 	1
0.0546 	1
0.0553 	1
0.056 	1
0.0567 	1
0.0574 	1
0.0581 	1
0.0588 	1
0.0595 	1
0.0602 	1
0.0609 	1
0.0616 	1
0.0623 	1
0.063 	1
0.0637 	1
0.0644 	1
0.0651 	1
0.0658 	1
0.0665 	1
0.0672 	1
0.0679 	1
0.0686 	1
0.0693 	1
0.07 	1
0.0707 	1
0.0714 	1
0.0721 	1
0.0728 	1
0.0735 	1
0.0742 	1
0.0749 	1
0.0756 	1
0.0763 	1
0.077 	1
0.0777 	1
0.0784 	1
0.0791 	1
0.0798 	1
0.0805 	1
0.0812 	1
0.0819 	1
0.0826 	1
0.0833 	1
0.084 	1
0.0847 	1
0.0854 	1
0.0861 	1
0.0868 	1
0.0875 	1
0.0882 	1
0.0889 	1
0.0896 	1
0.0903 	1
0.091 	1
0.0917 	1
0.0924 	1
0.0931 	1
0.0938 	1
0.0945 	1
0.0952 	1
0.0959 	1
0.0966 	1
0.0973 	1
0.098 	1
0.0987 	1
0.0994 	1
0.1001 	1
0.1008 	1
0.1015 	1
0.1022 	1
0.1029 	1
0.1036 	1
0.1043 	1
0.105 	1
0.1057 	1
0.1064 	1
0.1071 	1
0.1078 	1
0.1085 	1
0.1092 	1
0.1099 	1
0.1106 	1
0.1113 	1
0.112 	1
0.1127 	1
0.1134 	1
0.1141 	1
0.1148 	1
0.1155 	1
0.1162 	1
0.1169 	1
0.1176 	1
0.1183 	1
0.119 	1
0.1197 	1
0.1204 	1
0.1211 	1
0.1218 	1
0.1225 	1
0.1232 	1
0.1239 	1
0.1246 	1
0.1253 	1
0.126 	1
0.1267 	1
0.1274 	1
0.1281 	1
0.1288 	1
0.1295 	1
0.1302 	1
0.1309 	1
0.1316 	1
0.1323 	1
0.133 	1
0.1337 	1
0.1344 	1
0.1351 	1
0.1358 	1
0.1365 	1
0.1372 	1
0.1379 	1
0.1386 	1
0.1393 	1
0.14 	1
0.1407 	1
0.1414 	1
0.1421 	1
0.1428 	1
0.1435 	1
0.1442 	1
0.1449 	1
0.1456 	1
0.1463 	1
0.147 	1
0.1477 	1
0.1484 	1
0.1491 	1
0.1498 	1
0.1505 	1
0.1512 	1
0.1519 	1
0.1526 	1
0.1533 	1
0.154 	1
0.1547 	1
0.1554 	1
0.1561 	1
0.1568 	1
0.1575 	1
0.1582 	1
0.1589 	1
0.1596 	1
0.1603 	1
0.161 	1
0.1617 	1
0.1624 	1
0.1631 	1
0.1638 	1
0.1645 	1
0.1652 	1
0.1659 	1
0.1666 	1
0.1673 	1
0.168 	1
0.1687 	1
0.1694 	1
0.1701 	1
0.1708 	1
0.1715 	1
0.1722 	1
0.1729 	1
0.1736 	1
0.1743 	1
0.175 	1
0.1757 	1
0.1764 	1
0.1771 	1
0.1778 	1
0.1785 	1
0.1792 	1
0.1799 	1
0.1806 	1
0.1813 	1
0.182 	1
0.1827 	1
0.1834 	1
0.1841 	1
0.1848 	1
0.1855 	1
0.1862 	1
0.1869 	1
0.1876 	1
0.1883 	1
0.189 	1
0.1897 	1
0.1904 	1
0.1911 	1
0.1918 	1
0.1925 	1
0.1932 	1
0.1939 	1
0.1946 	1
0.1953 	1
0.196 	1
0.1967 	1
0.1974 	1
0.1981 	1
0.1988 	1
0.1995 	1
0.2002 	1
0.2009 	1
0.2016 	1
0.2023 	1
0.203 	1
0.2037 	1
0.2044 	1
0.2051 	1
0.2058 	1
0.2065 	1
0.2072 	1
0.2079 	1
0.2086 	1
0.2093 	1
0.21 	1
0.2107 	1
0.2114 	1
0.2121 	1
0.2128 	1
0.2135 	1
0.2142 	1
0.2149 	1
0.2156 	1
0.2163 	1
0.217 	1
0.2177 	1
0.2184 	1
0.2191 	1
0.2198 	1
0.2205 	1
0.2212 	1
0.2219 	1
0.2226 	1
0.2233 	0.999999
0.224 	0.999999
0.2247 	0.999999
0.2254 	0.999972
0.2261 	0.999923
0.2268 	0.999875
0.2275 	0.999826
0.2282 	0.999778
0.2289 	0.999729
0.2296 	0.999681
0.2303 	0.998472
0.231 	0.995717
0.2317 	0.992961
0.2324 	0.990205
0.2331 	0.987449
0.2338 	0.984693
0.2345 	0.981937
0.2352 	0.971858
0.2359 	0.943465
0.2366 	0.915072
0.2373 	0.886678
0.238 	0.858284
0.2387 	0.82989
0.2394 	0.801495
0.2401 	0.768205
0.2408 	0.70556
0.2415 	0.642914
0.2422 	0.580269
0.2429 	0.517624
0.2436 	0.454979
0.2443 	0.392333
0.245 	0.329687
0.2457 	0.288295
0.2464 	0.246908
0.2471 	0.205521
0.2478 	0.164135
0.2485 	0.122748
0.2492 	0.0813619
0.2499 	0.0399754
0.2506 	0.0301336
0.2513 	0.0255434
0.252 	0.0209535
0.2527 	0.0163637
0.2534 	0.0117739
0.2541 	0.0071841
0.2548 	0.00259428
0.2555 	0.00116176
0.2562 	0.000991219
0.2569 	0.000820701
0.2576 	0.000650185
0.2583 	0.000479668
0.259 	0.000309152
0.2597 	0.000138635
0.2604 	6.06024e-05
0.2611 	5.18894e-05
0.2618 	4.31775e-05
0.2625 	3.44659e-05
0.2632 	2.57544e-05
0.2639 	1.70429e-05
0.2646 	8.33131e-06
0.2653 	3.163e-06
0.266 	2.71607e-06
0.2667 	2.2692e-06
0.2674 	1.82237e-06
0.2681 	1.37555e-06
0.2688 	9.28719e-07
0.2695 	4.81892e-07
0.2702 	1.56575e-07
0.2709 	1.34804e-07
0.2716 	1.13036e-07
0.2723 	9.12734e-08
0.273 	6.95103e-08
0.2737 	4.77473e-08
0.2744 	2.59843e-08
0.2751 	7.193e-09
0.2758 	6.20867e-09
0.2765 	5.2246e-09
0.2772 	4.24095e-09
0.2779 	3.25731e-09
0.2786 	2.27366e-09
0.2793 	1.29002e-09
0.28 	3.06529e-10
0.2807 	2.65759e-10
0.2814 	2.25002e-10
0.2821 	1.84282e-10
0.2828 	1.43561e-10
0.2835 	1.0284e-10
0.2842 	6.21198e-11
0.2849 	2.13992e-11
0.2856 	1.39846e-11
0.2863 	1.21138e-11
0.287 	1.02456e-11
0.2877 	8.37747e-12
0.2884 	6.50931e-12
0.2891 	4.64114e-12
0.2898 	2.77298e-12
0.2905 	2.10825e-12
0.2912 	1.92451e-12
0.2919 	1.74088e-12
0.2926 	1.55725e-12
0.2933 	1.37363e-12
0.294 	1.19001e-12
0.2947 	1.00639e-12
0.2954 	8.83085e-13
0.2961 	8.04986e-13
0.2968 	7.26823e-13
0.2975 	6.48642e-13
0.2982 	5.70462e-13
0.2989 	4.92281e-13
0.2996 	4.141e-13
0.3003 	3.52293e-13
0.301 	3.12316e-13
0.3017 	2.7231e-13
0.3024 	2.32287e-13
0.3031 	1.92265e-13
0.3038 	1.52242e-13
0.3045 	1.12219e-13
0.3052 	8.08953e-14
0.3059 	7.13065e-14
0.3066 	6.1712e-14
0.3073 	5.21118e-14
0.308 	4.25117e-14
0.3087 	3.29116e-14
0.3094 	2.33115e-14
0.3101 	1.48385e-14
0.3108 	1.31208e-14
0.3115 	1.1402e-14
0.3122 	9.68122e-15
0.3129 	7.96049e-15
0.3136 	6.23975e-15
0.3143 	4.51902e-15
0.315 	2.79851e-15
0.3157 	2.46231e-15
0.3164 	2.12599e-15
0.3171 	1.78909e-15
0.3178 	1.4522e-15
0.3185 	1.11531e-15
0.3192 	7.78412e-16
0.3199 	4.41518e-16
0.3206 	3.5109e-16
0.3213 	3.01679e-16
0.322 	2.5214e-16
0.3227 	2.026e-16
0.3234 	1.5306e-16
0.3241 	1.03521e-16
0.3248 	5.39811e-17
0.3255 	3.61427e-17
0.3262 	3.09748e-17
0.3269 	2.57897e-17
0.3276 	2.06031e-17
0.3283 	1.54166e-17
0.329 	1.02301e-17
0.3297 	5.0436e-18
0.3304 	2.60682e-18
0.3311 	2.23089e-18
0.3318 	1.85358e-18
0.3325 	1.47588e-18
0.3332 	1.09819e-18
0.3339 	7.20494e-19
0.3346 	3.428e-19
0.3353 	1.19626e-19
0.336 	1.02326e-19
0.3367 	8.49575e-20
0.3374 	6.75498e-20
0.3381 	5.01422e-20
0.3388 	3.27346e-20
0.3395 	1.5327e-20
0.3402 	2.78191e-21
0.3409 	2.38193e-21
0.3416 	1.98019e-21
0.3423 	1.57668e-21
0.343 	1.17317e-21
0.3437 	7.69656e-22
0.3444 	3.66145e-22
0.3451 	1.99535e-23
0.3458 	1.71352e-23
0.3465 	1.43033e-23
0.3472 	1.14468e-23
0.3479 	8.59022e-24
0.3486 	5.73369e-24
0.3493 	2.87715e-24
0.35 	2.11831e-26
0.3507 	1.82625e-26
0.3514 	1.53293e-26
0.3521 	1.23489e-26
0.3528 	9.36844e-27
0.3535 	6.38799e-27
0.3542 	3.40755e-27
0.3549 	4.27108e-28
0.3556 	1.69919e-30
0.3563 	1.43469e-30
0.357 	1.16327e-30
0.3577 	8.91851e-31
0.3584 	6.20433e-31
0.3591 	3.49015e-31
0.3598 	7.75962e-32
0.3605 	9.26855e-35
0.3612 	7.85958e-35
0.3619 	6.4141e-35
0.3626 	4.96581e-35
0.3633 	3.51752e-35
0.364 	2.06923e-35
0.3647 	6.20946e-36
0.3654 	5.02789e-39
0.3661 	4.27961e-39
0.3668 	3.51512e-39
0.3675 	2.74621e-39
0.3682 	1.97731e-39
0.3689 	1.2084e-39
0.3696 	4.39498e-40
0.3703 	2.64149e-43
0.371 	2.2566e-43
0.3717 	1.86485e-43
0.3724 	1.46929e-43
0.3731 	1.07373e-43
0.3738 	6.78163e-44
0.3745 	2.826e-44
0.3752 	1.3208e-47
0.3759 	1.13235e-47
0.3766 	9.41243e-48
0.3773 	7.47463e-48
0.378 	5.53682e-48
0.3787 	3.59902e-48
0.3794 	1.66121e-48
0.3801 	6.25227e-52
0.3808 	5.37856e-52
0.3815 	4.49578e-52
0.3822 	3.59664e-52
0.3829 	2.6975e-52
0.3836 	1.79837e-52
0.3843 	8.99229e-53
0.385 	2.80993e-56
0.3857 	2.42511e-56
0.3864 	2.03787e-56
0.3871 	1.64163e-56
0.3878 	1.24538e-56
0.3885 	8.49133e-57
0.3892 	4.52887e-57
0.3899 	5.6641e-58
0.3906 	1.04558e-60
0.3913 	8.83083e-61
0.392 	7.16016e-61
0.3927 	5.48948e-61
0.3934 	3.81881e-61
0.3941 	2.14813e-61
0.3948 	4.7746e-62
0.3955 	4.34372e-65
0.3962 	3.68488e-65
0.3969 	3.00727e-65
0.3976 	2.32822e-65
0.3983 	1.64917e-65
0.399 	9.70118e-66
0.3997 	2.91066e-66
0.4004 	1.75143e-69
0.4011 	1.49144e-69
0.4018 	1.22516e-69
0.4025 	9.57157e-70
0.4032 	6.89157e-70
0.4039 	4.21158e-70
0.4046 	1.53158e-70
0.4053 	6.88758e-74
0.406 	5.88637e-74
0.4067 	4.86534e-74
0.4074 	3.83331e-74
0.4081 	2.80128e-74
0.4088 	1.76925e-74
0.4095 	7.37216e-75
0.4102 	2.64997e-78
0.4109 	2.27256e-78
0.4116 	1.88936e-78
0.4123 	1.50038e-78
0.413 	1.1114e-78
0.4137 	7.22413e-79
0.4144 	3.3343e-79
0.4151 	9.98503e-83
0.4158 	8.59114e-83
0.4165 	7.18207e-83
0.4172 	5.74566e-83
0.4179 	4.30926e-83
0.4186 	2.87286e-83
0.4193 	1.43645e-83
0.42 	3.68453e-87
0.4207 	3.18011e-87
0.4214 	2.67248e-87
0.4221 	2.15283e-87
0.4228 	1.63319e-87
0.4235 	1.11354e-87
0.4242 	5.93895e-88
0.4249 	7.42496e-89
0.4256 	1.15174e-91
0.4263 	9.72715e-92
0.427 	7.88689e-92
0.4277 	6.04662e-92
0.4284 	4.20636e-92
0.4291 	2.36609e-92
0.4298 	5.25828e-93
0.4305 	4.07847e-96
0.4312 	3.45951e-96
0.4319 	2.82331e-96
0.4326 	2.18579e-96
0.4333 	1.54827e-96
0.434 	9.10752e-97
0.4347 	2.73231e-97
0.4354 	1.40284e-100
0.4361 	1.19389e-100
0.4368 	9.79489e-101
0.4375 	7.63597e-101
0.4382 	5.47705e-101
0.4389 	3.31813e-101
0.4396 	1.15921e-101
0.4403 	-6.86522e-103
0.441 	-5.62405e-103
0.4417 	-5.18536e-103
0.4424 	-5.1925e-103
0.4431 	-5.19964e-103
0.4438 	-5.20678e-103
0.4445 	-5.21392e-103
0.4452 	-4.91492e-103
0.4459 	-3.84975e-103
0.4466 	-3.31714e-103
0.4473 	-3.3171e-103
0.448 	-3.31707e-103
0.4487 	-3.31703e-103
0.4494 	-3.317e-103
0.4501 	-3.20931e-103
0.4508 	-2.45446e-103
0.4515 	-1.96919e-103
0.4522 	-1.96915e-103
0.4529 	-1.96912e-103
0.4536 	-1.96909e-103
0.4543 	-1.96906e-103
0.455 	-1.96929e-103
0.4557 	-1.48285e-103
0.4564 	-1.10076e-103
0.4571 	-1.10074e-103
0.4578 	-1.10072e-103
0.4585 	-1.1007e-103
0.4592 	-1.10067e-103
0.4599 	-1.10065e-103
0.4606 	-8.51775e-104
0.4613 	-5.82087e-104
0.462 	-5.82073e-104
0.4627 	-5.82059e-104
0.4634 	-5.82045e-104
0.4641 	-5.82031e-104
0.4648 	-5.82017e-104
0.4655 	-4.66057e-104
0.4662 	-3.03665e-104
0.4669 	-2.92058e-104
0.4676 	-2.9205e-104
0.4683 	-2.92041e-104
0.469 	-2.92033e-104
0.4697 	-2.92025e-104
0.4704 	-2.43186e-104
0.4711 	-1.57689e-104
0.4718 	-1.39364e-104
0.4725 	-1.3936e-104
0.4732 	-1.39355e-104
0.4739 	-1.3935e-104
0.4746 	-1.39346e-104
0.4753 	-1.21116e-104
0.476 	-7.85642e-105
0.4767 	-6.33654e-105
0.4774 	-6.33629e-105
0.4781 	-6.33605e-105
0.4788 	-6.33581e-105
0.4795 	-6.33556e-105
0.4802 	-5.76211e-105
0.4809 	-3.75394e-105
0.4816 	-2.7498e-105
0.4823 	-2.74968e-105
0.483 	-2.74956e-105
0.4837 	-2.74944e-105
0.4844 	-2.74932e-105
0.4851 	-2.62073e-105
0.4858 	-1.71984e-105
0.4865 	-1.14067e-105
0.4872 	-1.14062e-105
0.4879 	-1.14056e-105
0.4886 	-1.14051e-105
0.4893 	-1.14045e-105
0.49 	-1.14055e-105
0.4907 	-7.55469e-106
0.4914 	-4.5295e-106
0.4921 	-4.52925e-106
0.4928 	-4.529e-106
0.4935 	-4.52875e-106
0.4942 	-4.5285e-106
0.4949 	-4.52825e-106
0.4956 	-3.18241e-106
0.4963 	-1.72403e-106
0.497 	-1.72392e-106
0.4977 	-1.72382e-106
0.4984 	-1.72371e-106
0.4991 	-1.72361e-106
0.4998 	-1.7235e-106
0.5005 	-1.28608e-106
0.5012 	-6.73529e-107
0.5019 	-6.29736e-107
0.5026 	-6.29693e-107
0.5033 	-6.2965e-107
0.504 	-6.29608e-107
0.5047 	-6.29565e-107
0.5054 	-4.98866e-107
0.5061 	-2.70076e-107
0.5068 	-2.21037e-107
0.5075 	-2.2102e-107
0.5082 	-2.21004e-107
0.5089 	-2.20987e-107
0.5096 	-2.20971e-107
0.5103 	-1.85859e-107
0.511 	-1.03905e-107
0.5117 	-7.46323e-108
0.5124 	-7.46262e-108
0.5131 	-7.46201e-108
0.5138 	-7.4614e-108
0.5145 	-7.4608e-108
0.5152 	-6.65557e-108
0.5159 	-3.83638e-108
0.5166 	-2.42667e-108
0.5173 	-2.42646e-108
0.518 	-2.42624e-108
0.5187 	-2.42603e-108
0.5194 	-2.42581e-108
0.5201 	-2.29264e-108
0.5208 	-1.36012e-108
0.5215 	-7.60615e-109
0.5222 	-7.60542e-109
0.5229 	-7.60469e-109
0.5236 	-7.60396e-109
0.5243 	-7.60323e-109
0.525 	-7.60355e-109
0.5257 	-4.63372e-109
0.5264 	-2.30047e-109
0.5271 	-2.30023e-109
0.5278 	-2.3e-109
0.5285 	-2.29976e-109
0.5292 	-2.29952e-109
0.5299 	-2.29928e-109
0.5306 	-1.51829e-109
0.5313 	-6.7201e-110
0.532 	-6.71935e-110
0.5327 	-6.7186e-110
0.5334 	-6.71786e-110
0.5341 	-6.71711e-110
0.5348 	-6.71636e-110
0.5355 	-4.78918e-110
0.5362 	-2.09048e-110
0.5369 	-1.8975e-110
0.5376 	-1.89728e-110
0.5383 	-1.89705e-110
0.539 	-1.89682e-110
0.5397 	-1.8966e-110
0.5404 	-1.45568e-110
0.5411 	-6.83897e-111
0.5418 	-5.18464e-111
0.5425 	-5.18398e-111
0.5432 	-5.18332e-111
0.5439 	-5.18265e-111
0.5446 	-5.18199e-111
0.5453 	-4.2677e-111
0.546 	-2.13397e-111
0.5467 	-1.37181e-111
0.5474 	-1.37162e-111
0.5481 	-1.37144e-111
0.5488 	-1.37125e-111
0.5495 	-1.37107e-111
0.5502 	-1.20799e-111
0.5509 	-6.3719e-112
0.5516 	-3.51765e-112
0.5523 	-3.51714e-112
0.553 	-3.51663e-112
0.5537 	-3.51613e-112
0.5544 	-3.51562e-112
0.5551 	-3.3043e-112
0.5558 	-1.82553e-112
0.5565 	-8.74846e-113
0.5572 	-8.74712e-113
0.5579 	-8.74578e-113
0.5586 	-8.74444e-113
0.5593 	-8.7431e-113
0.56 	-8.743e-113
0.5607 	-5.02944e-113
0.5614 	-2.11179e-113
0.5621 	-2.11145e-113
0.5628 	-2.11111e-113
0.5635 	-2.11077e-113
0.5642 	-2.11043e-113
0.5649 	-2.11009e-113
0.5656 	-1.335e-113
0.5663 	-4.95123e-114
0.567 	-4.95039e-114
0.5677 	-4.94954e-114
0.5684 	-4.9487e-114
0.5691 	-4.94785e-114
0.5698 	-4.94701e-114
0.5705 	-3.41969e-114
0.5712 	-1.28101e-114
0.5719 	-1.12806e-114
0.5726 	-1.12786e-114
0.5733 	-1.12766e-114
0.574 	-1.12745e-114
0.5747 	-1.12725e-114
0.5754 	-8.4657e-115
0.5761 	-3.55313e-115
0.5768 	-2.50006e-115
0.5775 	-2.49959e-115
0.5782 	-2.49912e-115
0.5789 	-2.49865e-115
0.5796 	-2.49818e-115
0.5803 	-2.02805e-115
0.581 	-9.31069e-116
0.5817 	-5.3922e-116
0.5824 	-5.39114e-116
0.5831 	-5.39007e-116
0.5838 	-5.389e-116
0.5845 	-5.38793e-116
0.5852 	-4.70695e-116
0.5859 	-2.32405e-116
0.5866 	-1.13248e-116
0.5873 	-1.13224e-116
0.588 	-1.13201e-116
0.5887 	-1.13177e-116
0.5894 	-1.13154e-116
0.5901 	-1.05949e-116
0.5908 	-5.55649e-117
0.5915 	-2.31734e-117
0.5922 	-2.31684e-117
0.5929 	-2.31634e-117
0.5936 	-2.31584e-117
0.5943 	-2.31533e-117
0.595 	-2.31517e-117
0.5957 	-1.27753e-117
0.5964 	-4.62277e-118
0.5971 	-4.62173e-118
0.5978 	-4.62068e-118
0.5985 	-4.61963e-118
0.5992 	-4.61859e-118
0.5999 	-4.61754e-118
0.6006 	-2.8331e-118
0.6013 	-8.99526e-119
0.602 	-8.99314e-119
0.6027 	-8.99102e-119
0.6034 	-8.9889e-119
0.6041 	-8.98678e-119
0.6048 	-8.98466e-119
0.6055 	-6.07435e-119
0.6062 	-1.9993e-119
0.6069 	-1.70784e-119
0.6076 	-1.70742e-119
0.6083 	-1.707e-119
0.609 	-1.70658e-119
0.6097 	-1.70616e-119
0.6104 	-1.26157e-119
0.6111 	-4.8348e-120
0.6118 	-3.16684e-120
0.6125 	-3.16603e-120
0.6132 	-3.16523e-120
0.6139 	-3.16442e-120
0.6146 	-3.16361e-120
0.6153 	-2.54199e-120
0.616 	-1.09174e-120
0.6167 	-5.73696e-121
0.6174 	-5.73544e-121
0.6181 	-5.73392e-121
0.6188 	-5.7324e-121
0.6195 	-5.73088e-121
0.6202 	-4.97617e-121
0.6209 	-2.33607e-121
0.6216 	-1.01588e-121
0.6223 	-1.0156e-121
0.623 	-1.01532e-121
0.6237 	-1.01504e-121
0.6244 	-1.01476e-121
0.6251 	-9.47552e-122
0.6258 	-4.77881e-122
0.6265 	-1.75933e-122
0.6272 	-1.75883e-122
0.6279 	-1.75833e-122
0.6286 	-1.75783e-122
0.6293 	-1.75732e-122
0.63 	-1.75708e-122
0.6307 	-9.40068e-123
0.6314 	-2.98145e-123
0.6321 	-2.98057e-123
0.6328 	-2.9797e-123
0.6335 	-2.97882e-123
0.6342 	-2.97794e-123
0.6349 	-2.97706e-123
0.6356 	-1.78564e-123
0.6363 	-4.94661e-124
0.637 	-4.9451e-124
0.6377 	-4.9436e-124
0.6384 	-4.94209e-124
0.6391 	-4.94059e-124
0.6398 	-4.93908e-124
0.6405 	-3.28509e-124
0.6412 	-9.69263e-125
0.6419 	-8.03612e-125
0.6426 	-8.03359e-125
0.6433 	-8.03107e-125
0.644 	-8.02854e-125
0.6447 	-8.02602e-125
0.6454 	-5.86725e-125
0.6461 	-2.08957e-125
0.6468 	-1.27974e-125
0.6475 	-1.27933e-125
0.6482 	-1.27891e-125
0.6489 	-1.2785e-125
0.6496 	-1.27808e-125
0.6503 	-1.01924e-125
0.651 	-4.15474e-126
0.6517 	-1.99799e-126
0.6524 	-1.99732e-126
0.6531 	-1.99665e-126
0.6538 	-1.99598e-126
0.6545 	-1.99531e-126
0.6552 	-1.72483e-126
0.6559 	-7.78936e-127
0.6566 	-3.05937e-127
0.6573 	-3.0583e-127
0.658 	-3.05724e-127
0.6587 	-3.05618e-127
0.6594 	-3.05512e-127
0.6601 	-2.84699e-127
0.6608 	-1.39384e-127
0.6615 	-4.59605e-128
0.6622 	-4.59439e-128
0.6629 	-4.59273e-128
0.6636 	-4.59107e-128
0.6643 	-4.58941e-128
0.665 	-4.58842e-128
0.6657 	-2.39835e-128
0.6664 	-6.77593e-129
0.6671 	-6.77338e-129
0.6678 	-6.77082e-129
0.6685 	-6.76827e-129
0.6692 	-6.76571e-129
0.6699 	-6.76316e-129
0.6706 	-3.9877e-129
0.6713 	-9.804e-130
0.672 	-9.80014e-130
0.6727 	-9.79628e-130
0.6734 	-9.79241e-130
0.6741 	-9.78855e-130
0.6748 	-9.78469e-130
0.6755 	-6.42716e-130
0.6762 	-1.72643e-130
0.6769 	-1.39013e-130
0.6776 	-1.38956e-130
0.6783 	-1.38899e-130
0.679 	-1.38841e-130
0.6797 	-1.38784e-130
0.6804 	-1.00516e-130
0.6811 	-3.35601e-131
0.6818 	-1.92058e-131
0.6825 	-1.91974e-131
0.6832 	-1.91891e-131
0.6839 	-1.91808e-131
0.6846 	-1.91725e-131
0.6853 	-1.51721e-131
0.686 	-5.84342e-132
0.6867 	-2.51098e-132
0.6874 	-2.5098e-132
0.6881 	-2.50862e-132
0.6888 	-2.50745e-132
0.6895 	-2.50627e-132
0.6902 	-2.14988e-132
0.6909 	-9.04316e-133
0.6916 	-2.81456e-133
0.6923 	-2.81297e-133
0.693 	-2.81139e-133
0.6937 	-2.8098e-133
0.6944 	-2.80821e-133
0.6951 	-2.58277e-133
0.6958 	-1.0113e-133
0.6965 	-9.98017e-137
0.6972 	-8.15407e-137
0.6979 	-6.32797e-137
0.6986 	-4.50187e-137
0.6993 	-2.67578e-137
0.7 	-8.50257e-138
