0 	1
0.0007 	1
0.0014 	1
0.0021 	1
0.0028 	1
0.0035 	1
0.0042 	1
0.0049 	1
0.0056 	1
0.0063 	1
0.0077 	1
0.0084 	1
0.0091 	1
0.0098 	1
0.0105 	1
0.0112 	1
0.0119 	1
0.0126 	1
0.0133 	1
0.014 	1
0.0147 	1
0.0154 	1
0.0161 	1
0.0168 	1
0.0175 	1
0.0182 	1
0.0189 	1
0.0196 	1
0.0203 	1
0.0217 	1
0.0224 	1
0.0231 	1
0.0238 	1
0.0245 	1
0.0252 	1
0.0259 	1
0.0266 	1
0.0273 	1
0.028 	1
0.0287 	1
0.0294 	1
0.0301 	1
0.0308 	1
0.0315 	1
0.0322 	1
0.0329 	1
0.0336 	1
0.0343 	1
0.035 	1
0.0357 	1
0.0364 	1
0.0371 	1
0.0378 	1
0.0385 	1
0.0392 	1
0.0399 	1
0.0406 	1
0.0413 	1
0.042 	1
0.0427 	1
0.0434 	1
0.0441 	1
0.0448 	1
0.0455 	1
0.0462 	1
0.0469 	1
0.0476 	1
0.0483 	1
0.049 	1
0.0497 	1
0.0504 	1
0.0518 	1
0.0525 	1
0.0532 	1
0.0539 	1
0.0546 	1
0.0553 	1
0.056 	1
0.0567 	1
0.0581 	1
0.0588 	1
0.0595 	1
0.0602 	1
0.0609 	1
0.0616 	1
0.0623 	1
0.063 	1
0.0637 	1
0.0644 	1
0.0651 	1
0.0658 	1
0.0665 	1
0.0672 	1
0.0679 	1
0.0686 	1
0.0693 	1
0.07 	1
0.0707 	1
0.0714 	1
0.0721 	1
0.0728 	1
0.0735 	1
0.0742 	1
0.0749 	1
0.0756 	1
0.0763 	1
0.077 	1
0.0777 	1
0.0784 	1
0.0791 	1
0.0798 	1
0.0805 	1
0.0812 	1
0.0819 	1
0.0826 	1
0.0833 	1
0.084 	1
0.0847 	1
0.0854 	1
0.0861 	1
0.0868 	1
0.0882 	1
0.0889 	1
0.0896 	1
0.0903 	1
0.091 	1
0.0917 	1
0.0924 	1
0.0931 	1
0.0938 	1
0.0945 	1
0.0952 	1
0.0959 	1
0.0966 	1
0.0973 	1
0.098 	1
0.0987 	1
0.0994 	1
0.1001 	1
0.1008 	1
0.1015 	1
0.1022 	1
0.1029 	1
0.1036 	1
0.1043 	1
0.105 	1
0.1057 	1
0.1064 	1
0.1071 	1
0.1078 	1
0.1085 	1
0.1092 	1
0.1099 	1
0.1106 	1
0.1113 	1
0.112 	1
0.1127 	1
0.1134 	1
0.1141 	1
0.1148 	1
0.1155 	1
0.1162 	1
0.1169 	1
0.1176 	1
0.1183 	1
0.119 	1
0.1197 	1
0.1204 	1
0.1211 	1
0.1218 	1
0.1225 	1
0.1232 	1
0.1239 	1
0.1246 	1
0.1253 	1
0.126 	1
0.1267 	1
0.1274 	1
0.1281 	1
0.1288 	1
0.1295 	1
0.1302 	1
0.1309 	1
0.1316 	1
0.1323 	1
0.133 	1
0.1337 	1
0.1344 	1
0.1351 	1
0.1358 	1
0.1365 	1
0.1372 	1
0.1379 	1
0.1386 	1
0.1393 	1
0.14 	1
0.1407 	1
0.1421 	1
0.1428 	1
0.1435 	1
0.1442 	1
0.1449 	1
0.1456 	1
0.1463 	1
0.147 	1
0.1477 	1
0.1484 	1
0.1491 	1
0.1498 	1
0.1505 	1
0.1512 	1
0.1519 	1
0.1526 	1
0.1533 	1
0.154 	1
0.1547 	1
0.1554 	1
0.1561 	1
0.1575 	1
0.1582 	1
0.1596 	1
0.1603 	1
0.1617 	1
0.1624 	1
0.1631 	1
0.1638 	1
0.1645 	1
0.1652 	1
0.1666 	1
0.1673 	1
0.168 	1
0.1687 	1
0.1694 	1
0.1701 	1
0.1715 	1
0.1729 	1
0.1736 	1
0.1743 	1
0.175 	1
0.1764 	1
0.1771 	1
0.1778 	1
0.1785 	1
0.1792 	1
0.1799 	1
0.1806 	1
0.1813 	1
0.182 	1
0.1827 	1
0.1834 	1
0.1841 	1
0.1848 	1
0.1855 	1
0.1862 	1
0.1869 	1
0.1876 	1
0.1883 	1
0.189 	1
0.1897 	1
0.1904 	1
0.1911 	1
0.1918 	1
0.1925 	1
0.1932 	1
0.1939 	1
0.1946 	1
0.1953 	1
0.196 	1
0.1967 	1
0.1974 	1
0.1981 	1
0.1988 	1
0.1995 	1
0.2002 	1
0.2009 	1
0.2016 	1
0.203 	1
0.2037 	1
0.2044 	1
0.2051 	1
0.2058 	1
0.2065 	1
0.2079 	1
0.2093 	1
0.21 	1
0.2107 	1
0.2114 	1
0.2121 	1
0.2128 	1
0.2135 	1
0.2142 	1
0.2149 	1
0.2156 	1
0.2163 	1
0.217 	1
0.2177 	1
0.2184 	1
0.2191 	1
0.2198 	1
0.2205 	1
0.2212 	1
0.2219 	1
0.2226 	1
0.2233 	1
0.224 	1
0.2247 	1
0.2254 	1
0.2261 	1
0.2268 	1
0.2275 	1
0.2282 	1
0.2289 	1
0.2296 	1
0.2303 	1
0.231 	1
0.2317 	1
0.2324 	1
0.2331 	1
0.2338 	1
0.2345 	1
0.2352 	1
0.2359 	1
0.2366 	1
0.2373 	1
0.238 	1
0.2387 	1
0.2394 	1
0.2401 	1
0.2408 	1
0.2415 	1
0.2422 	1
0.2429 	1
0.2436 	1
0.2443 	1
0.245 	1
0.2457 	1
0.2464 	1
0.2471 	1
0.2478 	1
0.2485 	1
0.2492 	1
0.2499 	1
0.2506 	0.999999
0.2513 	0.999999
0.252 	0.999999
0.2527 	0.999998
0.2534 	0.999998
0.2541 	0.999998
0.2548 	0.999998
0.2555 	0.999996
0.2562 	0.999993
0.2569 	0.999991
0.2576 	0.999988
0.2583 	0.999986
0.259 	0.999984
0.2597 	0.999981
0.2604 	0.999968
0.2611 	0.999948
0.2625 	0.999907
0.2632 	0.999886
0.2639 	0.999866
0.2646 	0.999845
0.2653 	0.999746
0.2667 	0.999341
0.2674 	0.999138
0.2681 	0.998935
0.2688 	0.998732
0.2695 	0.998529
0.2702 	0.997482
0.2709 	0.994326
0.2716 	0.991169
0.273 	0.984855
0.2744 	0.978542
0.2751 	0.97115
0.2765 	0.905548
0.2772 	0.872746
0.2779 	0.839944
0.2786 	0.807142
0.2793 	0.77434
0.28 	0.741538
0.2807 	0.681797
0.2814 	0.622056
0.2821 	0.562315
0.2828 	0.502574
0.2835 	0.442833
0.2842 	0.383092
0.2849 	0.323351
0.2856 	0.283637
0.2863 	0.24726
0.287 	0.210885
0.2884 	0.138134
0.2891 	0.101759
0.2898 	0.0653832
0.2905 	0.0499514
0.2912 	0.0428971
0.2919 	0.0358432
0.2926 	0.0287894
0.2933 	0.0217355
0.294 	0.0146817
0.2947 	0.0076278
0.2954 	0.00425235
0.2968 	0.00301907
0.2982 	0.00178585
0.2989 	0.00116923
0.2996 	0.000552623
0.3003 	0.000188504
0.301 	0.000161043
0.3017 	0.000133582
0.3024 	0.000106122
0.3031 	7.86624e-05
0.3038 	5.12025e-05
0.3045 	2.37427e-05
0.3052 	3.96467e-06
0.3059 	3.39127e-06
0.3066 	2.81789e-06
0.3073 	2.24451e-06
0.308 	1.67114e-06
0.3087 	1.09776e-06
0.3094 	5.24383e-07
0.3101 	3.22609e-08
0.3108 	2.76633e-08
0.3115 	2.30656e-08
0.3122 	1.8468e-08
0.3129 	1.38704e-08
0.3136 	9.27274e-09
0.3143 	4.67511e-09
0.315 	7.74744e-11
0.3157 	6.66348e-11
0.3164 	5.5795e-11
0.3171 	4.49544e-11
0.3178 	3.41137e-11
0.3185 	2.32731e-11
0.3192 	1.24325e-11
0.3199 	1.59194e-12
0.3206 	3.81887e-14
0.3213 	3.22503e-14
0.322 	2.63105e-14
0.3227 	2.03706e-14
0.3234 	1.44308e-14
0.3241 	8.49094e-15
0.3248 	2.55109e-15
0.3255 	8.27466e-16
0.3262 	7.90325e-16
0.3269 	7.53195e-16
0.3276 	7.16066e-16
0.3283 	6.78937e-16
0.329 	6.41808e-16
0.3297 	6.04679e-16
0.3304 	5.732e-16
0.3318 	5.18723e-16
0.3325 	4.91489e-16
0.3332 	4.64255e-16
0.3339 	4.37021e-16
0.3346 	4.09787e-16
0.3353 	3.81482e-16
0.336 	3.5175e-16
0.3367 	3.2201e-16
0.3374 	2.92266e-16
0.3381 	2.62521e-16
0.3388 	2.32777e-16
0.3395 	2.03033e-16
0.3402 	1.76195e-16
0.3409 	1.56627e-16
0.3423 	1.17448e-16
0.343 	9.78522e-17
0.3437 	7.8256e-17
0.3444 	5.86599e-17
0.3451 	4.10846e-17
0.3458 	3.56349e-17
0.3465 	3.01796e-17
0.3472 	2.4714e-17
0.3479 	1.92485e-17
0.3486 	1.3783e-17
0.3493 	8.31748e-18
0.35 	2.85196e-18
0.3507 	2.45823e-18
0.3514 	2.06405e-18
0.3521 	1.66824e-18
0.3528 	1.27244e-18
0.3535 	8.76633e-19
0.3542 	4.80828e-19
0.3549 	8.50226e-20
0.3556 	2.5086e-20
0.3563 	2.11252e-20
0.357 	1.71327e-20
0.3577 	1.31402e-20
0.3584 	9.14775e-21
0.3591 	5.15528e-21
0.3598 	1.16281e-21
0.3605 	1.99161e-23
0.3619 	1.37494e-23
0.3626 	1.06449e-23
0.3633 	7.54036e-24
0.364 	4.43585e-24
0.3647 	1.33133e-24
0.3654 	7.59954e-28
0.3661 	6.45911e-28
0.3668 	5.30326e-28
0.3675 	4.14321e-28
0.3682 	2.98316e-28
0.3689 	1.82311e-28
0.3696 	6.63059e-29
0.3703 	1.62641e-32
0.371 	1.38736e-32
0.3717 	1.14575e-32
0.3724 	9.02722e-33
0.3731 	6.5969e-33
0.3738 	4.16658e-33
0.3745 	1.73625e-33
0.3752 	2.97591e-37
0.3766 	2.11549e-37
0.3773 	1.67996e-37
0.378 	1.24442e-37
0.3787 	8.08891e-38
0.3794 	3.73359e-38
0.3801 	4.45926e-42
0.3808 	3.83046e-42
0.3815 	3.19782e-42
0.3822 	2.55827e-42
0.3829 	1.91872e-42
0.3836 	1.27916e-42
0.3843 	6.39607e-43
0.385 	5.30288e-47
0.3857 	4.57042e-47
0.3864 	3.83512e-47
0.3871 	3.08941e-47
0.3878 	2.3437e-47
0.3885 	1.59799e-47
0.3892 	8.52286e-48
0.3899 	1.06578e-48
0.3906 	4.23638e-52
0.3913 	3.57239e-52
0.3927 	2.22069e-52
0.3934 	1.54483e-52
0.3941 	8.68984e-53
0.3948 	1.93133e-53
0.3955 	2.97946e-57
0.3962 	2.5238e-57
0.3969 	2.05944e-57
0.3976 	1.59441e-57
0.3983 	1.12938e-57
0.399 	6.64347e-58
0.3997 	1.99316e-58
0.4004 	1.52687e-62
0.4011 	1.29863e-62
0.4018 	1.06643e-62
0.4025 	8.33152e-63
0.4032 	5.99871e-63
0.4039 	3.6659e-63
0.4046 	1.33309e-63
0.4053 	5.20217e-68
0.406 	4.44204e-68
0.4067 	3.6701e-68
0.4074 	2.8916e-68
0.4081 	2.11309e-68
0.4088 	1.33459e-68
0.4095 	5.56086e-69
0.4102 	1.12028e-73
0.4109 	9.60053e-74
0.4116 	7.97812e-74
0.4123 	6.33557e-74
0.413 	4.69302e-74
0.4137 	3.05047e-74
0.4144 	1.40792e-74
0.4151 	2.48429e-79
0.4165 	1.78486e-79
0.4172 	1.42789e-79
0.4179 	1.07092e-79
0.4186 	7.13946e-80
0.4193 	3.56976e-80
0.42 	5.92147e-85
0.4207 	5.10767e-85
0.4214 	4.28952e-85
0.4221 	3.45545e-85
0.4228 	2.62138e-85
0.4235 	1.78731e-85
0.4242 	9.53239e-86
0.4249 	1.19168e-86
0.4256 	1.33311e-90
0.4263 	1.12506e-90
0.427 	9.12211e-91
0.4277 	6.99363e-91
0.4284 	4.86515e-91
0.4291 	2.73666e-91
0.4298 	6.0818e-92
0.4305 	3.79641e-96
0.4312 	3.21771e-96
0.4319 	2.6258e-96
0.4326 	2.03288e-96
0.4333 	1.43996e-96
0.434 	8.47041e-97
0.4347 	2.54121e-97
0.4354 	1.17106e-101
0.4361 	9.96285e-102
0.4375 	6.39223e-102
0.4382 	4.60242e-102
0.4389 	2.81261e-102
0.4396 	1.02279e-102
0.4403 	3.87322e-107
0.4417 	2.73231e-107
0.4424 	2.15273e-107
0.4431 	1.57316e-107
0.4438 	9.93578e-108
0.4445 	4.13999e-108
0.4452 	1.38356e-112
0.4466 	9.84852e-113
0.4473 	7.8209e-113
0.448 	5.79327e-113
0.4487 	3.76565e-113
0.4494 	1.73802e-113
0.4501 	5.40744e-118
0.4508 	4.64788e-118
0.4515 	3.88229e-118
0.4529 	2.32939e-118
0.4536 	1.55293e-118
0.455 	2.67719e-123
0.4557 	2.30804e-123
0.4564 	1.93728e-123
0.4571 	1.56059e-123
0.4578 	1.1839e-123
0.4585 	8.07216e-124
0.4592 	4.30529e-124
0.4599 	5.38422e-125
0.4606 	2.62281e-128
0.4613 	2.21059e-128
0.462 	1.79239e-128
0.4627 	1.37418e-128
0.4634 	9.55978e-129
0.4641 	5.37774e-129
0.4648 	1.1957e-129
0.4655 	7.49285e-133
0.4662 	6.3397e-133
0.4669 	5.17278e-133
0.4683 	2.83683e-133
0.469 	1.66885e-133
0.4697 	5.00869e-134
0.4704 	2.8201e-137
0.4711 	2.39497e-137
0.4718 	1.96598e-137
0.4725 	1.53595e-137
0.4732 	1.10592e-137
0.4739 	6.75888e-138
0.4746 	2.45856e-138
0.4753 	1.16596e-141
0.476 	9.93678e-142
0.4767 	8.20299e-142
0.4774 	6.46308e-142
0.4781 	4.72318e-142
0.4788 	2.98328e-142
0.4795 	1.24337e-142
0.4802 	5.61458e-146
0.4809 	4.81132e-146
0.4816 	4.00493e-146
0.4823 	3.19541e-146
0.483 	2.38588e-146
0.4837 	1.57636e-146
0.4844 	7.66836e-147
0.4851 	7.24241e-148
0.4858 	6.86816e-148
0.4865 	6.49387e-148
0.4872 	6.11952e-148
0.4879 	5.74516e-148
0.4886 	5.37081e-148
0.4893 	4.99645e-148
0.49 	4.6221e-148
0.4907 	4.37581e-148
0.4921 	3.88319e-148
0.4935 	3.39053e-148
0.4942 	3.14421e-148
0.4949 	2.89788e-148
0.4956 	2.71773e-148
0.497 	2.37944e-148
0.4977 	2.21028e-148
0.4984 	2.04112e-148
0.4991 	1.87196e-148
0.4998 	1.7028e-148
0.5005 	1.57893e-148
0.5012 	1.47318e-148
0.5019 	1.36739e-148
0.5026 	1.26161e-148
0.5033 	1.15583e-148
0.504 	1.05004e-148
0.5047 	9.44259e-149
0.5054 	8.63781e-149
0.5061 	8.02283e-149
0.5068 	7.40768e-149
0.5075 	6.79249e-149
0.5082 	6.1773e-149
0.5089 	5.56211e-149
0.5096 	4.94691e-149
0.5103 	4.45204e-149
0.511 	4.11761e-149
0.5117 	3.78308e-149
0.5124 	3.44851e-149
0.5131 	3.11394e-149
0.5138 	2.77937e-149
0.5145 	2.4448e-149
0.5152 	2.15732e-149
0.5159 	1.98758e-149
0.5166 	1.81781e-149
0.5173 	1.64799e-149
0.518 	1.47817e-149
0.5187 	1.30836e-149
0.5194 	1.13854e-149
0.5201 	9.81515e-150
0.5215 	8.20948e-150
0.5222 	7.40631e-150
0.5229 	6.60313e-150
0.5236 	5.79996e-150
0.5243 	4.99678e-150
0.525 	4.1936e-150
0.5257 	3.83962e-150
0.5264 	3.4856e-150
0.5278 	2.77722e-150
0.5285 	2.42304e-150
0.5292 	2.06885e-150
0.5299 	1.71466e-150
0.5306 	1.53906e-150
0.5313 	1.39322e-150
0.532 	1.24729e-150
0.5327 	1.10135e-150
0.5334 	9.55424e-151
0.5341 	8.09493e-151
0.5348 	6.63562e-151
0.5355 	5.81645e-151
0.5362 	5.25335e-151
0.5369 	4.68988e-151
0.5383 	3.56287e-151
0.539 	2.99937e-151
0.5397 	2.43587e-151
0.5404 	2.07754e-151
0.5411 	1.87307e-151
0.5425 	1.46387e-151
0.5432 	1.25925e-151
0.5439 	1.05464e-151
0.5446 	8.50018e-152
0.5453 	7.03074e-152
0.546 	6.33029e-152
0.5467 	5.62947e-152
0.5481 	4.22742e-152
0.5488 	3.52639e-152
0.5495 	2.82537e-152
0.5502 	2.25975e-152
0.5509 	2.03264e-152
0.5516 	1.80543e-152
0.5523 	1.57812e-152
0.553 	1.35082e-152
0.5537 	1.12351e-152
0.5544 	8.962e-153
0.5551 	6.9138e-153
0.5558 	6.2149e-153
0.5565 	5.51576e-153
0.5579 	4.11663e-153
0.5586 	3.41707e-153
0.5593 	2.7175e-153
0.56 	2.01794e-153
0.5607 	1.81326e-153
0.5614 	1.60853e-153
0.5628 	1.19876e-153
0.5635 	9.9388e-154
0.5642 	7.88995e-154
0.5649 	5.8411e-154
0.5656 	5.05828e-154
0.5663 	4.48642e-154
0.567 	3.914e-154
0.5677 	3.34158e-154
0.5684 	2.76916e-154
0.5691 	2.19675e-154
0.5698 	1.62433e-154
0.5705 	1.35169e-154
0.5719 	1.04607e-154
0.5726 	8.93169e-155
0.5733 	7.4027e-155
0.574 	5.87371e-155
0.5747 	4.34472e-155
0.5754 	3.46612e-155
0.5761 	3.0753e-155
0.5768 	2.68413e-155
0.5775 	2.29287e-155
0.5782 	1.9016e-155
0.5789 	1.51033e-155
0.5796 	1.11907e-155
0.5803 	8.54349e-156
0.581 	7.58361e-156
0.5817 	6.62299e-156
0.5824 	5.66196e-156
0.5831 	4.70094e-156
0.5838 	3.73991e-156
0.5845 	2.77888e-156
0.5852 	2.02765e-156
0.5866 	1.57404e-156
0.5873 	1.34703e-156
0.588 	1.12001e-156
0.5887 	8.92999e-157
0.5894 	6.65985e-157
0.5901 	4.64031e-157
0.5908 	4.1244e-157
0.5915 	3.60826e-157
0.5922 	3.09169e-157
0.5929 	2.57511e-157
0.5936 	2.05854e-157
0.5943 	1.54197e-157
0.595 	1.02539e-157
0.5957 	9.12147e-158
0.5964 	7.98871e-158
0.5971 	6.85474e-158
0.5978 	5.72078e-158
0.5985 	4.58681e-158
0.5992 	3.45285e-158
0.5999 	2.31888e-158
0.6006 	1.95099e-158
0.6013 	1.71074e-158
0.602 	1.47019e-158
0.6027 	1.22963e-158
0.6034 	9.89081e-159
0.6041 	7.48527e-159
0.6048 	5.07972e-159
0.6055 	4.0403e-159
0.6062 	3.54732e-159
0.6069 	3.05368e-159
0.6076 	2.55999e-159
0.6083 	2.06629e-159
0.609 	1.5726e-159
0.6097 	1.07891e-159
0.6104 	8.11304e-160
0.6111 	7.13258e-160
0.6118 	6.15097e-160
0.6125 	5.16904e-160
0.6132 	4.18712e-160
0.6139 	3.2052e-160
0.6146 	2.22327e-160
0.6153 	1.58111e-160
0.616 	1.39198e-160
0.6167 	1.20266e-160
0.6174 	1.01323e-160
0.6181 	8.23804e-161
0.6188 	6.34378e-161
0.6195 	4.44952e-161
0.6202 	2.99518e-161
0.6209 	2.64065e-161
0.6216 	2.28585e-161
0.6223 	1.93076e-161
0.623 	1.57567e-161
0.6237 	1.22058e-161
0.6244 	8.65486e-162
0.6251 	5.51893e-162
0.6258 	4.87282e-162
0.6265 	4.22634e-162
0.6272 	3.57919e-162
0.6279 	2.93203e-162
0.6286 	2.28487e-162
0.6293 	1.63772e-162
0.63 	9.90562e-163
0.6314 	7.61191e-163
0.6321 	6.46335e-163
0.6328 	5.31478e-163
0.6335 	4.16621e-163
0.6342 	3.01765e-163
0.6349 	1.86908e-163
0.6356 	1.53499e-163
0.6363 	1.33662e-163
0.637 	1.13793e-163
0.6377 	9.3924e-164
0.6384 	7.40551e-164
0.6391 	5.41862e-164
0.6398 	3.43174e-164
0.6405 	2.62498e-164
0.6412 	2.29028e-164
0.6419 	1.95503e-164
0.6426 	1.61974e-164
0.6433 	1.28445e-164
0.644 	9.49156e-165
0.6447 	6.13864e-165
0.6454 	4.38636e-165
0.6461 	3.83455e-165
0.6468 	3.28196e-165
0.6475 	2.72916e-165
0.6482 	2.17635e-165
0.6489 	1.62355e-165
0.6496 	1.07074e-165
0.6503 	7.16736e-166
0.6517 	5.38734e-166
0.6524 	4.49621e-166
0.6531 	3.60507e-166
0.6538 	2.71394e-166
0.6545 	1.82281e-166
0.6552 	1.1462e-166
0.6566 	8.65457e-167
0.6573 	7.24885e-167
0.658 	5.84312e-167
0.6587 	4.43739e-167
0.6594 	3.03166e-167
0.6601 	1.79578e-167
0.6608 	1.57899e-167
0.6615 	1.36206e-167
0.6629 	9.27634e-168
0.6636 	7.10423e-168
0.6643 	4.93211e-168
0.665 	2.76e-168
0.6657 	2.43141e-168
0.6664 	2.10267e-168
0.6671 	1.77342e-168
0.6678 	1.44417e-168
0.6685 	1.11491e-168
0.6692 	7.85662e-169
0.6699 	4.56409e-169
0.6706 	3.67472e-169
0.6713 	3.18582e-169
0.672 	2.69597e-169
0.6727 	2.20613e-169
0.6734 	1.71629e-169
0.6741 	1.22645e-169
0.6748 	7.36607e-170
0.6755 	5.45621e-170
0.6762 	4.74177e-170
0.6769 	4.02593e-170
0.6776 	3.30999e-170
0.6783 	2.59404e-170
0.679 	1.8781e-170
0.6797 	1.16215e-170
0.6804 	7.96643e-171
0.6811 	6.93965e-171
0.6818 	5.91112e-171
0.6825 	4.88211e-171
0.6832 	3.8531e-171
0.6839 	2.82409e-171
0.6846 	1.79508e-171
0.6853 	1.14482e-171
0.6867 	8.54093e-172
0.6874 	7.08511e-172
0.6881 	5.62928e-172
0.6888 	4.17346e-172
0.6895 	2.71764e-172
0.6902 	1.61985e-172
0.6909 	1.41712e-172
0.6916 	1.21417e-172
0.6923 	1.01098e-172
0.693 	8.0779e-173
0.6937 	6.04602e-173
0.6944 	4.01413e-173
0.6951 	2.23297e-173
0.6958 	1.95613e-173
0.6965 	1.68296e-173
0.6972 	1.41638e-173
0.6979 	1.1498e-173
0.6986 	8.83225e-174
0.6993 	6.16647e-174
0.7 	3.50068e-174
