0 	1
0.0007 	1
0.0014 	1
0.0021 	1
0.0028 	1
0.0035 	1
0.0042 	1
0.0049 	1
0.0056 	1
0.0063 	1
0.007 	1
0.0077 	1
0.0084 	1
0.0091 	1
0.0098 	1
0.0105 	1
0.0112 	1
0.0119 	1
0.0126 	1
0.0133 	1
0.014 	1
0.0147 	1
0.0154 	1
0.0161 	1
0.0168 	1
0.0175 	1
0.0182 	1
0.0189 	1
0.0196 	1
0.0203 	1
0.0217 	1
0.0231 	1
0.0238 	1
0.0245 	1
0.0252 	1
0.0259 	1
0.0266 	1
0.0273 	1
0.028 	1
0.0287 	1
0.0294 	1
0.0301 	1
0.0308 	1
0.0315 	1
0.0322 	1
0.0329 	1
0.0336 	1
0.0343 	1
0.035 	1
0.0357 	1
0.0364 	1
0.0371 	1
0.0378 	1
0.0385 	1
0.0392 	1
0.0399 	1
0.0406 	1
0.0413 	1
0.042 	1
0.0427 	1
0.0434 	1
0.0441 	1
0.0448 	1
0.0455 	1
0.0462 	1
0.0469 	1
0.0476 	1
0.0483 	1
0.049 	1
0.0497 	1
0.0504 	1
0.0518 	1
0.0532 	1
0.0539 	1
0.0546 	1
0.0553 	1
0.056 	1
0.0567 	1
0.0574 	1
0.0581 	1
0.0588 	1
0.0595 	1
0.0602 	1
0.0609 	1
0.0616 	1
0.0623 	1
0.063 	1
0.0637 	1
0.0644 	1
0.0651 	1
0.0665 	1
0.0672 	1
0.0679 	1
0.0686 	1
0.0693 	1
0.07 	1
0.0707 	1
0.0714 	1
0.0721 	1
0.0728 	1
0.0735 	1
0.0742 	1
0.0749 	1
0.0756 	1
0.0763 	1
0.077 	1
0.0777 	1
0.0784 	1
0.0791 	1
0.0798 	1
0.0805 	1
0.0812 	1
0.0819 	1
0.0826 	1
0.0833 	1
0.084 	1
0.0847 	1
0.0854 	1
0.0861 	1
0.0868 	1
0.0875 	1
0.0882 	1
0.0889 	1
0.0896 	1
0.0903 	1
0.091 	1
0.0917 	1
0.0924 	1
0.0931 	1
0.0938 	1
0.0945 	1
0.0952 	1
0.0959 	1
0.0966 	1
0.0973 	1
0.098 	1
0.0987 	1
0.0994 	1
0.1001 	1
0.1008 	1
0.1015 	1
0.1022 	1
0.1029 	1
0.1036 	1
0.1043 	1
0.105 	1
0.1057 	1
0.1064 	1
0.1071 	1
0.1078 	1
0.1085 	1
0.1092 	1
0.1099 	1
0.1106 	1
0.1113 	1
0.112 	1
0.1127 	1
0.1134 	1
0.1141 	1
0.1148 	1
0.1155 	1
0.1162 	1
0.1169 	1
0.1176 	1
0.1183 	1
0.119 	1
0.1197 	1
0.1204 	1
0.1211 	1
0.1218 	1
0.1225 	1
0.1232 	1
0.1239 	1
0.1246 	1
0.1253 	1
0.126 	1
0.1267 	1
0.1274 	1
0.1281 	1
0.1288 	1
0.1295 	1
0.1302 	1
0.1309 	1
0.1316 	1
0.1323 	1
0.1337 	1
0.1344 	1
0.1351 	1
0.1358 	1
0.1365 	1
0.1372 	1
0.1379 	1
0.1386 	1
0.1393 	1
0.14 	1
0.1407 	1
0.1414 	1
0.1421 	1
0.1428 	1
0.1435 	1
0.1442 	1
0.1449 	1
0.1456 	1
0.1463 	1
0.147 	1
0.1477 	1
0.1484 	1
0.1491 	1
0.1498 	1
0.1505 	1
0.1512 	1
0.1519 	1
0.1526 	1
0.1533 	1
0.154 	1
0.1547 	1
0.1554 	1
0.1561 	1
0.1568 	1
0.1575 	1
0.1582 	1
0.1589 	1
0.1596 	1
0.1603 	1
0.161 	1
0.1617 	1
0.1624 	1
0.1631 	1
0.1638 	1
0.1645 	1
0.1652 	1
0.1659 	1
0.1666 	1
0.1673 	1
0.168 	1
0.1687 	1
0.1694 	1
0.1701 	1
0.1715 	1
0.1722 	1
0.1729 	1
0.1736 	1
0.1743 	1
0.175 	1
0.1757 	1
0.1771 	1
0.1778 	1
0.1785 	1
0.1792 	1
0.1799 	1
0.1806 	1
0.1813 	1
0.182 	1
0.1827 	1
0.1834 	1
0.1841 	1
0.1848 	1
0.1855 	1
0.1862 	1
0.1869 	1
0.1876 	1
0.1883 	1
0.189 	1
0.1897 	1
0.1904 	1
0.1911 	1
0.1918 	1
0.1925 	1
0.1932 	1
0.1939 	1
0.1946 	1
0.1953 	1
0.196 	1
0.1967 	1
0.1974 	1
0.1981 	1
0.1988 	1
0.1995 	1
0.2002 	1
0.2009 	1
0.2016 	1
0.2023 	1
0.203 	1
0.2037 	1
0.2044 	1
0.2051 	1
0.2058 	1
0.2065 	1
0.2072 	1
0.2079 	1
0.2086 	1
0.2093 	1
0.21 	1
0.2107 	1
0.2114 	1
0.2121 	1
0.2128 	1
0.2135 	1
0.2142 	1
0.2149 	1
0.2156 	1
0.2163 	1
0.217 	1
0.2177 	1
0.2184 	1
0.2191 	1
0.2198 	1
0.2205 	1
0.2212 	1
0.2219 	1
0.2226 	1
0.2233 	1
0.224 	1
0.2247 	1
0.2254 	1
0.2261 	1
0.2275 	1
0.2282 	1
0.2289 	1
0.2296 	1
0.2303 	1
0.231 	1
0.2317 	1
0.2324 	1
0.2331 	1
0.2338 	1
0.2345 	1
0.2352 	1
0.2359 	1
0.2373 	1
0.238 	1
0.2387 	1
0.2394 	1
0.2401 	0.999999
0.2408 	0.999992
0.2415 	0.999986
0.2422 	0.999979
0.2429 	0.999973
0.2436 	0.999966
0.2443 	0.99996
0.245 	0.999953
0.2457 	0.999171
0.2464 	0.998389
0.2471 	0.997608
0.2478 	0.996826
0.2485 	0.996044
0.2492 	0.995262
0.2499 	0.99448
0.2506 	0.981978
0.2513 	0.967522
0.2527 	0.938609
0.2534 	0.924153
0.2541 	0.909697
0.2548 	0.89524
0.2555 	0.851115
0.2562 	0.795121
0.2569 	0.739127
0.2576 	0.683133
0.2583 	0.627139
0.259 	0.571145
0.2597 	0.51515
0.2604 	0.459855
0.2611 	0.405084
0.2618 	0.350313
0.2625 	0.295542
0.2632 	0.240772
0.2639 	0.186001
0.2646 	0.131231
0.2653 	0.0943616
0.266 	0.0813616
0.2667 	0.0683621
0.2674 	0.055363
0.2681 	0.0423639
0.2688 	0.0293648
0.2695 	0.0163657
0.2702 	0.00689683
0.2709 	0.00625339
0.2716 	0.00560997
0.2723 	0.0049666
0.273 	0.00432322
0.2737 	0.00367984
0.2744 	0.00303646
0.2751 	0.00246035
0.2758 	0.00228785
0.2765 	0.00211537
0.2772 	0.00194289
0.2779 	0.00177041
0.2786 	0.00159793
0.2793 	0.00142545
0.28 	0.00125297
0.2807 	0.00114543
0.2814 	0.00103789
0.2821 	0.000930365
0.2828 	0.000822838
0.2835 	0.00071531
0.2842 	0.000607783
0.2849 	0.000500256
0.2856 	0.000443053
0.2863 	0.000394237
0.287 	0.000345427
0.2877 	0.000296616
0.2884 	0.000247805
0.2891 	0.000198994
0.2898 	0.000150183
0.2905 	0.000125666
0.2912 	0.000110865
0.2919 	9.6066e-05
0.2926 	8.12669e-05
0.2933 	6.64678e-05
0.294 	5.16686e-05
0.2947 	3.68695e-05
0.2954 	2.85508e-05
0.2961 	2.50923e-05
0.2968 	2.16341e-05
0.2975 	1.81759e-05
0.2982 	1.47178e-05
0.2989 	1.12596e-05
0.2996 	7.80141e-06
0.3003 	5.53133e-06
0.301 	4.84537e-06
0.3017 	4.15944e-06
0.3024 	3.47353e-06
0.3031 	2.78762e-06
0.3038 	2.10171e-06
0.3045 	1.4158e-06
0.3052 	8.92618e-07
0.3059 	7.76255e-07
0.3066 	6.59894e-07
0.3073 	5.43537e-07
0.308 	4.27179e-07
0.3087 	3.10822e-07
0.3094 	1.94464e-07
0.3101 	9.2929e-08
0.3108 	8.03248e-08
0.3115 	6.77207e-08
0.3129 	4.25123e-08
0.3136 	2.99081e-08
0.3143 	1.73039e-08
0.315 	4.69974e-09
0.3157 	4.05326e-09
0.3164 	3.40677e-09
0.3171 	2.76022e-09
0.3178 	2.11367e-09
0.3185 	1.46712e-09
0.3192 	8.2057e-10
0.3199 	1.74019e-10
0.3206 	7.191e-11
0.3213 	6.05404e-11
0.322 	4.91675e-11
0.3227 	3.77946e-11
0.3234 	2.64216e-11
0.3241 	1.50487e-11
0.3248 	3.67579e-12
0.3255 	3.83904e-13
0.3262 	3.24439e-13
0.3269 	2.64939e-13
0.3276 	2.05436e-13
0.3283 	1.45933e-13
0.329 	8.64293e-14
0.3297 	2.69261e-14
0.3304 	1.36307e-15
0.3311 	1.25515e-15
0.3318 	1.14717e-15
0.3325 	1.03917e-15
0.3332 	9.31169e-16
0.3339 	8.23169e-16
0.3346 	7.15168e-16
0.3353 	6.43343e-16
0.336 	6.1975e-16
0.3367 	5.96165e-16
0.3374 	5.72585e-16
0.3381 	5.49005e-16
0.3388 	5.25424e-16
0.3395 	5.01844e-16
0.3402 	4.76052e-16
0.3409 	4.44732e-16
0.3416 	4.1341e-16
0.3423 	3.82086e-16
0.343 	3.50763e-16
0.3437 	3.19439e-16
0.3444 	2.88115e-16
0.3451 	2.5747e-16
0.3465 	2.0432e-16
0.3472 	1.77717e-16
0.3486 	1.24511e-16
0.3493 	9.79077e-17
0.35 	7.13046e-17
0.3507 	6.21041e-17
0.3521 	4.36704e-17
0.3528 	3.44429e-17
0.3535 	2.52154e-17
0.3542 	1.59879e-17
0.3549 	6.76046e-18
0.3556 	4.79712e-18
0.3563 	4.04417e-18
0.357 	3.28724e-18
0.3577 	2.53031e-18
0.3584 	1.77338e-18
0.3591 	1.01646e-18
0.3598 	2.59527e-19
0.3605 	3.89688e-20
0.3612 	3.29587e-20
0.3619 	2.6893e-20
0.3626 	2.08232e-20
0.3633 	1.47533e-20
0.364 	8.68337e-21
0.3647 	2.61347e-21
0.3654 	1.11323e-23
0.3661 	9.46065e-24
0.3668 	7.76741e-24
0.3675 	6.0683e-24
0.3682 	4.36919e-24
0.3689 	2.67008e-24
0.3696 	9.70965e-25
0.3703 	4.1325e-29
0.371 	3.52639e-29
0.3717 	2.91273e-29
0.3724 	2.29488e-29
0.3731 	1.67703e-29
0.3738 	1.05918e-29
0.3745 	4.41333e-30
0.3752 	1.17242e-34
0.3759 	1.00419e-34
0.3766 	8.34196e-35
0.3773 	6.6245e-35
0.378 	4.90704e-35
0.3787 	3.18959e-35
0.3794 	1.47213e-35
0.3801 	2.17823e-40
0.3808 	1.87249e-40
0.3815 	1.56421e-40
0.3822 	1.25137e-40
0.3829 	9.38527e-41
0.3836 	6.25685e-41
0.3843 	3.12844e-41
0.385 	2.93196e-46
0.3857 	2.529e-46
0.3864 	2.1239e-46
0.3871 	1.71092e-46
0.3878 	1.29794e-46
0.3885 	8.84961e-47
0.3892 	4.71981e-47
0.3899 	5.90007e-48
0.3906 	3.1568e-52
0.3913 	2.66425e-52
0.392 	2.1602e-52
0.3927 	1.65615e-52
0.3934 	1.15211e-52
0.3941 	6.48063e-53
0.3948 	1.44018e-53
0.3955 	4.23449e-58
0.3969 	2.92897e-58
0.3976 	2.26759e-58
0.3983 	1.60621e-58
0.399 	9.44834e-59
0.3997 	2.83455e-59
0.4004 	5.75541e-64
0.4011 	4.89784e-64
0.4018 	4.02268e-64
0.4025 	3.14272e-64
0.4032 	2.26276e-64
0.4039 	1.3828e-64
0.4046 	5.02842e-65
0.4053 	8.07981e-70
0.4067 	5.70239e-70
0.4074 	4.4928e-70
0.4088 	2.07361e-70
0.4095 	8.6401e-71
0.4102 	1.26715e-75
0.4116 	9.02584e-76
0.4123 	7.16758e-76
0.413 	5.30933e-76
0.4137 	3.45107e-76
0.4144 	1.59281e-76
0.4151 	2.21355e-81
0.4165 	1.59066e-81
0.4172 	1.27253e-81
0.4179 	9.54398e-82
0.4186 	6.36267e-82
0.4193 	3.18135e-82
0.42 	4.25768e-87
0.4207 	3.6729e-87
0.4214 	3.08488e-87
0.4221 	2.48505e-87
0.4228 	1.88521e-87
0.4235 	1.28537e-87
0.4242 	6.85537e-88
0.4249 	8.56999e-89
0.4256 	7.89863e-93
0.4263 	6.66668e-93
0.427 	5.40542e-93
0.4277 	4.14416e-93
0.4284 	2.8829e-93
0.4291 	1.62164e-93
0.4298 	3.60381e-94
0.4305 	1.88717e-98
0.4312 	1.59966e-98
0.4319 	1.30541e-98
0.4326 	1.01064e-98
0.4333 	7.15873e-99
0.434 	4.21104e-99
0.4347 	1.26335e-99
0.4354 	4.96155e-104
0.4361 	4.22145e-104
0.4368 	3.46697e-104
0.4375 	2.70858e-104
0.4382 	1.95018e-104
0.4389 	1.19178e-104
0.4396 	4.33385e-105
0.4403 	1.41819e-109
0.441 	1.211e-109
0.4417 	1.00056e-109
0.4431 	5.76082e-110
0.4438 	3.63843e-110
0.4445 	1.51604e-110
0.4452 	4.43224e-115
0.4466 	3.15536e-115
0.4473 	2.50573e-115
0.448 	1.8561e-115
0.4487 	1.20647e-115
0.4494 	5.5684e-116
0.4501 	1.53245e-120
0.4508 	1.31728e-120
0.4515 	1.10036e-120
0.4522 	8.80287e-121
0.4529 	6.60217e-121
0.4536 	4.40147e-121
0.4543 	2.20077e-121
0.455 	6.78153e-126
0.4557 	5.84678e-126
0.4571 	3.95355e-126
0.4578 	2.99926e-126
0.4585 	2.04497e-126
0.4592 	1.09068e-126
0.4599 	1.36395e-127
0.4606 	5.99157e-131
0.462 	4.09479e-131
0.4627 	3.13938e-131
0.4634 	2.18397e-131
0.4641 	1.22856e-131
0.4648 	2.73147e-132
0.4655 	1.55387e-135
0.4662 	1.31481e-135
0.4669 	1.0728e-135
0.4676 	8.3057e-136
0.4683 	5.88337e-136
0.469 	3.46105e-136
0.4697 	1.03872e-136
0.4704 	5.34689e-140
0.4711 	4.54107e-140
0.4718 	3.72773e-140
0.4725 	2.91233e-140
0.4732 	2.09694e-140
0.4739 	1.28155e-140
0.4746 	4.66155e-141
0.4753 	2.0351e-144
0.476 	1.73451e-144
0.4767 	1.43194e-144
0.4774 	1.12826e-144
0.4781 	8.24581e-145
0.4788 	5.20903e-145
0.4795 	2.17226e-145
0.4802 	3.07363e-148
0.4809 	2.85019e-148
0.4816 	2.62622e-148
0.4823 	2.4017e-148
0.483 	2.17719e-148
0.4837 	1.95268e-148
0.4844 	1.72817e-148
0.4851 	1.52395e-148
0.4858 	1.44153e-148
0.4865 	1.35911e-148
0.4872 	1.27667e-148
0.4879 	1.19424e-148
0.4886 	1.1118e-148
0.4893 	1.02937e-148
0.49 	9.46932e-149
0.4907 	8.89702e-149
0.4914 	8.32468e-149
0.4921 	7.75221e-149
0.4928 	7.17973e-149
0.4935 	6.60725e-149
0.4942 	6.03477e-149
0.4949 	5.4623e-149
0.4956 	5.08192e-149
0.4963 	4.73355e-149
0.497 	4.38507e-149
0.4977 	4.03659e-149
0.4984 	3.6881e-149
0.4991 	3.33962e-149
0.4998 	2.99114e-149
0.5005 	2.74815e-149
0.5012 	2.54736e-149
0.5019 	2.3465e-149
0.5026 	2.14563e-149
0.5033 	1.94476e-149
0.504 	1.74389e-149
0.5047 	1.54302e-149
0.5054 	1.39534e-149
0.5061 	1.28756e-149
0.5068 	1.17974e-149
0.5075 	1.07191e-149
0.5082 	9.64081e-150
0.5089 	8.56251e-150
0.5096 	7.4842e-150
0.5103 	6.63771e-150
0.511 	6.10031e-150
0.5117 	5.56273e-150
0.5124 	5.02505e-150
0.5131 	4.48737e-150
0.5138 	3.94969e-150
0.5145 	3.41202e-150
0.5152 	2.9569e-150
0.5159 	2.7082e-150
0.5166 	2.45943e-150
0.5173 	2.21058e-150
0.518 	1.96174e-150
0.5187 	1.71289e-150
0.5194 	1.46405e-150
0.5201 	1.23545e-150
0.5208 	1.12838e-150
0.5215 	1.02128e-150
0.5222 	9.14141e-151
0.5229 	8.07e-151
0.5236 	6.99859e-151
0.5243 	5.92718e-151
0.525 	4.85577e-151
0.5257 	4.42512e-151
0.5264 	3.99442e-151
0.5271 	3.56348e-151
0.5278 	3.13254e-151
0.5285 	2.7016e-151
0.5292 	2.27067e-151
0.5299 	1.83973e-151
0.5306 	1.63882e-151
0.532 	1.31355e-151
0.5327 	1.15086e-151
0.5334 	9.8817e-152
0.5341 	8.2548e-152
0.5348 	6.62789e-152
0.5355 	5.74978e-152
0.5362 	5.17119e-152
0.5369 	4.59217e-152
0.5376 	4.01311e-152
0.5383 	3.43406e-152
0.539 	2.85501e-152
0.5397 	2.27595e-152
0.5404 	1.91643e-152
0.5411 	1.72156e-152
0.5418 	1.52656e-152
0.5425 	1.33153e-152
0.5432 	1.13649e-152
0.5439 	9.41459e-153
0.5446 	7.46424e-153
0.5453 	6.08274e-153
0.546 	5.45971e-153
0.5467 	4.83632e-153
0.5474 	4.21273e-153
0.5481 	3.58915e-153
0.5488 	2.96556e-153
0.5495 	2.34197e-153
0.5502 	1.84239e-153
0.5509 	1.6528e-153
0.5516 	1.46312e-153
0.5523 	1.27336e-153
0.553 	1.08359e-153
0.5537 	8.93826e-154
0.5544 	7.0406e-154
0.5551 	5.33541e-154
0.5558 	4.78504e-154
0.5565 	4.23447e-154
0.5572 	3.68355e-154
0.5579 	3.13264e-154
0.5586 	2.58172e-154
0.5593 	2.0308e-154
0.56 	1.47988e-154
0.5607 	1.32714e-154
0.5614 	1.17436e-154
0.5621 	1.02146e-154
0.5628 	8.68558e-155
0.5635 	7.15656e-155
0.5642 	5.62753e-155
0.5649 	4.09851e-155
0.5656 	3.53204e-155
0.5663 	3.12596e-155
0.567 	2.71948e-155
0.5677 	2.31299e-155
0.5684 	1.90651e-155
0.5691 	1.50002e-155
0.5698 	1.09353e-155
0.5705 	9.03411e-156
0.5712 	7.99832e-156
0.5719 	6.96145e-156
0.5726 	5.92448e-156
0.5733 	4.88752e-156
0.574 	3.85056e-156
0.5747 	2.8136e-156
0.5754 	2.22406e-156
0.5761 	1.97008e-156
0.5768 	1.71587e-156
0.5775 	1.46159e-156
0.5782 	1.20731e-156
0.5789 	9.53037e-157
0.5796 	6.9876e-157
0.5803 	5.27762e-157
0.581 	4.67802e-157
0.5817 	4.07796e-157
0.5824 	3.47763e-157
0.5831 	2.87729e-157
0.5838 	2.27696e-157
0.5845 	1.67663e-157
0.5852 	1.20882e-157
0.5859 	1.07232e-157
0.5866 	9.35732e-158
0.5873 	7.99057e-158
0.588 	6.62381e-158
0.5887 	5.25705e-158
0.5894 	3.89029e-158
0.5901 	2.67592e-158
0.5908 	2.37583e-158
0.5915 	2.07561e-158
0.5922 	1.77513e-158
0.5929 	1.47465e-158
0.5936 	1.17417e-158
0.5943 	8.73687e-159
0.595 	5.73207e-159
0.5957 	5.09416e-159
0.5964 	4.45606e-159
0.5971 	3.81727e-159
0.5978 	3.17849e-159
0.5985 	2.53971e-159
0.5992 	1.90092e-159
0.5999 	1.26214e-159
0.6006 	1.05834e-159
0.6013 	9.27019e-160
0.602 	7.95529e-160
0.6027 	6.64039e-160
0.6034 	5.32548e-160
0.6041 	4.01058e-160
0.6048 	2.69568e-160
0.6055 	2.13284e-160
0.6062 	1.87083e-160
0.6069 	1.60846e-160
0.6076 	1.34607e-160
0.6083 	1.08367e-160
0.609 	8.21277e-161
0.6097 	5.58882e-161
0.6104 	4.17427e-161
0.6111 	3.66676e-161
0.6118 	3.15866e-161
0.6125 	2.65039e-161
0.6132 	2.14213e-161
0.6139 	1.63386e-161
0.6146 	1.12559e-161
0.6153 	7.94217e-162
0.616 	6.98695e-162
0.6174 	5.07409e-162
0.6188 	3.16072e-162
0.6195 	2.20403e-162
0.6202 	1.4707e-162
0.6209 	1.29578e-162
0.6216 	1.12072e-162
0.6223 	9.45516e-163
0.623 	7.70316e-163
0.6237 	5.95117e-163
0.6244 	4.19918e-163
0.6251 	2.6529e-163
0.6258 	2.34097e-163
0.6265 	2.02886e-163
0.6272 	1.71643e-163
0.6279 	1.40399e-163
0.6286 	1.09155e-163
0.6293 	7.79114e-164
0.63 	4.66677e-164
0.6307 	4.12444e-164
0.6314 	3.58192e-164
0.6321 	3.03868e-164
0.6328 	2.49545e-164
0.6335 	1.95221e-164
0.6342 	1.40898e-164
0.6349 	8.65742e-165
0.6356 	7.09269e-165
0.6363 	6.17246e-165
0.637 	5.25075e-165
0.6377 	4.32905e-165
0.6384 	3.40735e-165
0.6391 	2.48565e-165
0.6398 	1.56394e-165
0.6405 	1.19168e-165
0.6412 	1.03919e-165
0.6426 	7.3369e-166
0.644 	4.28173e-166
0.6447 	2.75414e-166
0.6454 	1.95823e-166
0.6461 	1.71109e-166
0.6468 	1.4636e-166
0.6475 	1.21601e-166
0.6482 	9.68421e-167
0.6489 	7.20833e-167
0.6496 	4.73245e-167
0.6503 	3.14965e-167
0.651 	2.75765e-167
0.6517 	2.36517e-167
0.6524 	1.97244e-167
0.6531 	1.5797e-167
0.6538 	1.18697e-167
0.6545 	7.94236e-168
0.6552 	4.9631e-168
0.6559 	4.354e-168
0.6566 	3.74433e-168
0.658 	2.52382e-168
0.6587 	1.91357e-168
0.6594 	1.30332e-168
0.6601 	7.66989e-169
0.6608 	6.74181e-169
0.6615 	5.81308e-169
0.6622 	4.88319e-169
0.6629 	3.9533e-169
0.6636 	3.02341e-169
0.6643 	2.09352e-169
0.665 	1.16363e-169
0.6657 	1.02481e-169
0.6664 	8.85918e-170
0.6671 	7.46814e-170
0.6678 	6.07709e-170
0.6685 	4.68605e-170
0.6692 	3.295e-170
0.6699 	1.90395e-170
0.6706 	1.53036e-170
0.6713 	1.32632e-170
0.672 	1.12189e-170
0.6727 	9.17465e-171
0.6734 	7.13036e-171
0.6741 	5.08607e-171
0.6748 	3.04177e-171
0.6755 	2.24711e-171
0.6762 	1.95229e-171
0.6769 	1.6569e-171
0.6776 	1.36146e-171
0.6783 	1.06602e-171
0.679 	7.70584e-172
0.6797 	4.75146e-172
0.6804 	3.24567e-172
0.6811 	2.82631e-172
0.6818 	2.40624e-172
0.6825 	1.98598e-172
0.6832 	1.56572e-172
0.6839 	1.14545e-172
0.6846 	7.25189e-173
0.6853 	4.59878e-173
0.686 	4.01172e-173
0.6867 	3.42381e-173
0.6874 	2.83544e-173
0.6881 	2.24707e-173
0.6888 	1.6587e-173
0.6895 	1.07033e-173
0.6902 	6.27192e-174
0.6909 	5.47138e-174
0.6916 	4.66991e-174
0.6923 	3.86754e-174
0.693 	3.06516e-174
0.6937 	2.26278e-174
0.6944 	1.46041e-174
0.6951 	7.58629e-175
0.6958 	6.60441e-175
0.6965 	5.63107e-175
0.6972 	4.67311e-175
0.6979 	3.71515e-175
0.6986 	2.75718e-175
0.6993 	1.79922e-175
0.7 	8.41263e-176
