0 	1
0.0007 	1
0.0014 	1
0.0021 	1
0.0028 	1
0.0035 	1
0.0042 	1
0.0049 	1
0.0056 	1
0.0063 	1
0.007 	1
0.0077 	1
0.0084 	1
0.0091 	1
0.0098 	1
0.0105 	1
0.0112 	1
0.0119 	1
0.0126 	1
0.0133 	1
0.014 	1
0.0147 	1
0.0154 	1
0.0161 	1
0.0168 	1
0.0175 	1
0.0182 	1
0.0189 	1
0.0196 	1
0.0203 	1
0.021 	1
0.0217 	1
0.0224 	1
0.0231 	1
0.0238 	1
0.0245 	1
0.0252 	1
0.0259 	1
0.0266 	1
0.0273 	1
0.028 	1
0.0287 	1
0.0294 	1
0.0301 	1
0.0308 	1
0.0315 	1
0.0322 	1
0.0329 	1
0.0336 	1
0.0343 	1
0.035 	1
0.0357 	1
0.0364 	1
0.0371 	1
0.0378 	1
0.0385 	1
0.0392 	1
0.0399 	1
0.0406 	1
0.0413 	1
0.042 	1
0.0427 	1
0.0434 	1
0.0441 	1
0.0448 	1
0.0455 	1
0.0462 	1
0.0469 	1
0.0476 	1
0.0483 	1
0.049 	1
0.0497 	1
0.0504 	1
0.0511 	1
0.0518 	1
0.0525 	1
0.0532 	1
0.0539 	1
0.0546 	1
0.0553 	1
0.056 	1
0.0567 	1
0.0574 	1
0.0581 	1
0.0588 	1
0.0595 	1
0.0602 	1
0.0609 	1
0.0616 	1
0.0623 	1
0.063 	1
0.0637 	1
0.0644 	1
0.0651 	1
0.0658 	1
0.0665 	1
0.0672 	1
0.0679 	1
0.0686 	1
0.0693 	1
0.07 	1
0.0707 	1
0.0714 	1
0.0721 	1
0.0728 	1
0.0735 	1
0.0742 	1
0.0749 	1
0.0756 	1
0.0763 	1
0.077 	1
0.0777 	1
0.0784 	1
0.0791 	1
0.0798 	1
0.0805 	1
0.0812 	1
0.0819 	1
0.0826 	1
0.0833 	1
0.084 	1
0.0847 	1
0.0854 	1
0.0861 	1
0.0868 	1
0.0875 	1
0.0882 	1
0.0889 	1
0.0896 	1
0.0903 	1
0.091 	1
0.0917 	1
0.0924 	1
0.0931 	1
0.0938 	1
0.0945 	1
0.0952 	1
0.0959 	1
0.0966 	1
0.0973 	1
0.098 	1
0.0987 	1
0.0994 	1
0.1001 	1
0.1008 	1
0.1015 	1
0.1022 	1
0.1029 	1
0.1036 	1
0.1043 	1
0.105 	1
0.1057 	1
0.1064 	1
0.1071 	1
0.1078 	1
0.1085 	1
0.1092 	1
0.1099 	1
0.1106 	1
0.1113 	1
0.112 	1
0.1127 	1
0.1134 	1
0.1141 	1
0.1148 	1
0.1155 	1
0.1162 	1
0.1169 	1
0.1176 	1
0.1183 	1
0.119 	1
0.1197 	1
0.1204 	1
0.1211 	1
0.1218 	1
0.1225 	1
0.1232 	1
0.1239 	1
0.1246 	1
0.1253 	1
0.126 	1
0.1267 	1
0.1274 	1
0.1281 	1
0.1288 	1
0.1295 	1
0.1302 	1
0.1309 	1
0.1316 	1
0.1323 	1
0.133 	1
0.1337 	1
0.1344 	1
0.1351 	1
0.1358 	1
0.1365 	1
0.1372 	1
0.1379 	1
0.1386 	1
0.1393 	1
0.14 	1
0.1407 	1
0.1414 	1
0.1421 	1
0.1428 	1
0.1435 	1
0.1442 	1
0.1449 	1
0.1456 	1
0.1463 	1
0.147 	1
0.1477 	1
0.1484 	1
0.1491 	1
0.1498 	1
0.1505 	1
0.1512 	1
0.1519 	1
0.1526 	1
0.1533 	1
0.154 	1
0.1547 	1
0.1554 	1
0.1561 	1
0.1568 	1
0.1575 	1
0.1582 	1
0.1589 	1
0.1596 	1
0.1603 	1
0.161 	1
0.1617 	1
0.1624 	1
0.1631 	1
0.1638 	1
0.1645 	1
0.1652 	1
0.1659 	1
0.1666 	1
0.1673 	1
0.168 	1
0.1687 	1
0.1694 	1
0.1701 	1
0.1708 	1
0.1715 	1
0.1722 	1
0.1729 	1
0.1736 	1
0.1743 	1
0.175 	1
0.1757 	1
0.1764 	1
0.1771 	1
0.1778 	1
0.1785 	1
0.1792 	1
0.1799 	1
0.1806 	1
0.1813 	1
0.182 	1
0.1827 	1
0.1834 	1
0.1841 	1
0.1848 	1
0.1855 	1
0.1862 	1
0.1869 	1
0.1876 	1
0.1883 	1
0.189 	1
0.1897 	1
0.1904 	1
0.1911 	1
0.1918 	1
0.1925 	1
0.1932 	1
0.1939 	1
0.1946 	1
0.1953 	1
0.196 	1
0.1967 	1
0.1974 	1
0.1981 	1
0.1988 	1
0.1995 	1
0.2002 	1
0.2009 	1
0.2016 	1
0.2023 	1
0.203 	1
0.2037 	1
0.2044 	1
0.2051 	1
0.2058 	1
0.2065 	1
0.2072 	1
0.2079 	1
0.2086 	1
0.2093 	1
0.21 	1
0.2107 	1
0.2114 	1
0.2121 	1
0.2128 	1
0.2135 	1
0.2142 	1
0.2149 	1
0.2156 	1
0.2163 	1
0.217 	1
0.2177 	1
0.2184 	1
0.2191 	1
0.2198 	1
0.2205 	1
0.2212 	1
0.2219 	1
0.2226 	1
0.2233 	1
0.224 	1
0.2247 	1
0.2254 	1
0.2261 	1
0.2268 	1
0.2275 	1
0.2282 	1
0.2289 	1
0.2296 	1
0.2303 	0.999996
0.231 	0.999985
0.2317 	0.999975
0.2324 	0.999965
0.2331 	0.999955
0.2338 	0.999945
0.2345 	0.999935
0.2352 	0.999657
0.2359 	0.998712
0.2366 	0.997766
0.2373 	0.996821
0.238 	0.995875
0.2387 	0.99493
0.2394 	0.993985
0.2401 	0.990207
0.2408 	0.969434
0.2415 	0.948661
0.2422 	0.927887
0.2429 	0.907114
0.2436 	0.886341
0.2443 	0.865567
0.245 	0.844794
0.2457 	0.783611
0.2464 	0.722429
0.2471 	0.661246
0.2478 	0.600063
0.2485 	0.53888
0.2492 	0.477697
0.2499 	0.416515
0.2506 	0.365723
0.2513 	0.316664
0.252 	0.267604
0.2527 	0.218545
0.2534 	0.169486
0.2541 	0.120426
0.2548 	0.0713671
0.2555 	0.0517278
0.2562 	0.0438562
0.2569 	0.0359846
0.2576 	0.028113
0.2583 	0.0202414
0.259 	0.0123698
0.2597 	0.00449815
0.2604 	0.00103481
0.2611 	0.000877584
0.2618 	0.000720355
0.2625 	0.000563126
0.2632 	0.000405896
0.2639 	0.000248667
0.2646 	9.1437e-05
0.2653 	1.49691e-06
0.266 	1.274e-06
0.2667 	1.05107e-06
0.2674 	8.28139e-07
0.2681 	6.05205e-07
0.2688 	3.82271e-07
0.2695 	1.59337e-07
0.2702 	9.56207e-11
0.2709 	8.16785e-11
0.2716 	6.77349e-11
0.2723 	5.37899e-11
0.273 	3.98449e-11
0.2737 	2.58998e-11
0.2744 	1.19548e-11
0.2751 	1.96621e-15
0.2758 	1.68539e-15
0.2765 	1.40454e-15
0.2772 	1.12364e-15
0.2779 	8.4274e-16
0.2786 	5.61839e-16
0.2793 	2.80939e-16
0.28 	3.99547e-20
0.2807 	3.43628e-20
0.2814 	2.87705e-20
0.2821 	2.31763e-20
0.2828 	1.75822e-20
0.2835 	1.19881e-20
0.2842 	6.394e-21
0.2849 	7.99886e-22
0.2856 	6.68454e-25
0.2863 	5.62158e-25
0.287 	4.55806e-25
0.2877 	3.49455e-25
0.2884 	2.43103e-25
0.2891 	1.36751e-25
0.2898 	3.03993e-26
0.2905 	1.23062e-29
0.2912 	1.03932e-29
0.2919 	8.47878e-30
0.2926 	6.56427e-30
0.2933 	4.64975e-30
0.294 	2.73524e-30
0.2947 	8.20725e-31
0.2954 	2.12242e-34
0.2961 	1.79972e-34
0.2968 	1.47675e-34
0.2975 	1.15372e-34
0.2982 	8.3069e-35
0.2989 	5.07657e-35
0.2996 	1.84624e-35
0.3003 	3.40681e-39
0.301 	2.89995e-39
0.3017 	2.39266e-39
0.3024 	1.88514e-39
0.3031 	1.37761e-39
0.3038 	8.7009e-40
0.3045 	3.62567e-40
0.3052 	5.07974e-44
0.3059 	4.33986e-44
0.3066 	3.5994e-44
0.3073 	2.85836e-44
0.308 	2.11732e-44
0.3087 	1.37628e-44
0.3094 	6.35244e-45
0.3101 	7.04518e-49
0.3108 	6.04015e-49
0.3115 	5.03446e-49
0.3122 	4.02758e-49
0.3129 	3.02071e-49
0.3136 	2.01383e-49
0.3143 	1.00696e-49
0.315 	9.11667e-54
0.3157 	7.84233e-54
0.3164 	6.56743e-54
0.3171 	5.29045e-54
0.3178 	4.01347e-54
0.3185 	2.73649e-54
0.3192 	1.45951e-54
0.3199 	1.82527e-55
0.3206 	9.53446e-59
0.3213 	8.02033e-59
0.322 	6.50299e-59
0.3227 	4.98565e-59
0.3234 	3.46831e-59
0.3241 	1.95098e-59
0.3248 	4.33637e-60
0.3255 	1.08958e-63
0.3262 	9.20433e-64
0.3269 	7.50906e-64
0.3276 	5.81349e-64
0.3283 	4.11792e-64
0.329 	2.42236e-64
0.3297 	7.2679e-65
0.3304 	1.17462e-68
0.3311 	9.96248e-69
0.3318 	8.17517e-69
0.3325 	6.38688e-69
0.3332 	4.59859e-69
0.3339 	2.81029e-69
0.3346 	1.022e-69
0.3353 	1.19853e-73
0.336 	1.0204e-73
0.3367 	8.41975e-74
0.3374 	6.63376e-74
0.3381 	4.84778e-74
0.3388 	3.0618e-74
0.3395 	1.27581e-74
0.3402 	1.16092e-78
0.3409 	9.91982e-79
0.3416 	8.22811e-79
0.3423 	6.53411e-79
0.343 	4.8401e-79
0.3437 	3.1461e-79
0.3444 	1.4521e-79
0.3451 	1.07035e-83
0.3458 	9.17758e-84
0.3465 	7.65022e-84
0.3472 	6.12019e-84
0.3479 	4.59016e-84
0.3486 	3.06014e-84
0.3493 	1.53011e-84
0.35 	9.41558e-89
0.3507 	8.10005e-89
0.3514 	6.78376e-89
0.3521 	5.46471e-89
0.3528 	4.14566e-89
0.3535 	2.82661e-89
0.3542 	1.50756e-89
0.3549 	1.88505e-90
0.3556 	6.79255e-94
0.3563 	5.71329e-94
0.357 	4.62838e-94
0.3577 	3.54347e-94
0.3584 	2.45856e-94
0.3591 	1.37365e-94
0.3598 	2.88741e-95
0.3605 	-1.85777e-96
0.3612 	-1.48691e-96
0.3619 	-1.48037e-96
0.3626 	-1.50186e-96
0.3633 	-1.52334e-96
0.364 	-1.54483e-96
0.3647 	-1.56631e-96
0.3654 	-1.35207e-96
0.3661 	-9.61024e-97
0.3668 	-7.86428e-97
0.3675 	-6.70863e-97
0.3682 	-5.55298e-97
0.3689 	-4.39733e-97
0.3696 	-3.24168e-97
0.3703 	-2.30516e-97
0.371 	-1.66079e-97
0.3717 	-1.29432e-97
0.3724 	-1.08223e-97
0.3731 	-8.70132e-98
0.3738 	-6.58039e-98
0.3745 	-4.45946e-98
0.3752 	-2.73376e-98
0.3759 	-1.99605e-98
0.3766 	-1.50056e-98
0.3773 	-1.24731e-98
0.378 	-9.94051e-99
0.3787 	-7.40795e-99
0.3794 	-4.87539e-99
0.3801 	-2.6078e-99
0.3808 	-1.92984e-99
0.3815 	-1.40852e-99
0.3822 	-1.16912e-99
0.3829 	-9.29723e-100
0.3836 	-6.90327e-100
0.3843 	-4.50931e-100
0.385 	-2.11537e-100
0.3857 	-1.58597e-100
0.3864 	-1.12903e-100
0.3871 	-9.37734e-101
0.3878 	-7.46442e-101
0.3885 	-5.55149e-101
0.3892 	-3.63856e-101
0.3899 	-1.72563e-101
0.3906 	-1.14174e-101
0.3913 	-7.9568e-102
0.392 	-6.62032e-102
0.3927 	-5.28385e-102
0.3934 	-3.94737e-102
0.3941 	-2.6109e-102
0.3948 	-1.27442e-102
0.3955 	-7.34124e-103
0.3962 	-5.12283e-103
0.3969 	-4.19016e-103
0.3976 	-3.35639e-103
0.3983 	-2.52262e-103
0.399 	-1.68886e-103
0.3997 	-8.55091e-104
0.4004 	-4.27412e-104
0.4011 	-3.04288e-104
0.4018 	-2.40877e-104
0.4025 	-1.93751e-104
0.4032 	-1.46626e-104
0.4039 	-9.95002e-105
0.4046 	-5.23748e-105
0.4053 	-2.27636e-105
0.406 	-1.65043e-105
0.4067 	-1.27007e-105
0.4074 	-1.02616e-105
0.4081 	-7.82243e-106
0.4088 	-5.38328e-106
0.4095 	-2.94413e-106
0.4102 	-1.11795e-106
0.4109 	-8.24151e-107
0.4116 	-6.18969e-107
0.4123 	-5.02402e-107
0.413 	-3.85834e-107
0.4137 	-2.69266e-107
0.4144 	-1.52699e-107
0.4151 	-5.0954e-108
0.4158 	-3.81413e-108
0.4165 	-2.80554e-108
0.4172 	-2.28776e-108
0.4179 	-1.76999e-108
0.4186 	-1.25222e-108
0.4193 	-7.34449e-109
0.42 	-2.1668e-109
0.4207 	-1.64491e-109
0.4214 	-1.1888e-109
0.4221 	-9.73879e-110
0.4228 	-7.58961e-110
0.4235 	-5.44043e-110
0.4242 	-3.29125e-110
0.4249 	-1.14208e-110
0.4256 	-6.64132e-111
0.4263 	-4.72974e-111
0.427 	-3.8923e-111
0.4277 	-3.05486e-111
0.4284 	-2.21742e-111
0.4291 	-1.37998e-111
0.4298 	-5.42542e-112
0.4305 	-2.52029e-112
0.4312 	-1.80279e-112
0.4319 	-1.46599e-112
0.4326 	-1.15847e-112
0.4333 	-8.50957e-113
0.434 	-5.43443e-113
0.4347 	-2.35928e-113
0.4354 	-9.02027e-114
0.4361 	-6.58165e-114
0.4368 	-5.22015e-114
0.4375 	-4.15241e-114
0.4382 	-3.08467e-114
0.4389 	-2.01692e-114
0.4396 	-9.49183e-115
0.4403 	-3.05401e-115
0.441 	-2.26884e-115
0.4417 	-1.7624e-115
0.4424 	-1.41082e-115
0.4431 	-1.05923e-115
0.4438 	-7.07649e-116
0.4445 	-3.56064e-116
0.4452 	-9.80749e-117
0.4459 	-7.40664e-117
0.4466 	-5.65585e-117
0.4473 	-4.55511e-117
0.448 	-3.45438e-117
0.4487 	-2.35364e-117
0.4494 	-1.25291e-117
0.4501 	-2.99444e-118
0.4508 	-2.2957e-118
0.4515 	-1.72921e-118
0.4522 	-1.40079e-118
0.4529 	-1.07237e-118
0.4536 	-7.43949e-119
0.4543 	-4.15529e-119
0.455 	-8.71106e-120
0.4557 	-6.77154e-120
0.4564 	-5.0471e-120
0.4571 	-4.11133e-120
0.4578 	-3.17556e-120
0.4585 	-2.23979e-120
0.4592 	-1.30402e-120
0.4599 	-3.68244e-121
0.4606 	-1.90477e-121
0.4613 	-1.40891e-121
0.462 	-1.15381e-121
0.4627 	-8.98709e-122
0.4634 	-6.43607e-122
0.4641 	-3.88504e-122
0.4648 	-1.33402e-122
0.4655 	-5.11916e-123
0.4662 	-3.81358e-123
0.4669 	-3.10144e-123
0.4676 	-2.43494e-123
0.4683 	-1.76845e-123
0.469 	-1.10195e-123
0.4697 	-4.35459e-124
0.4704 	-1.31673e-124
0.4711 	-9.99102e-125
0.4718 	-7.99715e-125
0.4725 	-6.32574e-125
0.4732 	-4.65433e-125
0.4739 	-2.98292e-125
0.4746 	-1.31151e-125
0.4753 	-3.24646e-126
0.476 	-2.50477e-126
0.4767 	-1.98089e-126
0.4774 	-1.57801e-126
0.4781 	-1.17513e-126
0.4788 	-7.72244e-127
0.4795 	-3.69362e-127
0.4802 	-7.68354e-128
0.4809 	-6.01905e-128
0.4816 	-4.71949e-128
0.4823 	-3.78487e-128
0.483 	-2.85026e-128
0.4837 	-1.91564e-128
0.4844 	-9.81022e-129
0.4851 	-1.74791e-129
0.4858 	-1.38847e-129
0.4865 	-1.0828e-129
0.4872 	-8.7389e-130
0.4879 	-6.64984e-130
0.4886 	-4.56077e-130
0.4893 	-2.47171e-130
0.49 	-3.82656e-131
0.4907 	-3.07885e-131
0.4914 	-2.39485e-131
0.4921 	-1.94446e-131
0.4928 	-1.49407e-131
0.4935 	-1.04368e-131
0.4942 	-5.93293e-132
0.4949 	-1.42903e-132
0.4956 	-6.5708e-133
0.4963 	-5.11108e-133
0.497 	-4.17361e-133
0.4977 	-3.23613e-133
0.4984 	-2.29866e-133
0.4991 	-1.36118e-133
0.4998 	-4.23709e-134
0.5005 	-1.35119e-134
0.5012 	-1.06077e-134
0.5019 	-8.64936e-135
0.5026 	-6.7638e-135
0.5033 	-4.87825e-135
0.504 	-2.99269e-135
0.5047 	-1.10713e-135
0.5054 	-2.67998e-136
0.5061 	-2.13668e-136
0.5068 	-1.7321e-136
0.5075 	-1.36535e-136
0.5082 	-9.98601e-137
0.5089 	-6.31851e-137
0.5096 	-2.651e-137
0.5103 	-5.13187e-138
0.511 	-4.14907e-138
0.5117 	-3.35429e-138
0.5124 	-2.66396e-138
0.5131 	-1.97362e-138
0.5138 	-1.28329e-138
0.5145 	-5.92962e-139
0.5152 	-9.49557e-140
0.5159 	-7.77509e-140
0.5166 	-6.2857e-140
0.5173 	-5.02743e-140
0.518 	-3.76915e-140
0.5187 	-2.51087e-140
0.5194 	-1.25259e-140
0.5201 	-1.69907e-141
0.5208 	-1.40738e-141
0.5215 	-1.1405e-141
0.5222 	-9.18282e-142
0.5229 	-6.96066e-142
0.5236 	-4.73851e-142
0.5243 	-2.51635e-142
0.525 	-2.9421e-143
0.5257 	-2.46282e-143
0.5264 	-2.00472e-143
0.5271 	-1.62429e-143
0.5278 	-1.24386e-143
0.5285 	-8.63439e-144
0.5292 	-4.83013e-144
0.5299 	-1.02587e-144
0.5306 	-4.16965e-145
0.5313 	-3.41536e-145
0.532 	-2.78373e-145
0.5327 	-2.15211e-145
0.5334 	-1.52049e-145
0.5341 	-8.88864e-146
0.5348 	-2.57241e-146
0.5355 	-6.8345e-147
0.5362 	-5.65359e-147
0.5369 	-4.62447e-147
0.5376 	-3.60703e-147
0.5383 	-2.58958e-147
0.539 	-1.57214e-147
0.5397 	-5.54696e-148
0.5404 	-1.08522e-148
0.5411 	-9.07939e-149
0.5418 	-7.44969e-149
0.5425 	-5.85903e-149
0.5432 	-4.26837e-149
0.5439 	-2.67771e-149
0.5446 	-1.08704e-149
0.5453 	-1.67022e-150
0.546 	-1.41168e-150
0.5467 	-1.16414e-150
0.5474 	-9.22713e-151
0.5481 	-6.81283e-151
0.5488 	-4.39853e-151
0.5495 	-1.98423e-151
0.5502 	-2.49275e-152
0.5509 	-2.12635e-152
0.5516 	-1.76522e-152
0.5523 	-1.40937e-152
0.553 	-1.05352e-152
0.5537 	-6.97674e-153
0.5544 	-3.41825e-153
0.5551 	-3.60929e-154
0.5558 	-3.10443e-154
0.5565 	-2.59794e-154
0.5572 	-2.08849e-154
0.5579 	-1.57905e-154
0.5586 	-1.0696e-154
0.5593 	-5.6016e-155
0.56 	-5.07183e-156
0.5607 	-4.39529e-156
0.5614 	-3.71189e-156
0.5621 	-3.00334e-156
0.5628 	-2.29479e-156
0.5635 	-1.58624e-156
0.5642 	-8.77697e-157
0.5649 	-1.69149e-157
0.5656 	-6.03709e-158
0.5663 	-5.14969e-158
0.567 	-4.19216e-158
0.5677 	-3.23463e-158
0.5684 	-2.2771e-158
0.5691 	-1.31957e-158
0.5698 	-3.62042e-159
0.5705 	-8.04742e-160
0.5712 	-6.92849e-160
0.5719 	-5.6809e-160
0.5726 	-4.42341e-160
0.5733 	-3.16593e-160
0.574 	-1.90844e-160
0.5747 	-6.5095e-161
0.5754 	-1.04137e-161
0.5761 	-9.03212e-162
0.5768 	-7.47501e-162
0.5775 	-5.87003e-162
0.5782 	-4.26505e-162
0.5789 	-2.66007e-162
0.5796 	-1.05509e-162
0.5803 	-1.30854e-163
0.581 	-1.14247e-163
0.5817 	-9.55165e-164
0.5824 	-7.56059e-164
0.5831 	-5.56954e-164
0.5838 	-3.57848e-164
0.5845 	-1.58742e-164
0.5852 	-1.59694e-165
0.5859 	-1.40261e-165
0.5866 	-1.1854e-165
0.5873 	-9.45306e-166
0.588 	-7.05217e-166
0.5887 	-4.65127e-166
0.5894 	-2.25038e-166
0.5901 	-1.89316e-167
0.5908 	-1.67174e-167
0.5915 	-1.42889e-167
0.5922 	-1.14748e-167
0.5929 	-8.66058e-168
0.5936 	-5.8464e-168
0.5943 	-3.03221e-168
0.595 	-2.1804e-169
0.5957 	-1.93477e-169
0.5964 	-1.67306e-169
0.5971 	-1.35242e-169
0.5978 	-1.03177e-169
0.5985 	-7.11121e-170
0.5992 	-3.90473e-170
0.5999 	-6.98257e-171
0.6006 	-2.17462e-171
0.6013 	-1.90289e-171
0.602 	-1.54775e-171
0.6027 	-1.19261e-171
0.6034 	-8.37475e-172
0.6041 	-4.82337e-172
0.6048 	-1.27199e-172
0.6055 	-2.37397e-173
0.6062 	-2.09497e-173
0.6069 	-1.72001e-173
0.6076 	-1.33768e-173
0.6083 	-9.55338e-174
0.609 	-5.73001e-174
0.6097 	-1.90663e-174
0.6104 	-2.51732e-175
0.6111 	-2.23169e-175
0.6118 	-1.85613e-175
0.6125 	-1.45604e-175
0.6132 	-1.05595e-175
0.6139 	-6.55858e-176
0.6146 	-2.55769e-176
0.6153 	-2.59289e-177
0.616 	-2.30824e-177
0.6167 	-1.945e-177
0.6174 	-1.53809e-177
0.6181 	-1.13119e-177
0.6188 	-7.24283e-178
0.6195 	-3.17376e-178
0.6202 	-2.59422e-179
0.6209 	-2.31815e-179
0.6216 	-1.97902e-179
0.6223 	-1.57684e-179
0.623 	-1.17466e-179
0.6237 	-7.72485e-180
0.6244 	-3.70306e-180
0.6251 	-2.5211e-181
0.6258 	-2.26055e-181
0.6265 	-1.9551e-181
0.6272 	-1.56884e-181
0.6279 	-1.18258e-181
0.6286 	-7.96315e-182
0.6293 	-4.10055e-182
0.63 	-2.37958e-183
0.6307 	-2.14034e-183
0.6314 	-1.87513e-183
0.6321 	-1.5147e-183
0.6328 	-1.15428e-183
0.6335 	-7.93849e-184
0.6342 	-4.33422e-184
0.6349 	-7.29944e-185
0.6356 	-1.9675e-185
0.6363 	-1.74577e-185
0.637 	-1.41906e-185
0.6377 	-1.09235e-185
0.6384 	-7.65644e-186
0.6391 	-4.38935e-186
0.6398 	-1.12227e-186
0.6405 	-1.75576e-187
0.6412 	-1.57022e-187
0.6419 	-1.28988e-187
0.6426 	-1.00225e-187
0.6433 	-7.14625e-188
0.644 	-4.26998e-188
0.6447 	-1.39371e-188
0.6454 	-1.52081e-189
0.6461 	-1.36417e-189
0.6468 	-1.1374e-189
0.6475 	-8.91515e-190
0.6482 	-6.45624e-190
0.6489 	-3.99734e-190
0.6496 	-1.53843e-190
0.6503 	-1.27845e-191
0.651 	-1.14993e-191
0.6517 	-9.7283e-192
0.6524 	-7.68746e-192
0.6531 	-5.64662e-192
0.6538 	-3.60579e-192
0.6545 	-1.56495e-192
0.6552 	-1.04286e-193
0.6559 	-9.40404e-194
0.6566 	-8.06967e-194
0.6573 	-6.42549e-194
0.658 	-4.78132e-194
0.6587 	-3.13714e-194
0.6594 	-1.49296e-194
0.6601 	-8.25382e-196
0.6608 	-7.46041e-196
0.6615 	-6.49124e-196
0.6622 	-5.20566e-196
0.6629 	-3.92009e-196
0.6636 	-2.63452e-196
0.6643 	-1.34895e-196
0.665 	-6.33799e-198
0.6657 	-5.74125e-198
0.6664 	-5.06336e-198
0.6671 	-4.08787e-198
0.6678 	-3.11239e-198
0.6685 	-2.13691e-198
0.6692 	-1.16143e-198
0.6699 	-1.85951e-199
0.6706 	-4.2864e-200
0.6713 	-3.83031e-200
0.672 	-3.11195e-200
0.6727 	-2.39359e-200
0.6734 	-1.67523e-200
0.6741 	-9.56869e-201
0.6748 	-2.38509e-201
0.6755 	-3.1057e-202
0.6762 	-2.79635e-202
0.6769 	-2.29738e-202
0.6776 	-1.78383e-202
0.6783 	-1.27027e-202
0.679 	-7.56719e-203
0.6797 	-2.43164e-203
0.6804 	-2.18518e-204
0.6811 	-1.9718e-204
0.6818 	-1.64587e-204
0.6825 	-1.28924e-204
0.6832 	-9.32607e-205
0.6839 	-5.75978e-205
0.6846 	-2.19348e-205
0.6853 	-1.49472e-206
0.686 	-1.35151e-206
0.6867 	-1.14555e-206
0.6874 	-9.04723e-207
0.6881 	-6.63896e-207
0.6888 	-4.23069e-207
0.6895 	-1.82243e-207
0.6902 	-9.9572e-209
0.6909 	-9.02052e-209
0.6916 	-7.7601e-209
0.6923 	-6.17594e-209
0.693 	-4.59178e-209
0.6937 	-3.00762e-209
0.6944 	-1.42346e-209
0.6951 	-6.47712e-211
0.6958 	-5.88223e-211
0.6965 	-5.13862e-211
0.6972 	-4.12731e-211
0.6979 	-3.11599e-211
0.6986 	-2.10468e-211
0.6993 	-1.09336e-211
0.7 	-8.20512e-213
