0 	1
0.0007 	1
0.0014 	1
0.0021 	1
0.0028 	1
0.0035 	1
0.0042 	1
0.0049 	1
0.0056 	1
0.0063 	1
0.007 	1
0.0077 	1
0.0084 	1
0.0091 	1
0.0098 	1
0.0105 	1
0.0112 	1
0.0119 	1
0.0126 	1
0.0133 	1
0.014 	1
0.0147 	1
0.0154 	1
0.0161 	1
0.0168 	1
0.0175 	1
0.0182 	1
0.0189 	1
0.0196 	1
0.0203 	1
0.021 	1
0.0224 	1
0.0231 	1
0.0238 	1
0.0245 	1
0.0252 	1
0.0266 	1
0.0273 	1
0.028 	1
0.0287 	1
0.0294 	1
0.0301 	1
0.0308 	1
0.0315 	1
0.0322 	1
0.0329 	1
0.0336 	1
0.0343 	1
0.035 	1
0.0357 	1
0.0371 	1
0.0378 	1
0.0385 	1
0.0392 	1
0.0399 	1
0.0406 	1
0.042 	1
0.0427 	1
0.0434 	1
0.0441 	1
0.0448 	1
0.0455 	1
0.0469 	1
0.0483 	1
0.049 	1
0.0497 	1
0.0504 	1
0.0511 	1
0.0518 	1
0.0525 	1
0.0532 	1
0.0539 	1
0.0546 	1
0.0553 	1
0.056 	1
0.0567 	1
0.0574 	1
0.0588 	1
0.0595 	1
0.0602 	1
0.0609 	1
0.0616 	1
0.0623 	1
0.063 	1
0.0637 	1
0.0644 	1
0.0651 	1
0.0658 	1
0.0665 	1
0.0672 	1
0.0679 	1
0.0686 	1
0.0693 	1
0.07 	1
0.0707 	1
0.0714 	1
0.0721 	1
0.0728 	1
0.0735 	1
0.0742 	1
0.0749 	1
0.0756 	1
0.077 	1
0.0777 	1
0.0784 	1
0.0791 	1
0.0798 	1
0.0805 	1
0.0819 	1
0.0826 	1
0.0833 	1
0.084 	1
0.0847 	1
0.0854 	1
0.0861 	1
0.0868 	1
0.0875 	1
0.0889 	1
0.0903 	1
0.091 	1
0.0917 	1
0.0924 	1
0.0931 	1
0.0938 	1
0.0945 	1
0.0952 	1
0.0966 	1
0.0973 	1
0.098 	1
0.0987 	1
0.0994 	1
0.1001 	1
0.1008 	1
0.1015 	1
0.1022 	1
0.1029 	1
0.1036 	1
0.1043 	1
0.105 	1
0.1064 	1
0.1071 	1
0.1085 	1
0.1092 	1
0.1099 	1
0.1106 	1
0.112 	1
0.1127 	1
0.1134 	1
0.1141 	1
0.1148 	1
0.1155 	1
0.1162 	1
0.1169 	1
0.1176 	1
0.1183 	1
0.119 	1
0.1197 	1
0.1204 	1
0.1211 	1
0.1218 	1
0.1225 	1
0.1232 	1
0.1239 	1
0.1246 	1
0.1253 	1
0.126 	1
0.1267 	1
0.1281 	1
0.1288 	1
0.1295 	1
0.1302 	1
0.1309 	1
0.1316 	1
0.1323 	1
0.133 	1
0.1337 	1
0.1344 	1
0.1351 	1
0.1358 	1
0.1365 	1
0.1372 	1
0.1379 	1
0.1386 	1
0.1393 	1
0.14 	1
0.1407 	1
0.1414 	1
0.1421 	1
0.1428 	1
0.1435 	1
0.1442 	1
0.1449 	1
0.1456 	1
0.147 	1
0.1477 	1
0.1484 	1
0.1491 	1
0.1498 	1
0.1505 	1
0.1512 	1
0.1519 	1
0.1526 	1
0.1533 	1
0.154 	1
0.1547 	1
0.1554 	1
0.1561 	1
0.1568 	1
0.1575 	1
0.1582 	1
0.1589 	1
0.1596 	1
0.1603 	1
0.1617 	1
0.1631 	1
0.1638 	1
0.1645 	1
0.1652 	1
0.1659 	1
0.1666 	1
0.1673 	1
0.168 	1
0.1687 	1
0.1694 	1
0.1701 	1
0.1708 	1
0.1715 	1
0.1722 	1
0.1736 	1
0.1743 	1
0.175 	1
0.1757 	1
0.1764 	1
0.1771 	1
0.1778 	1
0.1785 	1
0.1792 	1
0.1799 	1
0.1806 	1
0.1813 	1
0.182 	1
0.1827 	1
0.1834 	1
0.1841 	1
0.1848 	1
0.1855 	1
0.1862 	1
0.1876 	1
0.189 	1
0.1897 	1
0.1904 	1
0.1918 	1
0.1925 	1
0.1932 	1
0.1939 	1
0.1946 	1
0.1953 	1
0.1967 	1
0.1981 	1
0.1988 	1
0.1995 	1
0.2002 	1
0.2016 	1
0.2023 	1
0.203 	1
0.2037 	1
0.2044 	1
0.2051 	1
0.2058 	1
0.2065 	1
0.2072 	1
0.2079 	1
0.2086 	1
0.2093 	1
0.21 	1
0.2107 	1
0.2114 	1
0.2121 	1
0.2128 	1
0.2135 	1
0.2142 	1
0.2149 	1
0.2156 	1
0.217 	1
0.2177 	1
0.2184 	1
0.2191 	1
0.2198 	1
0.2205 	1
0.2212 	1
0.2219 	1
0.2226 	1
0.2233 	1
0.224 	1
0.2247 	1
0.2254 	1
0.2261 	1
0.2268 	1
0.2275 	1
0.2282 	1
0.2289 	1
0.2296 	1
0.2303 	1
0.231 	1
0.2317 	1
0.2324 	1
0.2331 	1
0.2338 	1
0.2345 	1
0.2352 	0.999998
0.2359 	0.999989
0.2366 	0.99998
0.2373 	0.999972
0.238 	0.999963
0.2387 	0.999954
0.2394 	0.999946
0.2401 	0.999223
0.2408 	0.994218
0.2415 	0.989201
0.2422 	0.984165
0.2429 	0.979128
0.2436 	0.974092
0.2443 	0.969055
0.245 	0.964019
0.2457 	0.894296
0.2464 	0.824579
0.2471 	0.754882
0.2478 	0.685185
0.2485 	0.615488
0.2492 	0.545791
0.2499 	0.476094
0.2506 	0.410428
0.252 	0.280472
0.2527 	0.215509
0.2534 	0.150545
0.2541 	0.085582
0.2548 	0.0206185
0.2555 	0.00186554
0.2562 	0.00159683
0.2569 	0.00130418
0.2576 	0.00100969
0.2583 	0.000715194
0.259 	0.000420703
0.2597 	0.000126212
0.2604 	1.41503e-09
0.2611 	1.23564e-09
0.2618 	1.02161e-09
0.2625 	7.98136e-10
0.2632 	5.74658e-10
0.2639 	3.5118e-10
0.2646 	1.27702e-10
0.2653 	3.65188e-16
0.266 	3.21973e-16
0.2667 	2.69754e-16
0.2674 	2.12534e-16
0.2681 	1.55313e-16
0.2688 	9.80926e-17
0.2695 	4.08721e-17
0.2702 	2.18828e-22
0.2716 	1.68698e-22
0.2723 	1.33966e-22
0.273 	9.92345e-23
0.2737 	6.45029e-23
0.2744 	2.97714e-23
0.2751 	1.51737e-27
0.2758 	1.39295e-27
0.2765 	1.22544e-27
0.2779 	7.35268e-28
0.2786 	4.90182e-28
0.2793 	2.45096e-28
0.28 	9.31362e-33
0.2807 	8.56534e-33
0.2814 	7.6583e-33
0.2821 	6.16919e-33
0.2828 	4.68008e-33
0.2835 	3.19097e-33
0.2842 	1.70186e-33
0.2849 	2.1275e-34
0.2856 	1.829e-38
0.2863 	1.66032e-38
0.287 	1.3462e-38
0.2877 	1.03209e-38
0.2884 	7.17976e-39
0.2891 	4.03862e-39
0.2898 	8.97491e-40
0.2905 	2.3127e-44
0.2912 	2.11618e-44
0.2919 	1.73778e-44
0.2926 	1.34538e-44
0.2933 	9.52975e-45
0.294 	5.60574e-45
0.2947 	1.68174e-45
0.2954 	1.92896e-50
0.2961 	1.7671e-50
0.2968 	1.47833e-50
0.2975 	1.15495e-50
0.2982 	8.31561e-51
0.2989 	5.08177e-51
0.2996 	1.84792e-51
0.3003 	1.12054e-56
0.301 	1.02764e-56
0.3017 	8.7513e-57
0.3024 	6.89496e-57
0.3031 	5.03863e-57
0.3038 	3.18229e-57
0.3045 	1.32596e-57
0.3052 	4.74101e-63
0.3066 	3.77002e-63
0.3073 	2.99384e-63
0.308 	2.21766e-63
0.3087 	1.44148e-63
0.3094 	6.653e-64
0.3101 	1.53358e-69
0.3108 	1.40893e-69
0.3115 	1.24022e-69
0.3122 	9.92173e-70
0.3129 	7.4413e-70
0.3136 	4.96087e-70
0.3143 	2.48044e-70
0.315 	4.28003e-76
0.3157 	3.92875e-76
0.3164 	3.50663e-76
0.3171 	2.82478e-76
0.3178 	2.14294e-76
0.3185 	1.4611e-76
0.3192 	7.79252e-77
0.3199 	9.74081e-78
0.3206 	1.65501e-82
0.3213 	1.48816e-82
0.322 	1.20662e-82
0.3227 	9.25074e-83
0.3234 	6.4353e-83
0.3241 	3.61987e-83
0.3248 	8.04432e-84
0.3255 	2.02811e-88
0.3262 	1.83132e-88
0.3269 	1.50227e-88
0.3276 	1.16305e-88
0.3283 	8.23827e-89
0.329 	4.84606e-89
0.3297 	1.45384e-89
0.3304 	3.51425e-94
0.3311 	3.18379e-94
0.3318 	2.65641e-94
0.3325 	2.07532e-94
0.3332 	1.49423e-94
0.3339 	9.13144e-95
0.3346 	3.32056e-95
0.3353 	5.88953e-100
0.336 	5.35337e-100
0.3367 	4.54246e-100
0.3374 	3.57891e-100
0.3381 	2.61536e-100
0.3388 	1.65181e-100
0.3395 	6.88259e-101
0.3402 	9.0744e-106
0.3409 	8.2714e-106
0.3416 	7.13537e-106
0.3423 	5.66633e-106
0.343 	4.19728e-106
0.3437 	2.72824e-106
0.3444 	1.25919e-106
0.3451 	1.27569e-111
0.3458 	1.16556e-111
0.3465 	1.02178e-111
0.3472 	8.17428e-112
0.3479 	6.13071e-112
0.3486 	4.08715e-112
0.3493 	2.04358e-112
0.35 	1.63564e-117
0.3507 	1.49753e-117
0.3514 	1.33346e-117
0.3521 	1.07417e-117
0.3528 	8.1489e-118
0.3535 	5.55607e-118
0.3542 	2.96325e-118
0.3549 	3.70423e-119
0.3556 	1.74999e-123
0.3563 	1.58196e-123
0.357 	1.28267e-123
0.3577 	9.83384e-124
0.3584 	6.84094e-124
0.3591 	3.84804e-124
0.3598 	8.55134e-125
0.3605 	1.85888e-129
0.3612 	1.69443e-129
0.3619 	1.39102e-129
0.3626 	1.07692e-129
0.3633 	7.62816e-130
0.364 	4.48716e-130
0.3647 	1.34616e-130
0.3654 	1.79393e-135
0.3661 	1.6381e-135
0.3668 	1.36935e-135
0.3675 	1.0698e-135
0.3682 	7.70259e-136
0.3689 	4.70714e-136
0.3696 	1.7117e-136
0.3703 	1.57255e-141
0.371 	1.43827e-141
0.3717 	1.22347e-141
0.3724 	9.63947e-142
0.3731 	7.04423e-142
0.3738 	4.449e-142
0.3745 	1.85376e-142
0.3752 	2.03276e-147
0.3759 	1.79778e-147
0.3766 	1.52433e-147
0.3773 	1.21239e-147
0.378 	9.00452e-148
0.3787 	5.88516e-148
0.3794 	2.7658e-148
0.3801 	9.05087e-150
0.3808 	7.96607e-150
0.3815 	6.78638e-150
0.3822 	5.43587e-150
0.3829 	4.08537e-150
0.3836 	2.73487e-150
0.3843 	1.38436e-150
0.385 	3.3858e-152
0.3857 	3.02157e-152
0.3864 	2.62637e-152
0.3871 	2.11758e-152
0.3878 	1.60879e-152
0.3885 	1.09999e-152
0.3892 	5.91199e-153
0.3899 	8.24048e-154
0.3906 	8.9e-155
0.3913 	7.90514e-155
0.392 	6.41371e-155
0.3927 	4.92229e-155
0.3934 	3.43086e-155
0.3941 	1.93943e-155
0.3948 	4.48008e-156
0.3955 	2.04421e-157
0.3962 	1.84205e-157
0.3969 	1.51152e-157
0.3976 	1.17111e-157
0.3983 	8.30694e-158
0.399 	4.90282e-158
0.3997 	1.49871e-158
0.4004 	3.77874e-160
0.4011 	3.42625e-160
0.4025 	2.23581e-160
0.4039 	9.87108e-161
0.4046 	3.62759e-161
0.4053 	5.76722e-163
0.406 	5.25078e-163
0.4067 	4.45929e-163
0.4074 	3.515e-163
0.4081 	2.57071e-163
0.4088 	1.62641e-163
0.4095 	6.82121e-164
0.4102 	7.44088e-166
0.4109 	6.79381e-166
0.4116 	5.86717e-166
0.4123 	4.66095e-166
0.413 	3.45473e-166
0.4137 	2.24851e-166
0.4144 	1.04229e-166
0.4151 	8.29216e-169
0.4158 	7.58681e-169
0.4165 	6.65836e-169
0.4172 	5.3283e-169
0.4179 	3.99825e-169
0.4186 	2.6682e-169
0.4193 	1.33814e-169
0.42 	8.09026e-172
0.4207 	7.41374e-172
0.4214 	6.60719e-172
0.4221 	5.32381e-172
0.4228 	4.04043e-172
0.4235 	2.75705e-172
0.4242 	1.47368e-172
0.4249 	1.903e-173
0.4256 	6.46256e-175
0.4263 	5.84445e-175
0.427 	4.73977e-175
0.4277 	3.63508e-175
0.4284 	2.5304e-175
0.4291 	1.42571e-175
0.4298 	3.21029e-176
0.4305 	5.08263e-178
0.4312 	4.63207e-178
0.4319 	3.80324e-178
0.4326 	2.94531e-178
0.4333 	2.08738e-178
0.434 	1.22945e-178
0.4347 	3.71515e-179
0.4354 	3.64842e-181
0.4368 	2.78268e-181
0.4375 	2.17452e-181
0.4382 	1.56636e-181
0.4389 	9.58197e-182
0.4396 	3.50037e-182
0.4403 	2.42678e-184
0.441 	2.21692e-184
0.4417 	1.88511e-184
0.4424 	1.48557e-184
0.4431 	1.08602e-184
0.4438 	6.86473e-185
0.4445 	2.86926e-185
0.4452 	1.49883e-187
0.4459 	1.37083e-187
0.4466 	1.18494e-187
0.4473 	9.41162e-188
0.4487 	4.53608e-188
0.4494 	2.09831e-188
0.4501 	8.68487e-191
0.4515 	6.98384e-191
0.4522 	5.58802e-191
0.4529 	4.1922e-191
0.4536 	2.79637e-191
0.4543 	1.40055e-191
0.455 	4.72908e-194
0.4557 	4.33602e-194
0.4564 	3.8662e-194
0.4571 	3.1149e-194
0.4578 	2.3636e-194
0.4585 	1.61231e-194
0.4592 	8.61011e-195
0.4599 	1.09714e-195
0.4606 	2.21665e-197
0.4613 	2.00582e-197
0.462 	1.62656e-197
0.4627 	1.24729e-197
0.4634 	8.68027e-198
0.4641 	4.88763e-198
0.4648 	1.09499e-198
0.4655 	1.07068e-200
0.4662 	9.76609e-201
0.4669 	8.01864e-201
0.4676 	6.20913e-201
0.4683 	4.39962e-201
0.469 	2.59011e-201
0.4697 	7.80601e-202
0.4704 	4.85634e-204
0.4711 	4.43637e-204
0.4718 	3.70922e-204
0.4725 	2.8983e-204
0.4732 	2.08737e-204
0.4739 	1.27645e-204
0.4746 	4.65525e-205
0.4753 	2.06472e-207
0.476 	1.88889e-207
0.4767 	1.60707e-207
0.4774 	1.26636e-207
0.4781 	9.25642e-208
0.4788 	5.84929e-208
0.4795 	2.44216e-208
0.4802 	8.2951e-211
0.4809 	7.59938e-211
0.4816 	6.57501e-211
0.4823 	5.22199e-211
0.483 	3.86896e-211
0.4837 	2.51593e-211
0.4844 	1.16291e-211
0.4851 	3.13233e-214
0.4858 	2.87349e-214
0.4865 	2.52669e-214
0.4872 	2.02158e-214
0.4879 	1.51646e-214
0.4886 	1.01134e-214
0.4893 	5.06228e-215
0.49 	1.11101e-217
0.4907 	1.0205e-217
0.4914 	9.11428e-218
0.4921 	7.34278e-218
0.4928 	5.57127e-218
0.4935 	3.79976e-218
0.4942 	2.02826e-218
0.4949 	2.56752e-219
0.4956 	3.42298e-221
0.4963 	3.10335e-221
0.4977 	1.92955e-221
0.4984 	1.34264e-221
0.4991 	7.55743e-222
0.4998 	1.68841e-222
0.5005 	1.08806e-224
0.5012 	9.94368e-225
0.5019 	8.16539e-225
0.5026 	6.32236e-225
0.5033 	4.47934e-225
0.504 	2.63631e-225
0.5047 	7.93291e-226
0.5054 	3.26534e-228
0.5061 	2.98812e-228
0.5068 	2.49931e-228
0.5075 	1.95279e-228
0.5082 	1.40628e-228
0.5089 	8.59767e-229
0.5096 	3.13254e-229
0.5103 	9.26858e-232
0.511 	8.49232e-232
0.5124 	5.69657e-232
0.5131 	4.16357e-232
0.5138 	2.63057e-232
0.5145 	1.09757e-232
0.5152 	2.50542e-235
0.5159 	2.29834e-235
0.5166 	1.99001e-235
0.5173 	1.58044e-235
0.518 	1.17087e-235
0.5187 	7.61292e-236
0.5194 	3.51718e-236
0.5201 	6.46554e-239
0.5208 	5.93802e-239
0.5215 	5.22574e-239
0.5222 	4.18091e-239
0.5229 	3.13608e-239
0.5236 	2.09125e-239
0.5243 	1.04642e-239
0.525 	1.58789e-242
0.5257 	1.45995e-242
0.5264 	1.30507e-242
0.5271 	1.05138e-242
0.5278 	7.97685e-243
0.5285 	5.43993e-243
0.5292 	2.90301e-243
0.5299 	3.66093e-244
0.5306 	3.42203e-246
0.532 	2.51798e-246
0.5327 	1.93064e-246
0.5334 	1.3433e-246
0.5341 	7.55962e-247
0.5348 	1.68624e-247
0.5355 	7.66013e-250
0.5362 	7.00633e-250
0.5369 	5.7536e-250
0.5376 	4.45479e-250
0.5383 	3.15598e-250
0.539 	1.85717e-250
0.5397 	5.58363e-251
0.5404 	1.65193e-253
0.5411 	1.51273e-253
0.5418 	1.26546e-253
0.5425 	9.88717e-254
0.5432 	7.11975e-254
0.5439 	4.35234e-254
0.5446 	1.58493e-254
0.5453 	3.42489e-257
0.546 	3.13988e-257
0.5467 	2.6736e-257
0.5474 	2.10662e-257
0.5481 	1.53964e-257
0.5488 	9.72662e-258
0.5495 	4.05683e-258
0.5502 	6.81737e-261
0.5509 	6.25697e-261
0.5516 	5.41907e-261
0.5523 	4.30365e-261
0.553 	3.18823e-261
0.5537 	2.07281e-261
0.5544 	9.57393e-262
0.5551 	1.3048e-264
0.5558 	1.19883e-264
0.5565 	1.05534e-264
0.5572 	8.44322e-265
0.5579 	6.33302e-265
0.5586 	4.22281e-265
0.5593 	2.11261e-265
0.56 	2.40458e-268
0.5607 	2.21159e-268
0.5621 	1.59313e-268
0.5628 	1.20869e-268
0.5635 	8.24238e-269
0.5649 	5.53435e-270
0.5656 	3.93363e-272
0.5663 	3.57067e-272
0.567 	2.89527e-272
0.5677 	2.21988e-272
0.5684 	1.54448e-272
0.5691 	8.69087e-273
0.5698 	1.93691e-273
0.5705 	6.79632e-276
0.5712 	6.21801e-276
0.5719 	5.10628e-276
0.5726 	3.95352e-276
0.5733 	2.80076e-276
0.574 	1.648e-276
0.5747 	4.95234e-277
0.5754 	1.13878e-279
0.5761 	1.04306e-279
0.5768 	8.72605e-280
0.5775 	6.81764e-280
0.5782 	4.90924e-280
0.5789 	3.00083e-280
0.5796 	1.09243e-280
0.5803 	1.84695e-283
0.581 	1.69358e-283
0.5817 	1.44219e-283
0.5824 	1.13633e-283
0.5831 	8.30477e-284
0.5838 	5.24621e-284
0.5845 	2.18765e-284
0.5852 	2.90268e-287
0.5859 	2.66452e-287
0.5866 	2.3079e-287
0.5873 	1.83284e-287
0.5887 	8.8271e-288
0.5894 	4.07646e-288
0.5901 	4.42512e-291
0.5908 	4.06629e-291
0.5915 	3.57996e-291
0.5922 	2.8641e-291
0.5929 	2.14824e-291
0.5936 	1.43238e-291
0.5943 	7.16515e-292
0.595 	6.5503e-295
0.5957 	6.02529e-295
0.5964 	5.38832e-295
0.5971 	4.34077e-295
0.5978 	3.29322e-295
0.5985 	2.24568e-295
0.5992 	1.19813e-295
0.5999 	1.50581e-296
0.6006 	8.67694e-299
0.6013 	7.87716e-299
0.602 	6.38713e-299
0.6027 	4.8971e-299
0.6034 	3.40707e-299
0.6041 	1.91704e-299
0.6048 	4.27012e-300
0.6055 	1.21549e-302
0.6062 	1.11217e-302
0.6069 	9.13326e-303
0.6076 	7.07131e-303
0.6083 	5.00935e-303
0.609 	2.94739e-303
0.6097 	8.85438e-304
0.6104 	1.66258e-306
0.6118 	1.27411e-306
0.6125 	9.95446e-307
0.6132 	7.16785e-307
0.6139 	4.38125e-307
0.6146 	1.59465e-307
0.6153 	2.22723e-310
0.616 	2.04243e-310
0.6167 	1.7393e-310
0.6174 	1.37042e-310
0.6181 	1.00154e-310
0.6188 	6.32662e-311
0.6195 	2.63783e-311
0.6202 	2.90843e-314
0.6209 	2.66987e-314
0.6216 	2.31254e-314
0.6223 	1.83643e-314
0.623 	1.36032e-314
0.6237 	8.84205e-315
0.6244 	4.08095e-315
0.6251 	0
0.6258 	0
0.6265 	0
0.6272 	0
0.6279 	0
0.6286 	0
0.6293 	0
0.63 	0
0.6307 	0
0.6314 	0
0.6321 	0
0.6328 	0
0.6335 	0
0.6342 	0
0.6349 	0
0.6356 	0
0.6363 	0
0.637 	0
0.6384 	0
0.6391 	0
0.6398 	0
0.6405 	0
0.6412 	0
0.6419 	0
0.6426 	0
0.6433 	0
0.644 	0
0.6447 	0
0.6454 	0
0.6461 	0
0.6468 	0
0.6475 	0
0.6482 	0
0.6489 	0
0.6496 	0
0.6503 	0
0.651 	0
0.6517 	0
0.6524 	0
0.6531 	0
0.6538 	0
0.6545 	0
0.6552 	0
0.6559 	0
0.6566 	0
0.6573 	0
0.658 	0
0.6587 	0
0.6594 	0
0.6601 	0
0.6608 	0
0.6615 	0
0.6622 	0
0.6629 	0
0.6636 	0
0.6643 	0
0.665 	0
0.6657 	0
0.6664 	0
0.6671 	0
0.6678 	0
0.6685 	0
0.6692 	0
0.6699 	0
0.6706 	0
0.6713 	0
0.672 	0
0.6734 	0
0.6741 	0
0.6748 	0
0.6755 	0
0.6769 	0
0.6776 	0
0.6783 	0
0.679 	0
0.6797 	0
0.6804 	0
0.6811 	0
0.6818 	0
0.6825 	0
0.6832 	0
0.6839 	0
0.6846 	0
0.6853 	0
0.6867 	0
0.6874 	0
0.6881 	0
0.6888 	0
0.6895 	0
0.6902 	0
0.6909 	0
0.6916 	0
0.6923 	0
0.693 	0
0.6937 	0
0.6944 	0
0.6951 	0
0.6958 	0
0.6965 	0
0.6972 	0
0.6979 	0
0.6986 	0
0.6993 	0
0.7 	0
