0 	1
0.0007 	1
0.0014 	1
0.0021 	1
0.0028 	1
0.0035 	1
0.0042 	1
0.0049 	1
0.0056 	1
0.0063 	1
0.007 	1
0.0077 	1
0.0084 	1
0.0091 	1
0.0098 	1
0.0105 	1
0.0112 	1
0.0119 	1
0.0126 	1
0.0133 	1
0.014 	1
0.0147 	1
0.0154 	1
0.0161 	1
0.0168 	1
0.0175 	1
0.0182 	1
0.0189 	1
0.0196 	1
0.0203 	1
0.021 	1
0.0217 	1
0.0224 	1
0.0231 	1
0.0238 	1
0.0245 	1
0.0252 	1
0.0259 	1
0.0266 	1
0.0273 	1
0.028 	1
0.0287 	1
0.0294 	1
0.0301 	1
0.0308 	1
0.0315 	1
0.0322 	1
0.0329 	1
0.0336 	1
0.0343 	1
0.035 	1
0.0357 	1
0.0364 	1
0.0371 	1
0.0378 	1
0.0385 	1
0.0392 	1
0.0399 	1
0.0406 	1
0.0413 	1
0.042 	1
0.0427 	1
0.0434 	1
0.0441 	1
0.0448 	1
0.0455 	1
0.0462 	1
0.0469 	1
0.0476 	1
0.0483 	1
0.049 	1
0.0497 	1
0.0504 	1
0.0511 	1
0.0518 	1
0.0525 	1
0.0532 	1
0.0539 	1
0.0546 	1
0.0553 	1
0.056 	1
0.0567 	1
0.0574 	1
0.0581 	1
0.0588 	1
0.0595 	1
0.0602 	1
0.0609 	1
0.0616 	1
0.0623 	1
0.063 	1
0.0637 	1
0.0644 	1
0.0651 	1
0.0658 	1
0.0665 	1
0.0672 	1
0.0679 	1
0.0686 	1
0.0693 	1
0.07 	1
0.0707 	1
0.0714 	1
0.0721 	1
0.0728 	1
0.0735 	1
0.0742 	1
0.0749 	1
0.0756 	1
0.0763 	1
0.077 	1
0.0777 	1
0.0784 	1
0.0791 	1
0.0798 	1
0.0805 	1
0.0812 	1
0.0819 	1
0.0826 	1
0.0833 	1
0.084 	1
0.0847 	1
0.0854 	1
0.0861 	1
0.0868 	1
0.0875 	1
0.0882 	1
0.0889 	1
0.0896 	1
0.0903 	1
0.091 	1
0.0917 	1
0.0924 	1
0.0931 	1
0.0938 	1
0.0945 	1
0.0952 	1
0.0959 	1
0.0966 	1
0.0973 	1
0.098 	1
0.0987 	1
0.0994 	1
0.1001 	1
0.1008 	1
0.1015 	1
0.1022 	1
0.1029 	1
0.1036 	1
0.1043 	1
0.105 	1
0.1057 	1
0.1064 	1
0.1071 	1
0.1078 	1
0.1085 	1
0.1092 	1
0.1099 	1
0.1106 	1
0.1113 	1
0.112 	1
0.1127 	1
0.1134 	1
0.1141 	1
0.1148 	1
0.1155 	1
0.1162 	1
0.1169 	1
0.1176 	1
0.1183 	1
0.119 	1
0.1197 	1
0.1204 	1
0.1211 	1
0.1218 	1
0.1225 	1
0.1232 	1
0.1239 	1
0.1246 	1
0.1253 	1
0.126 	1
0.1267 	1
0.1274 	1
0.1281 	1
0.1288 	1
0.1295 	1
0.1302 	1
0.1309 	1
0.1316 	1
0.1323 	1
0.133 	1
0.1337 	1
0.1344 	1
0.1351 	1
0.1358 	1
0.1365 	1
0.1372 	1
0.1379 	1
0.1386 	1
0.1393 	1
0.14 	1
0.1407 	1
0.1414 	1
0.1421 	1
0.1428 	1
0.1435 	1
0.1442 	1
0.1449 	1
0.1456 	1
0.1463 	1
0.147 	1
0.1477 	1
0.1484 	1
0.1491 	1
0.1498 	1
0.1505 	1
0.1512 	1
0.1519 	1
0.1526 	1
0.1533 	1
0.154 	1
0.1547 	1
0.1554 	1
0.1561 	1
0.1568 	1
0.1575 	1
0.1582 	1
0.1589 	1
0.1596 	1
0.1603 	1
0.161 	1
0.1617 	1
0.1624 	1
0.1631 	1
0.1638 	1
0.1645 	1
0.1652 	1
0.1659 	1
0.1666 	1
0.1673 	1
0.168 	1
0.1687 	1
0.1694 	1
0.1701 	1
0.1708 	1
0.1715 	1
0.1722 	1
0.1729 	1
0.1736 	1
0.1743 	1
0.175 	1
0.1757 	1
0.1764 	1
0.1771 	1
0.1778 	1
0.1785 	1
0.1792 	1
0.1799 	1
0.1806 	1
0.1813 	1
0.182 	1
0.1827 	1
0.1834 	1
0.1841 	1
0.1848 	1
0.1855 	1
0.1862 	1
0.1869 	1
0.1876 	1
0.1883 	1
0.189 	1
0.1897 	1
0.1904 	1
0.1911 	1
0.1918 	1
0.1925 	1
0.1932 	1
0.1939 	1
0.1946 	1
0.1953 	1
0.196 	1
0.1967 	1
0.1974 	1
0.1981 	1
0.1988 	1
0.1995 	1
0.2002 	1
0.2009 	1
0.2016 	1
0.2023 	1
0.203 	1
0.2037 	1
0.2044 	1
0.2051 	1
0.2058 	1
0.2065 	1
0.2072 	1
0.2079 	1
0.2086 	1
0.2093 	1
0.21 	1
0.2107 	1
0.2114 	1
0.2121 	1
0.2128 	1
0.2135 	1
0.2142 	1
0.2149 	1
0.2156 	1
0.2163 	1
0.217 	1
0.2177 	1
0.2184 	1
0.2191 	1
0.2198 	1
0.2205 	1
0.2212 	1
0.2219 	1
0.2226 	1
0.2233 	1
0.224 	1
0.2247 	1
0.2254 	1
0.2261 	1
0.2268 	1
0.2275 	1
0.2282 	1
0.2289 	1
0.2296 	1
0.2303 	1
0.231 	1
0.2317 	1
0.2324 	1
0.2331 	1
0.2338 	1
0.2345 	1
0.2352 	1
0.2359 	1
0.2366 	1
0.2373 	1
0.238 	1
0.2387 	1
0.2394 	1
0.2401 	0.999999
0.2408 	0.999994
0.2415 	0.999989
0.2422 	0.999985
0.2429 	0.99998
0.2436 	0.999975
0.2443 	0.99997
0.245 	0.999965
0.2457 	0.999339
0.2464 	0.998713
0.2471 	0.998086
0.2478 	0.99746
0.2485 	0.996834
0.2492 	0.996207
0.2499 	0.995581
0.2506 	0.98466
0.2513 	0.972015
0.252 	0.959368
0.2527 	0.946721
0.2534 	0.934074
0.2541 	0.921427
0.2548 	0.908781
0.2555 	0.867051
0.2562 	0.813664
0.2569 	0.760275
0.2576 	0.706886
0.2583 	0.653497
0.259 	0.600107
0.2597 	0.546718
0.2604 	0.491425
0.2611 	0.434756
0.2618 	0.378088
0.2625 	0.32142
0.2632 	0.264753
0.2639 	0.208085
0.2646 	0.151417
0.2653 	0.112194
0.266 	0.0962382
0.2667 	0.0802838
0.2674 	0.0643303
0.2681 	0.0483768
0.2688 	0.0324233
0.2695 	0.0164698
0.2702 	0.00488829
0.2709 	0.00420913
0.2716 	0.00353004
0.2723 	0.00285102
0.273 	0.002172
0.2737 	0.00149298
0.2744 	0.000813961
0.2751 	0.000227879
0.2758 	0.000197087
0.2765 	0.000166297
0.2772 	0.00013551
0.2779 	0.000104722
0.2786 	7.39352e-05
0.2793 	4.31479e-05
0.28 	1.23771e-05
0.2807 	1.07288e-05
0.2814 	9.08239e-06
0.2821 	7.43615e-06
0.2828 	5.78992e-06
0.2835 	4.14368e-06
0.2842 	2.49745e-06
0.2849 	8.51211e-07
0.2856 	5.4594e-07
0.2863 	4.63239e-07
0.287 	3.80541e-07
0.2877 	2.97843e-07
0.2884 	2.15145e-07
0.2891 	1.32447e-07
0.2898 	4.97496e-08
0.2905 	2.36214e-08
0.2912 	2.00634e-08
0.2919 	1.65057e-08
0.2926 	1.29479e-08
0.2933 	9.39021e-09
0.294 	5.83248e-09
0.2947 	2.27474e-09
0.2954 	6.92656e-10
0.2961 	5.8899e-10
0.2968 	4.85344e-10
0.2975 	3.81705e-10
0.2982 	2.78065e-10
0.2989 	1.74426e-10
0.2996 	7.0786e-11
0.3003 	1.14207e-11
0.301 	1.09433e-11
0.3017 	1.04656e-11
0.3024 	9.98782e-12
0.3031 	9.51002e-12
0.3038 	9.03223e-12
0.3045 	8.55444e-12
0.3052 	8.15373e-12
0.3059 	7.94319e-12
0.3066 	7.73235e-12
0.3073 	7.52119e-12
0.308 	7.31004e-12
0.3087 	7.09888e-12
0.3094 	6.88773e-12
0.3101 	6.63437e-12
0.3108 	6.12972e-12
0.3115 	5.62529e-12
0.3122 	5.12129e-12
0.3129 	4.61728e-12
0.3136 	4.11328e-12
0.3143 	3.60927e-12
0.315 	3.10531e-12
0.3157 	2.82478e-12
0.3164 	2.54457e-12
0.3171 	2.26511e-12
0.3178 	1.98566e-12
0.3185 	1.7062e-12
0.3192 	1.42675e-12
0.3199 	1.14729e-12
0.3206 	1.01554e-12
0.3213 	9.08412e-13
0.322 	8.01679e-13
0.3227 	6.94946e-13
0.3234 	5.88213e-13
0.3241 	4.8148e-13
0.3248 	3.74747e-13
0.3255 	3.17698e-13
0.3262 	2.80513e-13
0.3269 	2.43487e-13
0.3276 	2.06473e-13
0.3283 	1.69459e-13
0.329 	1.32445e-13
0.3297 	9.5431e-14
0.3304 	7.42673e-14
0.3311 	6.49807e-14
0.3318 	5.57328e-14
0.3325 	4.64955e-14
0.3332 	3.72582e-14
0.3339 	2.80209e-14
0.3346 	1.87836e-14
0.3353 	1.27916e-14
0.336 	1.11209e-14
0.3367 	9.45672e-15
0.3374 	7.79611e-15
0.3381 	6.1355e-15
0.3388 	4.47488e-15
0.3395 	2.81427e-15
0.3402 	1.56836e-15
0.3409 	1.3572e-15
0.3416 	1.14674e-15
0.3423 	9.36972e-16
0.343 	7.27208e-16
0.3437 	5.17444e-16
0.3444 	3.0768e-16
0.3451 	1.25515e-16
0.3458 	1.08309e-16
0.3465 	9.11479e-17
0.3472 	7.4069e-17
0.3479 	5.69902e-17
0.3486 	3.99114e-17
0.3493 	2.28326e-17
0.35 	5.76324e-18
0.3507 	4.96919e-18
0.3514 	4.17736e-18
0.3521 	3.39082e-18
0.3528 	2.60428e-18
0.3535 	1.81774e-18
0.3542 	1.0312e-18
0.3549 	2.44662e-19
0.3556 	1.1721e-19
0.3563 	9.91007e-20
0.357 	8.11735e-20
0.3577 	6.32462e-20
0.3584 	4.5319e-20
0.3591 	2.73918e-20
0.3598 	9.46457e-21
0.3605 	3.94843e-21
0.3612 	3.38293e-21
0.3619 	2.82432e-21
0.3626 	2.26625e-21
0.3633 	1.70817e-21
0.364 	1.15009e-21
0.3647 	5.92011e-22
0.3654 	3.26007e-22
0.3661 	2.78648e-22
0.3668 	2.31713e-22
0.3675 	1.84895e-22
0.3682 	1.38076e-22
0.3689 	9.12573e-23
0.3696 	4.44386e-23
0.3703 	1.66618e-23
0.371 	1.42206e-23
0.3717 	1.17944e-23
0.3724 	9.37647e-24
0.3731 	6.95857e-24
0.3738 	4.54067e-24
0.3745 	2.12277e-24
0.3752 	3.81175e-25
0.3759 	3.25626e-25
0.3766 	2.70276e-25
0.3773 	2.15123e-25
0.378 	1.5997e-25
0.3787 	1.04817e-25
0.3794 	4.96639e-26
0.3801 	2.37461e-27
0.3808 	2.03474e-27
0.3815 	1.69529e-27
0.3822 	1.35661e-27
0.3829 	1.01793e-27
0.3836 	6.7925e-28
0.3843 	3.4057e-28
0.385 	2.09854e-30
0.3857 	1.80466e-30
0.3864 	1.51106e-30
0.3871 	1.21727e-30
0.3878 	9.23472e-31
0.3885 	6.29676e-31
0.3892 	3.35881e-31
0.3899 	4.20855e-32
0.3906 	2.59856e-34
0.3913 	2.18493e-34
0.392 	1.77533e-34
0.3927 	1.36572e-34
0.3934 	9.56123e-35
0.3941 	5.46522e-35
0.3948 	1.36921e-35
0.3955 	1.80934e-36
0.3962 	1.5232e-36
0.3969 	1.24618e-36
0.3976 	9.69867e-37
0.3983 	6.9355e-37
0.399 	4.17233e-37
0.3997 	1.40916e-37
0.4004 	2.07992e-38
0.4011 	1.75489e-38
0.4018 	1.43939e-38
0.4025 	1.12648e-38
0.4032 	8.13583e-39
0.4039 	5.00682e-39
0.4046 	1.87781e-39
0.4053 	8.60297e-41
0.406 	7.28443e-41
0.4067 	5.99658e-41
0.4074 	4.72579e-41
0.4081 	3.455e-41
0.4088 	2.1842e-41
0.4095 	9.13409e-42
0.4102 	6.2062e-44
0.4109 	5.27721e-44
0.4116 	4.36354e-44
0.4123 	3.46516e-44
0.413 	2.56679e-44
0.4137 	1.66841e-44
0.4144 	7.70037e-45
0.4151 	5.36895e-48
0.4158 	4.58413e-48
0.4165 	3.80762e-48
0.4172 	3.04607e-48
0.4179 	2.28453e-48
0.4186 	1.52299e-48
0.4193 	7.6145e-49
0.42 	3.70059e-52
0.4207 	3.17041e-52
0.4214 	2.64405e-52
0.4221 	2.12992e-52
0.4228 	1.61578e-52
0.4235 	1.10165e-52
0.4242 	5.87515e-53
0.4249 	7.33814e-54
0.4256 	2.14503e-56
0.4263 	1.79594e-56
0.427 	1.45616e-56
0.4277 	1.11638e-56
0.4284 	7.76595e-57
0.4291 	4.36813e-57
0.4298 	9.70312e-58
0.4305 	1.39536e-60
0.4312 	1.17314e-60
0.4319 	9.56671e-61
0.4326 	7.40641e-61
0.4333 	5.2461e-61
0.434 	3.0858e-61
0.4347 	9.25499e-62
0.4354 	8.74844e-65
0.4361 	7.38383e-65
0.4368 	6.05161e-65
0.4375 	4.72823e-65
0.4382 	3.40484e-65
0.4389 	2.08146e-65
0.4396 	7.58077e-66
0.4403 	2.72824e-68
0.441 	2.91092e-68
0.4417 	3.25662e-68
0.4424 	3.69289e-68
0.4431 	4.12916e-68
0.4438 	4.56542e-68
0.4445 	5.00169e-68
0.4452 	5.54691e-68
0.4459 	6.36716e-68
0.4466 	7.58403e-68
0.4473 	9.19753e-68
0.448 	1.0811e-67
0.4487 	1.24245e-67
0.4494 	1.4038e-67
0.4501 	1.5907e-67
0.4508 	1.93296e-67
0.4515 	2.39517e-67
0.4522 	3.07328e-67
0.4529 	3.75139e-67
0.4536 	4.4295e-67
0.4543 	5.1076e-67
0.455 	5.78586e-67
0.4557 	7.12544e-67
0.4564 	8.75012e-67
0.4571 	1.14152e-66
0.4578 	1.40803e-66
0.4585 	1.67454e-66
0.4592 	1.94106e-66
0.4599 	2.20757e-66
0.4606 	2.51827e-66
0.4613 	2.85926e-66
0.462 	3.49287e-66
0.4627 	4.12647e-66
0.4634 	4.76008e-66
0.4641 	5.39369e-66
0.4648 	6.0273e-66
0.4655 	6.51488e-66
0.4662 	6.94492e-66
0.4669 	7.7702e-66
0.4676 	8.6259e-66
0.4683 	9.48159e-66
0.469 	1.03373e-65
0.4697 	1.1193e-65
0.4704 	1.17467e-65
0.4711 	1.20752e-65
0.4718 	1.2659e-65
0.4725 	1.33125e-65
0.4732 	1.3966e-65
0.4739 	1.46194e-65
0.4746 	1.52729e-65
0.4753 	1.57023e-65
0.476 	1.5834e-65
0.4767 	1.60493e-65
0.4774 	1.63111e-65
0.4781 	1.65729e-65
0.4788 	1.68347e-65
0.4795 	1.70964e-65
0.4802 	1.72624e-65
0.4809 	1.7189e-65
0.4816 	1.70791e-65
0.4823 	1.69327e-65
0.483 	1.67862e-65
0.4837 	1.66397e-65
0.4844 	1.64933e-65
0.4851 	1.63152e-65
0.4858 	1.59451e-65
0.4865 	1.54441e-65
0.4872 	1.47072e-65
0.4879 	1.39703e-65
0.4886 	1.32334e-65
0.4893 	1.24965e-65
0.49 	1.17612e-65
0.4907 	1.12727e-65
0.4914 	1.06817e-65
0.4921 	9.7119e-66
0.4928 	8.74205e-66
0.4935 	7.77221e-66
0.4942 	6.80237e-66
0.4949 	5.83252e-66
0.4956 	5.43618e-66
0.4963 	5.11332e-66
0.497 	4.51426e-66
0.4977 	3.9152e-66
0.4984 	3.31613e-66
0.4991 	2.71707e-66
0.4998 	2.11801e-66
0.5005 	1.86355e-66
0.5012 	1.74634e-66
0.5019 	1.52207e-66
0.5026 	1.28956e-66
0.5033 	1.05704e-66
0.504 	8.24531e-67
0.5047 	5.92019e-67
0.5054 	4.739e-67
0.5061 	4.41312e-67
0.5068 	3.83592e-67
0.5075 	3.19019e-67
0.5082 	2.54446e-67
0.5089 	1.89872e-67
0.5096 	1.25299e-67
0.5103 	8.57414e-68
0.511 	7.94437e-68
0.5117 	6.91841e-68
0.5124 	5.67235e-68
0.5131 	4.42629e-68
0.5138 	3.18023e-68
0.5145 	1.93417e-68
0.5152 	1.02249e-68
0.5159 	9.44142e-69
0.5166 	8.27599e-69
0.5173 	6.72865e-69
0.518 	5.18131e-69
0.5187 	3.63396e-69
0.5194 	2.08662e-69
0.5201 	7.52774e-70
0.5208 	6.93549e-70
0.5215 	6.13785e-70
0.5222 	4.97054e-70
0.5229 	3.80322e-70
0.5236 	2.63591e-70
0.5243 	1.4686e-70
0.525 	3.01966e-71
0.5257 	2.77659e-71
0.5264 	2.48329e-71
0.5271 	2.0053e-71
0.5278 	1.52731e-71
0.5285 	1.04932e-71
0.5292 	5.71329e-72
0.5299 	9.33394e-73
0.5306 	2.3546e-73
0.5313 	2.13358e-73
0.532 	1.73393e-73
0.5327 	1.33428e-73
0.5334 	9.34634e-74
0.5341 	5.34986e-74
0.5348 	1.35337e-74
0.5355 	2.01421e-75
0.5362 	1.8426e-75
0.5369 	1.51508e-75
0.5376 	1.17555e-75
0.5383 	8.36033e-76
0.539 	4.96512e-76
0.5397 	1.56991e-76
0.5404 	1.13841e-77
0.5411 	1.08883e-77
0.5418 	9.1253e-78
0.5425 	7.01665e-78
0.5432 	4.90799e-78
0.5439 	2.79934e-78
0.5446 	6.90689e-79
0.5453 	-2.73999e-79
0.546 	2.84609e-79
0.5467 	1.86705e-79
0.5474 	-2.75928e-79
0.5481 	-7.38561e-79
0.5488 	-1.20119e-78
0.5495 	-1.66383e-78
0.5502 	-1.81669e-78
0.5509 	-1.1948e-78
0.5516 	-9.92776e-79
0.5523 	-1.2106e-78
0.553 	-1.42843e-78
0.5537 	-1.64625e-78
0.5544 	-1.86408e-78
0.5551 	-1.97599e-78
0.5558 	-1.45122e-78
0.5565 	-1.13219e-78
0.5572 	-1.18351e-78
0.5579 	-1.23484e-78
0.5586 	-1.28616e-78
0.5593 	-1.33748e-78
0.56 	-1.38886e-78
0.5607 	-1.03106e-78
0.5614 	-7.51744e-79
0.5621 	-7.60673e-79
0.5628 	-7.69602e-79
0.5635 	-7.7853e-79
0.5642 	-7.87459e-79
0.5649 	-7.96388e-79
0.5656 	-6.13112e-79
0.5663 	-4.13128e-79
0.567 	-4.14107e-79
0.5677 	-4.15086e-79
0.5684 	-4.16065e-79
0.5691 	-4.17044e-79
0.5698 	-4.18023e-79
0.5705 	-3.3348e-79
0.5712 	-2.14637e-79
0.5719 	-2.06197e-79
0.5726 	-2.0625e-79
0.5733 	-2.06303e-79
0.574 	-2.06355e-79
0.5747 	-2.06408e-79
0.5754 	-1.71445e-79
0.5761 	-1.10161e-79
0.5768 	-9.70287e-80
0.5775 	-9.70292e-80
0.5782 	-9.70297e-80
0.5789 	-9.70302e-80
0.5796 	-9.70307e-80
0.5803 	-8.42419e-80
0.581 	-5.43628e-80
0.5817 	-4.36915e-80
0.5824 	-4.36911e-80
0.5831 	-4.36907e-80
0.5838 	-4.36903e-80
0.5845 	-4.36899e-80
0.5852 	-3.9733e-80
0.5859 	-2.58582e-80
0.5866 	-1.89207e-80
0.5873 	-1.89204e-80
0.588 	-1.89201e-80
0.5887 	-1.89198e-80
0.5894 	-1.89195e-80
0.5901 	-1.80412e-80
0.5908 	-1.18713e-80
0.5915 	-7.90486e-81
0.5922 	-7.90469e-81
0.5929 	-7.90453e-81
0.5936 	-7.90436e-81
0.5943 	-7.90419e-81
0.595 	-7.9045e-81
0.5957 	-5.26713e-81
0.5964 	-3.19415e-81
0.5971 	-3.19406e-81
0.5978 	-3.19397e-81
0.5985 	-3.19388e-81
0.5992 	-3.1938e-81
0.5999 	-3.19371e-81
0.6006 	-2.26143e-81
0.6013 	-1.25083e-81
0.602 	-1.25079e-81
0.6027 	-1.25075e-81
0.6034 	-1.2507e-81
0.6041 	-1.25066e-81
0.6048 	-1.25061e-81
0.6055 	-9.40702e-82
0.6062 	-5.06515e-82
0.6069 	-4.75483e-82
0.6076 	-4.75462e-82
0.6083 	-4.75442e-82
0.609 	-4.75421e-82
0.6097 	-4.75401e-82
0.6104 	-3.79559e-82
0.6111 	-2.11694e-82
0.6118 	-1.75716e-82
0.6125 	-1.75707e-82
0.6132 	-1.75698e-82
0.6139 	-1.75689e-82
0.6146 	-1.75679e-82
0.6153 	-1.48708e-82
0.616 	-8.57072e-83
0.6167 	-6.32044e-83
0.6174 	-6.32005e-83
0.6181 	-6.31967e-83
0.6188 	-6.31928e-83
0.6195 	-6.31889e-83
0.6202 	-5.66311e-83
0.6209 	-3.36454e-83
0.6216 	-2.21517e-83
0.6223 	-2.21502e-83
0.623 	-2.21486e-83
0.6237 	-2.2147e-83
0.6244 	-2.21455e-83
0.6251 	-2.09824e-83
0.6258 	-1.28195e-83
0.6265 	-7.57179e-84
0.6272 	-7.57118e-84
0.6279 	-7.57057e-84
0.6286 	-7.56996e-84
0.6293 	-7.56935e-84
0.63 	-7.56916e-84
0.6307 	-4.74566e-84
0.6314 	-2.52629e-84
0.6321 	-2.52606e-84
0.6328 	-2.52583e-84
0.6335 	-2.5256e-84
0.6342 	-2.52537e-84
0.6349 	-2.52515e-84
0.6356 	-1.70854e-84
0.6363 	-8.23369e-85
0.637 	-8.23287e-85
0.6377 	-8.23205e-85
0.6384 	-8.23122e-85
0.6391 	-8.2304e-85
0.6398 	-8.22958e-85
0.6405 	-5.98791e-85
0.6412 	-2.84756e-85
0.6419 	-2.62298e-85
0.6426 	-2.62269e-85
0.6433 	-2.6224e-85
0.644 	-2.62212e-85
0.6447 	-2.62183e-85
0.6454 	-2.04473e-85
0.6461 	-1.03409e-85
0.6468 	-8.17443e-86
0.6475 	-8.17346e-86
0.6482 	-8.17249e-86
0.6489 	-8.17152e-86
0.6496 	-8.17055e-86
0.6503 	-6.80896e-86
0.651 	-3.62927e-86
0.6517 	-2.49346e-86
0.6524 	-2.49314e-86
0.6531 	-2.49282e-86
0.6538 	-2.49251e-86
0.6545 	-2.49219e-86
0.6552 	-2.21287e-86
0.6559 	-1.23423e-86
0.6566 	-7.44859e-87
0.6573 	-7.44758e-87
0.658 	-7.44656e-87
0.6587 	-7.44555e-87
0.6594 	-7.44453e-87
0.6601 	-7.02404e-87
0.6608 	-4.0757e-87
0.6615 	-2.18023e-87
0.6622 	-2.17991e-87
0.6629 	-2.1796e-87
0.6636 	-2.17928e-87
0.6643 	-2.17897e-87
0.665 	-2.17877e-87
0.6657 	-1.30914e-87
0.6664 	-6.25579e-88
0.6671 	-6.25483e-88
0.6678 	-6.25387e-88
0.6685 	-6.25292e-88
0.6692 	-6.25196e-88
0.6699 	-6.251e-88
0.6706 	-4.09581e-88
0.6713 	-1.75971e-88
0.672 	-1.75943e-88
0.6727 	-1.75914e-88
0.6734 	-1.75886e-88
0.6741 	-1.75858e-88
0.6748 	-1.75829e-88
0.6755 	-1.24887e-88
0.6762 	-5.35273e-89
0.6769 	-4.84226e-89
0.6776 	-4.84144e-89
0.6783 	-4.84062e-89
0.679 	-4.8398e-89
0.6797 	-4.83899e-89
0.6804 	-3.70383e-89
0.6811 	-1.71608e-89
0.6818 	-1.28996e-89
0.6825 	-1.28973e-89
0.6832 	-1.2895e-89
0.6839 	-1.28927e-89
0.6846 	-1.28904e-89
0.6853 	-1.05648e-89
0.686 	-5.1349e-90
0.6867 	-3.19524e-90
0.6874 	-3.19462e-90
0.6881 	-3.194e-90
0.6888 	-3.19337e-90
0.6895 	-3.19275e-90
0.6902 	-2.78685e-90
0.6909 	-1.36516e-90
0.6916 	-6.54234e-91
0.6923 	-6.54075e-91
0.693 	-6.53916e-91
0.6937 	-6.53757e-91
0.6944 	-6.53598e-91
0.6951 	-6.01379e-91
0.6958 	-2.35448e-91
0.6965 	-1.93977e-94
0.6972 	-1.60633e-94
0.6979 	-1.2729e-94
0.6986 	-9.39468e-95
0.6993 	-6.06035e-95
0.7 	-2.72776e-95
