0 	1
0.0007 	1
0.0014 	1
0.0021 	1
0.0028 	1
0.0035 	1
0.0042 	1
0.0049 	1
0.0056 	1
0.0063 	1
0.007 	1
0.0077 	1
0.0084 	1
0.0091 	1
0.0098 	1
0.0105 	1
0.0112 	1
0.0119 	1
0.0126 	1
0.0133 	1
0.014 	1
0.0147 	1
0.0154 	1
0.0161 	1
0.0168 	1
0.0175 	1
0.0182 	1
0.0189 	1
0.0196 	1
0.0203 	1
0.021 	1
0.0217 	1
0.0224 	1
0.0231 	1
0.0238 	1
0.0245 	1
0.0252 	1
0.0259 	1
0.0266 	1
0.0273 	1
0.028 	1
0.0287 	1
0.0294 	1
0.0301 	1
0.0308 	1
0.0315 	1
0.0322 	1
0.0329 	1
0.0336 	1
0.0343 	1
0.035 	1
0.0357 	1
0.0364 	1
0.0371 	1
0.0378 	1
0.0385 	1
0.0392 	1
0.0399 	1
0.0406 	1
0.0413 	1
0.042 	1
0.0427 	1
0.0434 	1
0.0441 	1
0.0448 	1
0.0455 	1
0.0462 	1
0.0469 	1
0.0476 	1
0.0483 	1
0.049 	1
0.0497 	1
0.0504 	1
0.0511 	1
0.0518 	1
0.0525 	1
0.0532 	1
0.0539 	1
0.0546 	1
0.0553 	1
0.056 	1
0.0567 	1
0.0574 	1
0.0581 	1
0.0588 	1
0.0595 	1
0.0602 	1
0.0609 	1
0.0616 	1
0.0623 	1
0.063 	1
0.0637 	1
0.0644 	1
0.0651 	1
0.0658 	1
0.0665 	1
0.0672 	1
0.0679 	1
0.0686 	1
0.0693 	1
0.07 	1
0.0707 	1
0.0714 	1
0.0721 	1
0.0728 	1
0.0735 	1
0.0742 	1
0.0749 	1
0.0756 	1
0.0763 	1
0.077 	1
0.0777 	1
0.0784 	1
0.0791 	1
0.0798 	1
0.0805 	1
0.0812 	1
0.0819 	1
0.0826 	1
0.0833 	1
0.084 	1
0.0847 	1
0.0854 	1
0.0861 	1
0.0868 	1
0.0875 	1
0.0882 	1
0.0889 	1
0.0896 	1
0.0903 	1
0.091 	1
0.0917 	1
0.0924 	1
0.0931 	1
0.0938 	1
0.0945 	1
0.0952 	1
0.0959 	1
0.0966 	1
0.0973 	1
0.098 	1
0.0987 	1
0.0994 	1
0.1001 	1
0.1008 	1
0.1015 	1
0.1022 	1
0.1029 	1
0.1036 	1
0.1043 	1
0.105 	1
0.1057 	1
0.1064 	1
0.1071 	1
0.1078 	1
0.1085 	1
0.1092 	1
0.1099 	1
0.1106 	1
0.1113 	1
0.112 	1
0.1127 	1
0.1134 	1
0.1141 	1
0.1148 	1
0.1155 	1
0.1162 	1
0.1169 	1
0.1176 	1
0.1183 	1
0.119 	1
0.1197 	1
0.1204 	1
0.1211 	1
0.1218 	1
0.1225 	1
0.1232 	1
0.1239 	1
0.1246 	1
0.1253 	1
0.126 	1
0.1267 	1
0.1274 	1
0.1281 	1
0.1288 	1
0.1295 	1
0.1302 	1
0.1309 	1
0.1316 	1
0.1323 	1
0.133 	1
0.1337 	1
0.1344 	1
0.1351 	1
0.1358 	1
0.1365 	1
0.1372 	1
0.1379 	1
0.1386 	1
0.1393 	1
0.14 	1
0.1407 	1
0.1414 	1
0.1421 	1
0.1428 	1
0.1435 	1
0.1442 	1
0.1449 	1
0.1456 	1
0.1463 	1
0.147 	1
0.1477 	1
0.1484 	1
0.1491 	1
0.1498 	1
0.1505 	1
0.1512 	1
0.1519 	1
0.1526 	1
0.1533 	1
0.154 	1
0.1547 	1
0.1554 	1
0.1561 	1
0.1568 	1
0.1575 	1
0.1582 	1
0.1589 	1
0.1596 	1
0.1603 	1
0.161 	1
0.1617 	1
0.1624 	1
0.1631 	1
0.1638 	1
0.1645 	1
0.1652 	1
0.1659 	1
0.1666 	1
0.1673 	1
0.168 	1
0.1687 	1
0.1694 	1
0.1701 	1
0.1708 	1
0.1715 	1
0.1722 	1
0.1729 	1
0.1736 	1
0.1743 	1
0.175 	1
0.1757 	1
0.1764 	1
0.1771 	1
0.1778 	1
0.1785 	1
0.1792 	1
0.1799 	1
0.1806 	1
0.1813 	1
0.182 	1
0.1827 	1
0.1834 	1
0.1841 	1
0.1848 	1
0.1855 	1
0.1862 	1
0.1869 	1
0.1876 	1
0.1883 	1
0.189 	1
0.1897 	1
0.1904 	1
0.1911 	1
0.1918 	1
0.1925 	1
0.1932 	1
0.1939 	1
0.1946 	1
0.1953 	1
0.196 	1
0.1967 	1
0.1974 	1
0.1981 	1
0.1988 	1
0.1995 	1
0.2002 	1
0.2009 	1
0.2016 	1
0.2023 	1
0.203 	1
0.2037 	1
0.2044 	1
0.2051 	1
0.2058 	1
0.2065 	1
0.2072 	1
0.2079 	1
0.2086 	1
0.2093 	1
0.21 	1
0.2107 	1
0.2114 	1
0.2121 	1
0.2128 	1
0.2135 	1
0.2142 	1
0.2149 	1
0.2156 	1
0.2163 	1
0.217 	1
0.2177 	1
0.2184 	1
0.2191 	1
0.2198 	1
0.2205 	1
0.2212 	1
0.2219 	1
0.2226 	1
0.2233 	1
0.224 	1
0.2247 	1
0.2254 	1
0.2261 	1
0.2268 	1
0.2275 	1
0.2282 	1
0.2289 	1
0.2296 	1
0.2303 	1
0.231 	1
0.2317 	1
0.2324 	1
0.2331 	1
0.2338 	1
0.2345 	1
0.2352 	1
0.2359 	1
0.2366 	1
0.2373 	1
0.238 	1
0.2387 	1
0.2394 	1
0.2401 	1
0.2408 	1
0.2415 	1
0.2422 	1
0.2429 	1
0.2436 	1
0.2443 	1
0.245 	1
0.2457 	1
0.2464 	1
0.2471 	1
0.2478 	1
0.2485 	1
0.2492 	1
0.2499 	1
0.2506 	1
0.2513 	1
0.252 	1
0.2527 	1
0.2534 	1
0.2541 	1
0.2548 	1
0.2555 	1
0.2562 	1
0.2569 	1
0.2576 	1
0.2583 	1
0.259 	1
0.2597 	1
0.2604 	1
0.2611 	1
0.2618 	1
0.2625 	1
0.2632 	1
0.2639 	1
0.2646 	0.999999
0.2653 	0.999999
0.266 	0.999998
0.2667 	0.999998
0.2674 	0.999997
0.2681 	0.999996
0.2688 	0.999996
0.2695 	0.999995
0.2702 	0.999987
0.2709 	0.99996
0.2716 	0.999934
0.2723 	0.999907
0.273 	0.999881
0.2737 	0.999854
0.2744 	0.999827
0.2751 	0.999571
0.2758 	0.997934
0.2765 	0.996296
0.2772 	0.994658
0.2779 	0.99302
0.2786 	0.991383
0.2793 	0.989745
0.28 	0.988107
0.2807 	0.966468
0.2814 	0.944825
0.2821 	0.923177
0.2828 	0.90153
0.2835 	0.879882
0.2842 	0.858235
0.2849 	0.836587
0.2856 	0.781601
0.2863 	0.721053
0.287 	0.660503
0.2877 	0.599953
0.2884 	0.539403
0.2891 	0.478853
0.2898 	0.418303
0.2905 	0.366708
0.2912 	0.31871
0.2919 	0.270717
0.2926 	0.222725
0.2933 	0.174732
0.294 	0.126739
0.2947 	0.0787469
0.2954 	0.0537212
0.2961 	0.045917
0.2968 	0.0381153
0.2975 	0.0303144
0.2982 	0.0225134
0.2989 	0.0147124
0.2996 	0.00691145
0.3003 	0.00231193
0.301 	0.00197859
0.3017 	0.00164531
0.3024 	0.00131205
0.3031 	0.000978803
0.3038 	0.000645552
0.3045 	0.0003123
0.3052 	7.13507e-05
0.3059 	6.0989e-05
0.3066 	5.06292e-05
0.3073 	4.02713e-05
0.308 	2.99134e-05
0.3087 	1.95555e-05
0.3094 	9.19764e-06
0.3101 	3.14749e-07
0.3108 	2.69794e-07
0.3115 	2.24847e-07
0.3122 	1.79915e-07
0.3129 	1.34982e-07
0.3136 	9.00496e-08
0.3143 	4.51171e-08
0.315 	1.92285e-10
0.3157 	1.66981e-10
0.3164 	1.41692e-10
0.3171 	1.16415e-10
0.3178 	9.11384e-11
0.3185 	6.58618e-11
0.3192 	4.05852e-11
0.3199 	1.53086e-11
0.3206 	1.18445e-11
0.3213 	1.20106e-11
0.322 	1.21767e-11
0.3227 	1.23428e-11
0.3234 	1.25089e-11
0.3241 	1.2675e-11
0.3248 	1.28412e-11
0.3255 	1.29298e-11
0.3262 	1.29873e-11
0.3269 	1.3045e-11
0.3276 	1.31027e-11
0.3283 	1.31604e-11
0.329 	1.32181e-11
0.3297 	1.32758e-11
0.3304 	1.31631e-11
0.3311 	1.29227e-11
0.3318 	1.26827e-11
0.3325 	1.24428e-11
0.3332 	1.22029e-11
0.3339 	1.19629e-11
0.3346 	1.1723e-11
0.3353 	1.1356e-11
0.336 	1.08195e-11
0.3367 	1.02834e-11
0.3374 	9.74745e-12
0.3381 	9.21151e-12
0.3388 	8.67558e-12
0.3395 	8.13964e-12
0.3402 	7.58837e-12
0.3409 	6.9989e-12
0.3416 	6.40937e-12
0.3423 	5.8198e-12
0.343 	5.23022e-12
0.3437 	4.64065e-12
0.3444 	4.05107e-12
0.3451 	3.49371e-12
0.3458 	3.12985e-12
0.3465 	2.76578e-12
0.3472 	2.40133e-12
0.3479 	2.03688e-12
0.3486 	1.67242e-12
0.3493 	1.30797e-12
0.35 	9.43543e-13
0.3507 	8.27875e-13
0.3514 	7.12141e-13
0.3521 	5.96085e-13
0.3528 	4.8003e-13
0.3535 	3.63974e-13
0.3542 	2.47919e-13
0.3549 	1.31863e-13
0.3556 	1.02041e-13
0.3563 	8.65706e-14
0.357 	7.101e-14
0.3577 	5.54493e-14
0.3584 	3.98887e-14
0.3591 	2.4328e-14
0.3598 	8.76738e-15
0.3605 	3.89901e-15
0.3612 	3.30406e-15
0.3619 	2.70336e-15
0.3626 	2.10221e-15
0.3633 	1.50106e-15
0.364 	8.99907e-16
0.3647 	2.98757e-16
0.3654 	3.80865e-17
0.3661 	3.2582e-17
0.3668 	2.70145e-17
0.3675 	2.14298e-17
0.3682 	1.58451e-17
0.3689 	1.02604e-17
0.3696 	4.67569e-18
0.3703 	1.40566e-18
0.371 	1.21964e-18
0.3717 	1.03225e-18
0.3724 	8.44108e-19
0.3731 	6.55966e-19
0.3738 	4.67823e-19
0.3745 	2.7968e-19
0.3752 	1.39857e-19
0.3759 	1.2075e-19
0.3766 	1.01528e-19
0.3773 	8.21914e-20
0.378 	6.28548e-20
0.3787 	4.35183e-20
0.3794 	2.41817e-20
0.3801 	7.46191e-21
0.3808 	6.42178e-21
0.3815 	5.37628e-21
0.3822 	4.32107e-21
0.3829 	3.26587e-21
0.3836 	2.21066e-21
0.3843 	1.15546e-21
0.385 	1.00459e-22
0.3857 	8.66077e-23
0.3864 	7.27063e-23
0.3871 	5.86042e-23
0.3878 	4.45021e-23
0.3885 	3.04e-23
0.3892 	1.62978e-23
0.3899 	2.19571e-24
0.3906 	1.62214e-25
0.3913 	1.36877e-25
0.392 	1.10986e-25
0.3927 	8.50953e-26
0.3934 	5.92043e-26
0.3941 	3.33133e-26
0.3948 	7.42225e-27
0.3955 	2.70468e-29
0.3962 	2.29416e-29
0.3969 	1.87228e-29
0.3976 	1.44953e-29
0.3983 	1.02678e-29
0.399 	6.04024e-30
0.3997 	1.8127e-30
0.4004 	1.60917e-33
0.4011 	1.37133e-33
0.4018 	1.12704e-33
0.4025 	8.80996e-34
0.4032 	6.34953e-34
0.4039 	3.8891e-34
0.4046 	1.42867e-34
0.4053 	2.18759e-36
0.406 	1.87616e-36
0.4067 	1.55403e-36
0.4074 	1.22596e-36
0.4081 	8.97885e-37
0.4088 	5.6981e-37
0.4095 	2.41735e-37
0.4102 	7.1767e-39
0.4109 	6.17896e-39
0.4116 	5.15067e-39
0.4123 	4.09183e-39
0.413 	3.03299e-39
0.4137 	1.97415e-39
0.4144 	9.15313e-40
0.4151 	7.80147e-42
0.4158 	6.74055e-42
0.4165 	5.6547e-42
0.4172 	4.52397e-42
0.4179 	3.39324e-42
0.4186 	2.26251e-42
0.4193 	1.13177e-42
0.42 	1.27538e-45
0.4207 	1.10543e-45
0.4214 	9.33075e-46
0.4221 	7.51655e-46
0.4228 	5.70234e-46
0.4235 	3.88813e-46
0.4242 	2.07392e-46
0.4249 	2.59716e-47
0.4256 	8.16349e-50
0.4263 	6.92743e-50
0.427 	5.61691e-50
0.4277 	4.30638e-50
0.4284 	2.99585e-50
0.4291 	1.68533e-50
0.4298 	3.74799e-51
0.4305 	5.76583e-54
0.4312 	4.91356e-54
0.4319 	4.01159e-54
0.4326 	3.1058e-54
0.4333 	2.20001e-54
0.434 	1.29422e-54
0.4347 	3.88424e-55
0.4354 	3.86998e-58
0.4361 	3.30891e-58
0.4368 	2.72103e-58
0.4375 	2.12583e-58
0.4382 	1.53064e-58
0.4389 	9.35442e-59
0.4396 	3.40246e-59
0.4403 	2.45523e-62
0.441 	2.10607e-62
0.4417 	1.74361e-62
0.4424 	1.37377e-62
0.4431 	1.00393e-62
0.4438 	6.34089e-63
0.4445 	2.64247e-63
0.4452 	1.47722e-66
0.4459 	1.2711e-66
0.4466 	1.05903e-66
0.4473 	8.41003e-67
0.448 	6.22975e-67
0.4487 	4.04948e-67
0.4494 	1.8692e-67
0.4501 	8.47515e-71
0.4508 	7.31459e-71
0.4515 	6.13062e-71
0.4522 	4.90454e-71
0.4529 	3.67845e-71
0.4536 	2.45237e-71
0.4543 	1.22629e-71
0.455 	4.65682e-75
0.4557 	4.03059e-75
0.4564 	3.39719e-75
0.4571 	2.73664e-75
0.4578 	2.0761e-75
0.4585 	1.41555e-75
0.4592 	7.55007e-76
0.4599 	9.44616e-77
0.4606 	2.13642e-79
0.4613 	1.81025e-79
0.462 	1.46778e-79
0.4627 	1.12531e-79
0.4634 	7.82837e-80
0.4641 	4.40366e-80
0.4648 	9.78947e-81
0.4655 	1.09007e-83
0.4662 	9.27671e-84
0.4669 	7.57289e-84
0.4676 	5.86293e-84
0.4683 	4.15297e-84
0.469 	2.44301e-84
0.4697 	7.33047e-85
0.4704 	5.37258e-88
0.4711 	4.58821e-88
0.4718 	3.77186e-88
0.4725 	2.94678e-88
0.4732 	2.12171e-88
0.4739 	1.29663e-88
0.4746 	4.7156e-89
0.4753 	2.5571e-92
0.476 	2.19074e-92
0.4767 	1.81261e-92
0.4774 	1.42793e-92
0.4781 	1.04324e-92
0.4788 	6.58561e-93
0.4795 	2.73878e-93
0.4802 	-1.02967e-95
0.4809 	-1.80196e-95
0.4816 	-2.19681e-95
0.4823 	-2.21423e-95
0.483 	-2.23165e-95
0.4837 	-2.24906e-95
0.4844 	-2.26648e-95
0.4851 	-2.34938e-95
0.4858 	-2.82597e-95
0.4865 	-3.13238e-95
0.4872 	-3.1325e-95
0.4879 	-3.13263e-95
0.4886 	-3.13275e-95
0.4893 	-3.13287e-95
0.49 	-3.13303e-95
0.4907 	-3.31923e-95
0.4914 	-3.46562e-95
0.4921 	-3.46569e-95
0.4928 	-3.46576e-95
0.4935 	-3.46583e-95
0.4942 	-3.4659e-95
0.4949 	-3.46597e-95
0.4956 	-3.41861e-95
0.4963 	-3.36728e-95
0.497 	-3.3673e-95
0.4977 	-3.36733e-95
0.4984 	-3.36735e-95
0.4991 	-3.36738e-95
0.4998 	-3.3674e-95
0.5005 	-3.20307e-95
0.5012 	-2.97293e-95
0.5019 	-2.95648e-95
0.5026 	-2.95647e-95
0.5033 	-2.95645e-95
0.504 	-2.95644e-95
0.5047 	-2.95643e-95
0.5054 	-2.77163e-95
0.5061 	-2.44811e-95
0.5068 	-2.37876e-95
0.5075 	-2.37872e-95
0.5082 	-2.37868e-95
0.5089 	-2.37864e-95
0.5096 	-2.3786e-95
0.5103 	-2.23254e-95
0.511 	-1.89162e-95
0.5117 	-1.76982e-95
0.5124 	-1.76977e-95
0.5131 	-1.76972e-95
0.5138 	-1.76966e-95
0.5145 	-1.76961e-95
0.5152 	-1.68265e-95
0.5159 	-1.37816e-95
0.5166 	-1.22589e-95
0.5173 	-1.22584e-95
0.518 	-1.22578e-95
0.5187 	-1.22573e-95
0.5194 	-1.22568e-95
0.5201 	-1.19122e-95
0.5208 	-9.49975e-96
0.5215 	-7.94871e-96
0.5222 	-7.94825e-96
0.5229 	-7.94779e-96
0.5236 	-7.94733e-96
0.5243 	-7.94687e-96
0.525 	-7.94652e-96
0.5257 	-6.21083e-96
0.5264 	-4.84678e-96
0.5271 	-4.84642e-96
0.5278 	-4.84606e-96
0.5285 	-4.84571e-96
0.5292 	-4.84535e-96
0.5299 	-4.84499e-96
0.5306 	-3.85889e-96
0.5313 	-2.79037e-96
0.532 	-2.79012e-96
0.5327 	-2.78987e-96
0.5334 	-2.78962e-96
0.5341 	-2.78937e-96
0.5348 	-2.78912e-96
0.5355 	-2.28232e-96
0.5362 	-1.57268e-96
0.5369 	-1.52184e-96
0.5376 	-1.52168e-96
0.5383 	-1.52152e-96
0.539 	-1.52136e-96
0.5397 	-1.52119e-96
0.5404 	-1.28691e-96
0.5411 	-8.76873e-97
0.5418 	-7.8893e-97
0.5425 	-7.88832e-97
0.5432 	-7.88734e-97
0.5439 	-7.88635e-97
0.5446 	-7.88537e-97
0.5453 	-6.92841e-97
0.546 	-4.69559e-97
0.5467 	-3.8978e-97
0.5474 	-3.89724e-97
0.5481 	-3.89669e-97
0.5488 	-3.89613e-97
0.5495 	-3.89558e-97
0.5502 	-3.56662e-97
0.5509 	-2.4157e-97
0.5516 	-1.84009e-97
0.5523 	-1.83979e-97
0.553 	-1.8395e-97
0.5537 	-1.8392e-97
0.5544 	-1.83891e-97
0.5551 	-1.75824e-97
0.5558 	-1.19445e-97
0.5565 	-8.31954e-98
0.5572 	-8.31805e-98
0.5579 	-8.31656e-98
0.5586 	-8.31507e-98
0.5593 	-8.31358e-98
0.56 	-8.31222e-98
0.5607 	-5.67938e-98
0.5614 	-3.61018e-98
0.5621 	-3.60946e-98
0.5628 	-3.60875e-98
0.5635 	-3.60803e-98
0.5642 	-3.60732e-98
0.5649 	-3.60661e-98
0.5656 	-2.59875e-98
0.5663 	-1.5067e-98
0.567 	-1.50637e-98
0.5677 	-1.50605e-98
0.5684 	-1.50572e-98
0.5691 	-1.5054e-98
0.5698 	-1.50507e-98
0.5705 	-1.14539e-98
0.5712 	-6.41794e-99
0.5719 	-6.05691e-99
0.5726 	-6.05548e-99
0.5733 	-6.05406e-99
0.574 	-6.05264e-99
0.5747 	-6.05122e-99
0.5754 	-4.86711e-99
0.5761 	-2.79512e-99
0.5768 	-2.35066e-99
0.5775 	-2.35006e-99
0.5782 	-2.34947e-99
0.5789 	-2.34887e-99
0.5796 	-2.34828e-99
0.5803 	-1.99628e-99
0.581 	-1.1753e-99
0.5817 	-8.81939e-100
0.5824 	-8.81701e-100
0.5831 	-8.81462e-100
0.5838 	-8.81223e-100
0.5845 	-8.80985e-100
0.5852 	-7.91212e-100
0.5859 	-4.7734e-100
0.5866 	-3.20358e-100
0.5873 	-3.20266e-100
0.588 	-3.20174e-100
0.5887 	-3.20082e-100
0.5894 	-3.19989e-100
0.5901 	-3.03371e-100
0.5908 	-1.87401e-100
0.5915 	-1.12837e-100
0.5922 	-1.12802e-100
0.5929 	-1.12768e-100
0.5936 	-1.12733e-100
0.5943 	-1.12699e-100
0.595 	-1.12667e-100
0.5957 	-7.11865e-101
0.5964 	-3.85861e-101
0.5971 	-3.85737e-101
0.5978 	-3.85613e-101
0.5985 	-3.8549e-101
0.5992 	-3.85366e-101
0.5999 	-3.85242e-101
0.6006 	-2.61903e-101
0.6013 	-1.28264e-101
0.602 	-1.28221e-101
0.6027 	-1.28178e-101
0.6034 	-1.28135e-101
0.6041 	-1.28092e-101
0.6048 	-1.28049e-101
0.6055 	-9.34271e-102
0.6062 	-4.4958e-102
0.6069 	-4.14825e-102
0.6076 	-4.14679e-102
0.6083 	-4.14534e-102
0.609 	-4.14389e-102
0.6097 	-4.14243e-102
0.6104 	-3.23526e-102
0.6111 	-1.64813e-102
0.6118 	-1.30765e-102
0.6125 	-1.30717e-102
0.6132 	-1.3067e-102
0.6139 	-1.30622e-102
0.6146 	-1.30575e-102
0.6153 	-1.08876e-102
0.616 	-5.82815e-103
0.6167 	-4.02022e-103
0.6174 	-4.01871e-103
0.6181 	-4.01719e-103
0.6188 	-4.01567e-103
0.6195 	-4.01416e-103
0.6202 	-3.56439e-103
0.6209 	-1.99268e-103
0.6216 	-1.20659e-103
0.6223 	-1.20612e-103
0.623 	-1.20565e-103
0.6237 	-1.20518e-103
0.6244 	-1.20471e-103
0.6251 	-1.13638e-103
0.6258 	-6.60102e-104
0.6265 	-3.53873e-104
0.6272 	-3.53731e-104
0.6279 	-3.53589e-104
0.6286 	-3.53447e-104
0.6293 	-3.53306e-104
0.63 	-3.5317e-104
0.6307 	-2.12252e-104
0.6314 	-1.015e-104
0.6321 	-1.01458e-104
0.6328 	-1.01416e-104
0.6335 	-1.01374e-104
0.6342 	-1.01333e-104
0.6349 	-1.01291e-104
0.6356 	-6.63501e-105
0.6363 	-2.84923e-105
0.637 	-2.84803e-105
0.6377 	-2.84683e-105
0.6384 	-2.84563e-105
0.6391 	-2.84443e-105
0.6398 	-2.84323e-105
0.6405 	-2.01923e-105
0.6412 	-8.6571e-106
0.6419 	-7.83003e-106
0.6426 	-7.82666e-106
0.6433 	-7.82329e-106
0.644 	-7.81992e-106
0.6447 	-7.81655e-106
0.6454 	-5.99016e-106
0.6461 	-2.79515e-106
0.6468 	-2.10978e-106
0.6475 	-2.10885e-106
0.6482 	-2.10792e-106
0.6489 	-2.107e-106
0.6496 	-2.10607e-106
0.6503 	-1.73421e-106
0.651 	-8.67288e-107
0.6517 	-5.57511e-107
0.6524 	-5.57262e-107
0.6531 	-5.57012e-107
0.6538 	-5.56763e-107
0.6545 	-5.56514e-107
0.6552 	-4.90506e-107
0.6559 	-2.59903e-107
0.6566 	-1.44569e-107
0.6573 	-1.44503e-107
0.658 	-1.44438e-107
0.6587 	-1.44372e-107
0.6594 	-1.44306e-107
0.6601 	-1.35668e-107
0.6608 	-7.54943e-108
0.6615 	-3.6805e-108
0.6622 	-3.6788e-108
0.6629 	-3.6771e-108
0.6636 	-3.6754e-108
0.6643 	-3.6737e-108
0.665 	-3.67206e-108
0.6657 	-2.13129e-108
0.6664 	-9.2034e-109
0.6671 	-9.19909e-109
0.6678 	-9.19477e-109
0.6685 	-9.19046e-109
0.6692 	-9.18615e-109
0.6699 	-9.18183e-109
0.6706 	-5.86022e-109
0.6713 	-2.26137e-109
0.672 	-2.26029e-109
0.6727 	-2.25922e-109
0.6734 	-2.25814e-109
0.6741 	-2.25707e-109
0.6748 	-2.25599e-109
0.6755 	-1.572e-109
0.6762 	-6.14509e-110
0.6769 	-5.45873e-110
0.6776 	-5.4561e-110
0.6783 	-5.45347e-110
0.679 	-5.45084e-110
0.6797 	-5.44821e-110
0.6804 	-4.11928e-110
0.6811 	-1.79462e-110
0.6818 	-1.29598e-110
0.6825 	-1.29535e-110
0.6832 	-1.29472e-110
0.6839 	-1.29408e-110
0.6846 	-1.29345e-110
0.6853 	-1.05547e-110
0.686 	-5.00711e-111
0.6867 	-3.02486e-111
0.6874 	-3.02336e-111
0.6881 	-3.02187e-111
0.6888 	-3.02037e-111
0.6895 	-3.01888e-111
0.6902 	-2.64629e-111
0.6909 	-1.34487e-111
0.6916 	-6.93987e-112
0.6923 	-6.9364e-112
0.693 	-6.93293e-112
0.6937 	-6.92945e-112
0.6944 	-6.92598e-112
0.6951 	-6.39145e-112
0.6958 	-2.66417e-112
0.6965 	-2.67785e-113
0.6972 	-2.66996e-113
0.6979 	-2.66207e-113
0.6986 	-2.65418e-113
0.6993 	-2.64628e-113
0.7 	-2.6388e-113
