0 	1
0.0007 	1
0.0014 	1
0.0021 	1
0.0028 	1
0.0035 	1
0.0042 	1
0.0049 	1
0.0056 	1
0.0063 	1
0.007 	1
0.0077 	1
0.0084 	1
0.0091 	1
0.0098 	1
0.0105 	1
0.0112 	1
0.0119 	1
0.0126 	1
0.0133 	1
0.014 	1
0.0147 	1
0.0154 	1
0.0161 	1
0.0168 	1
0.0175 	1
0.0182 	1
0.0189 	1
0.0196 	1
0.0203 	1
0.021 	1
0.0217 	1
0.0224 	1
0.0231 	1
0.0238 	1
0.0245 	1
0.0252 	1
0.0259 	1
0.0266 	1
0.0273 	1
0.028 	1
0.0287 	1
0.0294 	1
0.0301 	1
0.0308 	1
0.0315 	1
0.0322 	1
0.0329 	1
0.0336 	1
0.0343 	1
0.035 	1
0.0357 	1
0.0364 	1
0.0371 	1
0.0378 	1
0.0385 	1
0.0392 	1
0.0399 	1
0.0406 	1
0.0413 	1
0.042 	1
0.0427 	1
0.0434 	1
0.0441 	1
0.0448 	1
0.0455 	1
0.0462 	1
0.0469 	1
0.0476 	1
0.0483 	1
0.049 	1
0.0497 	1
0.0504 	1
0.0511 	1
0.0518 	1
0.0525 	1
0.0532 	1
0.0539 	1
0.0546 	1
0.0553 	1
0.056 	1
0.0567 	1
0.0574 	1
0.0581 	1
0.0588 	1
0.0595 	1
0.0602 	1
0.0609 	1
0.0616 	1
0.0623 	1
0.063 	1
0.0637 	1
0.0644 	1
0.0651 	1
0.0658 	1
0.0665 	1
0.0672 	1
0.0679 	1
0.0686 	1
0.0693 	1
0.07 	1
0.0707 	1
0.0714 	1
0.0721 	1
0.0728 	1
0.0735 	1
0.0742 	1
0.0749 	1
0.0756 	1
0.0763 	1
0.077 	1
0.0777 	1
0.0784 	1
0.0791 	1
0.0798 	1
0.0805 	1
0.0812 	1
0.0819 	1
0.0826 	1
0.0833 	1
0.084 	1
0.0847 	1
0.0854 	1
0.0861 	1
0.0868 	1
0.0875 	1
0.0882 	1
0.0889 	1
0.0896 	1
0.0903 	1
0.091 	1
0.0917 	1
0.0924 	1
0.0931 	1
0.0938 	1
0.0945 	1
0.0952 	1
0.0959 	1
0.0966 	1
0.0973 	1
0.098 	1
0.0987 	1
0.0994 	1
0.1001 	1
0.1008 	1
0.1015 	1
0.1022 	1
0.1029 	1
0.1036 	1
0.1043 	1
0.105 	1
0.1057 	1
0.1064 	1
0.1071 	1
0.1078 	1
0.1085 	1
0.1092 	1
0.1099 	1
0.1106 	1
0.1113 	1
0.112 	1
0.1127 	0.999999
0.1134 	0.999999
0.1141 	0.999999
0.1148 	0.999999
0.1155 	0.999998
0.1162 	0.999998
0.1169 	0.999997
0.1176 	0.999997
0.1183 	0.999996
0.119 	0.999995
0.1197 	0.999995
0.1204 	0.999993
0.1211 	0.999991
0.1218 	0.99999
0.1225 	0.999989
0.1232 	0.999989
0.1239 	0.999988
0.1246 	0.999988
0.1253 	0.999987
0.126 	0.999984
0.1267 	0.999985
0.1274 	0.999985
0.1281 	0.999985
0.1288 	0.999986
0.1295 	0.999987
0.1302 	0.999989
0.1309 	0.999991
0.1316 	0.999992
0.1323 	0.999993
0.133 	0.999994
0.1337 	0.999994
0.1344 	0.999994
0.1351 	0.999994
0.1358 	0.999997
0.1365 	0.999998
0.1372 	0.999999
0.1379 	0.999999
0.1386 	0.999999
0.1393 	0.999999
0.14 	0.999996
0.1407 	0.999999
0.1414 	0.999999
0.1421 	0.999999
0.1428 	0.999998
0.1435 	0.999998
0.1442 	0.999997
0.1449 	0.999995
0.1456 	0.999996
0.1463 	0.999995
0.147 	0.999994
0.1477 	0.999992
0.1484 	0.99999
0.1491 	0.999988
0.1498 	0.999986
0.1505 	0.999984
0.1512 	0.999982
0.1519 	0.999978
0.1526 	0.999974
0.1533 	0.999971
0.154 	0.999967
0.1547 	0.999963
0.1554 	0.99996
0.1561 	0.999957
0.1568 	0.999953
0.1575 	0.999949
0.1582 	0.999945
0.1589 	0.999941
0.1596 	0.999937
0.1603 	0.999933
0.161 	0.99993
0.1617 	0.999926
0.1624 	0.999923
0.1631 	0.99992
0.1638 	0.999917
0.1645 	0.999912
0.1652 	0.999899
0.1659 	0.999872
0.1666 	0.999843
0.1673 	0.999817
0.168 	0.99979
0.1687 	0.999764
0.1694 	0.999738
0.1701 	0.999683
0.1708 	0.999546
0.1715 	0.99947
0.1722 	0.999396
0.1729 	0.999322
0.1736 	0.999248
0.1743 	0.999174
0.175 	0.999138
0.1757 	0.998833
0.1764 	0.998792
0.1771 	0.998744
0.1778 	0.998697
0.1785 	0.99865
0.1792 	0.998602
0.1799 	0.998715
0.1806 	0.99859
0.1813 	0.998663
0.182 	0.998733
0.1827 	0.998802
0.1834 	0.998872
0.1841 	0.998941
0.1848 	0.999098
0.1855 	0.99932
0.1862 	0.9994
0.1869 	0.99948
0.1876 	0.999558
0.1883 	0.999634
0.189 	0.99971
0.1897 	0.999786
0.1904 	0.999816
0.1911 	0.999816
0.1918 	0.999805
0.1925 	0.999763
0.1932 	0.999778
0.1939 	0.999802
0.1946 	0.999818
0.1953 	0.999871
0.196 	0.999894
0.1967 	0.999926
0.1974 	0.999962
0.1981 	0.999976
0.1988 	0.999989
0.1995 	0.999993
0.2002 	0.999995
0.2009 	0.999998
0.2023 	1
0.2037 	1
0.2051 	1
0.2065 	1
0.2079 	1
0.2093 	1
0.2107 	1
0.2121 	1
0.2135 	1
0.2142 	1
0.2149 	1
0.2156 	1
0.2163 	1
0.2177 	1
0.2184 	1
0.2191 	1
0.2205 	0.999998
0.2219 	0.999994
0.2233 	0.999974
0.224 	0.999918
0.2247 	0.999789
0.2261 	0.992582
0.2275 	0.902972
0.2289 	0.520199
0.2303 	0.144939
0.231 	0.0633879
0.2324 	0.0188268
0.2331 	0.0148113
0.2345 	0.00884379
0.2359 	0.00476567
0.2366 	0.00348071
0.2373 	0.00249005
0.238 	0.00174406
0.2387 	0.00109592
0.2401 	0.000370622
0.2408 	0.000221949
0.2415 	0.000115597
0.2422 	8.54185e-05
0.2429 	7.10193e-05
0.2436 	6.84542e-05
0.2443 	6.71495e-05
0.2457 	7.49851e-05
0.2471 	0.0002518
0.2485 	0.000585411
0.2499 	0.000724984
0.2513 	0.000673946
0.2527 	0.00037463
0.2541 	8.8553e-05
0.2555 	9.89691e-06
0.2562 	3.70202e-06
0.2576 	2.61815e-06
0.259 	2.87013e-06
0.2604 	3.02447e-05
0.2618 	0.000159161
0.2632 	0.000294363
0.2646 	0.000253961
0.2653 	0.000184613
0.2667 	8.14501e-05
0.2674 	9.16249e-05
0.2688 	0.000128799
0.2702 	6.26012e-05
0.2716 	2.17122e-05
0.273 	2.83309e-05
0.2744 	4.2197e-05
0.2758 	9.05762e-05
0.2772 	0.00022604
0.2779 	0.000285145
0.2793 	0.000333517
0.2807 	0.000282218
0.2814 	0.000236989
0.2828 	0.000172782
0.2842 	0.000125468
0.2856 	4.50308e-05
0.287 	9.86557e-06
0.2884 	2.13649e-06
0.2891 	7.03806e-07
0.2898 	2.78261e-07
0.2912 	5.66e-08
0.2919 	3.82118e-08
0.2926 	2.39167e-08
0.294 	9.81559e-09
0.2947 	7.51076e-09
0.2954 	8.70429e-09
0.2968 	1.56195e-08
0.2975 	1.85222e-08
0.2989 	1.01192e-07
0.3003 	6.40872e-07
0.301 	1.03251e-06
0.3017 	1.42855e-06
0.3031 	2.02599e-06
0.3038 	2.15047e-06
0.3052 	1.289e-06
0.3059 	7.36542e-07
0.3073 	1.17232e-07
0.308 	3.17895e-08
0.3094 	8.14843e-10
0.3101 	2.73368e-11
0.3108 	2.62569e-11
0.3122 	2.6519e-11
0.3136 	2.03801e-11
0.315 	1.03494e-11
0.3157 	7.70607e-12
0.3171 	4.14014e-12
0.3185 	2.25123e-12
0.3192 	1.61525e-12
0.3206 	7.63697e-13
0.322 	3.34345e-13
0.3234 	1.34636e-13
0.3241 	8.19839e-14
0.3248 	4.91639e-14
0.3255 	2.99113e-14
0.3262 	1.60856e-14
0.3276 	5.09412e-15
0.329 	1.55055e-15
0.3304 	4.34466e-16
0.3311 	2.11576e-16
0.3325 	4.44937e-17
0.3339 	1.02141e-17
0.3346 	5.40177e-18
0.336 	1.00015e-18
0.3374 	1.61391e-19
0.3381 	7.71299e-20
0.3395 	1.37628e-20
0.3402 	4.9299e-21
0.3409 	2.5326e-21
0.3423 	5.39921e-22
0.3437 	1.93676e-22
0.3451 	1.51473e-22
0.3465 	1.58531e-22
0.3472 	1.64817e-22
0.3486 	1.6836e-22
0.35 	1.39868e-22
0.3514 	7.99363e-23
0.3528 	3.54356e-23
0.3535 	2.31183e-23
0.3549 	1.01384e-23
0.3556 	7.36327e-24
0.3563 	5.07739e-24
0.3577 	2.75783e-24
0.3591 	1.48189e-24
0.3598 	1.06296e-24
0.3612 	5.29609e-25
0.3619 	3.87304e-25
0.3626 	2.61351e-25
0.364 	1.27022e-25
0.3647 	8.80598e-26
0.3661 	3.96285e-26
0.3675 	1.71161e-26
0.3689 	7.67195e-27
0.3703 	3.41583e-27
0.371 	2.28229e-27
0.3724 	9.99147e-28
0.3738 	4.55489e-28
0.3745 	3.28107e-28
0.3759 	1.52842e-28
0.3773 	6.86301e-29
0.378 	4.6225e-29
0.3787 	2.85772e-29
0.3801 	1.133e-29
0.3815 	4.26418e-30
0.3829 	1.5104e-30
0.3836 	8.52836e-31
0.3843 	5.17521e-31
0.3857 	1.79124e-31
0.3871 	6.77117e-32
0.3885 	3.21396e-32
0.3892 	2.53598e-32
0.3899 	2.13214e-32
0.3906 	1.94682e-32
0.3913 	1.80262e-32
0.3927 	1.6347e-32
0.3941 	1.40209e-32
0.3948 	1.21884e-32
0.3955 	9.81974e-33
0.3969 	5.13011e-33
0.3976 	3.20331e-33
0.399 	1.29021e-33
0.4004 	4.95212e-34
0.4018 	1.69336e-34
0.4025 	8.83558e-35
0.4032 	5.97799e-35
0.4046 	2.03461e-35
0.4053 	1.03374e-35
0.406 	5.63236e-36
0.4067 	2.88247e-36
0.4081 	6.88154e-37
0.4095 	2.01041e-37
0.4109 	3.91502e-38
0.4116 	1.51889e-38
0.413 	1.35246e-39
0.4137 	5.99155e-40
0.4151 	9.90102e-41
0.4158 	5.08304e-41
0.4165 	1.65298e-41
0.4172 	7.19971e-42
0.4179 	2.32358e-42
0.4193 	2.84025e-43
0.42 	6.13982e-44
0.4214 	9.67601e-45
0.4221 	5.72038e-45
0.4228 	3.02293e-45
0.4242 	1.32923e-45
0.4256 	5.69512e-46
0.427 	2.22907e-46
0.4284 	8.05145e-47
0.4291 	4.62124e-47
0.4298 	2.6259e-47
0.4312 	7.49666e-48
0.4326 	2.02684e-48
0.434 	5.1578e-49
0.4347 	2.63724e-49
0.4354 	1.17688e-49
0.4361 	5.1165e-50
0.4375 	8.33164e-51
0.4382 	4.72746e-51
0.4389 	1.72306e-51
0.4403 	3.76135e-52
0.441 	1.84654e-52
0.4417 	8.4767e-53
0.4424 	3.56943e-53
0.4438 	6.18208e-54
0.4445 	3.2977e-54
0.4452 	1.07225e-54
0.4466 	1.55884e-55
0.448 	1.85935e-56
0.4494 	1.76807e-57
0.4501 	2.92803e-58
0.4508 	1.2928e-58
0.4515 	1.97004e-59
0.4529 	1.12671e-60
0.4536 	2.96563e-61
0.455 	1.32115e-62
0.4564 	1.92692e-63
0.4578 	3.07111e-64
0.4585 	1.30889e-64
0.4592 	4.76042e-65
0.4599 	1.59195e-65
0.4606 	6.91403e-66
0.4613 	1.99902e-66
0.4627 	4.25406e-67
0.4641 	1.23242e-67
0.4648 	7.41006e-68
0.4662 	3.31614e-68
0.4676 	1.86196e-68
0.4683 	1.37483e-68
0.469 	9.6053e-69
0.4697 	6.77599e-69
0.4711 	3.51134e-69
0.4725 	2.0026e-69
0.4732 	2.11356e-69
0.4739 	1.89793e-68
0.4753 	1.41468e-67
0.4767 	8.98853e-68
0.4781 	5.17967e-71
0.4795 	-1.1975e-71
0.4809 	-1.56961e-71
0.4816 	-1.70602e-71
0.4823 	-1.83751e-71
0.483 	-1.96133e-71
0.4837 	-2.08208e-71
0.4844 	-2.19145e-71
0.4851 	-2.29791e-71
0.4865 	-2.48082e-71
0.4872 	-2.55907e-71
0.4886 	-2.68769e-71
0.49 	-2.77469e-71
0.4914 	-2.81336e-71
0.4928 	-2.8071e-71
0.4935 	-2.78816e-71
0.4949 	-2.71875e-71
0.4963 	-2.6089e-71
0.4977 	-2.46409e-71
0.4991 	-2.29437e-71
0.5005 	-2.10789e-71
0.5012 	-2.01122e-71
0.5026 	-1.81327e-71
0.5033 	-1.71424e-71
0.504 	-1.61599e-71
0.5054 	-1.42461e-71
0.5068 	-1.24412e-71
0.5075 	-1.15767e-71
0.5089 	-1.00193e-71
0.5096 	-9.31208e-72
0.5103 	-8.63729e-72
0.511 	-8.0057e-72
0.5124 	-6.85783e-72
0.5131 	-6.35162e-72
0.5145 	-5.42026e-72
0.5159 	-4.61089e-72
0.5166 	-4.24874e-72
0.518 	-3.60214e-72
0.5187 	-3.30609e-72
0.5194 	-3.04505e-72
0.5201 	-2.79149e-72
0.5208 	-2.56659e-72
0.5215 	-2.35227e-72
0.5222 	-2.15696e-72
0.5236 	-1.80743e-72
0.525 	-1.51009e-72
0.5264 	-1.26173e-72
0.5278 	-1.05139e-72
0.5292 	-8.73792e-73
0.5306 	-7.24238e-73
0.532 	-5.98657e-73
0.5327 	-5.42989e-73
0.5341 	-4.47755e-73
0.5355 	-3.68286e-73
0.5369 	-3.02139e-73
0.5383 	-2.47223e-73
0.539 	-2.23204e-73
0.5404 	-1.82251e-73
0.5411 	-1.64211e-73
0.5418 	-1.48442e-73
0.5432 	-1.20601e-73
0.5446 	-9.77341e-74
0.546 	-7.90008e-74
0.5467 	-7.10834e-74
0.5481 	-5.73678e-74
0.5495 	-4.61873e-74
0.5509 	-3.70943e-74
0.5523 	-2.97175e-74
0.5537 	-2.37514e-74
0.5551 	-1.89934e-74
0.5558 	-1.70243e-74
0.5572 	-1.35597e-74
0.5579 	-1.21057e-74
0.5593 	-9.63421e-75
0.5607 	-7.65008e-75
0.5621 	-6.0615e-75
0.5628 	-5.38881e-75
0.5635 	-4.79311e-75
0.5642 	-4.2678e-75
0.5649 	-3.78156e-75
0.5663 	-2.98249e-75
0.567 	-2.66058e-75
0.5677 	-2.35605e-75
0.5691 	-1.85841e-75
0.5705 	-1.46312e-75
0.5719 	-1.15007e-75
0.5726 	-1.01488e-75
0.5733 	-9.02694e-76
0.5747 	-7.07431e-76
0.5754 	-6.2674e-76
0.5768 	-4.91568e-76
0.5782 	-3.85178e-76
0.5789 	-3.39744e-76
0.5796 	-3.01529e-76
0.5803 	-2.66533e-76
0.5817 	-2.08996e-76
0.5824 	-1.84314e-76
0.5831 	-1.6384e-76
0.5838 	-1.44344e-76
0.5845 	-1.28439e-76
0.5852 	-1.13435e-76
0.5859 	-1.00684e-76
0.5873 	-7.89599e-77
0.5887 	-6.20069e-77
0.5901 	-4.89137e-77
0.5915 	-3.87224e-77
0.5929 	-3.07183e-77
0.5936 	-2.7321e-77
0.595 	-2.16999e-77
0.5964 	-1.73772e-77
0.5971 	-1.55947e-77
0.5985 	-1.2523e-77
0.5999 	-1.00831e-77
0.6006 	-9.09564e-78
0.6013 	-8.15144e-78
0.6027 	-6.62395e-78
0.6034 	-5.98193e-78
0.6041 	-5.39388e-78
0.6055 	-4.39002e-78
0.6069 	-3.5698e-78
0.6076 	-3.20765e-78
0.609 	-2.60662e-78
0.6104 	-2.1076e-78
0.6118 	-1.69504e-78
0.6125 	-1.50977e-78
0.6139 	-1.2054e-78
0.6153 	-9.53499e-79
0.6167 	-7.47394e-79
0.6181 	-5.8008e-79
0.6188 	-5.06637e-79
0.6202 	-3.87366e-79
0.6209 	-3.37622e-79
0.6216 	-2.92689e-79
0.623 	-2.1834e-79
0.6244 	-1.60727e-79
0.6258 	-1.16523e-79
0.6265 	-9.83979e-80
0.6272 	-8.31433e-80
0.6279 	-6.99731e-80
0.6293 	-4.89787e-80
0.6307 	-3.36657e-80
0.6314 	-2.75053e-80
0.6321 	-2.27019e-80
0.6328 	-1.84694e-80
0.6342 	-1.21625e-80
0.6356 	-7.83452e-81
0.637 	-4.93586e-81
0.6384 	-3.04128e-81
0.6398 	-1.83183e-81
0.6412 	-1.0782e-81
0.6426 	-6.31654e-82
0.644 	-3.66741e-82
0.6447 	-2.78242e-82
0.6461 	-1.54926e-82
0.6475 	-8.45343e-83
0.6489 	-4.69255e-83
0.6503 	-2.57462e-83
0.651 	-1.8945e-83
0.6517 	-1.39787e-83
0.6531 	-7.51738e-84
0.6538 	-5.31129e-84
0.6552 	-2.86142e-84
0.6559 	-2.11627e-84
0.6566 	-1.53171e-84
0.658 	-8.14801e-85
0.6594 	-4.30881e-85
0.6601 	-3.03378e-85
0.6608 	-2.26716e-85
0.6615 	-1.62038e-85
0.6629 	-8.66206e-86
0.6643 	-4.65492e-86
0.6657 	-2.5298e-86
0.6671 	-1.40032e-86
0.6685 	-7.95051e-87
0.6699 	-4.65518e-87
0.6713 	-2.84095e-87
0.6727 	-1.81493e-87
0.6741 	-1.18654e-87
0.6755 	-7.89471e-88
0.6769 	-5.31787e-88
0.6783 	-3.61058e-88
0.679 	-2.96817e-88
0.6804 	-2.0421e-88
0.6818 	-1.40769e-88
0.6825 	-1.15306e-88
0.6832 	-9.71059e-89
0.6839 	-8.00089e-89
0.6853 	-5.54664e-89
0.6867 	-3.83443e-89
0.6881 	-2.63216e-89
0.6895 	-1.77929e-89
0.6902 	-1.43817e-89
0.6916 	-9.15371e-90
0.693 	-5.3632e-90
0.6937 	-3.80115e-90
0.6951 	-1.60136e-90
0.6958 	-9.2919e-91
0.6972 	-1.19509e-91
0.6986 	-1.39228e-96
0.6993 	-4.98613e-97
0.7 	-3.55786e-107
