0 	1
0.0007 	1
0.0014 	1
0.0021 	1
0.0028 	1
0.0035 	1
0.0042 	1
0.0049 	1
0.0056 	1
0.0063 	1
0.007 	1
0.0077 	1
0.0084 	1
0.0091 	1
0.0098 	1
0.0105 	1
0.0112 	1
0.0119 	1
0.0126 	1
0.0133 	1
0.014 	1
0.0147 	1
0.0154 	1
0.0161 	1
0.0168 	1
0.0175 	1
0.0182 	1
0.0189 	1
0.0196 	1
0.0203 	1
0.021 	1
0.0217 	1
0.0224 	1
0.0231 	1
0.0238 	1
0.0245 	1
0.0252 	1
0.0259 	1
0.0266 	1
0.0273 	1
0.028 	1
0.0287 	1
0.0294 	1
0.0301 	1
0.0308 	1
0.0315 	1
0.0322 	1
0.0329 	1
0.0336 	1
0.0343 	1
0.035 	1
0.0357 	1
0.0364 	1
0.0371 	1
0.0378 	1
0.0385 	1
0.0392 	1
0.0399 	1
0.0406 	1
0.0413 	1
0.042 	1
0.0427 	1
0.0434 	1
0.0441 	1
0.0448 	1
0.0455 	1
0.0462 	1
0.0469 	1
0.0476 	1
0.0483 	1
0.049 	1
0.0497 	1
0.0504 	1
0.0511 	1
0.0518 	1
0.0525 	1
0.0532 	1
0.0539 	1
0.0546 	1
0.0553 	1
0.056 	1
0.0567 	1
0.0574 	1
0.0581 	1
0.0588 	1
0.0595 	1
0.0602 	1
0.0609 	1
0.0616 	1
0.0623 	1
0.063 	1
0.0637 	1
0.0644 	1
0.0651 	1
0.0658 	1
0.0665 	1
0.0672 	1
0.0679 	1
0.0686 	1
0.0693 	1
0.07 	1
0.0707 	1
0.0714 	1
0.0721 	1
0.0728 	1
0.0735 	1
0.0742 	1
0.0749 	1
0.0756 	1
0.0763 	1
0.077 	1
0.0777 	1
0.0784 	1
0.0791 	1
0.0798 	1
0.0805 	1
0.0812 	1
0.0819 	1
0.0826 	1
0.0833 	1
0.084 	1
0.0847 	1
0.0854 	1
0.0861 	1
0.0868 	1
0.0875 	1
0.0882 	1
0.0889 	1
0.0896 	1
0.0903 	1
0.091 	1
0.0917 	1
0.0924 	1
0.0931 	1
0.0938 	1
0.0945 	1
0.0952 	1
0.0959 	1
0.0966 	1
0.0973 	1
0.098 	1
0.0987 	1
0.0994 	1
0.1001 	1
0.1008 	1
0.1015 	1
0.1022 	1
0.1029 	1
0.1036 	1
0.1043 	1
0.105 	1
0.1057 	1
0.1064 	1
0.1071 	1
0.1078 	1
0.1085 	1
0.1092 	1
0.1099 	1
0.1106 	1
0.1113 	1
0.112 	1
0.1127 	1
0.1134 	1
0.1141 	1
0.1148 	1
0.1155 	1
0.1162 	1
0.1169 	1
0.1176 	1
0.1183 	1
0.119 	1
0.1197 	1
0.1204 	1
0.1211 	1
0.1218 	1
0.1225 	1
0.1232 	1
0.1239 	1
0.1246 	1
0.1253 	1
0.126 	1
0.1267 	1
0.1274 	1
0.1281 	1
0.1288 	1
0.1295 	1
0.1302 	1
0.1309 	1
0.1316 	1
0.1323 	1
0.133 	1
0.1337 	1
0.1344 	1
0.1351 	1
0.1358 	1
0.1365 	1
0.1372 	1
0.1379 	1
0.1386 	1
0.1393 	1
0.14 	1
0.1407 	1
0.1414 	1
0.1421 	1
0.1428 	1
0.1435 	1
0.1442 	1
0.1449 	1
0.1456 	1
0.1463 	1
0.147 	1
0.1477 	1
0.1484 	1
0.1491 	1
0.1498 	1
0.1505 	1
0.1512 	1
0.1519 	1
0.1526 	1
0.1533 	1
0.154 	1
0.1547 	1
0.1554 	1
0.1561 	1
0.1568 	1
0.1575 	1
0.1582 	1
0.1589 	1
0.1596 	1
0.1603 	1
0.161 	1
0.1617 	1
0.1624 	1
0.1631 	1
0.1638 	1
0.1645 	1
0.1652 	1
0.1659 	1
0.1666 	1
0.1673 	1
0.168 	1
0.1687 	1
0.1694 	1
0.1701 	1
0.1708 	1
0.1715 	1
0.1722 	1
0.1729 	1
0.1736 	1
0.1743 	1
0.175 	1
0.1757 	1
0.1764 	1
0.1771 	1
0.1778 	1
0.1785 	1
0.1792 	1
0.1799 	1
0.1806 	1
0.1813 	1
0.182 	1
0.1827 	1
0.1834 	1
0.1841 	1
0.1848 	1
0.1855 	1
0.1862 	1
0.1869 	1
0.1876 	1
0.1883 	1
0.189 	1
0.1897 	1
0.1904 	1
0.1911 	1
0.1918 	1
0.1925 	1
0.1932 	1
0.1939 	1
0.1946 	1
0.1953 	1
0.196 	1
0.1967 	1
0.1974 	1
0.1981 	1
0.1988 	1
0.1995 	1
0.2002 	1
0.2009 	1
0.2016 	1
0.2023 	1
0.203 	1
0.2037 	1
0.2044 	1
0.2051 	1
0.2058 	1
0.2065 	1
0.2072 	1
0.2079 	1
0.2086 	1
0.2093 	1
0.21 	1
0.2107 	1
0.2114 	1
0.2121 	1
0.2128 	1
0.2135 	1
0.2142 	1
0.2149 	1
0.2156 	1
0.2163 	1
0.217 	1
0.2177 	1
0.2184 	1
0.2191 	1
0.2198 	1
0.2205 	1
0.2212 	1
0.2219 	1
0.2226 	1
0.2233 	1
0.224 	1
0.2247 	1
0.2254 	1
0.2261 	1
0.2268 	1
0.2275 	1
0.2282 	1
0.2289 	1
0.2296 	1
0.2303 	1
0.231 	1
0.2317 	1
0.2324 	1
0.2331 	1
0.2338 	1
0.2345 	1
0.2352 	1
0.2359 	1
0.2366 	1
0.2373 	1
0.238 	1
0.2387 	1
0.2394 	1
0.2401 	1
0.2408 	1
0.2415 	1
0.2422 	1
0.2429 	1
0.2436 	1
0.2443 	1
0.245 	1
0.2457 	1
0.2464 	1
0.2471 	1
0.2478 	1
0.2485 	1
0.2492 	0.999999
0.2499 	0.999999
0.2506 	0.999999
0.2513 	0.999998
0.252 	0.999997
0.2527 	0.999996
0.2534 	0.999995
0.2541 	0.999994
0.2548 	0.999994
0.2555 	0.999986
0.2562 	0.999976
0.2569 	0.999967
0.2576 	0.999957
0.2583 	0.999947
0.259 	0.999937
0.2597 	0.999927
0.2604 	0.999847
0.2611 	0.999713
0.2618 	0.999579
0.2625 	0.999445
0.2632 	0.999311
0.2639 	0.999177
0.2646 	0.999043
0.2653 	0.997628
0.266 	0.994503
0.2667 	0.991376
0.2674 	0.988249
0.2681 	0.985122
0.2688 	0.981995
0.2695 	0.978868
0.2702 	0.966476
0.2709 	0.930868
0.2716 	0.895256
0.2723 	0.859642
0.273 	0.824027
0.2737 	0.788412
0.2744 	0.752798
0.2751 	0.713265
0.2758 	0.650335
0.2765 	0.587404
0.2772 	0.524474
0.2779 	0.461544
0.2786 	0.398613
0.2793 	0.335683
0.28 	0.272753
0.2807 	0.23857
0.2814 	0.204404
0.2821 	0.170243
0.2828 	0.136081
0.2835 	0.10192
0.2842 	0.0677589
0.2849 	0.0335977
0.2856 	0.0253575
0.2863 	0.0214237
0.287 	0.0174912
0.2877 	0.0135586
0.2884 	0.00962611
0.2891 	0.00569358
0.2898 	0.00176104
0.2905 	0.000575723
0.2912 	0.00048646
0.2919 	0.000397231
0.2926 	0.000308005
0.2933 	0.000218778
0.294 	0.000129551
0.2947 	4.03246e-05
0.2954 	1.96318e-06
0.2961 	1.66443e-06
0.2968 	1.36579e-06
0.2975 	1.06717e-06
0.2982 	7.68557e-07
0.2989 	4.6994e-07
0.2996 	1.71323e-07
0.3003 	8.00778e-10
0.301 	6.82529e-10
0.3017 	5.64312e-10
0.3024 	4.46113e-10
0.3031 	3.27914e-10
0.3038 	2.09715e-10
0.3045 	9.15152e-11
0.3052 	7.1698e-12
0.3059 	7.2265e-12
0.3066 	7.2829e-12
0.3073 	7.339e-12
0.308 	7.3951e-12
0.3087 	7.4512e-12
0.3094 	7.50729e-12
0.3101 	7.54956e-12
0.3108 	7.5086e-12
0.3115 	7.46747e-12
0.3122 	7.42604e-12
0.3129 	7.38461e-12
0.3136 	7.34318e-12
0.3143 	7.30175e-12
0.315 	7.26028e-12
0.3157 	7.01483e-12
0.3164 	6.76928e-12
0.3171 	6.5237e-12
0.3178 	6.27812e-12
0.3185 	6.03253e-12
0.3192 	5.78695e-12
0.3199 	5.54137e-12
0.3206 	5.16977e-12
0.3213 	4.77726e-12
0.322 	4.38518e-12
0.3227 	3.99311e-12
0.3234 	3.60103e-12
0.3241 	3.20895e-12
0.3248 	2.81687e-12
0.3255 	2.50155e-12
0.3262 	2.21706e-12
0.3269 	1.93315e-12
0.3276 	1.64928e-12
0.3283 	1.36541e-12
0.329 	1.08154e-12
0.3297 	7.97673e-13
0.3304 	6.26589e-13
0.3311 	5.40043e-13
0.3318 	4.53709e-13
0.3325 	3.67432e-13
0.3332 	2.81156e-13
0.3339 	1.94879e-13
0.3346 	1.08603e-13
0.3353 	5.58325e-14
0.336 	4.76565e-14
0.3367 	3.95019e-14
0.3374 	3.1359e-14
0.3381 	2.32161e-14
0.3388 	1.50733e-14
0.3395 	6.9304e-15
0.3402 	1.07361e-15
0.3409 	9.16838e-16
0.3416 	7.60457e-16
0.3423 	6.04467e-16
0.343 	4.48477e-16
0.3437 	2.92488e-16
0.3444 	1.36498e-16
0.3451 	2.82187e-18
0.3458 	2.417e-18
0.3465 	2.01297e-18
0.3472 	1.61047e-18
0.3479 	1.20797e-18
0.3486 	8.05473e-19
0.3493 	4.02974e-19
0.35 	7.0303e-22
0.3507 	6.04061e-22
0.3514 	5.05287e-22
0.3521 	4.07033e-22
0.3528 	3.08778e-22
0.3535 	2.10523e-22
0.3542 	1.12269e-22
0.3549 	1.40141e-23
0.3556 	2.92491e-26
0.3563 	2.45717e-26
0.357 	1.99228e-26
0.3577 	1.52739e-26
0.3584 	1.0625e-26
0.3591 	5.97607e-27
0.3598 	1.32717e-27
0.3605 	1.38445e-30
0.3612 	1.16792e-30
0.3619 	9.52683e-31
0.3626 	7.37549e-31
0.3633 	5.22416e-31
0.364 	3.07282e-31
0.3647 	9.21484e-32
0.3654 	6.40552e-35
0.3661 	5.4257e-35
0.3668 	4.45073e-35
0.3675 	3.47708e-35
0.3682 	2.50343e-35
0.3689 	1.52978e-35
0.3696 	5.56132e-36
0.3703 	2.91368e-39
0.371 	2.47759e-39
0.3717 	2.04321e-39
0.3724 	1.60978e-39
0.3731 	1.17635e-39
0.3738 	7.42916e-40
0.3745 	3.09486e-40
0.3752 	1.30993e-43
0.3759 	1.118e-43
0.3766 	9.26646e-44
0.3773 	7.35856e-44
0.378 	5.45066e-44
0.3787 	3.54277e-44
0.3794 	1.63487e-44
0.3801 	5.82998e-48
0.3808 	4.99344e-48
0.3815 	4.1586e-48
0.3822 	3.32684e-48
0.3829 	2.49508e-48
0.3836 	1.66331e-48
0.3843 	8.31552e-49
0.385 	2.56285e-52
0.3857 	2.20241e-52
0.3864 	1.84255e-52
0.3871 	1.48426e-52
0.3878 	1.12596e-52
0.3885 	7.67674e-53
0.3892 	4.09383e-53
0.3899 	5.10924e-54
0.3906 	9.55138e-57
0.3913 	8.02533e-57
0.392 	6.50695e-57
0.3927 	4.98857e-57
0.3934 	3.47019e-57
0.3941 	1.95181e-57
0.3948 	4.33426e-58
0.3955 	4.05658e-61
0.3962 	3.42273e-61
0.3969 	2.792e-61
0.3976 	2.16151e-61
0.3983 	1.53102e-61
0.399 	9.00531e-62
0.3997 	2.70042e-62
0.4004 	1.6834e-65
0.4011 	1.42613e-65
0.4018 	1.16991e-65
0.4025 	9.13974e-66
0.4032 	6.58041e-66
0.4039 	4.02109e-66
0.4046 	1.46177e-66
0.4053 	6.82314e-70
0.406 	5.80268e-70
0.4067 	4.78561e-70
0.4074 	3.77042e-70
0.4081 	2.75523e-70
0.4088 	1.74004e-70
0.4095 	7.2485e-71
0.4102 	2.66098e-74
0.4109 	2.24116e-74
0.4116 	1.83431e-74
0.4123 	1.44042e-74
0.413 	1.04653e-74
0.4137 	6.52646e-75
0.4144 	2.58759e-75
0.4151 	-8.30785e-76
0.4158 	-1.14259e-75
0.4165 	-1.3431e-75
0.4172 	-1.34325e-75
0.4179 	-1.3434e-75
0.4186 	-1.34355e-75
0.4193 	-1.3437e-75
0.42 	-1.3439e-75
0.4207 	-1.38102e-75
0.4214 	-1.41023e-75
0.4221 	-1.41024e-75
0.4228 	-1.41025e-75
0.4235 	-1.41025e-75
0.4242 	-1.41026e-75
0.4249 	-1.41027e-75
0.4256 	-1.3292e-75
0.4263 	-1.24132e-75
0.427 	-1.24132e-75
0.4277 	-1.24132e-75
0.4284 	-1.24132e-75
0.4291 	-1.24133e-75
0.4298 	-1.24133e-75
0.4305 	-1.13543e-75
0.4312 	-9.87048e-76
0.4319 	-9.76449e-76
0.4326 	-9.76448e-76
0.4333 	-9.76446e-76
0.434 	-9.76445e-76
0.4347 	-9.76444e-76
0.4354 	-8.89059e-76
0.4361 	-7.35989e-76
0.4368 	-7.03187e-76
0.4375 	-7.03185e-76
0.4382 	-7.03182e-76
0.4389 	-7.0318e-76
0.4396 	-7.03178e-76
0.4403 	-6.47031e-76
0.441 	-5.15859e-76
0.4417 	-4.6901e-76
0.4424 	-4.69008e-76
0.4431 	-4.69005e-76
0.4438 	-4.69003e-76
0.4445 	-4.69e-76
0.4452 	-4.40677e-76
0.4459 	-3.41362e-76
0.4466 	-2.91704e-76
0.4473 	-2.91702e-76
0.448 	-2.917e-76
0.4487 	-2.91697e-76
0.4494 	-2.91695e-76
0.4501 	-2.81991e-76
0.4508 	-2.13815e-76
0.4515 	-1.69988e-76
0.4522 	-1.69986e-76
0.4529 	-1.69984e-76
0.4536 	-1.69982e-76
0.4543 	-1.69981e-76
0.455 	-1.69985e-76
0.4557 	-1.26971e-76
0.4564 	-9.31604e-77
0.4571 	-9.31592e-77
0.4578 	-9.3158e-77
0.4585 	-9.31568e-77
0.4592 	-9.31556e-77
0.4599 	-9.31544e-77
0.4606 	-7.15675e-77
0.4613 	-4.81672e-77
0.462 	-4.81664e-77
0.4627 	-4.81656e-77
0.4634 	-4.81649e-77
0.4641 	-4.81641e-77
0.4648 	-4.81633e-77
0.4655 	-3.83262e-77
0.4662 	-2.45441e-77
0.4669 	-2.35593e-77
0.4676 	-2.35588e-77
0.4683 	-2.35583e-77
0.469 	-2.35579e-77
0.4697 	-2.35574e-77
0.4704 	-1.95185e-77
0.4711 	-1.24442e-77
0.4718 	-1.0928e-77
0.4725 	-1.09278e-77
0.4732 	-1.09275e-77
0.4739 	-1.09273e-77
0.4746 	-1.0927e-77
0.4753 	-9.46209e-78
0.476 	-6.04003e-78
0.4767 	-4.81778e-78
0.4774 	-4.81765e-78
0.4781 	-4.81752e-78
0.4788 	-4.81739e-78
0.4795 	-4.81725e-78
0.4802 	-4.37077e-78
0.4809 	-2.80549e-78
0.4816 	-2.02282e-78
0.4823 	-2.02275e-78
0.483 	-2.02268e-78
0.4837 	-2.02262e-78
0.4844 	-2.02255e-78
0.4851 	-1.92586e-78
0.4858 	-1.24686e-78
0.4865 	-8.10355e-79
0.4872 	-8.10324e-79
0.4879 	-8.10294e-79
0.4886 	-8.10264e-79
0.4893 	-8.10234e-79
0.49 	-8.10229e-79
0.4907 	-5.30311e-79
0.4914 	-3.10277e-79
0.4921 	-3.10264e-79
0.4928 	-3.10251e-79
0.4935 	-3.10237e-79
0.4942 	-3.10224e-79
0.4949 	-3.10211e-79
0.4956 	-2.15929e-79
0.4963 	-1.13729e-79
0.497 	-1.13724e-79
0.4977 	-1.13718e-79
0.4984 	-1.13712e-79
0.4991 	-1.13707e-79
0.4998 	-1.13701e-79
0.5005 	-8.42189e-80
0.5012 	-4.29155e-80
0.5019 	-3.99632e-80
0.5026 	-3.99609e-80
0.5033 	-3.99587e-80
0.504 	-3.99565e-80
0.5047 	-3.99543e-80
0.5054 	-3.1488e-80
0.5061 	-1.66602e-80
0.5068 	-1.34822e-80
0.5075 	-1.34813e-80
0.5082 	-1.34805e-80
0.5089 	-1.34796e-80
0.5096 	-1.34788e-80
0.5103 	-1.12949e-80
0.511 	-6.19423e-81
0.5117 	-4.37235e-81
0.5124 	-4.37204e-81
0.5131 	-4.37173e-81
0.5138 	-4.37142e-81
0.5145 	-4.3711e-81
0.5152 	-3.89064e-81
0.5159 	-2.20675e-81
0.5166 	-1.36475e-81
0.5173 	-1.36464e-81
0.518 	-1.36454e-81
0.5187 	-1.36443e-81
0.5194 	-1.36432e-81
0.5201 	-1.28818e-81
0.5208 	-7.53927e-82
0.5215 	-4.10466e-82
0.5222 	-4.1043e-82
0.5229 	-4.10394e-82
0.5236 	-4.10357e-82
0.5243 	-4.10321e-82
0.525 	-4.10297e-82
0.5257 	-2.47251e-82
0.5264 	-1.19085e-82
0.5271 	-1.19073e-82
0.5278 	-1.19062e-82
0.5285 	-1.1905e-82
0.5292 	-1.19038e-82
0.5299 	-1.19027e-82
0.5306 	-7.79192e-83
0.5313 	-3.3361e-83
0.532 	-3.33574e-83
0.5327 	-3.33538e-83
0.5334 	-3.33503e-83
0.5341 	-3.33467e-83
0.5348 	-3.33431e-83
0.5355 	-2.36227e-83
0.5362 	-1.00059e-83
0.5369 	-9.03226e-84
0.5376 	-9.0312e-84
0.5383 	-9.03015e-84
0.539 	-9.02909e-84
0.5397 	-9.02803e-84
0.5404 	-6.89726e-84
0.5411 	-3.16589e-84
0.5418 	-2.36608e-84
0.5425 	-2.36578e-84
0.5432 	-2.36547e-84
0.5439 	-2.36517e-84
0.5446 	-2.36487e-84
0.5453 	-1.94161e-84
0.546 	-9.53216e-85
0.5467 	-6.00167e-85
0.5474 	-6.00084e-85
0.5481 	-6.00002e-85
0.5488 	-5.9992e-85
0.5495 	-5.99837e-85
0.5502 	-5.27529e-85
0.5509 	-2.74206e-85
0.5516 	-1.47534e-85
0.5523 	-1.47512e-85
0.553 	-1.4749e-85
0.5537 	-1.47468e-85
0.5544 	-1.47447e-85
0.5551 	-1.38477e-85
0.5558 	-7.55988e-86
0.5565 	-3.51751e-86
0.5572 	-3.51695e-86
0.5579 	-3.51639e-86
0.5586 	-3.51584e-86
0.5593 	-3.51528e-86
0.56 	-3.51482e-86
0.5607 	-2.00268e-86
0.5614 	-8.14022e-87
0.5621 	-8.13885e-87
0.5628 	-8.13747e-87
0.5635 	-8.1361e-87
0.5642 	-8.13472e-87
0.5649 	-8.13335e-87
0.5656 	-5.10849e-87
0.5663 	-1.82984e-87
0.567 	-1.82951e-87
0.5677 	-1.82919e-87
0.5684 	-1.82886e-87
0.5691 	-1.82853e-87
0.5698 	-1.8282e-87
0.5705 	-1.25703e-87
0.5712 	-4.5697e-88
0.5719 	-3.99752e-88
0.5726 	-3.99676e-88
0.5733 	-3.99599e-88
0.574 	-3.99523e-88
0.5747 	-3.99447e-88
0.5754 	-2.98853e-88
0.5761 	-1.22718e-88
0.5768 	-8.49613e-89
0.5775 	-8.49441e-89
0.5782 	-8.49269e-89
0.5789 	-8.49097e-89
0.5796 	-8.48925e-89
0.5803 	-6.87438e-89
0.581 	-3.10427e-89
0.5817 	-1.75756e-89
0.5824 	-1.75718e-89
0.5831 	-1.7568e-89
0.5838 	-1.75643e-89
0.5845 	-1.75605e-89
0.5852 	-1.53185e-89
0.5859 	-7.46709e-90
0.5866 	-3.54101e-90
0.5873 	-3.54021e-90
0.588 	-3.53941e-90
0.5887 	-3.5386e-90
0.5894 	-3.5378e-90
0.5901 	-3.3105e-90
0.5908 	-1.71864e-90
0.5915 	-6.9524e-91
0.5922 	-6.95074e-91
0.5929 	-6.94908e-91
0.5936 	-6.94743e-91
0.5943 	-6.94577e-91
0.595 	-6.94429e-91
0.5957 	-3.8015e-91
0.5964 	-1.33102e-91
0.5971 	-1.33069e-91
0.5978 	-1.33035e-91
0.5985 	-1.33002e-91
0.5992 	-1.32969e-91
0.5999 	-1.32935e-91
0.6006 	-8.10729e-92
0.6013 	-2.48612e-92
0.602 	-2.48546e-92
0.6027 	-2.48481e-92
0.6034 	-2.48415e-92
0.6041 	-2.48349e-92
0.6048 	-2.48284e-92
0.6055 	-1.67124e-92
0.6062 	-5.34481e-93
0.6069 	-4.53168e-93
0.6076 	-4.53042e-93
0.6083 	-4.52917e-93
0.609 	-4.52791e-93
0.6097 	-4.52666e-93
0.6104 	-3.33675e-93
0.6111 	-1.25356e-93
0.6118 	-8.06974e-94
0.6125 	-8.0674e-94
0.6132 	-8.06505e-94
0.6139 	-8.06271e-94
0.6146 	-8.06037e-94
0.6153 	-6.46332e-94
0.616 	-2.73575e-94
0.6167 	-1.4042e-94
0.6174 	-1.40377e-94
0.6181 	-1.40335e-94
0.6188 	-1.40292e-94
0.6195 	-1.40249e-94
0.6202 	-1.21633e-94
0.6209 	-5.64722e-95
0.6216 	-2.3888e-95
0.6223 	-2.38804e-95
0.623 	-2.38728e-95
0.6237 	-2.38652e-95
0.6244 	-2.38576e-95
0.6251 	-2.2266e-95
0.6258 	-1.11325e-95
0.6265 	-3.97485e-96
0.6272 	-3.97353e-96
0.6279 	-3.9722e-96
0.6286 	-3.97088e-96
0.6293 	-3.96956e-96
0.63 	-3.96833e-96
0.6307 	-2.10889e-96
0.6314 	-6.4722e-97
0.6321 	-6.46994e-97
0.6328 	-6.46769e-97
0.6335 	-6.46544e-97
0.6342 	-6.46319e-97
0.6349 	-6.46093e-97
0.6356 	-3.85553e-97
0.6363 	-1.03173e-97
0.637 	-1.03136e-97
0.6377 	-1.03099e-97
0.6384 	-1.03061e-97
0.6391 	-1.03024e-97
0.6398 	-1.02986e-97
0.6405 	-6.82426e-98
0.6412 	-1.95839e-98
0.6419 	-1.61026e-98
0.6426 	-1.60965e-98
0.6433 	-1.60904e-98
0.644 	-1.60843e-98
0.6447 	-1.60781e-98
0.6454 	-1.17224e-98
0.6461 	-4.098e-99
0.6468 	-2.46343e-99
0.6475 	-2.46246e-99
0.6482 	-2.46148e-99
0.6489 	-2.46051e-99
0.6496 	-2.45953e-99
0.6503 	-1.95794e-99
0.651 	-7.87526e-100
0.6517 	-3.69424e-100
0.6524 	-3.69272e-100
0.6531 	-3.6912e-100
0.6538 	-3.68967e-100
0.6545 	-3.68815e-100
0.6552 	-3.18479e-100
0.6559 	-1.42386e-100
0.6566 	-5.4328e-101
0.6573 	-5.43046e-101
0.658 	-5.42813e-101
0.6587 	-5.4258e-101
0.6594 	-5.42347e-101
0.6601 	-5.05161e-101
0.6608 	-2.45389e-101
0.6615 	-7.83795e-102
0.6622 	-7.83445e-102
0.6629 	-7.83094e-102
0.6636 	-7.82744e-102
0.6643 	-7.82393e-102
0.665 	-7.82061e-102
0.6657 	-4.0633e-102
0.6664 	-1.10974e-102
0.6671 	-1.10923e-102
0.6678 	-1.10871e-102
0.6685 	-1.10819e-102
0.6692 	-1.10768e-102
0.6699 	-1.10716e-102
0.6706 	-6.49862e-103
0.6713 	-1.54252e-103
0.672 	-1.54177e-103
0.6727 	-1.54102e-103
0.6734 	-1.54028e-103
0.6741 	-1.53953e-103
0.6748 	-1.53879e-103
0.6755 	-1.00758e-103
0.6762 	-2.6368e-104
0.6769 	-2.10447e-104
0.6776 	-2.10341e-104
0.6783 	-2.10235e-104
0.679 	-2.10129e-104
0.6797 	-2.10023e-104
0.6804 	-1.51851e-104
0.6811 	-5.00438e-105
0.6818 	-2.82163e-105
0.6825 	-2.82016e-105
0.6832 	-2.81869e-105
0.6839 	-2.81721e-105
0.6846 	-2.81574e-105
0.6853 	-2.22906e-105
0.686 	-8.60568e-106
0.6867 	-3.71693e-106
0.6874 	-3.71491e-106
0.6881 	-3.71289e-106
0.6888 	-3.71088e-106
0.6895 	-3.70886e-106
0.6902 	-3.19196e-106
0.6909 	-1.38483e-106
0.6916 	-4.81128e-107
0.6923 	-4.80857e-107
0.693 	-4.80586e-107
0.6937 	-4.80315e-107
0.6944 	-4.80044e-107
0.6951 	-4.5021e-107
0.6958 	-2.42298e-107
0.6965 	-1.0863e-107
0.6972 	-1.08598e-107
0.6979 	-1.08566e-107
0.6986 	-1.08535e-107
0.6993 	-1.08503e-107
0.7 	-1.08474e-107
