0 	1
0.0007 	1
0.0014 	1
0.0021 	1
0.0028 	1
0.0035 	1
0.0042 	1
0.0049 	1
0.0056 	1
0.0063 	1
0.007 	1
0.0077 	1
0.0084 	1
0.0091 	1
0.0098 	1
0.0105 	1
0.0112 	1
0.0119 	1
0.0126 	1
0.0133 	1
0.014 	1
0.0147 	1
0.0154 	1
0.0161 	1
0.0168 	1
0.0175 	1
0.0182 	1
0.0189 	1
0.0196 	1
0.0203 	1
0.021 	1
0.0217 	1
0.0224 	1
0.0231 	1
0.0238 	1
0.0245 	1
0.0252 	1
0.0259 	1
0.0266 	1
0.0273 	1
0.028 	1
0.0287 	1
0.0294 	1
0.0301 	1
0.0308 	1
0.0315 	1
0.0322 	1
0.0329 	1
0.0336 	1
0.0343 	1
0.035 	1
0.0357 	1
0.0364 	1
0.0371 	1
0.0378 	1
0.0385 	1
0.0392 	1
0.0399 	1
0.0406 	1
0.0413 	1
0.042 	1
0.0427 	1
0.0434 	1
0.0441 	1
0.0448 	1
0.0455 	1
0.0462 	1
0.0469 	1
0.0476 	1
0.0483 	1
0.049 	1
0.0497 	1
0.0504 	1
0.0511 	1
0.0518 	1
0.0525 	1
0.0532 	1
0.0539 	1
0.0546 	1
0.0553 	1
0.056 	1
0.0567 	1
0.0574 	1
0.0581 	1
0.0588 	1
0.0595 	1
0.0602 	1
0.0609 	1
0.0616 	1
0.0623 	1
0.063 	1
0.0637 	1
0.0644 	1
0.0651 	1
0.0658 	1
0.0665 	1
0.0672 	1
0.0679 	1
0.0686 	1
0.0693 	1
0.07 	1
0.0707 	1
0.0714 	1
0.0721 	1
0.0728 	1
0.0735 	1
0.0742 	1
0.0749 	1
0.0756 	1
0.0763 	1
0.077 	1
0.0777 	1
0.0784 	1
0.0791 	1
0.0798 	1
0.0805 	1
0.0812 	1
0.0819 	1
0.0826 	1
0.0833 	1
0.084 	1
0.0847 	1
0.0854 	1
0.0861 	1
0.0868 	1
0.0875 	1
0.0882 	1
0.0889 	1
0.0896 	1
0.0903 	1
0.091 	1
0.0917 	1
0.0924 	1
0.0931 	1
0.0938 	1
0.0945 	1
0.0952 	1
0.0959 	1
0.0966 	1
0.0973 	1
0.098 	1
0.0987 	1
0.0994 	1
0.1001 	1
0.1008 	1
0.1015 	1
0.1022 	1
0.1029 	1
0.1036 	1
0.1043 	1
0.105 	1
0.1057 	1
0.1064 	1
0.1071 	1
0.1078 	1
0.1085 	1
0.1092 	1
0.1099 	1
0.1106 	1
0.1113 	1
0.112 	1
0.1127 	1
0.1134 	1
0.1141 	1
0.1148 	1
0.1155 	1
0.1162 	1
0.1169 	1
0.1176 	1
0.1183 	1
0.119 	1
0.1197 	1
0.1204 	1
0.1211 	1
0.1218 	1
0.1225 	1
0.1232 	1
0.1239 	1
0.1246 	1
0.1253 	1
0.126 	1
0.1267 	1
0.1274 	1
0.1281 	1
0.1288 	1
0.1295 	1
0.1302 	1
0.1309 	1
0.1316 	1
0.1323 	1
0.133 	1
0.1337 	1
0.1344 	1
0.1351 	1
0.1358 	1
0.1365 	1
0.1372 	1
0.1379 	1
0.1386 	1
0.1393 	1
0.14 	1
0.1407 	1
0.1414 	1
0.1421 	1
0.1428 	1
0.1435 	1
0.1442 	1
0.1449 	1
0.1456 	1
0.1463 	1
0.147 	1
0.1477 	1
0.1484 	1
0.1491 	1
0.1498 	1
0.1505 	1
0.1512 	1
0.1519 	1
0.1526 	1
0.1533 	1
0.154 	1
0.1547 	1
0.1554 	1
0.1561 	1
0.1568 	1
0.1575 	1
0.1582 	1
0.1589 	1
0.1596 	1
0.1603 	1
0.161 	1
0.1617 	1
0.1624 	1
0.1631 	1
0.1638 	1
0.1645 	1
0.1652 	1
0.1659 	1
0.1666 	1
0.1673 	1
0.168 	1
0.1687 	1
0.1694 	1
0.1701 	1
0.1708 	1
0.1715 	1
0.1722 	1
0.1729 	1
0.1736 	1
0.1743 	1
0.175 	1
0.1757 	1
0.1764 	1
0.1771 	1
0.1778 	1
0.1785 	1
0.1792 	1
0.1799 	1
0.1806 	1
0.1813 	1
0.182 	1
0.1827 	1
0.1834 	1
0.1841 	1
0.1848 	1
0.1855 	1
0.1862 	1
0.1869 	1
0.1876 	1
0.1883 	1
0.189 	1
0.1897 	1
0.1904 	1
0.1911 	1
0.1918 	1
0.1925 	1
0.1932 	1
0.1939 	1
0.1946 	1
0.1953 	1
0.196 	1
0.1967 	1
0.1974 	1
0.1981 	1
0.1988 	1
0.1995 	1
0.2002 	1
0.2009 	1
0.2016 	1
0.2023 	1
0.203 	1
0.2037 	1
0.2044 	1
0.2051 	1
0.2058 	1
0.2065 	1
0.2072 	1
0.2079 	1
0.2086 	1
0.2093 	1
0.21 	1
0.2107 	1
0.2114 	1
0.2121 	1
0.2128 	1
0.2135 	1
0.2142 	1
0.2149 	1
0.2156 	1
0.2163 	1
0.217 	1
0.2177 	1
0.2184 	1
0.2191 	1
0.2198 	1
0.2205 	1
0.2212 	1
0.2219 	1
0.2226 	1
0.2233 	1
0.224 	1
0.2247 	1
0.2254 	1
0.2261 	1
0.2268 	1
0.2275 	1
0.2282 	0.999999
0.2289 	0.999999
0.2296 	0.999999
0.2303 	0.999998
0.231 	0.999998
0.2317 	0.999915
0.2324 	0.999787
0.2331 	0.999659
0.2338 	0.999497
0.2345 	0.999191
0.2352 	0.99889
0.2359 	0.998599
0.2366 	0.995083
0.2373 	0.988343
0.238 	0.981603
0.2387 	0.974455
0.2394 	0.960578
0.2401 	0.946263
0.2408 	0.932076
0.2415 	0.906345
0.2422 	0.859835
0.2429 	0.813325
0.2436 	0.766319
0.2443 	0.692078
0.245 	0.610911
0.2457 	0.529873
0.2464 	0.452647
0.2471 	0.389404
0.2478 	0.326161
0.2485 	0.262997
0.2492 	0.212338
0.2499 	0.168034
0.2506 	0.123726
0.2513 	0.080915
0.252 	0.0575531
0.2527 	0.0341912
0.2534 	0.0108293
0.2541 	0.000148547
0.2548 	0.000116886
0.2555 	8.74259e-05
0.2562 	5.88471e-05
0.2569 	4.18049e-05
0.2576 	2.565e-05
0.2583 	9.49519e-06
0.259 	3.32084e-10
0.2597 	2.56087e-10
0.2604 	1.89697e-10
0.2611 	1.30512e-10
0.2618 	9.20413e-11
0.2625 	5.92204e-11
0.2632 	2.63995e-11
0.2639 	4.85171e-17
0.2646 	3.62953e-17
0.2653 	2.56445e-17
0.266 	1.70886e-17
0.2667 	1.17204e-17
0.2674 	8.12332e-18
0.2681 	4.5262e-18
0.2688 	2.5813e-23
0.2695 	2.00359e-23
0.2702 	1.46296e-23
0.2709 	1.01504e-23
0.2716 	6.86719e-24
0.2723 	4.78001e-24
0.273 	2.69284e-24
0.2737 	2.25846e-25
0.2744 	2.0789e-30
0.2751 	1.51061e-30
0.2758 	1.01796e-30
0.2765 	6.41136e-31
0.2772 	4.72809e-31
0.2779 	3.04481e-31
0.2786 	8.65854e-32
0.2793 	2.65515e-37
0.28 	2.02365e-37
0.2807 	1.3929e-37
0.2814 	8.5099e-38
0.2821 	6.34838e-38
0.2828 	4.18686e-38
0.2835 	1.82711e-38
0.2842 	2.5375e-44
0.2849 	2.00794e-44
0.2856 	1.38297e-44
0.2863 	7.75297e-45
0.287 	5.99151e-45
0.2877 	4.23005e-45
0.2884 	2.46859e-45
0.2891 	1.7579e-51
0.2898 	1.51704e-51
0.2905 	1.07712e-51
0.2912 	5.57581e-52
0.2919 	4.25299e-52
0.2926 	3.22806e-52
0.2933 	2.20312e-52
0.294 	8.71616e-59
0.2947 	8.7121e-59
0.2954 	6.77865e-59
0.2961 	3.39815e-59
0.2968 	2.34121e-59
0.2975 	1.91798e-59
0.2982 	1.49474e-59
0.2989 	2.23869e-66
0.2996 	3.38693e-66
0.3003 	3.30047e-66
0.301 	1.56773e-66
0.3017 	9.01612e-67
0.3024 	8.28061e-67
0.3031 	7.5451e-67
0.3038 	3.29438e-74
0.3045 	9.94217e-74
0.3052 	1.27911e-73
0.3059 	6.14266e-74
0.3066 	2.81699e-74
0.3073 	2.81404e-74
0.308 	2.81108e-74
0.3087 	4.74752e-75
0.3094 	3.43419e-81
0.3101 	5.10596e-81
0.3108 	2.65239e-81
0.3115 	1.07036e-81
0.3122 	1.05708e-81
0.3129 	1.0438e-81
0.3136 	5.24282e-82
0.3143 	6.18859e-90
0.315 	3.03365e-90
0.3157 	2.30566e-90
0.3164 	1.62965e-90
0.3171 	1.1442e-90
0.3178 	6.58753e-91
0.3185 	1.73315e-91
0.3192 	1.11825e-96
0.3199 	1.16767e-96
0.3206 	7.77809e-97
0.3213 	3.44108e-97
0.322 	2.92198e-97
0.3227 	2.40288e-97
0.3234 	1.88377e-97
0.3241 	5.10478e-107
0.3248 	5.85583e-107
0.3255 	5.53409e-107
0.3262 	4.78323e-107
0.3269 	3.33549e-107
0.3276 	1.83414e-107
0.3283 	3.32794e-108
0.329 	2.71248e-111
0.3297 	4.36015e-111
0.3304 	3.80884e-111
0.3311 	1.60831e-111
0.3318 	1.08054e-111
0.3325 	1.00898e-111
0.3332 	9.37419e-112
0.3339 	4.321e-124
0.3346 	2.44708e-123
0.3353 	2.73513e-123
0.336 	7.20625e-124
0.3367 	1.15923e-126
0.3374 	1.15923e-126
0.3381 	1.15922e-126
0.3388 	1.14051e-126
0.3395 	9.83246e-127
0.3402 	7.8145e-127
0.3409 	4.68338e-127
0.3416 	2.81146e-127
0.3423 	2.19874e-127
0.343 	1.58602e-127
0.3437 	2.01726e-128
0.3444 	5.05014e-142
0.3451 	8.9091e-142
0.3458 	3.64003e-142
0.3465 	2.52766e-143
0.3472 	2.52768e-143
0.3479 	2.52769e-143
0.3486 	2.5277e-143
0.3493 	1.82324e-143
0.35 	9.2666e-144
0.3507 	7.10929e-144
0.3514 	5.08583e-144
0.3521 	3.55315e-144
0.3528 	2.02048e-144
0.3535 	4.9672e-145
0.3542 	2.00905e-148
0.3549 	1.45084e-148
0.3556 	1.10416e-148
0.3563 	7.98338e-149
0.357 	5.65479e-149
0.3577 	3.32619e-149
0.3584 	9.976e-150
0.3591 	5.14477e-190
0.3598 	1.05514e-189
0.3605 	8.18504e-190
0.3612 	2.70943e-190
0.3619 	2.31012e-190
0.3626 	2.30128e-190
0.3633 	2.29244e-190
0.364 	2.89322e-193
0.3647 	6.48861e-193
0.3654 	5.95172e-193
0.3661 	2.31562e-193
0.3668 	1.53235e-193
0.3675 	1.52712e-193
0.3682 	1.52189e-193
0.3689 	1.0485e-196
0.3696 	2.64277e-196
0.3703 	2.86381e-196
0.371 	1.25388e-196
0.3717 	6.77612e-197
0.3724 	6.75593e-197
0.3731 	6.73574e-197
0.3738 	1.59975e-200
0.3745 	4.75448e-200
0.3752 	6.10027e-200
0.3759 	2.92368e-200
0.3766 	1.33396e-200
0.3773 	1.33111e-200
0.378 	1.32826e-200
0.3787 	2.26696e-201
0.3794 	3.89142e-205
0.3801 	5.92197e-205
0.3808 	3.0518e-205
0.3815 	1.20563e-205
0.3822 	1.20267e-205
0.3829 	1.1997e-205
0.3836 	6.14722e-206
0.3843 	1.87945e-208
0.385 	3.41452e-208
0.3857 	1.86662e-208
0.3864 	6.50061e-209
0.3871 	6.48399e-209
0.3878 	6.46737e-209
0.3885 	5.52277e-209
0.3892 	9.94659e-212
0.3899 	1.91693e-211
0.3906 	1.25238e-211
0.3913 	3.89661e-212
0.392 	3.88782e-212
0.3927 	3.87904e-212
0.3934 	3.87026e-212
0.3941 	4.55224e-215
0.3948 	9.43272e-215
0.3955 	7.31907e-215
0.3962 	2.40776e-215
0.3969 	2.0532e-215
0.3976 	2.04917e-215
0.3983 	2.04513e-215
0.399 	1.82274e-218
0.3997 	4.13853e-218
0.4004 	3.80062e-218
0.4011 	1.47243e-218
0.4018 	9.72249e-219
0.4025 	9.70613e-219
0.4032 	9.68976e-219
0.4039 	5.96491e-222
0.4046 	1.526e-221
0.4053 	1.65699e-221
0.406 	7.23297e-222
0.4067 	3.89477e-222
0.4074 	3.8892e-222
0.4081 	3.88362e-222
0.4088 	1.51606e-225
0.4095 	4.56866e-225
0.4102 	5.87364e-225
0.4109 	2.80955e-225
0.4116 	1.27673e-225
0.4123 	1.27518e-225
0.413 	1.27363e-225
0.4137 	2.19037e-226
0.4144 	1.11099e-228
0.4151 	1.69759e-228
0.4158 	8.73214e-229
0.4165 	3.43131e-229
0.4172 	3.42775e-229
0.4179 	3.42419e-229
0.4186 	1.7661e-229
0.4193 	2.17584e-232
0.42 	3.97754e-232
0.4207 	2.17089e-232
0.4214 	7.51238e-233
0.4221 	7.50555e-233
0.4228 	7.49871e-233
0.4235 	6.45e-233
0.4242 	3.42226e-236
0.4249 	6.64011e-236
0.4256 	4.33509e-236
0.4263 	1.33991e-236
0.427 	1.33884e-236
0.4277 	1.33776e-236
0.4284 	1.33669e-236
0.4291 	4.32432e-240
0.4298 	9.0283e-240
0.4305 	7.00569e-240
0.4312 	2.29245e-240
0.4319 	1.95456e-240
0.4326 	1.95324e-240
0.4333 	1.95191e-240
0.434 	4.16825e-244
0.4347 	9.54719e-244
0.4354 	8.77414e-244
0.4361 	3.38709e-244
0.4368 	2.23178e-244
0.4375 	2.23058e-244
0.4382 	2.22937e-244
0.4389 	2.70795e-248
0.4396 	7.00248e-248
0.4403 	7.61406e-248
0.441 	3.31503e-248
0.4417 	1.77921e-248
0.4424 	1.77849e-248
0.4431 	1.77777e-248
0.4438 	1.00583e-252
0.4445 	3.07413e-252
0.4452 	3.96017e-252
0.4459 	1.89057e-252
0.4466 	8.55647e-253
0.4473 	8.5541e-253
0.448 	8.55174e-253
0.4487 	1.47827e-253
0.4494 	6.6421e-257
0.4501 	1.01764e-256
0.4508 	5.22655e-257
0.4515 	2.04439e-257
0.4522 	2.04403e-257
0.4529 	2.04366e-257
0.4536 	1.06061e-257
0.4543 	5.10674e-262
0.455 	9.36567e-262
0.4557 	5.1055e-262
0.4564 	1.75816e-262
0.4571 	1.75785e-262
0.4578 	1.75754e-262
0.4585 	1.52138e-262
0.4592 	3.19453e-267
0.4599 	6.22051e-267
0.4606 	4.05852e-267
0.4613 	1.24805e-267
0.462 	1.24786e-267
0.4627 	1.24766e-267
0.4634 	1.24747e-267
0.4641 	1.11704e-272
0.4648 	2.34159e-272
0.4655 	1.81669e-272
0.4662 	5.92022e-273
0.4669 	5.04492e-273
0.4676 	5.04434e-273
0.4683 	5.04375e-273
0.469 	2.60746e-279
0.4697 	5.99818e-279
0.4704 	5.51362e-279
0.4711 	2.12258e-279
0.4718 	1.39581e-279
0.4725 	1.39565e-279
0.4732 	1.3955e-279
0.4739 	1.0858e-288
0.4746 	2.82083e-288
0.4753 	3.06862e-288
0.476 	1.33344e-288
0.4767 	7.13679e-289
0.4774 	7.13599e-289
0.4781 	7.1352e-289
0.4788 	0
0.4795 	0
0.4802 	0
0.4809 	0
0.4816 	0
0.4823 	0
0.483 	0
0.4837 	0
0.4844 	0
0.4851 	0
0.4858 	0
0.4865 	0
0.4872 	0
0.4879 	0
0.4886 	0
0.4893 	0
0.49 	0
0.4907 	0
0.4914 	0
0.4921 	0
0.4928 	0
0.4935 	0
0.4942 	0
0.4949 	0
0.4956 	0
0.4963 	0
0.497 	0
0.4977 	0
0.4984 	0
0.4991 	0
0.4998 	0
0.5005 	0
0.5012 	0
0.5019 	0
0.5026 	0
0.5033 	0
0.504 	0
0.5047 	0
0.5054 	0
0.5061 	0
0.5068 	0
0.5075 	0
0.5082 	0
0.5089 	0
0.5096 	0
0.5103 	0
0.511 	0
0.5117 	0
0.5124 	0
0.5131 	0
0.5138 	0
0.5145 	0
0.5152 	0
0.5159 	0
0.5166 	0
0.5173 	0
0.518 	0
0.5187 	0
0.5194 	0
0.5201 	0
0.5208 	0
0.5215 	0
0.5222 	0
0.5229 	0
0.5236 	0
0.5243 	0
0.525 	0
0.5257 	0
0.5264 	0
0.5271 	0
0.5278 	0
0.5285 	0
0.5292 	0
0.5299 	0
0.5306 	0
0.5313 	0
0.532 	0
0.5327 	0
0.5334 	0
0.5341 	0
0.5348 	0
0.5355 	0
0.5362 	0
0.5369 	0
0.5376 	0
0.5383 	0
0.539 	0
0.5397 	0
0.5404 	0
0.5411 	0
0.5418 	0
0.5425 	0
0.5432 	0
0.5439 	0
0.5446 	0
0.5453 	0
0.546 	0
0.5467 	0
0.5474 	0
0.5481 	0
0.5488 	0
0.5495 	0
0.5502 	0
0.5509 	0
0.5516 	0
0.5523 	0
0.553 	0
0.5537 	0
0.5544 	0
0.5551 	0
0.5558 	0
0.5565 	0
0.5572 	0
0.5579 	0
0.5586 	0
0.5593 	0
0.56 	0
0.5607 	0
0.5614 	0
0.5621 	0
0.5628 	0
0.5635 	0
0.5642 	0
0.5649 	0
0.5656 	0
0.5663 	0
0.567 	0
0.5677 	0
0.5684 	0
0.5691 	0
0.5698 	0
0.5705 	0
0.5712 	0
0.5719 	0
0.5726 	0
0.5733 	0
0.574 	0
0.5747 	0
0.5754 	0
0.5761 	0
0.5768 	0
0.5775 	0
0.5782 	0
0.5789 	0
0.5796 	0
0.5803 	0
0.581 	0
0.5817 	0
0.5824 	0
0.5831 	0
0.5838 	0
0.5845 	0
0.5852 	0
0.5859 	0
0.5866 	0
0.5873 	0
0.588 	0
0.5887 	0
0.5894 	0
0.5901 	0
0.5908 	0
0.5915 	0
0.5922 	0
0.5929 	0
0.5936 	0
0.5943 	0
0.595 	0
0.5957 	0
0.5964 	0
0.5971 	0
0.5978 	0
0.5985 	0
0.5992 	0
0.5999 	0
0.6006 	0
0.6013 	0
0.602 	0
0.6027 	0
0.6034 	0
0.6041 	0
0.6048 	0
0.6055 	0
0.6062 	0
0.6069 	0
0.6076 	0
0.6083 	0
0.609 	0
0.6097 	0
0.6104 	0
0.6111 	0
0.6118 	0
0.6125 	0
0.6132 	0
0.6139 	0
0.6146 	0
0.6153 	0
0.616 	0
0.6167 	0
0.6174 	0
0.6181 	0
0.6188 	0
0.6195 	0
0.6202 	0
0.6209 	0
0.6216 	0
0.6223 	0
0.623 	0
0.6237 	0
0.6244 	0
0.6251 	0
0.6258 	0
0.6265 	0
0.6272 	0
0.6279 	0
0.6286 	0
0.6293 	0
0.63 	0
0.6307 	0
0.6314 	0
0.6321 	0
0.6328 	0
0.6335 	0
0.6342 	0
0.6349 	0
0.6356 	0
0.6363 	0
0.637 	0
0.6377 	0
0.6384 	0
0.6391 	0
0.6398 	0
0.6405 	0
0.6412 	0
0.6419 	0
0.6426 	0
0.6433 	0
0.644 	0
0.6447 	0
0.6454 	0
0.6461 	0
0.6468 	0
0.6475 	0
0.6482 	0
0.6489 	0
0.6496 	0
0.6503 	0
0.651 	0
0.6517 	0
0.6524 	0
0.6531 	0
0.6538 	0
0.6545 	0
0.6552 	0
0.6559 	0
0.6566 	0
0.6573 	0
0.658 	0
0.6587 	0
0.6594 	0
0.6601 	0
0.6608 	0
0.6615 	0
0.6622 	0
0.6629 	0
0.6636 	0
0.6643 	0
0.665 	0
0.6657 	0
0.6664 	0
0.6671 	0
0.6678 	0
0.6685 	0
0.6692 	0
0.6699 	0
0.6706 	0
0.6713 	0
0.672 	0
0.6727 	0
0.6734 	0
0.6741 	0
0.6748 	0
0.6755 	0
0.6762 	0
0.6769 	0
0.6776 	0
0.6783 	0
0.679 	0
0.6797 	0
0.6804 	0
0.6811 	0
0.6818 	0
0.6825 	0
0.6832 	0
0.6839 	0
0.6846 	0
0.6853 	0
0.686 	0
0.6867 	0
0.6874 	0
0.6881 	0
0.6888 	0
0.6895 	0
0.6902 	0
0.6909 	0
0.6916 	0
0.6923 	0
0.693 	0
0.6937 	0
0.6944 	0
0.6951 	0
0.6958 	0
0.6965 	0
0.6972 	0
0.6979 	0
0.6986 	0
0.6993 	0
0.7 	0
