0 	1
0.0007 	1
0.0014 	1
0.0021 	1
0.0028 	1
0.0035 	1
0.0042 	1
0.0049 	1
0.0056 	1
0.0063 	1
0.007 	1
0.0077 	1
0.0084 	1
0.0091 	1
0.0098 	1
0.0105 	1
0.0112 	1
0.0119 	1
0.0126 	1
0.0133 	1
0.014 	1
0.0147 	1
0.0154 	1
0.0161 	1
0.0168 	1
0.0175 	1
0.0182 	1
0.0189 	1
0.0196 	1
0.0203 	1
0.021 	1
0.0217 	1
0.0224 	1
0.0231 	1
0.0238 	1
0.0245 	1
0.0252 	1
0.0259 	1
0.0266 	1
0.0273 	1
0.028 	1
0.0287 	1
0.0294 	1
0.0301 	1
0.0308 	1
0.0315 	1
0.0322 	1
0.0329 	1
0.0336 	1
0.0343 	1
0.035 	1
0.0357 	1
0.0364 	1
0.0371 	1
0.0378 	1
0.0385 	1
0.0392 	1
0.0399 	1
0.0406 	1
0.0413 	1
0.042 	1
0.0427 	1
0.0434 	1
0.0441 	1
0.0448 	1
0.0455 	1
0.0462 	1
0.0469 	1
0.0476 	1
0.0483 	1
0.049 	1
0.0497 	1
0.0504 	1
0.0511 	1
0.0518 	1
0.0525 	1
0.0532 	1
0.0539 	1
0.0546 	1
0.0553 	1
0.056 	1
0.0567 	1
0.0574 	1
0.0581 	1
0.0588 	1
0.0595 	1
0.0602 	1
0.0609 	1
0.0616 	1
0.0623 	1
0.063 	1
0.0637 	1
0.0644 	1
0.0651 	1
0.0658 	1
0.0665 	1
0.0672 	1
0.0679 	1
0.0686 	1
0.0693 	1
0.07 	1
0.0707 	1
0.0714 	1
0.0721 	1
0.0728 	1
0.0735 	1
0.0742 	1
0.0749 	1
0.0756 	1
0.0763 	1
0.077 	1
0.0777 	1
0.0784 	1
0.0791 	1
0.0798 	1
0.0805 	1
0.0812 	1
0.0819 	1
0.0826 	1
0.0833 	1
0.084 	1
0.0847 	1
0.0854 	1
0.0861 	1
0.0868 	1
0.0875 	1
0.0882 	1
0.0889 	1
0.0896 	1
0.0903 	1
0.091 	1
0.0917 	1
0.0924 	1
0.0931 	1
0.0938 	1
0.0945 	1
0.0952 	1
0.0959 	1
0.0966 	1
0.0973 	1
0.098 	1
0.0987 	1
0.0994 	1
0.1001 	1
0.1008 	1
0.1015 	1
0.1022 	1
0.1029 	1
0.1036 	1
0.1043 	1
0.105 	1
0.1057 	1
0.1064 	1
0.1071 	1
0.1078 	1
0.1085 	1
0.1092 	1
0.1099 	1
0.1106 	1
0.1113 	1
0.112 	1
0.1127 	1
0.1134 	1
0.1141 	1
0.1148 	1
0.1155 	1
0.1162 	1
0.1169 	1
0.1176 	1
0.1183 	1
0.119 	1
0.1197 	1
0.1204 	1
0.1211 	1
0.1218 	1
0.1225 	1
0.1232 	1
0.1239 	1
0.1246 	1
0.1253 	1
0.126 	1
0.1267 	1
0.1274 	1
0.1281 	1
0.1288 	1
0.1295 	1
0.1302 	1
0.1309 	1
0.1316 	1
0.1323 	1
0.133 	1
0.1337 	1
0.1344 	1
0.1351 	1
0.1358 	1
0.1365 	1
0.1372 	1
0.1379 	1
0.1386 	1
0.1393 	1
0.14 	1
0.1407 	1
0.1414 	1
0.1421 	1
0.1428 	1
0.1435 	1
0.1442 	1
0.1449 	1
0.1456 	1
0.1463 	1
0.147 	1
0.1477 	1
0.1484 	1
0.1491 	1
0.1498 	1
0.1505 	1
0.1512 	1
0.1519 	1
0.1526 	1
0.1533 	1
0.154 	1
0.1547 	1
0.1554 	1
0.1561 	1
0.1568 	1
0.1575 	1
0.1582 	1
0.1589 	1
0.1596 	1
0.1603 	1
0.161 	1
0.1617 	1
0.1624 	1
0.1631 	1
0.1638 	1
0.1645 	1
0.1652 	1
0.1659 	1
0.1666 	1
0.1673 	1
0.168 	1
0.1687 	1
0.1694 	1
0.1701 	1
0.1708 	1
0.1715 	1
0.1722 	1
0.1729 	1
0.1736 	1
0.1743 	1
0.175 	1
0.1757 	1
0.1764 	1
0.1771 	1
0.1778 	1
0.1785 	1
0.1792 	1
0.1799 	1
0.1806 	1
0.1813 	1
0.182 	1
0.1827 	1
0.1834 	1
0.1841 	1
0.1848 	1
0.1855 	1
0.1862 	1
0.1869 	1
0.1876 	1
0.1883 	1
0.189 	1
0.1897 	1
0.1904 	1
0.1911 	1
0.1918 	1
0.1925 	1
0.1932 	1
0.1939 	1
0.1946 	1
0.1953 	1
0.196 	1
0.1967 	1
0.1974 	1
0.1981 	1
0.1988 	1
0.1995 	1
0.2002 	1
0.2009 	1
0.2016 	1
0.2023 	1
0.203 	1
0.2037 	1
0.2044 	1
0.2051 	1
0.2058 	1
0.2065 	1
0.2072 	1
0.2079 	1
0.2086 	1
0.2093 	1
0.21 	1
0.2107 	1
0.2114 	1
0.2121 	1
0.2128 	1
0.2135 	1
0.2142 	1
0.2149 	1
0.2156 	1
0.2163 	1
0.217 	1
0.2177 	1
0.2184 	1
0.2191 	1
0.2198 	1
0.2205 	1
0.2212 	1
0.2219 	1
0.2226 	1
0.2233 	1
0.224 	1
0.2247 	1
0.2254 	1
0.2261 	1
0.2268 	1
0.2275 	1
0.2282 	1
0.2289 	1
0.2296 	1
0.2303 	1
0.231 	1
0.2317 	1
0.2324 	1
0.2331 	1
0.2338 	1
0.2345 	1
0.2352 	1
0.2359 	1
0.2366 	1
0.2373 	1
0.238 	1
0.2387 	1
0.2394 	1
0.2401 	0.999929
0.2408 	0.999429
0.2415 	0.998929
0.2422 	0.998425
0.2429 	0.997922
0.2436 	0.997419
0.2443 	0.996915
0.245 	0.996412
0.2457 	0.926708
0.2464 	0.857
0.2471 	0.787294
0.2478 	0.717588
0.2485 	0.647882
0.2492 	0.578177
0.2499 	0.508471
0.2506 	0.438931
0.2513 	0.36943
0.252 	0.299933
0.2527 	0.230437
0.2534 	0.16094
0.2541 	0.0914435
0.2548 	0.0219468
0.2555 	0.00188802
0.2562 	0.00159719
0.2569 	0.00130316
0.2576 	0.0010089
0.2583 	0.000714634
0.259 	0.000420369
0.2597 	0.000126103
0.2604 	1.08134e-08
0.2611 	9.12396e-09
0.2618 	7.47684e-09
0.2625 	5.84125e-09
0.2632 	4.20567e-09
0.2639 	2.57008e-09
0.2646 	9.345e-10
0.2653 	5.04658e-15
0.266 	4.18716e-15
0.2667 	3.41459e-15
0.2674 	2.69027e-15
0.2681 	1.96595e-15
0.2688 	1.24163e-15
0.2695 	5.17316e-16
0.2702 	1.71893e-21
0.2709 	1.37943e-21
0.2716 	1.09678e-21
0.2723 	8.70966e-22
0.273 	6.45155e-22
0.2737 	4.19345e-22
0.2744 	1.93535e-22
0.2751 	4.84259e-28
0.2758 	3.72087e-28
0.2765 	2.79978e-28
0.2772 	2.23982e-28
0.2779 	1.67985e-28
0.2786 	1.11989e-28
0.2793 	5.59923e-29
0.28 	1.23786e-34
0.2807 	9.17459e-35
0.2814 	6.39092e-35
0.2821 	5.14822e-35
0.2828 	3.90552e-35
0.2835 	2.66283e-35
0.2842 	1.42013e-35
0.2849 	1.77434e-36
0.2856 	2.21947e-41
0.2863 	1.45157e-41
0.287 	1.17694e-41
0.2877 	9.02317e-42
0.2884 	6.27693e-42
0.2891 	3.53068e-42
0.2898 	7.84434e-43
0.2905 	5.47677e-48
0.2912 	3.66779e-48
0.2919 	2.92521e-48
0.2926 	2.26467e-48
0.2933 	1.60413e-48
0.294 	9.43584e-49
0.2947 	2.8304e-49
0.2954 	1.39655e-54
0.2961 	1.02535e-54
0.2968 	8.07082e-55
0.2975 	6.3053e-55
0.2982 	4.53978e-55
0.2989 	2.77426e-55
0.2996 	1.00873e-55
0.3003 	3.66364e-61
0.301 	2.94187e-61
0.3017 	2.362e-61
0.3024 	1.86097e-61
0.3031 	1.35993e-61
0.3038 	8.58886e-62
0.3045 	3.57847e-62
0.3052 	9.72669e-68
0.3059 	8.32641e-68
0.3066 	6.91447e-68
0.3073 	5.49088e-68
0.308 	4.06729e-68
0.3087 	2.6437e-68
0.3094 	1.22011e-68
0.3101 	2.54397e-74
0.3108 	2.26118e-74
0.3115 	1.94076e-74
0.3122 	1.5526e-74
0.3129 	1.16444e-74
0.3136 	7.76285e-75
0.3143 	3.88128e-75
0.315 	6.36751e-81
0.3157 	5.77094e-81
0.3164 	5.09017e-81
0.3171 	4.1004e-81
0.3178 	3.11063e-81
0.3185 	2.12086e-81
0.3192 	1.13109e-81
0.3199 	1.41319e-82
0.3206 	1.3622e-87
0.3213 	1.22812e-87
0.322 	9.95771e-88
0.3227 	7.6342e-88
0.3234 	5.31069e-88
0.3241 	2.98718e-88
0.3248 	6.63678e-89
0.3255 	2.93996e-94
0.3262 	2.68194e-94
0.3269 	2.20183e-94
0.3276 	1.70463e-94
0.3283 	1.20744e-94
0.329 	7.1024e-95
0.3297 	2.13045e-95
0.3304 	5.75652e-101
0.3311 	5.26699e-101
0.3318 	4.40498e-101
0.3325 	3.44137e-101
0.3332 	2.47777e-101
0.3339 	1.51416e-101
0.3346 	5.50556e-102
0.3353 	1.01927e-107
0.336 	9.34327e-108
0.3367 	7.95509e-108
0.3374 	6.26762e-108
0.3381 	4.58015e-108
0.3388 	2.89268e-108
0.3395 	1.2052e-108
0.3402 	1.63138e-114
0.3409 	1.49748e-114
0.3416 	1.29701e-114
0.3423 	1.02998e-114
0.343 	7.62941e-115
0.3437 	4.95904e-115
0.3444 	2.28868e-115
0.3451 	2.34479e-121
0.3458 	2.15483e-121
0.3465 	1.8972e-121
0.3472 	1.51776e-121
0.3479 	1.13831e-121
0.3486 	7.58863e-122
0.3493 	3.79416e-122
0.35 	3.02811e-128
0.3507 	2.78572e-128
0.3514 	2.49148e-128
0.3521 	2.00701e-128
0.3528 	1.52255e-128
0.3535 	1.03809e-128
0.3542 	5.53632e-129
0.3549 	6.91705e-130
0.3556 	3.23654e-135
0.3563 	2.93863e-135
0.357 	2.38266e-135
0.3577 	1.8267e-135
0.3584 	1.27073e-135
0.3591 	7.14769e-136
0.3598 	1.58803e-136
0.3605 	3.40164e-142
0.3612 	3.11297e-142
0.3619 	2.55634e-142
0.3626 	1.97909e-142
0.3633 	1.40185e-142
0.364 	8.246e-143
0.3647 	2.47354e-143
0.3654 	7.85356e-148
0.3661 	7.19278e-148
0.3668 	6.01795e-148
0.3675 	4.70293e-148
0.3682 	3.38791e-148
0.3689 	2.07289e-148
0.3696 	7.57871e-149
0.3703 	6.31066e-151
0.371 	5.78767e-151
0.3717 	4.92909e-151
0.3724 	3.88407e-151
0.3731 	2.83906e-151
0.3738 	1.79404e-151
0.3745 	7.49025e-152
0.3752 	2.60662e-154
0.3759 	2.39318e-154
0.3766 	2.07312e-154
0.3773 	1.64644e-154
0.378 	1.21977e-154
0.3787 	7.93088e-155
0.3794 	3.66411e-155
0.3801 	7.12466e-158
0.3808 	6.54804e-158
0.3815 	5.76562e-158
0.3822 	4.61277e-158
0.3829 	3.45992e-158
0.3836 	2.30706e-158
0.3843 	1.15421e-158
0.385 	1.44904e-161
0.3857 	1.33309e-161
0.3864 	1.19233e-161
0.3871 	9.60532e-162
0.3878 	7.28732e-162
0.3885 	4.96932e-162
0.3892 	2.65133e-162
0.3899 	3.33328e-163
0.3906 	2.20612e-165
0.3913 	2.00311e-165
0.392 	1.6242e-165
0.3927 	1.24529e-165
0.3934 	8.66383e-166
0.3941 	4.87475e-166
0.3948 	1.08566e-166
0.3955 	3.17642e-169
0.3962 	2.90695e-169
0.3969 	2.38724e-169
0.3976 	1.84828e-169
0.3983 	1.30932e-169
0.399 	7.70354e-170
0.3997 	2.31391e-170
0.4004 	4.29476e-173
0.4011 	3.93487e-173
0.4018 	3.29202e-173
0.4025 	2.57201e-173
0.4032 	1.852e-173
0.4039 	1.13199e-173
0.4046 	4.11976e-174
0.4053 	5.76456e-177
0.406 	5.28737e-177
0.4067 	4.503e-177
0.4074 	3.54797e-177
0.4081 	2.59294e-177
0.4088 	1.63791e-177
0.4095 	6.82885e-178
0.4102 	7.78422e-181
0.4109 	7.14758e-181
0.4116 	6.19196e-181
0.4123 	4.91734e-181
0.413 	3.64271e-181
0.4137 	2.36809e-181
0.4144 	1.09347e-181
0.4151 	1.02483e-184
0.4158 	9.42005e-185
0.4165 	8.29519e-185
0.4172 	6.63638e-185
0.4179 	4.97757e-185
0.4186 	3.31876e-185
0.4193 	1.65995e-185
0.42 	1.27027e-188
0.4207 	1.16881e-188
0.4214 	1.04553e-188
0.4221 	8.4226e-189
0.4228 	6.38987e-189
0.4235 	4.35713e-189
0.4242 	2.3244e-189
0.4249 	2.91661e-190
0.4256 	1.33092e-192
0.4263 	1.20867e-192
0.427 	9.80026e-193
0.4277 	7.51383e-193
0.4284 	5.22741e-193
0.4291 	2.94098e-193
0.4298 	6.54556e-194
0.4305 	1.38495e-196
0.4312 	1.26773e-196
0.4319 	1.04109e-196
0.4326 	8.06029e-197
0.4333 	5.70972e-197
0.434 	3.35915e-197
0.4347 	1.00857e-197
0.4354 	1.30719e-200
0.4361 	1.19792e-200
0.4368 	1.00225e-200
0.4375 	7.83033e-201
0.4382 	5.63812e-201
0.4389 	3.4459e-201
0.4396 	1.25369e-201
0.4403 	1.12132e-204
0.441 	1.02873e-204
0.4417 	8.76191e-205
0.4424 	6.90348e-205
0.4431 	5.04505e-205
0.4438 	3.18663e-205
0.4445 	1.3282e-205
0.4452 	8.72974e-209
0.4459 	8.01767e-209
0.4466 	6.9466e-209
0.4473 	5.51652e-209
0.448 	4.08645e-209
0.4487 	2.65637e-209
0.4494 	1.2263e-209
0.4501 	6.19599e-213
0.4508 	5.69667e-213
0.4515 	5.01732e-213
0.4522 	4.01392e-213
0.4529 	3.01052e-213
0.4536 	2.00712e-213
0.4543 	1.00372e-213
0.455 	4.03022e-217
0.4557 	3.70925e-217
0.4564 	3.31881e-217
0.4571 	2.67353e-217
0.4578 	2.02824e-217
0.4585 	1.38295e-217
0.4592 	7.37662e-218
0.4599 	9.23736e-219
0.4606 	2.22593e-221
0.4613 	2.02205e-221
0.462 	1.63952e-221
0.4627 	1.25699e-221
0.4634 	8.74456e-222
0.4641 	4.91926e-222
0.4648 	1.09396e-222
0.4655 	1.23854e-225
0.4662 	1.13406e-225
0.4669 	9.31326e-226
0.4676 	7.21038e-226
0.4683 	5.1075e-226
0.469 	3.00462e-226
0.4697 	9.01747e-227
0.4704 	6.42953e-230
0.4711 	5.89371e-230
0.4718 	4.93135e-230
0.4725 	3.85267e-230
0.4732 	2.77399e-230
0.4739 	1.69531e-230
0.4746 	6.16633e-231
0.4753 	3.14529e-234
0.476 	2.88625e-234
0.4767 	2.4585e-234
0.4774 	1.93702e-234
0.4781 	1.41555e-234
0.4788 	8.94069e-235
0.4795 	3.72593e-235
0.4802 	1.46484e-238
0.4809 	1.34557e-238
0.4816 	1.16592e-238
0.4823 	9.25884e-239
0.483 	6.85853e-239
0.4837 	4.45821e-239
0.4844 	2.05789e-239
0.4851 	6.49166e-243
0.4858 	5.96889e-243
0.4865 	5.25732e-243
0.4872 	4.20589e-243
0.4879 	3.15447e-243
0.4886 	2.10304e-243
0.4893 	1.05162e-243
0.49 	2.74194e-247
0.4907 	2.52346e-247
0.4914 	2.25776e-247
0.4921 	1.81877e-247
0.4928 	1.37977e-247
0.4935 	9.40779e-248
0.4942 	5.01785e-248
0.4949 	6.27902e-249
0.4956 	1.01979e-251
0.4963 	9.26242e-252
0.497 	7.51013e-252
0.4977 	5.75783e-252
0.4984 	4.00553e-252
0.4991 	2.25324e-252
0.4998 	5.00944e-253
0.5005 	3.94584e-256
0.5012 	3.61198e-256
0.5019 	2.9662e-256
0.5026 	2.29644e-256
0.5033 	1.62667e-256
0.504 	9.5691e-257
0.5047 	2.87145e-257
0.5054 	1.46222e-260
0.5061 	1.33989e-260
0.5068 	1.121e-260
0.5075 	8.75792e-261
0.5082 	6.3058e-261
0.5089 	3.85369e-261
0.5096 	1.40157e-261
0.5103 	5.18592e-265
0.511 	4.75692e-265
0.5117 	4.05127e-265
0.5124 	3.19194e-265
0.5131 	2.3326e-265
0.5138 	1.47326e-265
0.5145 	6.13928e-266
0.5152 	1.75789e-269
0.5159 	1.6141e-269
0.5166 	1.39827e-269
0.5173 	1.1104e-269
0.518 	8.22527e-270
0.5187 	5.34655e-270
0.5194 	2.46784e-270
0.5201 	5.68605e-274
0.5208 	5.22617e-274
0.5215 	4.60184e-274
0.5222 	3.68149e-274
0.5229 	2.76115e-274
0.5236 	1.8408e-274
0.5243 	9.20454e-275
0.525 	1.75234e-278
0.5257 	1.61218e-278
0.5264 	1.44199e-278
0.5271 	1.16161e-278
0.5278 	8.81229e-279
0.5285 	6.00848e-279
0.5292 	3.20466e-279
0.5299 	4.00848e-280
0.5306 	4.73224e-283
0.5313 	4.29684e-283
0.532 	3.48394e-283
0.5327 	2.67104e-283
0.5334 	1.85814e-283
0.5341 	1.04524e-283
0.5348 	2.32338e-284
0.5355 	1.32051e-287
0.5362 	1.20848e-287
0.5369 	9.92395e-288
0.5376 	7.6831e-288
0.5383 	5.44226e-288
0.539 	3.20141e-288
0.5397 	9.60567e-289
0.5404 	3.50111e-292
0.5411 	3.20763e-292
0.5418 	2.68352e-292
0.5425 	2.09651e-292
0.5432 	1.5095e-292
0.5439 	9.22491e-293
0.5446 	3.35482e-293
0.5453 	8.81824e-297
0.546 	8.08777e-297
0.5467 	6.88767e-297
0.5474 	5.42667e-297
0.5481 	3.96567e-297
0.5488 	2.50468e-297
0.5495 	1.04368e-297
0.5502 	2.11008e-301
0.5509 	1.93733e-301
0.5516 	1.6782e-301
0.5523 	1.33269e-301
0.553 	9.87184e-302
0.5537 	6.41678e-302
0.5544 	2.96172e-302
0.5551 	4.79818e-306
0.5558 	4.40989e-306
0.5565 	3.88293e-306
0.5572 	3.10635e-306
0.5579 	2.32978e-306
0.5586 	1.5532e-306
0.5593 	7.76625e-307
0.56 	1.03731e-310
0.5607 	9.54312e-311
0.5614 	8.53547e-311
0.5621 	6.87581e-311
0.5628 	5.21616e-311
0.5635 	3.5565e-311
0.5642 	1.89684e-311
0.5649 	2.37186e-312
0.5656 	1.96575e-315
0.5663 	1.78485e-315
0.567 	1.44717e-315
0.5677 	1.10949e-315
0.5684 	7.71814e-316
0.5691 	4.34135e-316
0.5698 	9.64556e-317
0.5705 	0
0.5712 	0
0.5719 	0
0.5726 	0
0.5733 	0
0.574 	0
0.5747 	0
0.5754 	0
0.5761 	0
0.5768 	0
0.5775 	0
0.5782 	0
0.5789 	0
0.5796 	0
0.5803 	0
0.581 	0
0.5817 	0
0.5824 	0
0.5831 	0
0.5838 	0
0.5845 	0
0.5852 	0
0.5859 	0
0.5866 	0
0.5873 	0
0.588 	0
0.5887 	0
0.5894 	0
0.5901 	0
0.5908 	0
0.5915 	0
0.5922 	0
0.5929 	0
0.5936 	0
0.5943 	0
0.595 	0
0.5957 	0
0.5964 	0
0.5971 	0
0.5978 	0
0.5985 	0
0.5992 	0
0.5999 	0
0.6006 	0
0.6013 	0
0.602 	0
0.6027 	0
0.6034 	0
0.6041 	0
0.6048 	0
0.6055 	0
0.6062 	0
0.6069 	0
0.6076 	0
0.6083 	0
0.609 	0
0.6097 	0
0.6104 	0
0.6111 	0
0.6118 	0
0.6125 	0
0.6132 	0
0.6139 	0
0.6146 	0
0.6153 	0
0.616 	0
0.6167 	0
0.6174 	0
0.6181 	0
0.6188 	0
0.6195 	0
0.6202 	0
0.6209 	0
0.6216 	0
0.6223 	0
0.623 	0
0.6237 	0
0.6244 	0
0.6251 	0
0.6258 	0
0.6265 	0
0.6272 	0
0.6279 	0
0.6286 	0
0.6293 	0
0.63 	0
0.6307 	0
0.6314 	0
0.6321 	0
0.6328 	0
0.6335 	0
0.6342 	0
0.6349 	0
0.6356 	0
0.6363 	0
0.637 	0
0.6377 	0
0.6384 	0
0.6391 	0
0.6398 	0
0.6405 	0
0.6412 	0
0.6419 	0
0.6426 	0
0.6433 	0
0.644 	0
0.6447 	0
0.6454 	0
0.6461 	0
0.6468 	0
0.6475 	0
0.6482 	0
0.6489 	0
0.6496 	0
0.6503 	0
0.651 	0
0.6517 	0
0.6524 	0
0.6531 	0
0.6538 	0
0.6545 	0
0.6552 	0
0.6559 	0
0.6566 	0
0.6573 	0
0.658 	0
0.6587 	0
0.6594 	0
0.6601 	0
0.6608 	0
0.6615 	0
0.6622 	0
0.6629 	0
0.6636 	0
0.6643 	0
0.665 	0
0.6657 	0
0.6664 	0
0.6671 	0
0.6678 	0
0.6685 	0
0.6692 	0
0.6699 	0
0.6706 	0
0.6713 	0
0.672 	0
0.6727 	0
0.6734 	0
0.6741 	0
0.6748 	0
0.6755 	0
0.6762 	0
0.6769 	0
0.6776 	0
0.6783 	0
0.679 	0
0.6797 	0
0.6804 	0
0.6811 	0
0.6818 	0
0.6825 	0
0.6832 	0
0.6839 	0
0.6846 	0
0.6853 	0
0.686 	0
0.6867 	0
0.6874 	0
0.6881 	0
0.6888 	0
0.6895 	0
0.6902 	0
0.6909 	0
0.6916 	0
0.6923 	0
0.693 	0
0.6937 	0
0.6944 	0
0.6951 	0
0.6958 	0
0.6965 	0
0.6972 	0
0.6979 	0
0.6986 	0
0.6993 	0
0.7 	0
