0 	1
0.0007 	1
0.0014 	1
0.0021 	1
0.0028 	1
0.0035 	1
0.0042 	1
0.0049 	1
0.0056 	1
0.0063 	1
0.007 	1
0.0077 	1
0.0084 	1
0.0091 	1
0.0098 	1
0.0105 	1
0.0112 	1
0.0119 	1
0.0126 	1
0.0133 	1
0.014 	1
0.0147 	1
0.0154 	1
0.0161 	1
0.0168 	1
0.0175 	1
0.0182 	1
0.0189 	1
0.0196 	1
0.0203 	1
0.021 	1
0.0217 	1
0.0224 	1
0.0231 	1
0.0238 	1
0.0245 	1
0.0252 	1
0.0259 	1
0.0266 	1
0.0273 	1
0.028 	1
0.0287 	1
0.0294 	1
0.0301 	1
0.0308 	1
0.0315 	1
0.0322 	1
0.0329 	1
0.0336 	1
0.0343 	1
0.035 	1
0.0357 	1
0.0364 	1
0.0371 	1
0.0378 	1
0.0385 	1
0.0392 	1
0.0399 	1
0.0406 	1
0.0413 	1
0.042 	1
0.0427 	1
0.0434 	1
0.0441 	1
0.0448 	1
0.0455 	1
0.0462 	1
0.0469 	1
0.0476 	1
0.0483 	1
0.049 	1
0.0497 	1
0.0504 	1
0.0511 	1
0.0518 	1
0.0525 	1
0.0532 	1
0.0539 	1
0.0546 	1
0.0553 	1
0.056 	1
0.0567 	1
0.0574 	1
0.0581 	1
0.0588 	1
0.0595 	1
0.0602 	1
0.0609 	1
0.0616 	1
0.0623 	1
0.063 	1
0.0637 	1
0.0644 	1
0.0651 	1
0.0658 	1
0.0665 	1
0.0672 	1
0.0679 	1
0.0686 	1
0.0693 	1
0.07 	1
0.0707 	1
0.0714 	1
0.0721 	1
0.0728 	1
0.0735 	1
0.0742 	1
0.0749 	1
0.0756 	1
0.0763 	1
0.077 	1
0.0777 	1
0.0784 	1
0.0791 	1
0.0798 	1
0.0805 	1
0.0812 	1
0.0819 	1
0.0826 	1
0.0833 	1
0.084 	1
0.0847 	1
0.0854 	1
0.0861 	1
0.0868 	1
0.0875 	1
0.0882 	1
0.0889 	1
0.0896 	1
0.0903 	1
0.091 	1
0.0917 	1
0.0924 	1
0.0931 	1
0.0938 	1
0.0945 	1
0.0952 	1
0.0959 	1
0.0966 	1
0.0973 	1
0.098 	1
0.0987 	1
0.0994 	1
0.1001 	1
0.1008 	1
0.1015 	1
0.1022 	1
0.1029 	1
0.1036 	1
0.1043 	1
0.105 	1
0.1057 	1
0.1064 	1
0.1071 	1
0.1078 	1
0.1085 	1
0.1092 	1
0.1099 	1
0.1106 	1
0.1113 	1
0.112 	1
0.1127 	1
0.1134 	1
0.1141 	1
0.1148 	1
0.1155 	1
0.1162 	1
0.1169 	1
0.1176 	1
0.1183 	1
0.119 	1
0.1197 	1
0.1204 	1
0.1211 	1
0.1218 	1
0.1225 	1
0.1232 	1
0.1239 	1
0.1246 	1
0.1253 	1
0.126 	1
0.1267 	1
0.1274 	1
0.1281 	1
0.1288 	1
0.1295 	1
0.1302 	1
0.1309 	1
0.1316 	1
0.1323 	1
0.133 	1
0.1337 	1
0.1344 	1
0.1351 	1
0.1358 	1
0.1365 	1
0.1372 	1
0.1379 	1
0.1386 	1
0.1393 	1
0.14 	1
0.1407 	1
0.1414 	1
0.1421 	1
0.1428 	1
0.1435 	1
0.1442 	1
0.1449 	1
0.1456 	1
0.1463 	1
0.147 	1
0.1477 	1
0.1484 	1
0.1491 	1
0.1498 	1
0.1505 	1
0.1512 	1
0.1519 	1
0.1526 	1
0.1533 	1
0.154 	1
0.1547 	1
0.1554 	1
0.1561 	1
0.1568 	1
0.1575 	1
0.1582 	1
0.1589 	1
0.1596 	1
0.1603 	1
0.161 	1
0.1617 	1
0.1624 	1
0.1631 	1
0.1638 	1
0.1645 	1
0.1652 	1
0.1659 	1
0.1666 	1
0.1673 	1
0.168 	1
0.1687 	1
0.1694 	1
0.1701 	1
0.1708 	1
0.1715 	1
0.1722 	1
0.1729 	1
0.1736 	1
0.1743 	1
0.175 	1
0.1757 	1
0.1764 	1
0.1771 	1
0.1778 	1
0.1785 	1
0.1792 	1
0.1799 	1
0.1806 	1
0.1813 	1
0.182 	1
0.1827 	1
0.1834 	1
0.1841 	1
0.1848 	1
0.1855 	1
0.1862 	1
0.1869 	1
0.1876 	1
0.1883 	1
0.189 	1
0.1897 	1
0.1904 	1
0.1911 	1
0.1918 	1
0.1925 	1
0.1932 	1
0.1939 	1
0.1946 	1
0.1953 	1
0.196 	1
0.1967 	1
0.1974 	1
0.1981 	1
0.1988 	1
0.1995 	1
0.2002 	1
0.2009 	1
0.2016 	1
0.2023 	1
0.203 	1
0.2037 	1
0.2044 	1
0.2051 	1
0.2058 	1
0.2065 	1
0.2072 	1
0.2079 	1
0.2086 	1
0.2093 	1
0.21 	1
0.2107 	1
0.2114 	1
0.2121 	1
0.2128 	1
0.2135 	1
0.2142 	1
0.2149 	1
0.2156 	1
0.2163 	1
0.217 	1
0.2177 	1
0.2184 	1
0.2191 	1
0.2198 	1
0.2205 	1
0.2212 	1
0.2219 	1
0.2226 	1
0.2233 	1
0.224 	1
0.2247 	1
0.2254 	1
0.2261 	1
0.2268 	1
0.2275 	1
0.2282 	1
0.2289 	1
0.2296 	1
0.2303 	1
0.231 	1
0.2317 	1
0.2324 	1
0.2331 	1
0.2338 	1
0.2345 	1
0.2352 	1
0.2359 	1
0.2366 	1
0.2373 	1
0.238 	1
0.2387 	1
0.2394 	1
0.2401 	0.999995
0.2408 	0.999956
0.2415 	0.99991
0.2422 	0.999848
0.2429 	0.999786
0.2436 	0.999724
0.2443 	0.999662
0.245 	0.9996
0.2457 	0.929782
0.2464 	0.859969
0.2471 	0.790172
0.2478 	0.720375
0.2485 	0.650578
0.2492 	0.580781
0.2499 	0.510984
0.2506 	0.441044
0.2513 	0.371084
0.252 	0.301146
0.2527 	0.231208
0.2534 	0.16127
0.2541 	0.0913321
0.2548 	0.0213941
0.2555 	0.00128277
0.2562 	0.00110094
0.2569 	0.000899369
0.2576 	0.000696286
0.2583 	0.000493202
0.259 	0.000290118
0.2597 	8.70349e-05
0.2604 	1.39027e-09
0.2611 	1.10545e-09
0.2618 	8.91237e-10
0.2625 	6.96278e-10
0.2632 	5.0132e-10
0.2639 	3.06361e-10
0.2646 	1.11403e-10
0.2653 	1.37228e-16
0.266 	6.06782e-17
0.2667 	2.93383e-17
0.2674 	2.3115e-17
0.2681 	1.68917e-17
0.2688 	1.06684e-17
0.2695 	4.44516e-18
0.2702 	3.40899e-23
0.2709 	1.15711e-23
0.2716 	2.82697e-25
0.2723 	2.24497e-25
0.273 	1.66296e-25
0.2737 	1.08096e-25
0.2744 	4.98952e-26
0.2751 	9.05704e-30
0.2758 	3.55378e-30
0.2765 	1.49002e-32
0.2772 	1.19206e-32
0.2779 	8.94092e-33
0.2786 	5.96125e-33
0.2793 	2.98159e-33
0.28 	1.96284e-36
0.2807 	8.64648e-37
0.2814 	1.70962e-39
0.2821 	1.37725e-39
0.2828 	1.04489e-39
0.2835 	7.12527e-40
0.2842 	3.80164e-40
0.2849 	4.78007e-41
0.2856 	1.68897e-43
0.2863 	2.4514e-46
0.287 	1.9877e-46
0.2877 	1.52401e-46
0.2884 	1.06032e-46
0.2891 	5.96623e-47
0.2898 	1.3293e-47
0.2905 	2.71439e-50
0.2912 	1.84548e-51
0.2919 	3.17887e-53
0.2926 	2.46118e-53
0.2933 	1.74349e-53
0.294 	1.0258e-53
0.2947 	3.0811e-54
0.2954 	3.66063e-57
0.2961 	6.51443e-58
0.2968 	5.64759e-60
0.2975 	4.4123e-60
0.2982 	3.17701e-60
0.2989 	1.94171e-60
0.2996 	7.06419e-61
0.3003 	4.21276e-64
0.301 	1.11794e-64
0.3017 	1.11326e-66
0.3024 	8.77124e-67
0.3031 	6.40988e-67
0.3038 	4.04852e-67
0.3045 	1.68715e-67
0.3052 	4.20188e-71
0.3059 	1.41819e-71
0.3066 	2.38859e-73
0.3073 	1.89683e-73
0.308 	1.40507e-73
0.3087 	9.13305e-74
0.3094 	4.21543e-74
0.3101 	3.69491e-78
0.3108 	1.48153e-78
0.3115 	5.47274e-80
0.3122 	4.3782e-80
0.3129 	3.28365e-80
0.3136 	2.18911e-80
0.3143 	1.09456e-80
0.315 	2.94542e-85
0.3157 	1.37185e-85
0.3164 	1.30047e-86
0.3171 	1.0476e-86
0.3178 	7.94728e-87
0.3185 	5.4186e-87
0.3192 	2.88991e-87
0.3199 	3.61227e-88
0.3206 	1.2605e-92
0.3213 	3.10167e-93
0.322 	2.51486e-93
0.3227 	1.92806e-93
0.3234 	1.34126e-93
0.3241 	7.54455e-94
0.3248 	1.67652e-94
0.3255 	1.3909e-99
0.3262 	7.58676e-100
0.3269 	5.89841e-100
0.3276 	4.56651e-100
0.3283 	3.2346e-100
0.329 	1.9027e-100
0.3297 	5.70798e-101
0.3304 	2.07716e-106
0.3311 	1.64014e-106
0.3318 	1.31967e-106
0.3325 	1.03099e-106
0.3332 	7.42315e-107
0.3339 	4.53636e-107
0.3346 	1.64956e-107
0.3353 	3.72825e-113
0.336 	3.29735e-113
0.3367 	2.76624e-113
0.3374 	2.17946e-113
0.3381 	1.59268e-113
0.3388 	1.0059e-113
0.3395 	4.19121e-114
0.3402 	6.83672e-120
0.3409 	6.22543e-120
0.3416 	5.36727e-120
0.3423 	4.26224e-120
0.343 	3.15721e-120
0.3437 	2.05218e-120
0.3444 	9.47152e-121
0.3451 	1.18591e-126
0.3458 	1.08796e-126
0.3465 	9.56655e-127
0.3472 	7.65324e-127
0.3479 	5.73992e-127
0.3486 	3.8266e-127
0.3493 	1.91329e-127
0.35 	1.89639e-133
0.3507 	1.74398e-133
0.3514 	1.55926e-133
0.3521 	1.25607e-133
0.3528 	9.52882e-134
0.3535 	6.49691e-134
0.3542 	3.465e-134
0.3549 	4.33087e-135
0.3556 	2.55328e-140
0.3563 	2.31809e-140
0.357 	1.87953e-140
0.3577 	1.44097e-140
0.3584 	1.00241e-140
0.3591 	5.63855e-141
0.3598 	1.25296e-141
0.3605 	4.19775e-147
0.3612 	3.80102e-147
0.3619 	3.11915e-147
0.3626 	2.41534e-147
0.3633 	1.71154e-147
0.364 	1.00774e-147
0.3647 	3.03936e-148
0.3654 	2.20901e-150
0.3661 	2.01993e-150
0.3668 	1.68931e-150
0.3675 	1.3201e-150
0.3682 	9.50888e-151
0.3689 	5.81675e-151
0.3696 	2.12462e-151
0.3703 	1.43812e-153
0.371 	1.31878e-153
0.3717 	1.12312e-153
0.3724 	8.85047e-154
0.3731 	6.46979e-154
0.3738 	4.08911e-154
0.3745 	1.70843e-154
0.3752 	7.7936e-157
0.3759 	7.15564e-157
0.3766 	6.19888e-157
0.3773 	4.92332e-157
0.378 	3.64775e-157
0.3787 	2.37219e-157
0.3794 	1.09663e-157
0.3801 	3.26969e-160
0.3808 	3.00516e-160
0.3815 	2.64618e-160
0.3822 	2.11716e-160
0.3829 	1.58814e-160
0.3836 	1.05912e-160
0.3843 	5.30095e-161
0.385 	1.08268e-163
0.3857 	9.96082e-164
0.3864 	8.90935e-164
0.3871 	7.17753e-164
0.3878 	5.44571e-164
0.3885 	3.71389e-164
0.3892 	1.98207e-164
0.3899 	2.50252e-165
0.3906 	2.67982e-167
0.3913 	2.43327e-167
0.392 	1.97304e-167
0.3927 	1.51281e-167
0.3934 	1.05258e-167
0.3941 	5.92351e-168
0.3948 	1.32122e-168
0.3955 	5.99303e-171
0.3962 	5.48463e-171
0.3969 	4.50414e-171
0.3976 	3.48734e-171
0.3983 	2.47054e-171
0.399 	1.45374e-171
0.3997 	4.36945e-172
0.4004 	1.13552e-174
0.4011 	1.04034e-174
0.4018 	8.70379e-175
0.4025 	6.80025e-175
0.4032 	4.89671e-175
0.4039 	2.99317e-175
0.4046 	1.08962e-175
0.4053 	1.85129e-178
0.406 	1.69795e-178
0.4067 	1.44603e-178
0.4074 	1.13935e-178
0.4081 	8.32676e-179
0.4088 	5.25998e-179
0.4095 	2.1932e-179
0.4102 	2.63118e-182
0.4109 	2.41579e-182
0.4116 	2.0927e-182
0.4123 	1.66192e-182
0.413 	1.23113e-182
0.4137 	8.00351e-183
0.4144 	3.69569e-183
0.4151 	3.29753e-186
0.4158 	3.0307e-186
0.4165 	2.66859e-186
0.4172 	2.13494e-186
0.4179 	1.6013e-186
0.4186 	1.06765e-186
0.4193 	5.34005e-187
0.42 	3.6824e-190
0.4207 	3.38783e-190
0.4214 	3.03014e-190
0.4221 	2.44102e-190
0.4228 	1.85189e-190
0.4235 	1.26277e-190
0.4242 	6.73641e-191
0.4249 	8.45166e-192
0.4256 	3.40813e-194
0.4263 	3.09452e-194
0.427 	2.50913e-194
0.4277 	1.92374e-194
0.4284 	1.33835e-194
0.4291 	7.52964e-195
0.4298 	1.67575e-195
0.4305 	3.11586e-198
0.4312 	2.85151e-198
0.4319 	2.34168e-198
0.4326 	1.81298e-198
0.4333 	1.28427e-198
0.434 	7.55561e-199
0.4347 	2.26854e-199
0.4354 	2.61428e-202
0.4361 	2.39513e-202
0.4368 	2.00381e-202
0.4375 	1.56552e-202
0.4382 	1.12723e-202
0.4389 	6.88941e-203
0.4396 	2.50653e-203
0.4403 	2.03253e-206
0.441 	1.86416e-206
0.4417 	1.58757e-206
0.4424 	1.25084e-206
0.4431 	9.14115e-207
0.4438 	5.77389e-207
0.4445 	2.40664e-207
0.4452 	1.4778e-210
0.4459 	1.35682e-210
0.4466 	1.17535e-210
0.4473 	9.33385e-211
0.448 	6.91422e-211
0.4487 	4.49459e-211
0.4494 	2.07495e-211
0.4501 	1.01293e-214
0.4508 	9.30967e-215
0.4515 	8.19727e-215
0.4522 	6.55794e-215
0.4529 	4.91861e-215
0.4536 	3.27929e-215
0.4543 	1.63996e-215
0.455 	6.58543e-219
0.4557 	6.05861e-219
0.4564 	5.41892e-219
0.4571 	4.36531e-219
0.4578 	3.31171e-219
0.4585 	2.25811e-219
0.4592 	1.2045e-219
0.4599 	1.50899e-220
0.4606 	3.75331e-223
0.4613 	3.40793e-223
0.462 	2.76323e-223
0.4627 	2.11853e-223
0.4634 	1.47383e-223
0.4641 	8.29126e-224
0.4648 	1.84425e-224
0.4655 	2.22617e-227
0.4662 	2.03729e-227
0.4669 	1.67303e-227
0.4676 	1.29528e-227
0.4683 	9.17524e-228
0.469 	5.39771e-228
0.4697 	1.62019e-228
0.4704 	1.26169e-231
0.4711 	1.15593e-231
0.4718 	9.67061e-232
0.4725 	7.55531e-232
0.4732 	5.44001e-232
0.4739 	3.32471e-232
0.4746 	1.20941e-232
0.4753 	6.79493e-236
0.476 	6.23206e-236
0.4767 	5.30735e-236
0.4774 	4.18162e-236
0.4781 	3.05589e-236
0.4788 	1.93016e-236
0.4795 	8.04428e-237
0.4802 	3.46837e-240
0.4809 	3.18442e-240
0.4816 	2.7585e-240
0.4823 	2.19061e-240
0.483 	1.62271e-240
0.4837 	1.05482e-240
0.4844 	4.86926e-241
0.4851 	1.68547e-244
0.4858 	1.54908e-244
0.4865 	1.36398e-244
0.4872 	1.09119e-244
0.4879 	8.18414e-245
0.4886 	5.45634e-245
0.4893 	2.72853e-245
0.49 	7.78723e-249
0.4907 	7.16426e-249
0.4914 	6.40782e-249
0.4921 	5.16191e-249
0.4928 	3.91601e-249
0.4935 	2.67011e-249
0.4942 	1.4242e-249
0.4949 	1.783e-250
0.4956 	3.13231e-253
0.4963 	2.84407e-253
0.497 	2.30603e-253
0.4977 	1.76799e-253
0.4984 	1.22994e-253
0.4991 	6.91898e-254
0.4998 	1.53854e-254
0.5005 	1.29178e-257
0.5012 	1.18218e-257
0.5019 	9.70806e-258
0.5026 	7.51602e-258
0.5033 	5.32399e-258
0.504 	3.13196e-258
0.5047 	9.39931e-259
0.5054 	5.05604e-262
0.5061 	4.63219e-262
0.5068 	3.87533e-262
0.5075 	3.02764e-262
0.5082 	2.17995e-262
0.5089 	1.33226e-262
0.5096 	4.84573e-263
0.5103 	1.88097e-266
0.511 	1.72516e-266
0.5117 	1.46918e-266
0.5124 	1.15755e-266
0.5131 	8.45916e-267
0.5138 	5.34286e-267
0.5145 	2.22655e-267
0.5152 	6.63562e-271
0.5159 	6.09237e-271
0.5166 	5.27749e-271
0.5173 	4.19099e-271
0.518 	3.10449e-271
0.5187 	2.01799e-271
0.5194 	9.3149e-272
0.5201 	2.21452e-275
0.5208 	2.03531e-275
0.5215 	1.79211e-275
0.5222 	1.4337e-275
0.5229 	1.07529e-275
0.5236 	7.1688e-276
0.5243 	3.58472e-276
0.525 	7.00593e-280
0.5257 	6.44545e-280
0.5264 	5.7649e-280
0.5271 	4.64398e-280
0.5278 	3.52307e-280
0.5285 	2.40215e-280
0.5292 	1.28123e-280
0.5299 	1.60319e-281
0.5306 	1.95118e-284
0.5313 	1.77163e-284
0.532 	1.43647e-284
0.5327 	1.1013e-284
0.5334 	7.66141e-285
0.5341 	4.30978e-285
0.5348 	9.58145e-286
0.5355 	5.64491e-289
0.5362 	5.16596e-289
0.5369 	4.24227e-289
0.5376 	3.28437e-289
0.5383 	2.32647e-289
0.539 	1.36857e-289
0.5397 	4.10673e-290
0.5404 	1.55521e-293
0.5411 	1.42484e-293
0.5418 	1.19203e-293
0.5425 	9.31281e-294
0.5432 	6.70533e-294
0.5439 	4.09785e-294
0.5446 	1.49036e-294
0.5453 	4.07961e-298
0.546 	3.74166e-298
0.5467 	3.18646e-298
0.5474 	2.51056e-298
0.5481 	1.83467e-298
0.5488 	1.15877e-298
0.5495 	4.82875e-299
0.5502 	1.0201e-302
0.5509 	9.36588e-303
0.5516 	8.11315e-303
0.5523 	6.44284e-303
0.553 	4.77253e-303
0.5537 	3.10222e-303
0.5544 	1.43191e-303
0.5551 	2.45372e-307
0.5558 	2.25516e-307
0.5565 	1.98568e-307
0.5572 	1.58855e-307
0.5579 	1.19143e-307
0.5586 	7.94301e-308
0.5593 	3.97175e-308
0.56 	5.66884e-312
0.5607 	5.21533e-312
0.5614 	4.66465e-312
0.5621 	3.75766e-312
0.5628 	2.85066e-312
0.5635 	1.94367e-312
0.5642 	1.03667e-312
0.5649 	1.29676e-313
0.5656 	1.14255e-316
0.5663 	1.03741e-316
0.567 	8.41143e-317
0.5677 	6.44875e-317
0.5684 	4.48608e-317
0.5691 	2.5234e-317
0.5698 	5.60726e-318
0.5705 	0
0.5712 	0
0.5719 	0
0.5726 	0
0.5733 	0
0.574 	0
0.5747 	0
0.5754 	0
0.5761 	0
0.5768 	0
0.5775 	0
0.5782 	0
0.5789 	0
0.5796 	0
0.5803 	0
0.581 	0
0.5817 	0
0.5824 	0
0.5831 	0
0.5838 	0
0.5845 	0
0.5852 	0
0.5859 	0
0.5866 	0
0.5873 	0
0.588 	0
0.5887 	0
0.5894 	0
0.5901 	0
0.5908 	0
0.5915 	0
0.5922 	0
0.5929 	0
0.5936 	0
0.5943 	0
0.595 	0
0.5957 	0
0.5964 	0
0.5971 	0
0.5978 	0
0.5985 	0
0.5992 	0
0.5999 	0
0.6006 	0
0.6013 	0
0.602 	0
0.6027 	0
0.6034 	0
0.6041 	0
0.6048 	0
0.6055 	0
0.6062 	0
0.6069 	0
0.6076 	0
0.6083 	0
0.609 	0
0.6097 	0
0.6104 	0
0.6111 	0
0.6118 	0
0.6125 	0
0.6132 	0
0.6139 	0
0.6146 	0
0.6153 	0
0.616 	0
0.6167 	0
0.6174 	0
0.6181 	0
0.6188 	0
0.6195 	0
0.6202 	0
0.6209 	0
0.6216 	0
0.6223 	0
0.623 	0
0.6237 	0
0.6244 	0
0.6251 	0
0.6258 	0
0.6265 	0
0.6272 	0
0.6279 	0
0.6286 	0
0.6293 	0
0.63 	0
0.6307 	0
0.6314 	0
0.6321 	0
0.6328 	0
0.6335 	0
0.6342 	0
0.6349 	0
0.6356 	0
0.6363 	0
0.637 	0
0.6377 	0
0.6384 	0
0.6391 	0
0.6398 	0
0.6405 	0
0.6412 	0
0.6419 	0
0.6426 	0
0.6433 	0
0.644 	0
0.6447 	0
0.6454 	0
0.6461 	0
0.6468 	0
0.6475 	0
0.6482 	0
0.6489 	0
0.6496 	0
0.6503 	0
0.651 	0
0.6517 	0
0.6524 	0
0.6531 	0
0.6538 	0
0.6545 	0
0.6552 	0
0.6559 	0
0.6566 	0
0.6573 	0
0.658 	0
0.6587 	0
0.6594 	0
0.6601 	0
0.6608 	0
0.6615 	0
0.6622 	0
0.6629 	0
0.6636 	0
0.6643 	0
0.665 	0
0.6657 	0
0.6664 	0
0.6671 	0
0.6678 	0
0.6685 	0
0.6692 	0
0.6699 	0
0.6706 	0
0.6713 	0
0.672 	0
0.6727 	0
0.6734 	0
0.6741 	0
0.6748 	0
0.6755 	0
0.6762 	0
0.6769 	0
0.6776 	0
0.6783 	0
0.679 	0
0.6797 	0
0.6804 	0
0.6811 	0
0.6818 	0
0.6825 	0
0.6832 	0
0.6839 	0
0.6846 	0
0.6853 	0
0.686 	0
0.6867 	0
0.6874 	0
0.6881 	0
0.6888 	0
0.6895 	0
0.6902 	0
0.6909 	0
0.6916 	0
0.6923 	0
0.693 	0
0.6937 	0
0.6944 	0
0.6951 	0
0.6958 	0
0.6965 	0
0.6972 	0
0.6979 	0
0.6986 	0
0.6993 	0
0.7 	0
