0 	1
0.0007 	1
0.0014 	1
0.0021 	1
0.0028 	1
0.0035 	1
0.0042 	1
0.0049 	1
0.0056 	1
0.0063 	1
0.007 	1
0.0077 	1
0.0084 	1
0.0091 	1
0.0098 	1
0.0105 	1
0.0112 	1
0.0119 	1
0.0126 	1
0.0133 	1
0.014 	1
0.0147 	1
0.0154 	1
0.0161 	1
0.0168 	1
0.0175 	1
0.0182 	1
0.0189 	1
0.0196 	1
0.0203 	1
0.021 	1
0.0217 	1
0.0224 	1
0.0231 	1
0.0238 	1
0.0245 	1
0.0252 	1
0.0259 	1
0.0266 	1
0.0273 	1
0.028 	1
0.0287 	1
0.0294 	1
0.0301 	1
0.0308 	1
0.0315 	1
0.0322 	1
0.0329 	1
0.0336 	1
0.0343 	1
0.035 	1
0.0357 	1
0.0364 	1
0.0371 	1
0.0378 	1
0.0385 	1
0.0392 	1
0.0399 	1
0.0406 	1
0.0413 	1
0.042 	1
0.0427 	1
0.0434 	1
0.0441 	1
0.0448 	1
0.0455 	1
0.0462 	1
0.0469 	1
0.0476 	1
0.0483 	1
0.049 	1
0.0497 	1
0.0504 	1
0.0511 	1
0.0518 	1
0.0525 	1
0.0532 	1
0.0539 	1
0.0546 	1
0.0553 	1
0.056 	1
0.0567 	1
0.0574 	1
0.0581 	1
0.0588 	1
0.0595 	1
0.0602 	1
0.0609 	1
0.0616 	1
0.0623 	1
0.063 	1
0.0637 	1
0.0644 	1
0.0651 	1
0.0658 	1
0.0665 	1
0.0672 	1
0.0679 	1
0.0686 	1
0.0693 	1
0.07 	1
0.0707 	1
0.0714 	1
0.0721 	1
0.0728 	1
0.0735 	1
0.0742 	1
0.0749 	1
0.0756 	1
0.0763 	1
0.077 	1
0.0777 	1
0.0784 	1
0.0791 	1
0.0798 	1
0.0805 	1
0.0812 	1
0.0819 	1
0.0826 	1
0.0833 	1
0.084 	1
0.0847 	1
0.0854 	1
0.0861 	1
0.0868 	1
0.0875 	1
0.0882 	1
0.0889 	1
0.0896 	1
0.0903 	1
0.091 	1
0.0917 	1
0.0924 	1
0.0931 	1
0.0938 	1
0.0945 	1
0.0952 	1
0.0959 	1
0.0966 	1
0.0973 	1
0.098 	1
0.0987 	1
0.0994 	1
0.1001 	1
0.1008 	1
0.1015 	1
0.1022 	1
0.1029 	1
0.1036 	1
0.1043 	1
0.105 	1
0.1057 	1
0.1064 	1
0.1071 	1
0.1078 	1
0.1085 	1
0.1092 	1
0.1099 	1
0.1106 	1
0.1113 	1
0.112 	1
0.1127 	1
0.1134 	1
0.1141 	1
0.1148 	1
0.1155 	1
0.1162 	1
0.1169 	1
0.1176 	1
0.1183 	1
0.119 	1
0.1197 	1
0.1204 	1
0.1211 	1
0.1218 	1
0.1225 	1
0.1232 	1
0.1239 	1
0.1246 	1
0.1253 	1
0.126 	1
0.1267 	1
0.1274 	1
0.1281 	1
0.1288 	1
0.1295 	1
0.1302 	1
0.1309 	1
0.1316 	1
0.1323 	1
0.133 	1
0.1337 	1
0.1344 	1
0.1351 	1
0.1358 	1
0.1365 	1
0.1372 	1
0.1379 	1
0.1386 	1
0.1393 	1
0.14 	1
0.1407 	1
0.1414 	1
0.1421 	1
0.1428 	1
0.1435 	1
0.1442 	1
0.1449 	1
0.1456 	1
0.1463 	1
0.147 	1
0.1477 	1
0.1484 	1
0.1491 	1
0.1498 	1
0.1505 	1
0.1512 	1
0.1519 	1
0.1526 	1
0.1533 	1
0.154 	1
0.1547 	1
0.1554 	1
0.1561 	1
0.1568 	1
0.1575 	1
0.1582 	1
0.1589 	1
0.1596 	1
0.1603 	1
0.161 	1
0.1617 	1
0.1624 	1
0.1631 	1
0.1638 	1
0.1645 	1
0.1652 	1
0.1659 	1
0.1666 	1
0.1673 	1
0.168 	1
0.1687 	1
0.1694 	1
0.1701 	1
0.1708 	1
0.1715 	1
0.1722 	1
0.1729 	1
0.1736 	1
0.1743 	1
0.175 	1
0.1757 	1
0.1764 	1
0.1771 	1
0.1778 	1
0.1785 	1
0.1792 	1
0.1799 	1
0.1806 	1
0.1813 	1
0.182 	1
0.1827 	1
0.1834 	1
0.1841 	1
0.1848 	1
0.1855 	1
0.1862 	1
0.1869 	1
0.1876 	1
0.1883 	1
0.189 	1
0.1897 	1
0.1904 	1
0.1911 	1
0.1918 	1
0.1925 	1
0.1932 	1
0.1939 	1
0.1946 	1
0.1953 	1
0.196 	1
0.1967 	1
0.1974 	1
0.1981 	1
0.1988 	1
0.1995 	1
0.2002 	1
0.2009 	1
0.2016 	1
0.2023 	1
0.203 	1
0.2037 	1
0.2044 	1
0.2051 	1
0.2058 	1
0.2065 	1
0.2072 	1
0.2079 	1
0.2086 	1
0.2093 	1
0.21 	1
0.2107 	1
0.2114 	1
0.2121 	1
0.2128 	1
0.2135 	1
0.2142 	1
0.2149 	1
0.2156 	1
0.2163 	1
0.217 	1
0.2177 	1
0.2184 	1
0.2191 	1
0.2198 	1
0.2205 	1
0.2212 	1
0.2219 	1
0.2226 	1
0.2233 	1
0.224 	1
0.2247 	1
0.2254 	1
0.2261 	1
0.2268 	0.999988
0.2275 	0.999972
0.2282 	0.999957
0.2289 	0.999939
0.2296 	0.999908
0.2303 	0.999878
0.231 	0.999847
0.2317 	0.998861
0.2324 	0.997344
0.2331 	0.995838
0.2338 	0.994318
0.2345 	0.991417
0.2352 	0.988505
0.2359 	0.985564
0.2366 	0.972733
0.2373 	0.950011
0.238 	0.927288
0.2387 	0.905361
0.2394 	0.865086
0.2401 	0.823339
0.2408 	0.781246
0.2415 	0.731919
0.2422 	0.669572
0.2429 	0.607226
0.2436 	0.545292
0.2443 	0.46753
0.245 	0.385427
0.2457 	0.302731
0.2464 	0.227636
0.2471 	0.180408
0.2478 	0.133181
0.2485 	0.0854096
0.2492 	0.0601905
0.2499 	0.0476401
0.2506 	0.0348868
0.2513 	0.0225749
0.252 	0.0164384
0.2527 	0.010302
0.2534 	0.00383974
0.2541 	0.00042844
0.2548 	0.00034405
0.2555 	0.000252261
0.2562 	0.000157514
0.2569 	0.000118514
0.2576 	8.3801e-05
0.2583 	3.88643e-05
0.259 	6.53819e-08
0.2597 	5.98489e-08
0.2604 	4.69491e-08
0.2611 	2.85242e-08
0.2618 	2.17832e-08
0.2625 	1.82287e-08
0.2632 	1.17533e-08
0.2639 	4.92858e-13
0.2646 	5.01987e-13
0.2653 	4.35377e-13
0.266 	2.67783e-13
0.2667 	1.93884e-13
0.2674 	1.72039e-13
0.2681 	1.36043e-13
0.2688 	2.81358e-18
0.2695 	3.24563e-18
0.2702 	3.2109e-18
0.2709 	2.00923e-18
0.2716 	1.35763e-18
0.2723 	1.25611e-18
0.273 	1.15459e-18
0.2737 	7.89352e-20
0.2744 	1.67928e-23
0.2751 	1.93357e-23
0.2758 	1.23476e-23
0.2765 	7.72396e-24
0.2772 	7.35635e-24
0.2779 	6.98874e-24
0.2786 	1.42355e-24
0.2793 	7.04532e-29
0.28 	9.52147e-29
0.2807 	6.21377e-29
0.2814 	3.59222e-29
0.2821 	3.48651e-29
0.2828 	3.3808e-29
0.2835 	1.14652e-29
0.2842 	2.44326e-34
0.2849 	3.54098e-34
0.2856 	2.5892e-34
0.2863 	1.38644e-34
0.287 	1.36164e-34
0.2877 	1.33685e-34
0.2884 	6.35413e-35
0.2891 	7.1059e-40
0.2898 	1.0961e-39
0.2905 	9.03609e-40
0.2912 	4.79911e-40
0.2919 	4.4513e-40
0.2926 	4.40264e-40
0.2933 	2.69483e-40
0.294 	1.75224e-45
0.2947 	2.86753e-45
0.2954 	2.67217e-45
0.2961 	1.49382e-45
0.2968 	1.23492e-45
0.2975 	1.22677e-45
0.2982 	9.19101e-46
0.2989 	3.69437e-51
0.2996 	6.42175e-51
0.3003 	6.77318e-51
0.301 	3.95669e-51
0.3017 	2.94326e-51
0.3024 	2.93151e-51
0.3031 	2.59856e-51
0.3038 	6.69747e-57
0.3045 	1.24357e-56
0.3052 	1.48642e-56
0.3059 	9.01807e-57
0.3066 	6.08778e-57
0.3073 	6.07326e-57
0.308 	6.05875e-57
0.3087 	4.14484e-58
0.3094 	2.09559e-62
0.3101 	2.84401e-62
0.3108 	1.78291e-62
0.3115 	1.10023e-62
0.3122 	1.09872e-62
0.3129 	1.09721e-62
0.3136 	2.25076e-63
0.3143 	3.07619e-68
0.315 	4.75363e-68
0.3157 	3.06659e-68
0.3164 	1.74079e-68
0.3171 	1.73949e-68
0.3178 	1.7382e-68
0.3185 	5.94109e-69
0.3192 	3.91449e-74
0.3199 	6.24693e-74
0.3206 	4.57492e-74
0.3213 	2.40255e-74
0.322 	2.40167e-74
0.3227 	2.40078e-74
0.3234 	1.14855e-74
0.3241 	4.27718e-80
0.3248 	7.07686e-80
0.3255 	5.87391e-80
0.3262 	3.06991e-80
0.3269 	2.86918e-80
0.3276 	2.86869e-80
0.3283 	1.76415e-80
0.329 	3.97105e-86
0.3297 	6.84466e-86
0.3304 	6.43281e-86
0.3311 	3.55687e-86
0.3318 	2.94044e-86
0.3325 	2.94023e-86
0.3332 	2.20944e-86
0.3339 	3.11521e-92
0.3346 	5.62577e-92
0.3353 	5.98397e-92
0.336 	3.47235e-92
0.3367 	2.57531e-92
0.3374 	2.57526e-92
0.3381 	2.28645e-92
0.3388 	2.0733e-98
0.3395 	3.95153e-98
0.3402 	4.75639e-98
0.3409 	2.8778e-98
0.3416 	1.93852e-98
0.3423 	1.93853e-98
0.343 	1.93855e-98
0.3437 	1.32366e-99
0.3444 	2.39487e-104
0.3451 	3.26408e-104
0.3458 	2.04711e-104
0.3465 	1.26479e-104
0.3472 	1.26482e-104
0.3479 	1.26486e-104
0.3486 	2.59013e-105
0.3493 	1.23975e-110
0.35 	1.91745e-110
0.3507 	1.23976e-110
0.3514 	7.07297e-111
0.3521 	7.0732e-111
0.3528 	7.07343e-111
0.3535 	2.41341e-111
0.3542 	5.23024e-117
0.3549 	8.32896e-117
0.3556 	6.11568e-117
0.3563 	3.23842e-117
0.357 	3.23853e-117
0.3577 	3.23865e-117
0.3584 	1.54655e-117
0.3591 	1.75465e-123
0.3598 	2.88876e-123
0.3605 	2.40276e-123
0.3612 	1.26872e-123
0.3619 	1.18776e-123
0.3626 	1.18781e-123
0.3633 	7.29059e-124
0.364 	5.7716e-130
0.3647 	9.88066e-130
0.3654 	9.2938e-130
0.3661 	5.18501e-130
0.3668 	4.3047e-130
0.3675 	4.30488e-130
0.3682 	3.22847e-130
0.3689 	2.59463e-136
0.3696 	4.6505e-136
0.3703 	4.94426e-136
0.371 	2.88853e-136
0.3717 	2.1544e-136
0.3724 	2.15449e-136
0.3731 	1.90897e-136
0.3738 	1.36646e-142
0.3745 	2.58704e-142
0.3752 	3.11017e-142
0.3759 	1.88968e-142
0.3766 	1.27946e-142
0.3773 	1.27952e-142
0.378 	1.27957e-142
0.3787 	8.71862e-144
0.3794 	3.35095e-148
0.3801 	4.30658e-148
0.3808 	2.72276e-148
0.3815 	1.69519e-148
0.3822 	1.66884e-148
0.3829 	1.64249e-148
0.3836 	3.6265e-149
0.3843 	5.52797e-150
0.385 	8.09748e-150
0.3857 	5.25749e-150
0.3864 	3.01867e-150
0.3871 	2.98413e-150
0.3878 	2.94959e-150
0.3885 	1.03027e-150
0.3892 	6.8634e-152
0.3899 	1.05344e-151
0.3906 	7.72484e-152
0.3913 	4.11104e-152
0.392 	4.08291e-152
0.3927 	4.05479e-152
0.3934 	1.94631e-152
0.3941 	5.45924e-154
0.3948 	8.60117e-154
0.3955 	7.11309e-154
0.3962 	3.773e-154
0.3969 	3.51059e-154
0.3976 	3.48491e-154
0.3983 	2.14195e-154
0.399 	5.72373e-156
0.3997 	9.38423e-156
0.4004 	8.75164e-156
0.4011 	4.89924e-156
0.4018 	4.05425e-156
0.4025 	4.02944e-156
0.4032 	3.0146e-156
0.4039 	6.25107e-158
0.4046 	1.08049e-157
0.4053 	1.13853e-157
0.406 	6.66766e-158
0.4067 	4.96929e-158
0.4074 	4.94825e-158
0.4081 	4.36451e-158
0.4088 	6.13675e-160
0.4095 	1.12509e-159
0.4102 	1.34053e-159
0.4109 	8.16042e-160
0.4116 	5.52971e-160
0.4123 	5.51311e-160
0.413 	5.49651e-160
0.4137 	4.27878e-161
0.4144 	1.06946e-161
0.4151 	1.44281e-161
0.4158 	9.0814e-162
0.4165 	5.63977e-162
0.4172 	5.62727e-162
0.4179 	5.61477e-162
0.4186 	1.18513e-162
0.4193 	8.82887e-164
0.42 	1.35182e-163
0.4207 	8.7599e-164
0.4214 	5.01941e-164
0.4221 	5.01087e-164
0.4228 	5.00233e-164
0.4235 	1.72313e-164
0.4242 	6.03895e-166
0.4249 	9.52597e-166
0.4256 	6.99947e-166
0.4263 	3.72241e-166
0.427 	3.7173e-166
0.4277 	3.71218e-166
0.4284 	1.77549e-166
0.4291 	3.38424e-168
0.4298 	5.51946e-168
0.4305 	4.58828e-168
0.4312 	2.43054e-168
0.4319 	2.27388e-168
0.4326 	2.27113e-168
0.4333 	1.39102e-168
0.434 	1.57613e-170
0.4347 	2.6696e-170
0.4354 	2.50702e-170
0.4361 	1.4024e-170
0.4368 	1.16464e-170
0.4375 	1.16328e-170
0.4382 	8.68802e-171
0.4389 	6.25359e-173
0.4396 	1.10635e-172
0.4403 	1.17289e-172
0.441 	6.86804e-173
0.4417 	5.12808e-173
0.4424 	5.12189e-173
0.4431 	4.51366e-173
0.4438 	2.14442e-175
0.4445 	3.99342e-175
0.4452 	4.7799e-175
0.4459 	2.9101e-175
0.4466 	1.97393e-175
0.4473 	1.9714e-175
0.448 	1.96887e-175
0.4487 	1.39718e-176
0.4494 	1.23697e-177
0.4501 	1.67338e-177
0.4508 	1.05357e-177
0.4515 	6.54796e-178
0.4522 	6.53899e-178
0.4529 	6.53002e-178
0.4536 	1.34216e-178
0.4543 	3.18622e-180
0.455 	4.88094e-180
0.4557 	3.16429e-180
0.4564 	1.81493e-180
0.4571 	1.81225e-180
0.4578 	1.80957e-180
0.4585 	6.15554e-181
0.4592 	6.88531e-183
0.4599 	1.08432e-182
0.4606 	7.97e-183
0.4613 	4.24443e-183
0.462 	4.23786e-183
0.4627 	4.23129e-183
0.4634 	2.00929e-183
0.4641 	1.35624e-185
0.4648 	2.2074e-185
0.4655 	1.83509e-185
0.4662 	9.73406e-186
0.4669 	9.10671e-186
0.4676 	9.0939e-186
0.4683 	5.54333e-186
0.469 	2.59779e-188
0.4697 	4.4024e-188
0.4704 	4.13565e-188
0.4711 	2.31538e-188
0.4718 	1.92385e-188
0.4725 	1.92197e-188
0.4732 	1.43053e-188
0.4739 	4.67261e-191
0.4746 	8.31044e-191
0.4753 	8.82297e-191
0.476 	5.16844e-191
0.4767 	3.86202e-191
0.4774 	3.86009e-191
0.4781 	3.39362e-191
0.4788 	8.19215e-194
0.4795 	1.54208e-193
0.4802 	1.85151e-193
0.4809 	1.12737e-193
0.4816 	7.65233e-194
0.4823 	7.65104e-194
0.483 	7.64976e-194
0.4837 	5.3421e-195
0.4844 	3.41617e-196
0.4851 	4.64371e-196
0.4858 	2.92371e-196
0.4865 	1.81798e-196
0.4872 	1.8179e-196
0.4879 	1.81783e-196
0.4886 	3.72966e-197
0.4893 	9.59529e-199
0.49 	1.47969e-198
0.4907 	9.59236e-199
0.4914 	5.50306e-199
0.4921 	5.50292e-199
0.4928 	5.50279e-199
0.4935 	1.87087e-199
0.4942 	2.93342e-201
0.4949 	4.65683e-201
0.4956 	3.42505e-201
0.4963 	1.82391e-201
0.497 	1.82388e-201
0.4977 	1.82384e-201
0.4984 	8.65314e-202
0.4991 	8.81254e-204
0.4998 	1.44632e-203
0.5005 	1.20396e-203
0.5012 	6.38611e-204
0.5019 	5.98223e-204
0.5026 	5.98214e-204
0.5033 	3.64194e-204
0.504 	2.5788e-206
0.5047 	4.39869e-206
0.5054 	4.13824e-206
0.5061 	2.31752e-206
0.5068 	1.92736e-206
0.5075 	1.92733e-206
0.5082 	1.43216e-206
0.5089 	7.41848e-209
0.5096 	1.32394e-208
0.5103 	1.407e-208
0.511 	8.24659e-209
0.5117 	6.16681e-209
0.5124 	6.16676e-209
0.5131 	5.40987e-209
0.5138 	2.09396e-211
0.5145 	3.94401e-211
0.5152 	4.7367e-211
0.5159 	2.88597e-211
0.5166 	1.96061e-211
0.5173 	1.96061e-211
0.518 	1.9606e-211
0.5187 	1.37981e-212
0.5194 	1.16181e-213
0.5201 	1.57897e-213
0.5208 	9.94731e-214
0.5215 	6.19154e-214
0.5222 	6.19155e-214
0.5229 	6.19157e-214
0.5236 	1.26756e-214
0.5243 	3.40071e-216
0.525 	5.24229e-216
0.5257 	3.40022e-216
0.5264 	1.95288e-216
0.5271 	1.9529e-216
0.5278 	1.95291e-216
0.5285 	6.61973e-217
0.5292 	9.86222e-219
0.5299 	1.56497e-218
0.5306 	1.15146e-218
0.5313 	6.13929e-219
0.532 	6.13936e-219
0.5327 	6.13943e-219
0.5334 	2.9045e-219
0.5341 	2.78563e-221
0.5348 	4.56956e-221
0.5355 	3.80475e-221
0.5362 	2.02044e-221
0.5369 	1.89302e-221
0.5376 	1.89305e-221
0.5383 	1.14931e-221
0.539 	7.55866e-224
0.5397 	1.28855e-223
0.5404 	1.21239e-223
0.5411 	6.79607e-224
0.5418 	5.65447e-224
0.5425 	5.65456e-224
0.5432 	4.19049e-224
0.5439 	1.95839e-226
0.5446 	3.49264e-226
0.5453 	3.71171e-226
0.546 	2.17718e-226
0.5467 	1.62916e-226
0.5474 	1.62919e-226
0.5481 	1.42551e-226
0.5488 	4.82263e-229
0.5495 	9.07573e-229
0.5502 	1.08983e-228
0.5509 	6.6445e-229
0.5516 	4.51766e-229
0.5523 	4.51774e-229
0.553 	4.51782e-229
0.5537 	3.15027e-230
0.5544 	2.24177e-231
0.5551 	3.04585e-231
0.5558 	1.91994e-231
0.5565 	1.19615e-231
0.5572 	1.19617e-231
0.5579 	1.1962e-231
0.5586 	2.43674e-232
0.5593 	5.22415e-234
0.56 	8.04986e-234
0.5607 	5.2238e-234
0.5614 	3.00334e-234
0.5621 	3.0034e-234
0.5628 	3.00346e-234
0.5635 	1.01409e-234
0.5642 	1.14874e-236
0.5649 	1.82201e-236
0.5656 	1.34104e-236
0.5663 	7.158e-237
0.567 	7.15815e-237
0.5677 	7.1583e-237
0.5684 	3.37546e-237
0.5691 	2.40819e-239
0.5698 	3.94831e-239
0.5705 	3.28816e-239
0.5712 	1.7479e-239
0.5719 	1.63792e-239
0.5726 	1.63796e-239
0.5733 	9.91638e-240
0.574 	4.89315e-242
0.5747 	8.33646e-242
0.5754 	7.84441e-242
0.5761 	4.40085e-242
0.5768 	3.66302e-242
0.5775 	3.6631e-242
0.5782 	2.70784e-242
0.5789 	9.71497e-245
0.5796 	1.73138e-244
0.5803 	1.83992e-244
0.581 	1.07998e-244
0.5817 	8.08596e-245
0.5824 	8.08615e-245
0.5831 	7.0589e-245
0.5838 	1.85755e-247
0.5845 	3.49287e-247
0.5852 	4.1937e-247
0.5859 	2.5583e-247
0.5866 	1.74062e-247
0.5873 	1.74066e-247
0.588 	1.74071e-247
0.5887 	1.20143e-248
0.5894 	6.6592e-250
0.5901 	9.04546e-250
0.5908 	5.70453e-250
0.5915 	3.55684e-250
0.5922 	3.55692e-250
0.5929 	3.55701e-250
0.5936 	7.21333e-251
0.5943 	1.17296e-252
0.595 	1.80675e-252
0.5957 	1.17294e-252
0.5964 	6.74947e-253
0.5971 	6.74963e-253
0.5978 	6.7498e-253
0.5985 	2.2715e-253
0.5992 	1.88754e-255
0.5999 	2.99259e-255
0.6006 	2.20324e-255
0.6013 	1.1771e-255
0.602 	1.17713e-255
0.6027 	1.17716e-255
0.6034 	5.53557e-256
0.6041 	2.77155e-258
0.6048 	4.54196e-258
0.6055 	3.78319e-258
0.6062 	2.01274e-258
0.6069 	1.88633e-258
0.6076 	1.88638e-258
0.6083 	1.13928e-258
0.609 	3.72155e-261
0.6097 	6.33709e-261
0.6104 	5.96343e-261
0.6111 	3.34785e-261
0.6118 	2.78743e-261
0.6125 	2.78749e-261
0.6132 	2.05615e-261
0.6139 	4.58559e-264
0.6146 	8.16745e-264
0.6153 	8.67913e-264
0.616 	5.09724e-264
0.6167 	3.81807e-264
0.6174 	3.81815e-264
0.6181 	3.32673e-264
0.6188 	5.17695e-267
0.6195 	9.72776e-267
0.6202 	1.16781e-266
0.6209 	7.12727e-267
0.6216 	4.85192e-267
0.6223 	4.85202e-267
0.623 	4.85213e-267
0.6237 	3.30373e-268
0.6244 	1.06067e-269
0.6251 	1.44044e-269
0.6258 	9.08758e-270
0.6265 	5.6697e-270
0.6272 	5.66982e-270
0.6279 	5.66993e-270
0.6286 	1.14414e-270
0.6293 	1.04113e-272
0.63 	1.60321e-272
0.6307 	1.04113e-272
0.6314 	5.99502e-273
0.6321 	5.99514e-273
0.6328 	5.99526e-273
0.6335 	2.01124e-273
0.6342 	9.05209e-276
0.6349 	1.43469e-275
0.6356 	1.05649e-275
0.6363 	5.64834e-276
0.637 	5.64844e-276
0.6377 	5.64855e-276
0.6384 	2.64996e-276
0.6391 	6.89839e-279
0.6398 	1.13009e-278
0.6405 	9.41414e-279
0.6412 	5.01165e-279
0.6419 	4.69729e-279
0.6426 	4.69737e-279
0.6433 	2.83159e-279
0.644 	4.61125e-282
0.6447 	7.84899e-282
0.6454 	7.38647e-282
0.6461 	4.14877e-282
0.6468 	3.45504e-282
0.6475 	3.4551e-282
0.6482 	2.54455e-282
0.6489 	2.75399e-285
0.6496 	4.903e-285
0.6503 	5.21001e-285
0.651 	3.06103e-285
0.6517 	2.29357e-285
0.6524 	2.29361e-285
0.6531 	1.9957e-285
0.6538 	1.51155e-288
0.6545 	2.83888e-288
0.6552 	3.40774e-288
0.6559 	2.08044e-288
0.6566 	1.4168e-288
0.6573 	1.41682e-288
0.658 	1.41684e-288
0.6587 	9.5568e-290
0.6594 	1.51137e-291
0.6601 	2.05222e-291
0.6608 	1.29505e-291
0.6615 	8.08311e-292
0.6622 	8.08322e-292
0.6629 	8.08333e-292
0.6636 	1.62583e-292
0.6643 	7.14789e-295
0.665 	1.10047e-294
0.6657 	7.14796e-295
0.6664 	4.1177e-295
0.6671 	4.11775e-295
0.6678 	4.11781e-295
0.6685 	1.37861e-295
0.6692 	2.84857e-298
0.6699 	4.51384e-298
0.6706 	3.32438e-298
0.6713 	1.7781e-298
0.672 	1.77812e-298
0.6727 	1.77814e-298
0.6734 	8.3297e-299
0.6741 	9.35552e-302
0.6748 	1.53228e-301
0.6755 	1.27654e-301
0.6762 	6.79829e-302
0.6769 	6.37215e-302
0.6776 	6.37221e-302
0.6783 	3.83681e-302
0.679 	2.49432e-305
0.6797 	4.24467e-305
0.6804 	3.99463e-305
0.6811 	2.24431e-305
0.6818 	1.86926e-305
0.6825 	1.86927e-305
0.6832 	1.37538e-305
0.6839 	5.32055e-309
0.6846 	9.46992e-309
0.6853 	1.00627e-308
0.686 	5.91339e-309
0.6867 	4.43152e-309
0.6874 	4.43155e-309
0.6881 	3.85307e-309
0.6888 	8.83009e-313
0.6895 	1.65795e-312
0.6902 	1.99007e-312
0.6909 	1.21513e-312
0.6916 	8.27674e-313
0.6923 	8.27677e-313
0.693 	8.27681e-313
0.6937 	5.54635e-314
0.6944 	2.17116e-316
0.6951 	2.94788e-316
0.6958 	1.86048e-316
0.6965 	1.16144e-316
0.6972 	1.16144e-316
0.6979 	1.16145e-316
0.6986 	2.33205e-317
0.6993 	4.05578e-320
0.7 	6.24351e-320
