0 	1
0.0007 	1
0.0014 	1
0.0021 	1
0.0028 	1
0.0035 	1
0.0042 	1
0.0049 	1
0.0056 	1
0.0063 	1
0.007 	1
0.0077 	1
0.0084 	1
0.0091 	1
0.0098 	1
0.0105 	1
0.0112 	1
0.0119 	1
0.0126 	1
0.0133 	1
0.014 	1
0.0147 	1
0.0154 	1
0.0161 	1
0.0168 	1
0.0175 	1
0.0182 	1
0.0189 	1
0.0196 	1
0.0203 	1
0.021 	1
0.0217 	1
0.0224 	1
0.0231 	1
0.0238 	1
0.0245 	1
0.0252 	1
0.0259 	1
0.0266 	1
0.0273 	1
0.028 	1
0.0287 	1
0.0294 	1
0.0301 	1
0.0308 	1
0.0315 	1
0.0322 	1
0.0329 	1
0.0336 	1
0.0343 	1
0.035 	1
0.0357 	1
0.0364 	1
0.0371 	1
0.0378 	1
0.0385 	1
0.0392 	1
0.0399 	1
0.0406 	1
0.0413 	1
0.042 	1
0.0427 	1
0.0434 	1
0.0441 	1
0.0448 	1
0.0455 	1
0.0462 	1
0.0469 	1
0.0476 	1
0.0483 	1
0.049 	1
0.0497 	1
0.0504 	1
0.0511 	1
0.0518 	1
0.0525 	1
0.0532 	1
0.0539 	1
0.0546 	1
0.0553 	1
0.056 	1
0.0567 	1
0.0574 	1
0.0581 	1
0.0588 	1
0.0595 	1
0.0602 	1
0.0609 	1
0.0616 	1
0.0623 	1
0.063 	1
0.0637 	1
0.0644 	1
0.0651 	1
0.0658 	1
0.0665 	1
0.0672 	1
0.0679 	1
0.0686 	1
0.0693 	1
0.07 	1
0.0707 	1
0.0714 	1
0.0721 	1
0.0728 	1
0.0735 	1
0.0742 	1
0.0749 	1
0.0756 	1
0.0763 	1
0.077 	1
0.0777 	1
0.0784 	1
0.0791 	1
0.0798 	1
0.0805 	1
0.0812 	1
0.0819 	1
0.0826 	1
0.0833 	1
0.084 	1
0.0847 	1
0.0854 	1
0.0861 	1
0.0868 	1
0.0875 	1
0.0882 	1
0.0889 	1
0.0896 	1
0.0903 	1
0.091 	1
0.0917 	1
0.0924 	1
0.0931 	1
0.0938 	1
0.0945 	1
0.0952 	1
0.0959 	1
0.0966 	1
0.0973 	1
0.098 	1
0.0987 	1
0.0994 	1
0.1001 	1
0.1008 	1
0.1015 	1
0.1022 	1
0.1029 	1
0.1036 	1
0.1043 	1
0.105 	1
0.1057 	1
0.1064 	1
0.1071 	1
0.1078 	1
0.1085 	1
0.1092 	1
0.1099 	1
0.1106 	1
0.1113 	1
0.112 	1
0.1127 	1
0.1134 	1
0.1141 	1
0.1148 	1
0.1155 	1
0.1162 	1
0.1169 	1
0.1176 	1
0.1183 	1
0.119 	1
0.1197 	1
0.1204 	1
0.1211 	1
0.1218 	1
0.1225 	1
0.1232 	1
0.1239 	1
0.1246 	1
0.1253 	1
0.126 	1
0.1267 	1
0.1274 	1
0.1281 	1
0.1288 	1
0.1295 	1
0.1302 	1
0.1309 	1
0.1316 	1
0.1323 	1
0.133 	1
0.1337 	1
0.1344 	1
0.1351 	1
0.1358 	1
0.1365 	1
0.1372 	1
0.1379 	1
0.1386 	1
0.1393 	1
0.14 	1
0.1407 	1
0.1414 	1
0.1421 	1
0.1428 	1
0.1435 	1
0.1442 	1
0.1449 	1
0.1456 	1
0.1463 	1
0.147 	1
0.1477 	1
0.1484 	1
0.1491 	1
0.1498 	1
0.1505 	1
0.1512 	1
0.1519 	1
0.1526 	1
0.1533 	1
0.154 	1
0.1547 	1
0.1554 	1
0.1561 	1
0.1568 	1
0.1575 	1
0.1582 	1
0.1589 	1
0.1596 	1
0.1603 	1
0.161 	1
0.1617 	1
0.1624 	1
0.1631 	1
0.1638 	1
0.1645 	1
0.1652 	1
0.1659 	1
0.1666 	1
0.1673 	1
0.168 	1
0.1687 	1
0.1694 	1
0.1701 	1
0.1708 	1
0.1715 	1
0.1722 	1
0.1729 	1
0.1736 	1
0.1743 	1
0.175 	1
0.1757 	1
0.1764 	1
0.1771 	1
0.1778 	1
0.1785 	1
0.1792 	1
0.1799 	1
0.1806 	1
0.1813 	1
0.182 	1
0.1827 	1
0.1834 	1
0.1841 	1
0.1848 	1
0.1855 	1
0.1862 	1
0.1869 	1
0.1876 	1
0.1883 	1
0.189 	1
0.1897 	1
0.1904 	1
0.1911 	1
0.1918 	1
0.1925 	1
0.1932 	1
0.1939 	1
0.1946 	1
0.1953 	1
0.196 	1
0.1967 	1
0.1974 	1
0.1981 	1
0.1988 	1
0.1995 	1
0.2002 	1
0.2009 	1
0.2016 	1
0.2023 	1
0.203 	1
0.2037 	1
0.2044 	1
0.2051 	1
0.2058 	1
0.2065 	1
0.2072 	1
0.2079 	1
0.2086 	1
0.2093 	1
0.21 	1
0.2107 	1
0.2114 	1
0.2121 	1
0.2128 	1
0.2135 	1
0.2142 	1
0.2149 	1
0.2156 	1
0.2163 	1
0.217 	1
0.2177 	1
0.2184 	1
0.2191 	1
0.2198 	1
0.2205 	1
0.2212 	1
0.2219 	1
0.2226 	1
0.2233 	1
0.224 	1
0.2247 	1
0.2254 	1
0.2261 	1
0.2268 	1
0.2275 	1
0.2282 	1
0.2289 	1
0.2296 	1
0.2303 	1
0.231 	1
0.2317 	0.999981
0.2324 	0.999947
0.2331 	0.999907
0.2338 	0.999864
0.2345 	0.999795
0.2352 	0.999726
0.2359 	0.999659
0.2366 	0.997951
0.2373 	0.994447
0.238 	0.990571
0.2387 	0.986695
0.2394 	0.97977
0.2401 	0.972618
0.2408 	0.965514
0.2415 	0.947684
0.2422 	0.910273
0.2429 	0.871313
0.2436 	0.832354
0.2443 	0.769798
0.245 	0.700807
0.2457 	0.631857
0.2464 	0.563406
0.2471 	0.496791
0.2478 	0.430693
0.2485 	0.364595
0.2492 	0.299995
0.2499 	0.236228
0.2506 	0.172451
0.2513 	0.110883
0.252 	0.0780475
0.2527 	0.0468021
0.2534 	0.0158013
0.2541 	0.000272423
0.2548 	0.000215457
0.2555 	0.000159064
0.2562 	0.000102901
0.2569 	6.95954e-05
0.2576 	4.2265e-05
0.2583 	1.6539e-05
0.259 	6.73587e-10
0.2597 	5.54069e-10
0.2604 	4.17226e-10
0.2611 	2.6739e-10
0.2618 	1.72011e-10
0.2625 	1.04347e-10
0.2632 	4.59129e-11
0.2639 	1.3393e-16
0.2646 	1.18058e-16
0.2653 	9.36942e-17
0.266 	5.8009e-17
0.2667 	3.49821e-17
0.2674 	2.11908e-17
0.2681 	1.0203e-17
0.2688 	3.43459e-23
0.2695 	2.98192e-23
0.2702 	2.41654e-23
0.2709 	1.5694e-23
0.2716 	9.40697e-24
0.2723 	5.70594e-24
0.273 	2.95135e-24
0.2737 	1.96768e-25
0.2744 	4.16466e-30
0.2751 	3.20248e-30
0.2758 	2.27517e-30
0.2765 	1.45418e-30
0.2772 	8.62002e-31
0.2779 	4.72711e-31
0.2786 	8.34209e-32
0.2793 	5.22393e-37
0.28 	3.79709e-37
0.2807 	2.85493e-37
0.2814 	1.93767e-37
0.2821 	1.11649e-37
0.2828 	6.42827e-38
0.2835 	1.69166e-38
0.2842 	5.9473e-44
0.2849 	4.34099e-44
0.2856 	3.26146e-44
0.2863 	2.27261e-44
0.287 	1.32128e-44
0.2877 	7.58362e-45
0.2884 	2.52789e-45
0.2891 	5.76073e-51
0.2898 	4.26636e-51
0.2905 	3.1811e-51
0.2912 	2.25949e-51
0.2919 	1.33446e-51
0.2926 	7.50692e-52
0.2933 	2.9375e-52
0.294 	4.6327e-58
0.2947 	3.48806e-58
0.2954 	2.58674e-58
0.2961 	1.86791e-58
0.2968 	1.12545e-58
0.2975 	6.1425e-59
0.2982 	2.7027e-59
0.2989 	3.04431e-65
0.2996 	2.34263e-65
0.3003 	1.74215e-65
0.301 	1.27662e-65
0.3017 	7.86064e-66
0.3024 	4.11178e-66
0.3031 	1.97975e-66
0.3038 	1.57535e-72
0.3045 	1.24123e-72
0.3052 	9.33894e-73
0.3059 	6.93534e-73
0.3066 	4.38004e-73
0.3073 	2.17472e-73
0.308 	1.12486e-73
0.3087 	7.49932e-75
0.3094 	5.65612e-80
0.3101 	4.22871e-80
0.3108 	3.17888e-80
0.3115 	2.0746e-80
0.3122 	9.93346e-81
0.3129 	5.44739e-81
0.3136 	9.61314e-82
0.3143 	2.04069e-87
0.315 	1.50511e-87
0.3157 	1.14421e-87
0.3164 	7.71694e-88
0.3171 	3.61444e-88
0.3178 	2.08104e-88
0.3185 	5.47645e-89
0.3192 	5.94826e-95
0.3199 	4.52736e-95
0.3206 	3.43558e-95
0.3213 	2.38204e-95
0.322 	1.11247e-95
0.3227 	6.03113e-96
0.3234 	2.01038e-96
0.3241 	1.35753e-102
0.3248 	1.07474e-102
0.3255 	8.23692e-103
0.3262 	5.85338e-103
0.3269 	2.87351e-103
0.3276 	1.43012e-103
0.3283 	5.59614e-104
0.329 	2.33122e-110
0.3297 	1.92636e-110
0.3304 	1.51263e-110
0.3311 	1.09224e-110
0.3318 	5.67587e-111
0.3325 	2.56813e-111
0.3332 	1.12998e-111
0.3339 	3.69405e-118
0.3346 	2.97043e-118
0.3353 	2.29406e-118
0.336 	1.6807e-118
0.3367 	9.64458e-119
0.3374 	4.3707e-119
0.3381 	2.10441e-119
0.3388 	4.7246e-126
0.3395 	3.74138e-126
0.3402 	2.83075e-126
0.3409 	2.1016e-126
0.3416 	1.28729e-126
0.3423 	5.78672e-127
0.343 	2.99314e-127
0.3437 	1.99548e-128
0.3444 	3.51107e-134
0.3451 	2.26175e-134
0.3458 	1.96981e-134
0.3465 	1.4352e-134
0.3472 	5.81222e-135
0.3479 	3.18735e-135
0.3486 	5.62475e-136
0.3493 	-3.99986e-138
0.35 	-9.08712e-138
0.3507 	-3.99998e-138
0.3514 	-2.40647e-141
0.3521 	3.89463e-143
0.3528 	2.16767e-143
0.3535 	4.40723e-144
0.3542 	-2.56879e-141
0.3549 	-6.56195e-141
0.3556 	-3.7097e-141
0.3563 	-1.65251e-144
0.357 	-1.76062e-145
0.3577 	-8.63806e-148
0.3584 	-7.32054e-148
0.3591 	-1.08677e-144
0.3598 	-3.25899e-144
0.3605 	-2.32804e-144
0.3612 	-1.55825e-145
0.3619 	-1.46018e-148
0.3626 	-2.20624e-151
0.3633 	-1.63741e-151
0.364 	-2.19951e-148
0.3647 	-8.3546e-148
0.3654 	-7.47531e-148
0.3661 	-1.32022e-148
0.3668 	-4.30649e-152
0.3675 	-3.10392e-155
0.3682 	-2.09253e-155
0.3689 	-1.99307e-152
0.3696 	-1.12881e-151
0.3703 	-1.2616e-151
0.371 	-3.32095e-152
0.3717 	-5.94858e-156
0.3724 	-2.70662e-159
0.3731 	-1.83143e-159
0.3738 	-6.70552e-157
0.3745 	-1.00442e-155
0.3752 	-1.40615e-155
0.3759 	-4.68786e-156
0.3766 	-5.88987e-160
0.3773 	-1.67144e-163
0.378 	-9.93108e-164
0.3787 	-3.14771e-164
0.3794 	-2.89599e-160
0.3801 	-5.12348e-160
0.3808 	-2.005e-160
0.3815 	-1.85924e-164
0.3822 	-3.93966e-168
0.3829 	-2.18815e-168
0.3836 	-4.36643e-169
0.3843 	-7.19404e-166
0.385 	-1.63493e-165
0.3857 	-7.19405e-166
0.3864 	-5.01748e-170
0.3871 	-9.38916e-174
0.3878 	-5.40588e-174
0.3885 	-1.4226e-174
0.3892 	3.81254e-193
0.3899 	5.02341e-193
0.3906 	4.12442e-193
0.3913 	2.78521e-193
0.392 	2.94326e-194
0.3927 	7.37074e-196
0.3934 	2.45723e-196
0.3941 	5.73291e-200
0.3948 	7.65784e-200
0.3955 	6.79632e-200
0.3962 	4.82024e-200
0.3969 	1.0217e-200
0.3976 	1.03544e-202
0.3983 	4.05183e-203
0.399 	1.72329e-207
0.3997 	2.33583e-207
0.4004 	2.24075e-207
0.4011 	1.61496e-207
0.4018 	5.00244e-208
0.4025 	2.9041e-210
0.4032 	1.2778e-210
0.4039 	2.7202e-269
0.4046 	3.7644e-269
0.4053 	3.91336e-269
0.406 	2.86865e-269
0.4067 	2.49556e-269
0.4074 	2.01501e-269
0.4081 	9.70714e-270
0.4088 	1.03453e-272
0.4095 	1.45463e-272
0.4102 	1.63462e-272
0.4109 	1.21435e-272
0.4116 	1.00423e-272
0.4123 	8.70618e-273
0.413 	4.50489e-273
0.4137 	3.03592e-274
0.4144 	4.85101e-276
0.4151 	5.89451e-276
0.4158 	4.43297e-276
0.4165 	3.49342e-276
0.4172 	3.23644e-276
0.4179 	1.7753e-276
0.4186 	3.14166e-277
0.4193 	1.41294e-279
0.42 	1.85746e-279
0.4207 	1.41274e-279
0.4214 	1.06331e-279
0.4221 	1.0483e-279
0.4228 	6.03702e-280
0.4235 	1.591e-280
0.4242 	3.96911e-283
0.4249 	5.27523e-283
0.4256 	4.3411e-283
0.4263 	3.12698e-283
0.427 	3.12691e-283
0.4277 	1.96161e-283
0.4284 	6.54696e-284
0.4291 	1.49636e-286
0.4298 	2.01188e-286
0.4305 	1.79001e-286
0.4312 	1.27319e-286
0.4319 	1.23616e-286
0.4326 	8.49124e-287
0.4333 	3.32776e-287
0.434 	9.60738e-290
0.4347 	1.30824e-289
0.4354 	1.25788e-289
0.4361 	9.09141e-290
0.4368 	8.34309e-290
0.4375 	6.22702e-290
0.4382 	2.74382e-290
0.4389 	7.63099e-293
0.4396 	1.05399e-292
0.4403 	1.09507e-292
0.441 	8.0309e-293
0.4417 	6.98737e-293
0.4424 	5.63003e-293
0.4431 	2.71371e-293
0.4438 	5.85679e-296
0.4445 	8.21751e-296
0.4452 	9.22675e-296
0.4459 	6.8573e-296
0.4466 	5.67212e-296
0.4473 	4.90688e-296
0.448 	2.54011e-296
0.4487 	1.7335e-297
0.4494 	5.94738e-299
0.4501 	7.21896e-299
0.4508 	5.43105e-299
0.4515 	4.28143e-299
0.4522 	3.95775e-299
0.4529 	2.17168e-299
0.4536 	3.85599e-300
0.4543 	3.80181e-302
0.455 	4.99138e-302
0.4557 	3.79762e-302
0.4564 	2.85958e-302
0.4571 	2.81293e-302
0.4578 	1.62024e-302
0.4585 	4.27557e-303
0.4592 	2.02271e-305
0.4599 	2.6851e-305
0.4606 	2.20999e-305
0.4613 	1.59276e-305
0.462 	1.59252e-305
0.4627 	9.96984e-306
0.4634 	3.32802e-306
0.4641 	8.56737e-309
0.4648 	1.151e-308
0.4655 	1.02416e-308
0.4662 	7.28876e-309
0.4669 	7.07685e-309
0.4676 	4.85034e-309
0.4683 	1.89945e-309
0.469 	2.81398e-312
0.4697 	3.83002e-312
0.4704 	3.68282e-312
0.4711 	2.66321e-312
0.4718 	2.44442e-312
0.4725 	1.82035e-312
0.4732 	8.01302e-313
0.4739 	6.75269e-316
0.4746 	9.32681e-316
0.4753 	9.69184e-316
0.476 	7.11141e-316
0.4767 	6.18945e-316
0.4774 	4.97618e-316
0.4781 	2.39594e-316
0.4788 	0
0.4795 	0
0.4802 	0
0.4809 	0
0.4816 	0
0.4823 	0
0.483 	0
0.4837 	0
0.4844 	0
0.4851 	0
0.4858 	0
0.4865 	0
0.4872 	0
0.4879 	0
0.4886 	0
0.4893 	0
0.49 	0
0.4907 	0
0.4914 	0
0.4921 	0
0.4928 	0
0.4935 	0
0.4942 	0
0.4949 	0
0.4956 	0
0.4963 	0
0.497 	0
0.4977 	0
0.4984 	0
0.4991 	0
0.4998 	0
0.5005 	0
0.5012 	0
0.5019 	0
0.5026 	0
0.5033 	0
0.504 	0
0.5047 	0
0.5054 	0
0.5061 	0
0.5068 	0
0.5075 	0
0.5082 	0
0.5089 	0
0.5096 	0
0.5103 	0
0.511 	0
0.5117 	0
0.5124 	0
0.5131 	0
0.5138 	0
0.5145 	0
0.5152 	0
0.5159 	0
0.5166 	0
0.5173 	0
0.518 	0
0.5187 	0
0.5194 	0
0.5201 	0
0.5208 	0
0.5215 	0
0.5222 	0
0.5229 	0
0.5236 	0
0.5243 	0
0.525 	0
0.5257 	0
0.5264 	0
0.5271 	0
0.5278 	0
0.5285 	0
0.5292 	0
0.5299 	0
0.5306 	0
0.5313 	0
0.532 	0
0.5327 	0
0.5334 	0
0.5341 	0
0.5348 	0
0.5355 	0
0.5362 	0
0.5369 	0
0.5376 	0
0.5383 	0
0.539 	0
0.5397 	0
0.5404 	0
0.5411 	0
0.5418 	0
0.5425 	0
0.5432 	0
0.5439 	0
0.5446 	0
0.5453 	0
0.546 	0
0.5467 	0
0.5474 	0
0.5481 	0
0.5488 	0
0.5495 	0
0.5502 	0
0.5509 	0
0.5516 	0
0.5523 	0
0.553 	0
0.5537 	0
0.5544 	0
0.5551 	0
0.5558 	0
0.5565 	0
0.5572 	0
0.5579 	0
0.5586 	0
0.5593 	0
0.56 	0
0.5607 	0
0.5614 	0
0.5621 	0
0.5628 	0
0.5635 	0
0.5642 	0
0.5649 	0
0.5656 	0
0.5663 	0
0.567 	0
0.5677 	0
0.5684 	0
0.5691 	0
0.5698 	0
0.5705 	0
0.5712 	0
0.5719 	0
0.5726 	0
0.5733 	0
0.574 	0
0.5747 	0
0.5754 	0
0.5761 	0
0.5768 	0
0.5775 	0
0.5782 	0
0.5789 	0
0.5796 	0
0.5803 	0
0.581 	0
0.5817 	0
0.5824 	0
0.5831 	0
0.5838 	0
0.5845 	0
0.5852 	0
0.5859 	0
0.5866 	0
0.5873 	0
0.588 	0
0.5887 	0
0.5894 	0
0.5901 	0
0.5908 	0
0.5915 	0
0.5922 	0
0.5929 	0
0.5936 	0
0.5943 	0
0.595 	0
0.5957 	0
0.5964 	0
0.5971 	0
0.5978 	0
0.5985 	0
0.5992 	0
0.5999 	0
0.6006 	0
0.6013 	0
0.602 	0
0.6027 	0
0.6034 	0
0.6041 	0
0.6048 	0
0.6055 	0
0.6062 	0
0.6069 	0
0.6076 	0
0.6083 	0
0.609 	0
0.6097 	0
0.6104 	0
0.6111 	0
0.6118 	0
0.6125 	0
0.6132 	0
0.6139 	0
0.6146 	0
0.6153 	0
0.616 	0
0.6167 	0
0.6174 	0
0.6181 	0
0.6188 	0
0.6195 	0
0.6202 	0
0.6209 	0
0.6216 	0
0.6223 	0
0.623 	0
0.6237 	0
0.6244 	0
0.6251 	0
0.6258 	0
0.6265 	0
0.6272 	0
0.6279 	0
0.6286 	0
0.6293 	0
0.63 	0
0.6307 	0
0.6314 	0
0.6321 	0
0.6328 	0
0.6335 	0
0.6342 	0
0.6349 	0
0.6356 	0
0.6363 	0
0.637 	0
0.6377 	0
0.6384 	0
0.6391 	0
0.6398 	0
0.6405 	0
0.6412 	0
0.6419 	0
0.6426 	0
0.6433 	0
0.644 	0
0.6447 	0
0.6454 	0
0.6461 	0
0.6468 	0
0.6475 	0
0.6482 	0
0.6489 	0
0.6496 	0
0.6503 	0
0.651 	0
0.6517 	0
0.6524 	0
0.6531 	0
0.6538 	0
0.6545 	0
0.6552 	0
0.6559 	0
0.6566 	0
0.6573 	0
0.658 	0
0.6587 	0
0.6594 	0
0.6601 	0
0.6608 	0
0.6615 	0
0.6622 	0
0.6629 	0
0.6636 	0
0.6643 	0
0.665 	0
0.6657 	0
0.6664 	0
0.6671 	0
0.6678 	0
0.6685 	0
0.6692 	0
0.6699 	0
0.6706 	0
0.6713 	0
0.672 	0
0.6727 	0
0.6734 	0
0.6741 	0
0.6748 	0
0.6755 	0
0.6762 	0
0.6769 	0
0.6776 	0
0.6783 	0
0.679 	0
0.6797 	0
0.6804 	0
0.6811 	0
0.6818 	0
0.6825 	0
0.6832 	0
0.6839 	0
0.6846 	0
0.6853 	0
0.686 	0
0.6867 	0
0.6874 	0
0.6881 	0
0.6888 	0
0.6895 	0
0.6902 	0
0.6909 	0
0.6916 	0
0.6923 	0
0.693 	0
0.6937 	0
0.6944 	0
0.6951 	0
0.6958 	0
0.6965 	0
0.6972 	0
0.6979 	0
0.6986 	0
0.6993 	0
0.7 	0
