0 	1
0.0007 	1
0.0014 	1
0.0021 	1
0.0028 	1
0.0035 	1
0.0042 	1
0.0049 	1
0.0056 	1
0.0063 	1
0.007 	1
0.0077 	1
0.0084 	1
0.0091 	1
0.0098 	1
0.0105 	1
0.0112 	1
0.0119 	1
0.0126 	1
0.0133 	1
0.014 	1
0.0147 	1
0.0154 	1
0.0161 	1
0.0168 	1
0.0175 	1
0.0182 	1
0.0189 	1
0.0196 	1
0.0203 	1
0.021 	1
0.0217 	1
0.0224 	1
0.0231 	1
0.0238 	1
0.0245 	1
0.0252 	1
0.0259 	1
0.0266 	1
0.0273 	1
0.028 	1
0.0287 	1
0.0294 	1
0.0301 	1
0.0308 	1
0.0315 	1
0.0322 	1
0.0329 	1
0.0336 	1
0.0343 	1
0.035 	1
0.0357 	1
0.0364 	1
0.0371 	1
0.0378 	1
0.0385 	1
0.0392 	1
0.0399 	1
0.0406 	1
0.0413 	1
0.042 	1
0.0427 	1
0.0434 	1
0.0441 	1
0.0448 	1
0.0455 	1
0.0462 	1
0.0469 	1
0.0476 	1
0.0483 	1
0.049 	1
0.0497 	1
0.0504 	1
0.0511 	1
0.0518 	1
0.0525 	1
0.0532 	1
0.0539 	1
0.0546 	1
0.0553 	1
0.056 	1
0.0567 	1
0.0574 	1
0.0581 	1
0.0588 	1
0.0595 	1
0.0602 	1
0.0609 	1
0.0616 	1
0.0623 	1
0.063 	1
0.0637 	1
0.0644 	1
0.0651 	1
0.0658 	1
0.0665 	1
0.0672 	1
0.0679 	1
0.0686 	1
0.0693 	1
0.07 	1
0.0707 	1
0.0714 	1
0.0721 	1
0.0728 	1
0.0735 	1
0.0742 	1
0.0749 	1
0.0756 	1
0.0763 	1
0.077 	1
0.0777 	1
0.0784 	1
0.0791 	1
0.0798 	1
0.0805 	1
0.0812 	1
0.0819 	1
0.0826 	1
0.0833 	1
0.084 	1
0.0847 	1
0.0854 	1
0.0861 	1
0.0868 	1
0.0875 	1
0.0882 	1
0.0889 	1
0.0896 	1
0.0903 	1
0.091 	1
0.0917 	1
0.0924 	1
0.0931 	1
0.0938 	1
0.0945 	1
0.0952 	1
0.0959 	1
0.0966 	1
0.0973 	1
0.098 	1
0.0987 	1
0.0994 	1
0.1001 	1
0.1008 	1
0.1015 	1
0.1022 	1
0.1029 	1
0.1036 	1
0.1043 	1
0.105 	1
0.1057 	1
0.1064 	1
0.1071 	1
0.1078 	1
0.1085 	1
0.1092 	1
0.1099 	1
0.1106 	1
0.1113 	1
0.112 	1
0.1127 	1
0.1134 	1
0.1141 	1
0.1148 	1
0.1155 	1
0.1162 	1
0.1169 	1
0.1176 	1
0.1183 	1
0.119 	1
0.1197 	1
0.1204 	1
0.1211 	1
0.1218 	1
0.1225 	1
0.1232 	1
0.1239 	1
0.1246 	1
0.1253 	1
0.126 	1
0.1267 	1
0.1274 	1
0.1281 	1
0.1288 	1
0.1295 	1
0.1302 	1
0.1309 	1
0.1316 	1
0.1323 	1
0.133 	1
0.1337 	1
0.1344 	1
0.1351 	1
0.1358 	1
0.1365 	1
0.1372 	1
0.1379 	1
0.1386 	1
0.1393 	1
0.14 	1
0.1407 	1
0.1414 	1
0.1421 	1
0.1428 	1
0.1435 	1
0.1442 	1
0.1449 	1
0.1456 	1
0.1463 	1
0.147 	1
0.1477 	1
0.1484 	1
0.1491 	1
0.1498 	1
0.1505 	1
0.1512 	1
0.1519 	1
0.1526 	1
0.1533 	1
0.154 	1
0.1547 	1
0.1554 	1
0.1561 	1
0.1568 	1
0.1575 	1
0.1582 	1
0.1589 	1
0.1596 	1
0.1603 	1
0.161 	1
0.1617 	1
0.1624 	1
0.1631 	1
0.1638 	1
0.1645 	1
0.1652 	1
0.1659 	1
0.1666 	1
0.1673 	1
0.168 	1
0.1687 	1
0.1694 	1
0.1701 	1
0.1708 	1
0.1715 	1
0.1722 	1
0.1729 	1
0.1736 	1
0.1743 	1
0.175 	1
0.1757 	1
0.1764 	1
0.1771 	1
0.1778 	1
0.1785 	1
0.1792 	1
0.1799 	1
0.1806 	1
0.1813 	1
0.182 	1
0.1827 	1
0.1834 	1
0.1841 	1
0.1848 	1
0.1855 	1
0.1862 	1
0.1869 	1
0.1876 	1
0.1883 	1
0.189 	1
0.1897 	1
0.1904 	1
0.1911 	1
0.1918 	1
0.1925 	1
0.1932 	1
0.1939 	1
0.1946 	1
0.1953 	1
0.196 	1
0.1967 	1
0.1974 	1
0.1981 	1
0.1988 	1
0.1995 	1
0.2002 	1
0.2009 	1
0.2016 	1
0.2023 	1
0.203 	1
0.2037 	1
0.2044 	1
0.2051 	1
0.2058 	1
0.2065 	1
0.2072 	1
0.2079 	1
0.2086 	1
0.2093 	1
0.21 	1
0.2107 	1
0.2114 	1
0.2121 	1
0.2128 	1
0.2135 	1
0.2142 	1
0.2149 	1
0.2156 	1
0.2163 	1
0.217 	1
0.2177 	1
0.2184 	1
0.2191 	1
0.2198 	1
0.2205 	1
0.2212 	1
0.2219 	1
0.2226 	1
0.2233 	1
0.224 	1
0.2247 	1
0.2254 	1
0.2261 	1
0.2268 	1
0.2275 	1
0.2282 	1
0.2289 	1
0.2296 	1
0.2303 	1
0.231 	1
0.2317 	1
0.2324 	1
0.2331 	1
0.2338 	1
0.2345 	1
0.2352 	1
0.2359 	1
0.2366 	1
0.2373 	1
0.238 	0.999999
0.2387 	0.999999
0.2394 	0.999999
0.2401 	0.999821
0.2408 	0.998573
0.2415 	0.997323
0.2422 	0.996071
0.2429 	0.99482
0.2436 	0.993568
0.2443 	0.992316
0.245 	0.991064
0.2457 	0.921526
0.2464 	0.851977
0.2471 	0.782431
0.2478 	0.712885
0.2485 	0.643339
0.2492 	0.573793
0.2499 	0.504247
0.2506 	0.43536
0.2513 	0.366609
0.252 	0.297861
0.2527 	0.229113
0.2534 	0.160364
0.2541 	0.0916163
0.2548 	0.0228681
0.2555 	0.00291432
0.2562 	0.00246329
0.2569 	0.00200969
0.2576 	0.00155588
0.2583 	0.00110208
0.259 	0.000648273
0.2597 	0.000194469
0.2604 	4.91231e-08
0.2611 	4.15826e-08
0.2618 	3.41048e-08
0.2625 	2.66441e-08
0.2632 	1.91835e-08
0.2639 	1.17228e-08
0.2646 	4.2621e-09
0.2653 	4.80977e-14
0.266 	4.05931e-14
0.2667 	3.33632e-14
0.2674 	2.62859e-14
0.2681 	1.92087e-14
0.2688 	1.21314e-14
0.2695 	5.0541e-15
0.2702 	3.64599e-20
0.2709 	3.05758e-20
0.2716 	2.50545e-20
0.2723 	1.98961e-20
0.273 	1.47376e-20
0.2737 	9.57916e-21
0.2744 	4.42071e-21
0.2751 	2.20526e-26
0.2758 	1.83228e-26
0.2765 	1.48634e-26
0.2772 	1.18906e-26
0.2779 	8.91786e-27
0.2786 	5.94508e-27
0.2793 	2.9723e-27
0.28 	1.07149e-32
0.2807 	8.80015e-33
0.2814 	7.00387e-33
0.2821 	5.64197e-33
0.2828 	4.28006e-33
0.2835 	2.91815e-33
0.2842 	1.55625e-33
0.2849 	1.9434e-34
0.2856 	3.40709e-39
0.2863 	2.63141e-39
0.287 	2.13356e-39
0.2877 	1.63571e-39
0.2884 	1.13786e-39
0.2891 	6.40011e-40
0.2898 	1.42162e-40
0.2905 	1.07673e-45
0.2912 	8.05772e-46
0.2919 	6.50101e-46
0.2926 	5.03299e-46
0.2933 	3.56496e-46
0.294 	2.09694e-46
0.2947 	6.28915e-47
0.2954 	2.83597e-52
0.2961 	2.07415e-52
0.2968 	1.63063e-52
0.2975 	1.27392e-52
0.2982 	9.17203e-53
0.2989 	5.6049e-53
0.2996 	2.03778e-53
0.3003 	6.40157e-59
0.301 	4.60349e-59
0.3017 	3.48594e-59
0.3024 	2.74647e-59
0.3031 	2.00701e-59
0.3038 	1.26754e-59
0.3045 	5.28071e-60
0.3052 	1.28125e-65
0.3059 	9.19405e-66
0.3066 	6.69555e-66
0.3073 	5.31701e-66
0.308 	3.93846e-66
0.3087 	2.55992e-66
0.3094 	1.18138e-66
0.3101 	2.36212e-72
0.3108 	1.7312e-72
0.3115 	1.23723e-72
0.3122 	9.89779e-73
0.3129 	7.42324e-73
0.3136 	4.94869e-73
0.3143 	2.47414e-73
0.315 	4.1604e-79
0.3157 	3.18937e-79
0.3164 	2.3293e-79
0.3171 	1.87637e-79
0.3178 	1.42343e-79
0.3185 	9.70499e-80
0.3192 	5.17565e-80
0.3199 	6.46304e-81
0.3206 	5.82453e-86
0.3213 	4.50717e-86
0.322 	3.65444e-86
0.3227 	2.8017e-86
0.3234 	1.94897e-86
0.3241 	1.09623e-86
0.3248 	2.43498e-87
0.3255 	1.03855e-92
0.3262 	8.62062e-93
0.3269 	7.02212e-93
0.3276 	5.43642e-93
0.3283 	3.85072e-93
0.329 	2.26502e-93
0.3297 	6.79324e-94
0.3304 	1.74825e-99
0.3311 	1.52538e-99
0.3318 	1.26089e-99
0.3325 	9.85063e-100
0.3332 	7.09232e-100
0.3339 	4.33402e-100
0.3346 	1.57572e-100
0.3353 	2.67059e-106
0.336 	2.39544e-106
0.3367 	2.02151e-106
0.3374 	1.59269e-106
0.3381 	1.16387e-106
0.3388 	7.35048e-107
0.3395 	3.06229e-107
0.3402 	3.56198e-113
0.3409 	3.24008e-113
0.3416 	2.79173e-113
0.3423 	2.21694e-113
0.343 	1.64215e-113
0.3437 	1.06737e-113
0.3444 	4.9258e-114
0.3451 	3.99553e-120
0.3458 	3.65929e-120
0.3465 	3.21359e-120
0.3472 	2.57085e-120
0.3479 	1.92811e-120
0.3486 	1.28537e-120
0.3493 	6.42632e-121
0.35 	3.60675e-127
0.3507 	3.31434e-127
0.3514 	2.96124e-127
0.3521 	2.38542e-127
0.3528 	1.80961e-127
0.3535 	1.23379e-127
0.3542 	6.57979e-128
0.3549 	8.21639e-129
0.3556 	2.26584e-134
0.3563 	2.05671e-134
0.357 	1.66759e-134
0.3577 	1.27847e-134
0.3584 	8.8935e-135
0.3591 	5.00231e-135
0.3598 	1.11112e-135
0.3605 	-5.75874e-142
0.3612 	7.02249e-142
0.3619 	6.47372e-142
0.3626 	4.89956e-142
0.3633 	3.3254e-142
0.364 	1.75124e-142
0.3647 	1.77084e-143
0.3654 	-4.70138e-143
0.3661 	-4.22601e-143
0.3668 	-3.51962e-143
0.3675 	-2.75022e-143
0.3682 	-1.98082e-143
0.3689 	-1.21143e-143
0.3696 	-4.42032e-144
0.3703 	-2.40474e-146
0.371 	-2.17291e-146
0.3717 	-1.83941e-146
0.3724 	-1.44942e-146
0.3731 	-1.05944e-146
0.3738 	-6.69451e-147
0.3745 	-2.79465e-147
0.3752 	-9.42756e-150
0.3759 	-8.52808e-150
0.3766 	-7.32465e-150
0.3773 	-5.81729e-150
0.378 	-4.30992e-150
0.3787 	-2.80256e-150
0.3794 	-1.2952e-150
0.3801 	-3.37252e-153
0.3808 	-3.05603e-153
0.3815 	-2.66247e-153
0.3822 	-2.13017e-153
0.3829 	-1.59787e-153
0.3836 	-1.06557e-153
0.3843 	-5.33269e-154
0.385 	-1.05643e-156
0.3857 	-9.58769e-157
0.3864 	-8.46772e-157
0.3871 	-6.82173e-157
0.3878 	-5.17575e-157
0.3885 	-3.52976e-157
0.3892 	-1.88377e-157
0.3899 	-2.37788e-158
0.3906 	-2.68694e-160
0.3913 	-2.40447e-160
0.392 	-1.94969e-160
0.3927 	-1.49491e-160
0.3934 	-1.04013e-160
0.3941 	-5.85347e-161
0.3948 	-1.30566e-161
0.3955 	-6.57275e-164
0.3962 	-5.92489e-164
0.3969 	-4.85988e-164
0.3976 	-3.76278e-164
0.3983 	-2.66568e-164
0.399 	-1.56858e-164
0.3997 	-4.71486e-165
0.4004 	-1.40212e-167
0.4011 	-1.266e-167
0.4018 	-1.05546e-167
0.4025 	-8.24632e-168
0.4032 	-5.93803e-168
0.4039 	-3.62973e-168
0.4046 	-1.32144e-168
0.4053 	-2.68455e-171
0.406 	-2.42765e-171
0.4067 	-2.05564e-171
0.4074 	-1.61968e-171
0.4081 	-1.18372e-171
0.4088 	-7.47757e-172
0.4095 	-3.11795e-172
0.4102 	-4.52338e-175
0.4109 	-4.09654e-175
0.4116 	-3.52075e-175
0.4123 	-2.79601e-175
0.413 	-2.07126e-175
0.4137 	-1.34651e-175
0.4144 	-6.21769e-176
0.4151 	-6.67152e-179
0.4158 	-6.0504e-179
0.4165 	-5.27441e-179
0.4172 	-4.21967e-179
0.4179 	-3.16493e-179
0.4186 	-2.11019e-179
0.4193 	-1.05544e-179
0.42 	-8.71263e-183
0.4207 	-7.91134e-183
0.4214 	-6.99058e-183
0.4221 	-5.63145e-183
0.4228 	-4.27233e-183
0.4235 	-2.9132e-183
0.4242 	-1.55407e-183
0.4249 	-1.94949e-184
0.4256 	-9.27711e-187
0.4263 	-8.30379e-187
0.427 	-6.73295e-187
0.4277 	-5.16211e-187
0.4284 	-3.59127e-187
0.4291 	-2.02043e-187
0.4298 	-4.49589e-188
0.4305 	-9.61893e-191
0.4312 	-8.6701e-191
0.4319 	-7.11137e-191
0.4326 	-5.50573e-191
0.4333 	-3.90009e-191
0.434 	-2.29444e-191
0.4347 	-6.88802e-192
0.4354 	-8.77358e-195
0.4361 	-7.91877e-195
0.4368 	-6.60112e-195
0.4375 	-5.15723e-195
0.4382 	-3.71335e-195
0.4389 	-2.26947e-195
0.4396 	-8.25588e-196
0.4403 	-7.14187e-199
0.441 	-6.45381e-199
0.4417 	-5.46315e-199
0.4424 	-4.30437e-199
0.4431 	-3.1456e-199
0.4438 	-1.98682e-199
0.4445 	-8.28047e-200
0.4452 	-5.20625e-203
0.4459 	-4.70986e-203
0.4466 	-4.04527e-203
0.4473 	-3.21246e-203
0.448 	-2.37965e-203
0.4487 	-1.54685e-203
0.4494 	-7.14044e-204
0.4501 	-3.38199e-207
0.4508 	-3.06288e-207
0.4515 	-2.66723e-207
0.4522 	-2.1338e-207
0.4529 	-1.60038e-207
0.4536 	-1.06696e-207
0.4543 	-5.33534e-208
0.455 	-1.95191e-211
0.4557 	-1.76975e-211
0.4564 	-1.56158e-211
0.4571 	-1.25795e-211
0.4578 	-9.54319e-212
0.4585 	-6.50689e-212
0.4592 	-3.47058e-212
0.4599 	-4.34276e-213
0.4606 	-9.16684e-216
0.4613 	-8.18976e-216
0.462 	-6.64039e-216
0.4627 	-5.09101e-216
0.4634 	-3.54164e-216
0.4641 	-1.99226e-216
0.4648 	-4.42891e-217
0.4655 	-4.25725e-220
0.4662 	-3.82836e-220
0.4669 	-3.13946e-220
0.4676 	-2.43057e-220
0.4683 	-1.72168e-220
0.469 	-1.01278e-220
0.4697 	-3.03888e-221
0.4704 	-1.77062e-224
0.4711 	-1.59383e-224
0.4718 	-1.32774e-224
0.4725 	-1.0373e-224
0.4732 	-7.46866e-225
0.4739 	-4.56428e-225
0.4746 	-1.6599e-225
0.4753 	-6.72229e-229
0.476 	-6.05994e-229
0.4767 	-5.12459e-229
0.4774 	-4.03757e-229
0.4781 	-2.95055e-229
0.4788 	-1.86353e-229
0.4795 	-7.76512e-230
0.4802 	-2.31108e-233
0.4809 	-2.08672e-233
0.4816 	-1.79025e-233
0.4823 	-1.42167e-233
0.483 	-1.0531e-233
0.4837 	-6.84519e-234
0.4844 	-3.15941e-234
0.4851 	-7.27812e-238
0.4858 	-6.58349e-238
0.4865 	-5.72782e-238
0.4872 	-4.58227e-238
0.4879 	-3.43671e-238
0.4886 	-2.29115e-238
0.4893 	-1.14559e-238
0.49 	-2.07989e-242
0.4907 	-1.88485e-242
0.4914 	-1.66235e-242
0.4921 	-1.33911e-242
0.4928 	-1.01588e-242
0.4935 	-6.92647e-243
0.4942 	-3.69414e-243
0.4949 	-4.61807e-244
0.4956 	-4.98019e-247
0.4963 	-4.45117e-247
0.497 	-3.60906e-247
0.4977 	-2.76694e-247
0.4984 	-1.92483e-247
0.4991 	-1.08272e-247
0.4998 	-2.4061e-248
0.5005 	-1.2621e-251
0.5012 	-1.13801e-251
0.5019 	-9.33432e-252
0.5026 	-7.22657e-252
0.5033 	-5.11882e-252
0.504 	-3.01107e-252
0.5047 	-9.03319e-253
0.5054 	-3.02662e-256
0.5061 	-2.73912e-256
0.5068 	-2.28481e-256
0.5075 	-1.785e-256
0.5082 	-1.2852e-256
0.5089 	-7.85399e-257
0.5096 	-2.85596e-257
0.5103 	-6.81996e-261
0.511 	-6.1949e-261
0.5117 	-5.25507e-261
0.5124 	-4.14035e-261
0.5131 	-3.02563e-261
0.5138 	-1.91092e-261
0.5145 	-7.96204e-262
0.5152 	-1.43043e-265
0.5159 	-1.3037e-265
0.5166 	-1.12457e-265
0.5173 	-8.93036e-266
0.518 	-6.61507e-266
0.5187 	-4.29977e-266
0.5194 	-1.98447e-266
0.5201 	-2.79328e-270
0.5208 	-2.55279e-270
0.5215 	-2.2383e-270
0.5222 	-1.79064e-270
0.5229 	-1.34297e-270
0.5236 	-8.95311e-271
0.5243 	-4.47647e-271
0.525 	-5.10783e-275
0.5257 	-4.67971e-275
0.5264 	-4.16964e-275
0.5271 	-3.35887e-275
0.5278 	-2.5481e-275
0.5285 	-1.73733e-275
0.5292 	-9.26562e-276
0.5299 	-1.15792e-276
0.5306 	-8.27526e-280
0.5313 	-7.49018e-280
0.532 	-6.07311e-280
0.5327 	-4.65604e-280
0.5334 	-3.23896e-280
0.5341 	-1.82189e-280
0.5348 	-4.04811e-281
0.5355 	-1.35185e-284
0.5362 	-1.23434e-284
0.5369 	-1.01345e-284
0.5376 	-7.846e-285
0.5383 	-5.55754e-285
0.539 	-3.26909e-285
0.5397 	-9.80637e-286
0.5404 	-2.01142e-289
0.5411 	-1.84004e-289
0.5418 	-1.53883e-289
0.5425 	-1.20221e-289
0.5432 	-8.65583e-290
0.5439 	-5.28959e-290
0.5446 	-1.92335e-290
0.5453 	-2.71887e-294
0.546 	-2.49113e-294
0.5467 	-2.12062e-294
0.5474 	-1.67078e-294
0.5481 	-1.22095e-294
0.5488 	-7.71114e-295
0.5495 	-3.21279e-295
0.5502 	-3.34187e-299
0.5509 	-3.06614e-299
0.5516 	-2.65496e-299
0.5523 	-2.10835e-299
0.553 	-1.56173e-299
0.5537 	-1.01511e-299
0.5544 	-4.68488e-300
0.5551 	-3.75077e-304
0.5558 	-3.44561e-304
0.5565 	-3.03281e-304
0.5572 	-2.42624e-304
0.5579 	-1.81967e-304
0.5586 	-1.21309e-304
0.5593 	-6.06522e-305
0.56 	-3.94371e-309
0.5607 	-3.62704e-309
0.5614 	-3.24313e-309
0.5621 	-2.61251e-309
0.5628 	-1.98189e-309
0.5635 	-1.35127e-309
0.5642 	-7.20652e-310
0.5649 	-9.00339e-311
0.5656 	-3.51754e-314
0.5663 	-3.19312e-314
0.567 	-2.589e-314
0.5677 	-1.98488e-314
0.5684 	-1.38076e-314
0.5691 	-7.76638e-315
0.5698 	-1.72518e-315
0.5705 	0
0.5712 	0
0.5719 	0
0.5726 	0
0.5733 	0
0.574 	0
0.5747 	0
0.5754 	0
0.5761 	0
0.5768 	0
0.5775 	0
0.5782 	0
0.5789 	0
0.5796 	0
0.5803 	0
0.581 	0
0.5817 	0
0.5824 	0
0.5831 	0
0.5838 	0
0.5845 	0
0.5852 	0
0.5859 	0
0.5866 	0
0.5873 	0
0.588 	0
0.5887 	0
0.5894 	0
0.5901 	0
0.5908 	0
0.5915 	0
0.5922 	0
0.5929 	0
0.5936 	0
0.5943 	0
0.595 	0
0.5957 	0
0.5964 	0
0.5971 	0
0.5978 	0
0.5985 	0
0.5992 	0
0.5999 	0
0.6006 	0
0.6013 	0
0.602 	0
0.6027 	0
0.6034 	0
0.6041 	0
0.6048 	0
0.6055 	0
0.6062 	0
0.6069 	0
0.6076 	0
0.6083 	0
0.609 	0
0.6097 	0
0.6104 	0
0.6111 	0
0.6118 	0
0.6125 	0
0.6132 	0
0.6139 	0
0.6146 	0
0.6153 	0
0.616 	0
0.6167 	0
0.6174 	0
0.6181 	0
0.6188 	0
0.6195 	0
0.6202 	0
0.6209 	0
0.6216 	0
0.6223 	0
0.623 	0
0.6237 	0
0.6244 	0
0.6251 	0
0.6258 	0
0.6265 	0
0.6272 	0
0.6279 	0
0.6286 	0
0.6293 	0
0.63 	0
0.6307 	0
0.6314 	0
0.6321 	0
0.6328 	0
0.6335 	0
0.6342 	0
0.6349 	0
0.6356 	0
0.6363 	0
0.637 	0
0.6377 	0
0.6384 	0
0.6391 	0
0.6398 	0
0.6405 	0
0.6412 	0
0.6419 	0
0.6426 	0
0.6433 	0
0.644 	0
0.6447 	0
0.6454 	0
0.6461 	0
0.6468 	0
0.6475 	0
0.6482 	0
0.6489 	0
0.6496 	0
0.6503 	0
0.651 	0
0.6517 	0
0.6524 	0
0.6531 	0
0.6538 	0
0.6545 	0
0.6552 	0
0.6559 	0
0.6566 	0
0.6573 	0
0.658 	0
0.6587 	0
0.6594 	0
0.6601 	0
0.6608 	0
0.6615 	0
0.6622 	0
0.6629 	0
0.6636 	0
0.6643 	0
0.665 	0
0.6657 	0
0.6664 	0
0.6671 	0
0.6678 	0
0.6685 	0
0.6692 	0
0.6699 	0
0.6706 	0
0.6713 	0
0.672 	0
0.6727 	0
0.6734 	0
0.6741 	0
0.6748 	0
0.6755 	0
0.6762 	0
0.6769 	0
0.6776 	0
0.6783 	0
0.679 	0
0.6797 	0
0.6804 	0
0.6811 	0
0.6818 	0
0.6825 	0
0.6832 	0
0.6839 	0
0.6846 	0
0.6853 	0
0.686 	0
0.6867 	0
0.6874 	0
0.6881 	0
0.6888 	0
0.6895 	0
0.6902 	0
0.6909 	0
0.6916 	0
0.6923 	0
0.693 	0
0.6937 	0
0.6944 	0
0.6951 	0
0.6958 	0
0.6965 	0
0.6972 	0
0.6979 	0
0.6986 	0
0.6993 	0
0.7 	0
