0 	1
0.0007 	1
0.0014 	1
0.0021 	1
0.0028 	1
0.0035 	1
0.0042 	1
0.0049 	1
0.0056 	1
0.0063 	1
0.007 	1
0.0077 	1
0.0084 	1
0.0091 	1
0.0098 	1
0.0105 	1
0.0112 	1
0.0119 	1
0.0126 	1
0.0133 	1
0.014 	1
0.0147 	1
0.0154 	1
0.0161 	1
0.0168 	1
0.0175 	1
0.0182 	1
0.0189 	1
0.0196 	1
0.0203 	1
0.021 	1
0.0217 	1
0.0224 	1
0.0231 	1
0.0238 	1
0.0245 	1
0.0252 	1
0.0259 	1
0.0266 	1
0.0273 	1
0.028 	1
0.0287 	1
0.0294 	1
0.0301 	1
0.0308 	1
0.0315 	1
0.0322 	1
0.0329 	1
0.0336 	1
0.0343 	1
0.035 	1
0.0357 	1
0.0364 	1
0.0371 	1
0.0378 	1
0.0385 	1
0.0392 	1
0.0399 	1
0.0406 	1
0.0413 	1
0.042 	1
0.0427 	1
0.0434 	1
0.0441 	1
0.0448 	1
0.0455 	1
0.0462 	1
0.0469 	1
0.0476 	1
0.0483 	1
0.049 	1
0.0497 	1
0.0504 	1
0.0511 	1
0.0518 	1
0.0525 	1
0.0532 	1
0.0539 	1
0.0546 	1
0.0553 	1
0.056 	1
0.0567 	1
0.0574 	1
0.0581 	1
0.0588 	1
0.0595 	1
0.0602 	1
0.0609 	1
0.0616 	1
0.063 	1
0.0637 	1
0.0644 	1
0.0651 	1
0.0658 	1
0.0665 	1
0.0672 	1
0.0679 	1
0.0686 	1
0.0693 	1
0.07 	1
0.0707 	1
0.0714 	1
0.0721 	1
0.0728 	1
0.0735 	1
0.0742 	1
0.0749 	1
0.0756 	1
0.0763 	1
0.077 	1
0.0777 	1
0.0784 	1
0.0791 	1
0.0798 	1
0.0805 	1
0.0812 	1
0.0819 	1
0.0826 	1
0.0833 	1
0.084 	1
0.0847 	1
0.0854 	1
0.0861 	1
0.0868 	1
0.0875 	1
0.0882 	1
0.0889 	1
0.0896 	1
0.0903 	1
0.091 	1
0.0917 	1
0.0924 	1
0.0931 	1
0.0938 	1
0.0945 	1
0.0952 	1
0.0959 	1
0.0966 	1
0.0973 	1
0.098 	1
0.0987 	1
0.0994 	1
0.1001 	1
0.1008 	1
0.1015 	1
0.1022 	1
0.1029 	1
0.1036 	1
0.1043 	1
0.105 	1
0.1057 	1
0.1064 	1
0.1071 	1
0.1078 	1
0.1085 	1
0.1092 	1
0.1099 	1
0.1106 	1
0.1113 	1
0.112 	1
0.1127 	1
0.1134 	1
0.1141 	1
0.1148 	1
0.1155 	1
0.1162 	1
0.1169 	1
0.1176 	1
0.1183 	1
0.119 	1
0.1197 	1
0.1204 	1
0.1211 	1
0.1218 	1
0.1225 	1
0.1232 	1
0.1239 	1
0.1246 	1
0.1253 	1
0.126 	1
0.1267 	1
0.1274 	1
0.1281 	1
0.1288 	1
0.1295 	1
0.1302 	1
0.1309 	1
0.1316 	1
0.1323 	1
0.133 	1
0.1337 	1
0.1344 	1
0.1351 	1
0.1358 	1
0.1365 	1
0.1372 	1
0.1379 	1
0.1386 	1
0.1393 	1
0.14 	1
0.1407 	1
0.1414 	1
0.1421 	1
0.1428 	1
0.1435 	1
0.1442 	1
0.1449 	1
0.1456 	1
0.1463 	1
0.1477 	1
0.1484 	1
0.1491 	1
0.1498 	1
0.1505 	1
0.1519 	1
0.1526 	1
0.1533 	1
0.154 	1
0.1547 	1
0.1554 	1
0.1561 	1
0.1568 	1
0.1575 	1
0.1582 	1
0.1589 	1
0.1596 	1
0.1603 	1
0.161 	1
0.1617 	1
0.1624 	1
0.1631 	1
0.1638 	1
0.1645 	1
0.1652 	1
0.1666 	1
0.1673 	1
0.168 	1
0.1687 	1
0.1694 	1
0.1701 	1
0.1708 	1
0.1715 	1
0.1729 	1
0.1736 	1
0.1743 	1
0.175 	1
0.1757 	1
0.1764 	1
0.1771 	1
0.1778 	1
0.1785 	1
0.1792 	1
0.1799 	1
0.1806 	1
0.1813 	1
0.182 	1
0.1827 	1
0.1834 	1
0.1841 	1
0.1848 	1
0.1855 	1
0.1862 	1
0.1869 	1
0.1876 	1
0.1883 	1
0.189 	1
0.1897 	1
0.1904 	1
0.1911 	1
0.1918 	1
0.1925 	1
0.1932 	1
0.1939 	1
0.1946 	1
0.1953 	1
0.196 	1
0.1967 	1
0.1974 	1
0.1981 	1
0.1988 	1
0.1995 	1
0.2002 	1
0.2009 	1
0.2016 	1
0.2023 	1
0.203 	1
0.2037 	1
0.2044 	1
0.2051 	1
0.2058 	1
0.2065 	1
0.2072 	1
0.2079 	1
0.2086 	1
0.2093 	1
0.21 	1
0.2107 	1
0.2114 	1
0.2121 	1
0.2128 	1
0.2135 	1
0.2142 	1
0.2149 	1
0.2156 	1
0.2163 	1
0.217 	1
0.2177 	1
0.2184 	1
0.2191 	1
0.2198 	1
0.2205 	1
0.2212 	1
0.2219 	1
0.2226 	1
0.2233 	1
0.224 	1
0.2247 	1
0.2254 	1
0.2261 	1
0.2268 	1
0.2275 	1
0.2282 	1
0.2289 	1
0.2296 	1
0.2303 	1
0.2317 	1
0.2324 	1
0.2331 	1
0.2338 	1
0.2345 	1
0.2352 	1
0.2359 	1
0.2366 	1
0.2373 	1
0.238 	1
0.2387 	1
0.2394 	1
0.2401 	0.999964
0.2408 	0.999713
0.2415 	0.999447
0.2422 	0.999154
0.2429 	0.998861
0.2436 	0.998568
0.2443 	0.998275
0.245 	0.997982
0.2457 	0.928251
0.2464 	0.858527
0.2471 	0.788829
0.2478 	0.719132
0.2485 	0.649434
0.2492 	0.579737
0.2499 	0.510039
0.2506 	0.440298
0.2513 	0.370552
0.252 	0.300845
0.2527 	0.231138
0.2534 	0.161431
0.2541 	0.0917238
0.2548 	0.0220167
0.2555 	0.0019086
0.2562 	0.0016401
0.2569 	0.00133997
0.2576 	0.00103739
0.2583 	0.000734821
0.259 	0.000432248
0.2597 	0.000129676
0.2604 	2.04233e-09
0.2611 	1.78967e-09
0.2618 	1.48099e-09
0.2632 	8.33055e-10
0.2639 	5.09089e-10
0.2646 	1.85124e-10
0.2653 	5.56423e-16
0.266 	4.92201e-16
0.2667 	4.12953e-16
0.2674 	3.25357e-16
0.2681 	2.37761e-16
0.2688 	1.50165e-16
0.2695 	6.25688e-17
0.2702 	1.983e-22
0.2709 	1.77084e-22
0.2716 	1.50938e-22
0.2723 	1.19863e-22
0.273 	8.87874e-23
0.2737 	5.77118e-23
0.2744 	2.66363e-23
0.2751 	1.00354e-28
0.2758 	9.0722e-29
0.2765 	7.88946e-29
0.2772 	6.31157e-29
0.2779 	4.73368e-29
0.2786 	3.15579e-29
0.2793 	1.5779e-29
0.28 	7.57211e-35
0.2807 	6.91305e-35
0.2814 	6.13941e-35
0.2821 	4.94564e-35
0.2828 	3.75186e-35
0.2835 	2.55809e-35
0.2842 	1.36432e-35
0.2849 	1.70545e-36
0.2856 	5.49562e-41
0.2863 	4.96852e-41
0.287 	4.02853e-41
0.2877 	3.08854e-41
0.2884 	2.14855e-41
0.2891 	1.20856e-41
0.2898 	2.68572e-42
0.2905 	3.74281e-47
0.2912 	3.40699e-47
0.2919 	2.79662e-47
0.2926 	2.16513e-47
0.2933 	1.53363e-47
0.294 	9.02137e-48
0.2947 	2.70643e-48
0.2954 	2.56723e-53
0.2961 	2.33185e-53
0.2968 	1.9468e-53
0.2975 	1.52094e-53
0.2982 	1.09508e-53
0.2989 	6.69215e-54
0.2996 	2.43352e-54
0.3003 	2.12579e-59
0.301 	1.92481e-59
0.3017 	1.63067e-59
0.3024 	1.28477e-59
0.3031 	9.38869e-60
0.3038 	5.92971e-60
0.3045 	2.47073e-60
0.3052 	2.45568e-65
0.3059 	2.22077e-65
0.3066 	1.907e-65
0.3073 	1.51439e-65
0.308 	1.12177e-65
0.3087 	7.29151e-66
0.3094 	3.36533e-66
0.3101 	3.62338e-71
0.3108 	3.27794e-71
0.3122 	2.28172e-71
0.3129 	1.71129e-71
0.3136 	1.14086e-71
0.3143 	5.70433e-72
0.315 	6.02898e-77
0.3157 	5.46606e-77
0.3164 	4.82282e-77
0.3171 	3.88505e-77
0.3178 	2.94728e-77
0.3185 	2.00951e-77
0.3192 	1.07175e-77
0.3199 	1.33978e-78
0.3206 	1.00847e-82
0.3213 	9.04068e-83
0.3227 	5.61989e-83
0.3234 	3.90949e-83
0.3241 	2.1991e-83
0.3248 	4.88703e-84
0.3255 	1.71334e-88
0.3262 	1.55098e-88
0.3269 	1.27256e-88
0.3276 	9.85206e-89
0.3283 	6.97855e-89
0.329 	4.10504e-89
0.3297 	1.23153e-89
0.3304 	2.65765e-94
0.3311 	2.41378e-94
0.3318 	2.01517e-94
0.3325 	1.57435e-94
0.3332 	1.13354e-94
0.3339 	6.92717e-95
0.3346 	2.519e-95
0.3353 	3.75608e-100
0.336 	3.42084e-100
0.3367 	2.90498e-100
0.3374 	2.28877e-100
0.3381 	1.67256e-100
0.3388 	1.05636e-100
0.3395 	4.40152e-101
0.3402 	4.83093e-106
0.3409 	4.41011e-106
0.3416 	3.80773e-106
0.3423 	3.02379e-106
0.343 	2.23984e-106
0.3437 	1.4559e-106
0.3444 	6.71957e-107
0.3451 	5.64994e-112
0.3458 	5.16835e-112
0.3465 	4.53484e-112
0.3472 	3.62788e-112
0.3479 	2.72091e-112
0.3486 	1.81394e-112
0.3493 	9.06973e-113
0.35 	6.006e-118
0.3507 	5.50403e-118
0.3514 	4.90524e-118
0.3521 	3.95145e-118
0.3528 	2.99765e-118
0.3535 	2.04385e-118
0.3542 	1.09006e-118
0.3549 	1.36262e-119
0.3556 	5.32602e-124
0.3563 	4.81865e-124
0.357 	3.90702e-124
0.3577 	2.99538e-124
0.3584 	2.08374e-124
0.3591 	1.17211e-124
0.3598 	2.60472e-125
0.3605 	4.6837e-130
0.3612 	4.27244e-130
0.3619 	3.5076e-130
0.3626 	2.71556e-130
0.3633 	1.92352e-130
0.364 	1.13149e-130
0.3647 	3.39449e-131
0.3654 	3.74471e-136
0.3661 	3.42146e-136
0.3668 	2.86054e-136
0.3675 	2.2348e-136
0.3682 	1.60905e-136
0.3689 	9.83312e-137
0.3696 	3.5757e-137
0.3703 	2.72378e-142
0.371 	2.49241e-142
0.3717 	2.1206e-142
0.3724 	1.67078e-142
0.3731 	1.22096e-142
0.3738 	7.71136e-143
0.3745 	3.21314e-143
0.3752 	1.12419e-147
0.3759 	9.6746e-148
0.3766 	8.06596e-148
0.3773 	6.41596e-148
0.378 	4.76597e-148
0.3787 	3.11597e-148
0.3794 	1.46597e-148
0.3801 	5.08685e-150
0.3815 	3.86491e-150
0.3822 	3.09501e-150
0.3829 	2.32512e-150
0.3836 	1.55522e-150
0.3843 	7.85331e-151
0.385 	1.54369e-152
0.3857 	1.39381e-152
0.3864 	1.22514e-152
0.3871 	9.87566e-153
0.3878 	7.49994e-153
0.3885 	5.12422e-153
0.3892 	2.7485e-153
0.3899 	3.72782e-154
0.3906 	3.08178e-155
0.3913 	2.76545e-155
0.392 	2.24331e-155
0.3927 	1.72118e-155
0.3934 	1.19904e-155
0.3941 	6.76897e-156
0.3948 	1.54758e-156
0.3955 	5.23131e-158
0.3962 	4.74894e-158
0.3969 	3.89862e-158
0.3976 	3.01999e-158
0.3983 	2.14136e-158
0.399 	1.26273e-158
0.3997 	3.84106e-159
0.4004 	7.18541e-161
0.4011 	6.54488e-161
0.4018 	5.4691e-161
0.4025 	4.27462e-161
0.4032 	3.08014e-161
0.4039 	1.88566e-161
0.4046 	6.91174e-162
0.4053 	8.30261e-164
0.406 	7.57855e-164
0.4067 	6.44258e-164
0.4074 	5.07778e-164
0.4081 	3.71298e-164
0.4088 	2.34818e-164
0.4095 	9.83381e-165
0.4102 	8.31992e-167
0.4109 	7.6054e-167
0.4116 	6.57235e-167
0.4123 	5.22076e-167
0.413 	3.86918e-167
0.4137 	2.51759e-167
0.4144 	1.16601e-167
0.4151 	7.41401e-170
0.4158 	6.78477e-170
0.4165 	5.95531e-170
0.4172 	4.76545e-170
0.4179 	3.57558e-170
0.4186 	2.38572e-170
0.4193 	1.19586e-170
0.42 	5.99893e-173
0.4207 	5.49501e-173
0.4214 	4.89528e-173
0.4221 	3.94428e-173
0.4228 	2.99328e-173
0.4235 	2.04228e-173
0.4242 	1.09128e-173
0.4249 	1.40284e-174
0.4256 	4.10808e-176
0.4263 	3.71201e-176
0.427 	3.01032e-176
0.4277 	2.30862e-176
0.4284 	1.60693e-176
0.4291 	9.05231e-177
0.4298 	2.03536e-177
0.4305 	2.86786e-179
0.4312 	2.61092e-179
0.4319 	2.14353e-179
0.4326 	1.65995e-179
0.4333 	1.17638e-179
0.434 	6.92801e-180
0.4347 	2.09224e-180
0.4354 	1.88125e-182
0.4361 	1.71498e-182
0.4368 	1.43322e-182
0.4375 	1.11997e-182
0.4382 	8.06712e-183
0.4389 	4.9346e-183
0.4396 	1.80207e-183
0.4403 	1.16165e-185
0.441 	1.0605e-185
0.4417 	9.01535e-186
0.4424 	7.10447e-186
0.4431 	5.19359e-186
0.4438 	3.28271e-186
0.4445 	1.37182e-186
0.4452 	6.74486e-189
0.4459 	6.16686e-189
0.4466 	5.3296e-189
0.4473 	4.2331e-189
0.448 	3.13659e-189
0.4487 	2.04009e-189
0.4494 	9.4358e-190
0.4501 	3.67442e-192
0.4508 	3.36465e-192
0.4515 	2.9546e-192
0.4522 	2.36406e-192
0.4529 	1.77351e-192
0.4536 	1.18297e-192
0.4543 	5.9242e-193
0.455 	1.87428e-195
0.4557 	1.71883e-195
0.4564 	1.53286e-195
0.4571 	1.23498e-195
0.4578 	9.37093e-196
0.4585 	6.39208e-196
0.4592 	3.41323e-196
0.4599 	4.34386e-197
0.4606 	8.21094e-199
0.4613 	7.43296e-199
0.462 	6.02746e-199
0.4627 	4.62196e-199
0.4634 	3.21647e-199
0.4641 	1.81097e-199
0.4648 	4.05467e-200
0.4655 	3.66681e-202
0.4662 	3.3464e-202
0.4669 	2.74772e-202
0.4676 	2.12763e-202
0.4683 	1.50754e-202
0.469 	8.87449e-203
0.4697 	2.6736e-203
0.4704 	1.53166e-205
0.4711 	1.39998e-205
0.4718 	1.17066e-205
0.4725 	9.14714e-206
0.4732 	6.58768e-206
0.4739 	4.02822e-206
0.4746 	1.46876e-206
0.4753 	5.9916e-209
0.476 	5.48442e-209
0.4767 	4.66716e-209
0.4774 	3.67763e-209
0.4781 	2.68811e-209
0.4788 	1.69858e-209
0.4795 	7.09056e-210
0.4802 	2.19862e-212
0.4809 	2.01527e-212
0.4816 	1.74412e-212
0.4823 	1.3852e-212
0.483 	1.02627e-212
0.4837 	6.67345e-213
0.4844 	3.08418e-213
0.4851 	7.58285e-216
0.4858 	6.95945e-216
0.4865 	6.12161e-216
0.4872 	4.89778e-216
0.4879 	3.67395e-216
0.4886 	2.45012e-216
0.4893 	1.22629e-216
0.49 	2.46322e-219
0.4907 	2.26348e-219
0.4914 	2.02231e-219
0.4921 	1.62923e-219
0.4928 	1.23615e-219
0.4935 	8.43064e-220
0.4942 	4.49983e-220
0.4949 	5.69012e-221
0.4956 	6.94838e-223
0.4963 	6.30206e-223
0.497 	5.11018e-223
0.4977 	3.91831e-223
0.4984 	2.72643e-223
0.4991 	1.53455e-223
0.4998 	3.42677e-224
0.5005 	2.01766e-226
0.5012 	1.8446e-226
0.5019 	1.51475e-226
0.5026 	1.17284e-226
0.5033 	8.30933e-227
0.504 	4.89024e-227
0.5047 	1.47115e-227
0.5054 	5.55399e-230
0.5061 	5.08401e-230
0.5068 	4.25264e-230
0.5075 	3.3227e-230
0.5082 	2.39277e-230
0.5089 	1.46283e-230
0.5096 	5.32896e-231
0.5103 	1.45233e-233
0.511 	1.33104e-233
0.5117 	1.13324e-233
0.5124 	8.92937e-234
0.5131 	6.5263e-234
0.5138 	4.12324e-234
0.5145 	1.72017e-234
0.5152 	3.61504e-237
0.5159 	3.31698e-237
0.5166 	2.87235e-237
0.5173 	2.28117e-237
0.518 	1.68998e-237
0.5187 	1.09879e-237
0.5194 	5.07601e-238
0.5201 	8.58204e-241
0.5208 	7.88324e-241
0.5215 	6.93854e-241
0.5222 	5.55122e-241
0.5229 	4.1639e-241
0.5236 	2.77658e-241
0.5243 	1.38927e-241
0.525 	1.94674e-244
0.5257 	1.79015e-244
0.5264 	1.60045e-244
0.5271 	1.28933e-244
0.5278 	9.78215e-245
0.5285 	6.67097e-245
0.5292 	3.5598e-245
0.5299 	4.48632e-246
0.5306 	3.89108e-248
0.5313 	3.53141e-248
0.532 	2.86347e-248
0.5327 	2.19553e-248
0.5334 	1.52758e-248
0.5341 	8.59643e-249
0.5348 	1.91701e-249
0.5355 	8.1093e-252
0.5362 	7.41802e-252
0.5369 	6.09171e-252
0.5376 	4.71655e-252
0.5383 	3.34138e-252
0.539 	1.96622e-252
0.5397 	5.91057e-253
0.5404 	1.62304e-255
0.5411 	1.48641e-255
0.5418 	1.24347e-255
0.5425 	9.7153e-256
0.5432 	6.99592e-256
0.5439 	4.27654e-256
0.5446 	1.55717e-256
0.5453 	3.12448e-259
0.546 	2.86467e-259
0.5467 	2.43933e-259
0.5474 	1.92202e-259
0.5481 	1.40471e-259
0.5488 	8.87406e-260
0.5495 	3.70098e-260
0.5502 	5.79376e-263
0.5509 	5.31779e-263
0.5516 	4.60579e-263
0.5523 	3.65775e-263
0.553 	2.70972e-263
0.5537 	1.76168e-263
0.5544 	8.13649e-264
0.5551 	1.03628e-266
0.5565 	8.38219e-267
0.5572 	6.70611e-267
0.5579 	5.03003e-267
0.5586 	3.35395e-267
0.5593 	1.67787e-267
0.56 	1.79021e-270
0.5607 	1.64658e-270
0.5614 	1.47239e-270
0.5621 	1.18615e-270
0.5628 	8.99908e-271
0.5635 	6.13668e-271
0.5642 	3.27427e-271
0.5649 	4.11871e-272
0.5656 	2.75354e-274
0.5663 	2.49953e-274
0.567 	2.02673e-274
0.5677 	1.55394e-274
0.5684 	1.08114e-274
0.5691 	6.08351e-275
0.5698 	1.35557e-275
0.5705 	4.45811e-278
0.5712 	4.07883e-278
0.5719 	3.34956e-278
0.5726 	2.59338e-278
0.5733 	1.83719e-278
0.574 	1.081e-278
0.5747 	3.24813e-279
0.5754 	6.99593e-282
0.5761 	6.40796e-282
0.5768 	5.36078e-282
0.5775 	4.18835e-282
0.5782 	3.01592e-282
0.5789 	1.84349e-282
0.5796 	6.71062e-283
0.5803 	1.0652e-285
0.581 	9.7675e-286
0.5817 	8.3176e-286
0.5824 	6.55361e-286
0.5831 	4.78961e-286
0.5838 	3.02561e-286
0.5845 	1.26161e-286
0.5852 	1.57521e-289
0.5859 	1.44595e-289
0.5866 	1.25243e-289
0.5873 	9.9462e-290
0.588 	7.36815e-290
0.5887 	4.7901e-290
0.5894 	2.21205e-290
0.5901 	2.26446e-293
0.5908 	2.08082e-293
0.5915 	1.83194e-293
0.5929 	1.09929e-293
0.5936 	7.32965e-294
0.5943 	3.66641e-294
0.595 	3.16726e-297
0.5957 	2.91338e-297
0.5964 	2.60536e-297
0.5971 	2.09884e-297
0.5978 	1.59233e-297
0.5985 	1.08581e-297
0.5992 	5.793e-298
0.5999 	7.27856e-299
0.6006 	3.97177e-301
0.6013 	3.60564e-301
0.602 	2.9236e-301
0.6027 	2.24155e-301
0.6034 	1.55951e-301
0.6041 	8.7747e-302
0.6048 	1.95429e-302
0.6055 	5.27609e-305
0.6062 	4.82755e-305
0.6069 	3.96442e-305
0.6076 	3.06939e-305
0.6083 	2.17436e-305
0.609 	1.27933e-305
0.6097 	3.843e-306
0.6104 	6.83387e-309
0.6111 	6.25992e-309
0.6118 	5.23698e-309
0.6125 	4.09158e-309
0.6132 	2.94619e-309
0.6139 	1.8008e-309
0.6146 	6.55405e-310
0.6153 	8.63582e-313
0.616 	7.91918e-313
0.6167 	6.74378e-313
0.6174 	5.31351e-313
0.6181 	3.88324e-313
0.6188 	2.45297e-313
0.6195 	1.02269e-313
0.6202 	1.04637e-316
0.6209 	9.60678e-317
0.6216 	8.32171e-317
0.6223 	6.60851e-317
0.623 	4.89531e-317
0.6237 	3.18211e-317
0.6244 	1.46891e-317
0.6251 	4.52564e-321
0.6258 	4.16003e-321
0.6265 	3.66103e-321
0.6272 	2.92487e-321
0.6279 	2.19365e-321
0.6286 	1.46243e-321
0.6293 	7.31217e-322
0.63 	0
0.6307 	0
0.6314 	0
0.6321 	0
0.6328 	0
0.6335 	0
0.6342 	0
0.6349 	0
0.6356 	0
0.6363 	0
0.637 	0
0.6377 	0
0.6384 	0
0.6391 	0
0.6398 	0
0.6405 	0
0.6412 	0
0.6419 	0
0.6426 	0
0.6433 	0
0.644 	0
0.6447 	0
0.6454 	0
0.6461 	0
0.6468 	0
0.6475 	0
0.6482 	0
0.6489 	0
0.6496 	0
0.6503 	0
0.651 	0
0.6517 	0
0.6524 	0
0.6531 	0
0.6538 	0
0.6545 	0
0.6552 	0
0.6559 	0
0.6566 	0
0.6573 	0
0.658 	0
0.6587 	0
0.6594 	0
0.6601 	0
0.6615 	0
0.6629 	0
0.6636 	0
0.6643 	0
0.665 	0
0.6657 	0
0.6664 	0
0.6671 	0
0.6678 	0
0.6685 	0
0.6692 	0
0.6699 	0
0.6706 	0
0.6713 	0
0.672 	0
0.6727 	0
0.6734 	0
0.6741 	0
0.6748 	0
0.6755 	0
0.6762 	0
0.6769 	0
0.6776 	0
0.6783 	0
0.679 	0
0.6797 	0
0.6804 	0
0.6811 	0
0.6818 	0
0.6825 	0
0.6832 	0
0.6839 	0
0.6846 	0
0.6853 	0
0.686 	0
0.6867 	0
0.6874 	0
0.6881 	0
0.6888 	0
0.6895 	0
0.6902 	0
0.6909 	0
0.6916 	0
0.6923 	0
0.693 	0
0.6937 	0
0.6944 	0
0.6951 	0
0.6958 	0
0.6965 	0
0.6972 	0
0.6979 	0
0.6986 	0
0.6993 	0
0.7 	0
