0 	1
0.0007 	1
0.0014 	1
0.0021 	1
0.0028 	1
0.0035 	1
0.0042 	1
0.0049 	1
0.0056 	1
0.0063 	1
0.007 	1
0.0077 	1
0.0084 	1
0.0091 	1
0.0098 	1
0.0105 	1
0.0112 	1
0.0119 	1
0.0126 	1
0.0133 	1
0.014 	1
0.0147 	1
0.0154 	1
0.0161 	1
0.0168 	1
0.0175 	1
0.0182 	1
0.0189 	1
0.0196 	1
0.0203 	1
0.021 	1
0.0217 	1
0.0224 	1
0.0231 	1
0.0238 	1
0.0245 	1
0.0252 	1
0.0259 	1
0.0266 	1
0.0273 	1
0.028 	1
0.0287 	1
0.0294 	1
0.0301 	1
0.0308 	1
0.0315 	1
0.0322 	1
0.0329 	1
0.0336 	1
0.0343 	1
0.035 	1
0.0357 	1
0.0364 	1
0.0371 	1
0.0378 	1
0.0385 	1
0.0392 	1
0.0399 	1
0.0406 	1
0.0413 	1
0.042 	1
0.0427 	1
0.0434 	1
0.0441 	1
0.0448 	1
0.0455 	1
0.0462 	1
0.0469 	1
0.0476 	1
0.0483 	1
0.049 	1
0.0497 	1
0.0504 	1
0.0511 	1
0.0518 	1
0.0525 	1
0.0532 	1
0.0539 	1
0.0546 	1
0.0553 	1
0.056 	1
0.0567 	1
0.0574 	1
0.0581 	1
0.0588 	1
0.0595 	1
0.0602 	1
0.0609 	1
0.0616 	1
0.0623 	1
0.063 	1
0.0637 	1
0.0644 	1
0.0651 	1
0.0658 	1
0.0665 	1
0.0672 	1
0.0679 	1
0.0686 	1
0.0693 	1
0.07 	1
0.0707 	1
0.0714 	1
0.0721 	1
0.0728 	1
0.0735 	1
0.0742 	1
0.0749 	1
0.0756 	1
0.0763 	1
0.077 	1
0.0777 	1
0.0784 	1
0.0791 	1
0.0798 	1
0.0805 	1
0.0812 	1
0.0819 	1
0.0826 	1
0.0833 	1
0.084 	1
0.0847 	1
0.0854 	1
0.0861 	1
0.0868 	1
0.0875 	1
0.0882 	1
0.0889 	1
0.0896 	1
0.0903 	1
0.091 	1
0.0917 	1
0.0924 	1
0.0931 	1
0.0938 	1
0.0945 	1
0.0952 	1
0.0959 	1
0.0966 	1
0.0973 	1
0.098 	1
0.0987 	1
0.0994 	1
0.1001 	1
0.1008 	1
0.1015 	1
0.1022 	1
0.1029 	1
0.1036 	1
0.1043 	1
0.105 	1
0.1057 	1
0.1064 	1
0.1071 	1
0.1078 	1
0.1085 	1
0.1092 	1
0.1099 	1
0.1106 	1
0.1113 	1
0.112 	1
0.1127 	1
0.1134 	1
0.1141 	1
0.1148 	1
0.1155 	1
0.1162 	1
0.1169 	1
0.1176 	1
0.1183 	1
0.119 	1
0.1197 	1
0.1204 	1
0.1211 	1
0.1218 	1
0.1225 	1
0.1232 	1
0.1239 	1
0.1246 	1
0.1253 	1
0.126 	1
0.1267 	1
0.1274 	1
0.1281 	1
0.1288 	1
0.1295 	1
0.1302 	1
0.1309 	1
0.1316 	1
0.1323 	1
0.133 	1
0.1337 	1
0.1344 	1
0.1351 	1
0.1358 	1
0.1365 	1
0.1372 	1
0.1379 	1
0.1386 	1
0.1393 	1
0.14 	1
0.1407 	1
0.1414 	1
0.1421 	1
0.1428 	1
0.1435 	1
0.1442 	1
0.1449 	1
0.1456 	1
0.1463 	1
0.147 	1
0.1477 	1
0.1484 	1
0.1491 	1
0.1498 	1
0.1505 	1
0.1512 	1
0.1519 	1
0.1526 	1
0.1533 	1
0.154 	1
0.1547 	1
0.1554 	1
0.1561 	1
0.1568 	1
0.1575 	1
0.1582 	1
0.1589 	1
0.1596 	1
0.1603 	1
0.161 	1
0.1617 	1
0.1624 	1
0.1631 	1
0.1638 	1
0.1645 	1
0.1652 	1
0.1659 	1
0.1666 	1
0.1673 	1
0.168 	1
0.1687 	1
0.1694 	1
0.1701 	1
0.1708 	1
0.1715 	1
0.1722 	1
0.1729 	1
0.1736 	1
0.1743 	1
0.175 	1
0.1757 	1
0.1764 	1
0.1771 	1
0.1778 	1
0.1785 	1
0.1792 	1
0.1799 	1
0.1806 	1
0.1813 	1
0.182 	1
0.1827 	1
0.1834 	1
0.1841 	1
0.1848 	1
0.1855 	1
0.1862 	1
0.1869 	1
0.1876 	1
0.1883 	1
0.189 	1
0.1897 	1
0.1904 	1
0.1911 	1
0.1918 	1
0.1925 	1
0.1932 	1
0.1939 	1
0.1946 	1
0.1953 	1
0.196 	1
0.1967 	1
0.1974 	1
0.1981 	1
0.1988 	1
0.1995 	1
0.2002 	1
0.2009 	1
0.2016 	1
0.2023 	1
0.203 	1
0.2037 	1
0.2044 	1
0.2051 	1
0.2058 	1
0.2065 	1
0.2072 	1
0.2079 	1
0.2086 	1
0.2093 	1
0.21 	1
0.2107 	1
0.2114 	1
0.2121 	1
0.2128 	1
0.2135 	1
0.2142 	1
0.2149 	1
0.2156 	1
0.2163 	1
0.217 	1
0.2177 	1
0.2184 	1
0.2191 	1
0.2198 	1
0.2205 	1
0.2212 	1
0.2219 	1
0.2226 	1
0.2233 	1
0.224 	1
0.2247 	1
0.2254 	1
0.2261 	1
0.2268 	1
0.2275 	1
0.2282 	1
0.2289 	1
0.2296 	1
0.2303 	1
0.231 	1
0.2317 	1
0.2324 	1
0.2331 	1
0.2338 	1
0.2345 	1
0.2352 	1
0.2359 	1
0.2366 	1
0.2373 	1
0.238 	1
0.2387 	1
0.2394 	1
0.2401 	1
0.2408 	1
0.2415 	1
0.2422 	1
0.2429 	1
0.2436 	1
0.2443 	1
0.245 	1
0.2457 	1
0.2464 	1
0.2471 	0.999999
0.2478 	0.999999
0.2485 	0.999999
0.2492 	0.999999
0.2499 	0.999999
0.2506 	0.999996
0.2513 	0.999994
0.252 	0.999991
0.2527 	0.999988
0.2534 	0.999985
0.2541 	0.999982
0.2548 	0.999979
0.2555 	0.99975
0.2562 	0.99943
0.2569 	0.999111
0.2576 	0.998791
0.2583 	0.998472
0.259 	0.998152
0.2597 	0.997832
0.2604 	0.992764
0.2611 	0.984125
0.2618 	0.975486
0.2625 	0.966847
0.2632 	0.958209
0.2639 	0.94957
0.2646 	0.940931
0.2653 	0.915827
0.266 	0.86873
0.2667 	0.821634
0.2674 	0.774537
0.2681 	0.727441
0.2688 	0.680344
0.2695 	0.633248
0.2702 	0.582376
0.2709 	0.522165
0.2716 	0.461953
0.2723 	0.401742
0.273 	0.34153
0.2737 	0.281319
0.2744 	0.221108
0.2751 	0.166273
0.2758 	0.14375
0.2765 	0.121226
0.2772 	0.0987022
0.2779 	0.0761782
0.2786 	0.0536542
0.2793 	0.0311302
0.28 	0.00861953
0.2807 	0.00747316
0.2814 	0.00632773
0.2821 	0.00518225
0.2828 	0.00403676
0.2835 	0.00289127
0.2842 	0.00174579
0.2849 	0.000600302
0.2856 	0.000386003
0.2863 	0.00032617
0.287 	0.000266328
0.2877 	0.000206485
0.2884 	0.000146643
0.2891 	8.68004e-05
0.2898 	2.69579e-05
0.2905 	8.90993e-06
0.2912 	7.52845e-06
0.2919 	6.14684e-06
0.2926 	4.76522e-06
0.2933 	3.38361e-06
0.294 	2.00199e-06
0.2947 	6.20378e-07
0.2954 	2.68404e-08
0.2961 	2.27579e-08
0.2968 	1.86755e-08
0.2975 	1.4593e-08
0.2982 	1.05105e-08
0.2989 	6.42803e-09
0.2996 	2.34556e-09
0.3003 	1.4909e-11
0.301 	1.36252e-11
0.3017 	1.23413e-11
0.3024 	1.10574e-11
0.3031 	9.77344e-12
0.3038 	8.48952e-12
0.3045 	7.2056e-12
0.3052 	6.30922e-12
0.3059 	6.3774e-12
0.3066 	6.44516e-12
0.3073 	6.51252e-12
0.308 	6.57987e-12
0.3087 	6.64723e-12
0.3094 	6.71458e-12
0.3101 	6.7313e-12
0.3108 	6.44451e-12
0.3115 	6.15771e-12
0.3122 	5.8709e-12
0.3129 	5.58408e-12
0.3136 	5.29727e-12
0.3143 	5.01045e-12
0.315 	4.72355e-12
0.3157 	4.36545e-12
0.3164 	4.0075e-12
0.3171 	3.65001e-12
0.3178 	3.29252e-12
0.3185 	2.93503e-12
0.3192 	2.57754e-12
0.3199 	2.22005e-12
0.3206 	1.98438e-12
0.3213 	1.76909e-12
0.322 	1.5543e-12
0.3227 	1.3395e-12
0.3234 	1.12471e-12
0.3241 	9.09921e-13
0.3248 	6.9513e-13
0.3255 	5.80393e-13
0.3262 	5.05656e-13
0.3269 	4.31142e-13
0.3276 	3.56647e-13
0.3283 	2.82151e-13
0.329 	2.07655e-13
0.3297 	1.33159e-13
0.3304 	9.36927e-14
0.3311 	8.04583e-14
0.3318 	6.72646e-14
0.3325 	5.40819e-14
0.3332 	4.08992e-14
0.3339 	2.77166e-14
0.3346 	1.45339e-14
0.3353 	6.59364e-15
0.336 	5.62757e-15
0.3367 	4.66436e-15
0.3374 	3.70276e-15
0.3381 	2.74115e-15
0.3388 	1.77955e-15
0.3395 	8.17942e-16
0.3402 	1.26415e-16
0.3409 	1.07955e-16
0.3416 	8.95455e-17
0.3423 	7.11855e-17
0.343 	5.28254e-17
0.3437 	3.44653e-17
0.3444 	1.61052e-17
0.3451 	3.72714e-19
0.3458 	3.19228e-19
0.3465 	2.65859e-19
0.3472 	2.12702e-19
0.3479 	1.59545e-19
0.3486 	1.06387e-19
0.3493 	5.32297e-20
0.35 	1.0831e-22
0.3507 	9.30553e-23
0.3514 	7.78378e-23
0.3521 	6.27018e-23
0.3528 	4.75658e-23
0.3535 	3.24297e-23
0.3542 	1.72937e-23
0.3549 	2.1577e-24
0.3556 	4.99665e-27
0.3563 	4.19754e-27
0.357 	3.40337e-27
0.3577 	2.60919e-27
0.3584 	1.81501e-27
0.3591 	1.02084e-27
0.3598 	2.26658e-28
0.3605 	2.60007e-31
0.3612 	2.1934e-31
0.3619 	1.78917e-31
0.3626 	1.38514e-31
0.3633 	9.81101e-32
0.364 	5.77064e-32
0.3647 	1.73027e-32
0.3654 	1.30742e-35
0.3661 	1.10742e-35
0.3668 	9.0842e-36
0.3675 	7.09689e-36
0.3682 	5.10957e-36
0.3689 	3.12226e-36
0.3696 	1.13494e-36
0.3703 	6.38737e-40
0.371 	5.43133e-40
0.3717 	4.47906e-40
0.3724 	3.52889e-40
0.3731 	2.57872e-40
0.3738 	1.62854e-40
0.3745 	6.78372e-41
0.3752 	3.05577e-44
0.3759 	2.60803e-44
0.3766 	2.16162e-44
0.3773 	1.71655e-44
0.378 	1.27148e-44
0.3787 	8.26409e-45
0.3794 	3.81337e-45
0.3801 	1.43691e-48
0.3808 	1.23071e-48
0.3815 	1.02494e-48
0.3822 	8.19937e-49
0.3829 	6.14935e-49
0.3836 	4.09933e-49
0.3843 	2.04931e-49
0.385 	6.65343e-53
0.3857 	5.7172e-53
0.3864 	4.78295e-53
0.3871 	3.85287e-53
0.3878 	2.92279e-53
0.3885 	1.99271e-53
0.3892 	1.06262e-53
0.3899 	1.32541e-54
0.3906 	2.61082e-57
0.3913 	2.19363e-57
0.392 	1.77859e-57
0.3927 	1.36355e-57
0.3934 	9.48512e-58
0.3941 	5.33473e-58
0.3948 	1.18434e-58
0.3955 	1.16802e-61
0.3962 	9.8548e-62
0.3969 	8.03874e-62
0.3976 	6.22339e-62
0.3983 	4.40804e-62
0.399 	2.5927e-62
0.3997 	7.77349e-63
0.4004 	5.11665e-66
0.4011 	4.3345e-66
0.4018 	3.55571e-66
0.4025 	2.77784e-66
0.4032 	1.99996e-66
0.4039 	1.22209e-66
0.4046 	4.44214e-67
0.4053 	2.19245e-70
0.406 	1.86447e-70
0.4067 	1.53764e-70
0.4074 	1.21145e-70
0.4081 	8.85254e-71
0.4088 	5.59061e-71
0.4095 	2.32869e-71
0.4102 	8.68494e-75
0.4109 	7.21136e-75
0.4116 	5.80535e-75
0.4123 	4.46692e-75
0.413 	3.12848e-75
0.4137 	1.79005e-75
0.4144 	4.51616e-76
0.4151 	-7.08816e-76
0.4158 	-8.07922e-76
0.4165 	-8.71652e-76
0.4172 	-8.71709e-76
0.4179 	-8.71765e-76
0.4186 	-8.71822e-76
0.4193 	-8.71879e-76
0.42 	-8.7197e-76
0.4207 	-8.49369e-76
0.4214 	-8.31628e-76
0.4221 	-8.3163e-76
0.4228 	-8.31632e-76
0.4235 	-8.31634e-76
0.4242 	-8.31637e-76
0.4249 	-8.31639e-76
0.4256 	-7.66104e-76
0.4263 	-6.95054e-76
0.427 	-6.95054e-76
0.4277 	-6.95054e-76
0.4284 	-6.95054e-76
0.4291 	-6.95054e-76
0.4298 	-6.95054e-76
0.4305 	-6.28471e-76
0.4312 	-5.3517e-76
0.4319 	-5.28504e-76
0.4326 	-5.28503e-76
0.4333 	-5.28502e-76
0.434 	-5.28501e-76
0.4347 	-5.285e-76
0.4354 	-4.78306e-76
0.4361 	-3.90368e-76
0.4368 	-3.71522e-76
0.4375 	-3.71521e-76
0.4382 	-3.71519e-76
0.4389 	-3.71518e-76
0.4396 	-3.71516e-76
0.4403 	-3.40826e-76
0.441 	-2.69107e-76
0.4417 	-2.43492e-76
0.4424 	-2.43491e-76
0.4431 	-2.43489e-76
0.4438 	-2.43488e-76
0.4445 	-2.43486e-76
0.4452 	-2.28489e-76
0.4459 	-1.75881e-76
0.4466 	-1.49576e-76
0.4473 	-1.49575e-76
0.448 	-1.49573e-76
0.4487 	-1.49572e-76
0.4494 	-1.49571e-76
0.4501 	-1.44542e-76
0.4508 	-1.09187e-76
0.4515 	-8.64582e-77
0.4522 	-8.64573e-77
0.4529 	-8.64564e-77
0.4536 	-8.64555e-77
0.4543 	-8.64545e-77
0.455 	-8.64573e-77
0.4557 	-6.44611e-77
0.4564 	-4.717e-77
0.4571 	-4.71694e-77
0.4578 	-4.71688e-77
0.4585 	-4.71681e-77
0.4592 	-4.71675e-77
0.4599 	-4.71669e-77
0.4606 	-3.62215e-77
0.4613 	-2.43552e-77
0.462 	-2.43548e-77
0.4627 	-2.43544e-77
0.4634 	-2.4354e-77
0.4641 	-2.43536e-77
0.4648 	-2.43532e-77
0.4655 	-1.93863e-77
0.4662 	-1.24266e-77
0.4669 	-1.19293e-77
0.4676 	-1.1929e-77
0.4683 	-1.19288e-77
0.469 	-1.19286e-77
0.4697 	-1.19283e-77
0.4704 	-9.89038e-78
0.4711 	-6.32016e-78
0.4718 	-5.55501e-78
0.4725 	-5.55488e-78
0.4732 	-5.55475e-78
0.4739 	-5.55462e-78
0.4746 	-5.55449e-78
0.4753 	-4.81356e-78
0.476 	-3.08229e-78
0.4767 	-2.46394e-78
0.4774 	-2.46387e-78
0.4781 	-2.4638e-78
0.4788 	-2.46373e-78
0.4795 	-2.46366e-78
0.4802 	-2.23671e-78
0.4809 	-1.44078e-78
0.4816 	-1.0428e-78
0.4823 	-1.04276e-78
0.483 	-1.04273e-78
0.4837 	-1.04269e-78
0.4844 	-1.04266e-78
0.4851 	-9.93162e-79
0.4858 	-6.4538e-79
0.4865 	-4.21799e-79
0.4872 	-4.21782e-79
0.4879 	-4.21765e-79
0.4886 	-4.21748e-79
0.4893 	-4.2173e-79
0.49 	-4.21731e-79
0.4907 	-2.7705e-79
0.4914 	-1.63312e-79
0.4921 	-1.63304e-79
0.4928 	-1.63296e-79
0.4935 	-1.63288e-79
0.4942 	-1.63281e-79
0.4949 	-1.63273e-79
0.4956 	-1.14016e-79
0.4963 	-6.06168e-80
0.497 	-6.06134e-80
0.4977 	-6.061e-80
0.4984 	-6.06066e-80
0.4991 	-6.06032e-80
0.4998 	-6.05998e-80
0.5005 	-4.50059e-80
0.5012 	-2.31567e-80
0.5019 	-2.15948e-80
0.5026 	-2.15934e-80
0.5033 	-2.1592e-80
0.504 	-2.15906e-80
0.5047 	-2.15892e-80
0.5054 	-1.70498e-80
0.5061 	-9.09819e-81
0.5068 	-7.39385e-81
0.5075 	-7.39331e-81
0.5082 	-7.39277e-81
0.5089 	-7.39222e-81
0.5096 	-7.39168e-81
0.5103 	-6.20339e-81
0.511 	-3.42742e-81
0.5117 	-2.43587e-81
0.5124 	-2.43567e-81
0.5131 	-2.43546e-81
0.5138 	-2.43526e-81
0.5145 	-2.43506e-81
0.5152 	-2.1695e-81
0.5159 	-1.23852e-81
0.5166 	-7.72988e-82
0.5173 	-7.72917e-82
0.518 	-7.72845e-82
0.5187 	-7.72774e-82
0.5194 	-7.72703e-82
0.5201 	-7.29926e-82
0.5208 	-4.29613e-82
0.5215 	-2.36546e-82
0.5222 	-2.36521e-82
0.5229 	-2.36497e-82
0.5236 	-2.36473e-82
0.5243 	-2.36449e-82
0.525 	-2.36435e-82
0.5257 	-1.43187e-82
0.5264 	-6.98811e-83
0.5271 	-6.98733e-83
0.5278 	-6.98655e-83
0.5285 	-6.98577e-83
0.5292 	-6.98499e-83
0.5299 	-6.98421e-83
0.5306 	-4.59005e-83
0.5313 	-1.99462e-83
0.532 	-1.99438e-83
0.5327 	-1.99414e-83
0.5334 	-1.9939e-83
0.5341 	-1.99365e-83
0.5348 	-1.99341e-83
0.5355 	-1.41653e-83
0.5362 	-6.08301e-84
0.5369 	-5.50503e-84
0.5376 	-5.50431e-84
0.5383 	-5.50359e-84
0.539 	-5.50287e-84
0.5397 	-5.50215e-84
0.5404 	-4.21289e-84
0.5411 	-1.95481e-84
0.5418 	-1.47078e-84
0.5425 	-1.47057e-84
0.5432 	-1.47036e-84
0.5439 	-1.47015e-84
0.5446 	-1.46995e-84
0.5453 	-1.20872e-84
0.546 	-5.98584e-85
0.5467 	-3.80643e-85
0.5474 	-3.80586e-85
0.5481 	-3.80529e-85
0.5488 	-3.80471e-85
0.5495 	-3.80414e-85
0.5502 	-3.34876e-85
0.5509 	-1.75299e-85
0.5516 	-9.55034e-86
0.5523 	-9.5488e-86
0.553 	-9.54727e-86
0.5537 	-9.54574e-86
0.5544 	-9.5442e-86
0.5551 	-8.96771e-86
0.5558 	-4.92434e-86
0.5565 	-2.32489e-86
0.5572 	-2.32449e-86
0.5579 	-2.32409e-86
0.5586 	-2.3237e-86
0.5593 	-2.3233e-86
0.56 	-2.323e-86
0.5607 	-1.33012e-86
0.5614 	-5.49575e-87
0.5621 	-5.49476e-87
0.5628 	-5.49377e-87
0.5635 	-5.49278e-87
0.5642 	-5.49178e-87
0.5649 	-5.49079e-87
0.5656 	-3.46175e-87
0.5663 	-1.26221e-87
0.567 	-1.26197e-87
0.5677 	-1.26173e-87
0.5684 	-1.26149e-87
0.5691 	-1.26125e-87
0.5698 	-1.26101e-87
0.5705 	-8.69494e-88
0.5712 	-3.21015e-88
0.5719 	-2.81785e-88
0.5726 	-2.81729e-88
0.5733 	-2.81672e-88
0.574 	-2.81615e-88
0.5747 	-2.81559e-88
0.5754 	-2.11085e-88
0.5761 	-8.76698e-89
0.5768 	-6.12135e-89
0.5775 	-6.12005e-89
0.5782 	-6.11876e-89
0.5789 	-6.11746e-89
0.5796 	-6.11617e-89
0.5803 	-4.95966e-89
0.581 	-2.25913e-89
0.5817 	-1.29447e-89
0.5824 	-1.29418e-89
0.5831 	-1.29389e-89
0.5838 	-1.2936e-89
0.5845 	-1.29332e-89
0.5852 	-1.12917e-89
0.5859 	-5.54163e-90
0.5866 	-2.6663e-90
0.5873 	-2.66568e-90
0.588 	-2.66506e-90
0.5887 	-2.66444e-90
0.5894 	-2.66381e-90
0.5901 	-2.49369e-90
0.5908 	-1.30162e-90
0.5915 	-5.35241e-91
0.5922 	-5.3511e-91
0.5929 	-5.34979e-91
0.5936 	-5.34848e-91
0.5943 	-5.34717e-91
0.595 	-5.34608e-91
0.5957 	-2.93957e-91
0.5964 	-1.04774e-91
0.5971 	-1.04747e-91
0.5978 	-1.0472e-91
0.5985 	-1.04694e-91
0.5992 	-1.04667e-91
0.5999 	-1.0464e-91
0.6006 	-6.40312e-92
0.6013 	-2.00118e-92
0.602 	-2.00065e-92
0.6027 	-2.00011e-92
0.6034 	-1.99958e-92
0.6041 	-1.99904e-92
0.6048 	-1.9985e-92
0.6055 	-1.34859e-92
0.6062 	-4.38181e-93
0.6069 	-3.73055e-93
0.6076 	-3.7295e-93
0.6083 	-3.72846e-93
0.609 	-3.72742e-93
0.6097 	-3.72637e-93
0.6104 	-2.75176e-93
0.6111 	-1.04523e-93
0.6118 	-6.79382e-94
0.6125 	-6.79184e-94
0.6132 	-6.78985e-94
0.6139 	-6.78786e-94
0.6146 	-6.78588e-94
0.6153 	-5.448e-94
0.616 	-2.32466e-94
0.6167 	-1.20894e-94
0.6174 	-1.20857e-94
0.6181 	-1.2082e-94
0.6188 	-1.20783e-94
0.6195 	-1.20746e-94
0.6202 	-1.04798e-94
0.6209 	-4.89551e-95
0.6216 	-2.10305e-95
0.6223 	-2.10238e-95
0.623 	-2.10171e-95
0.6237 	-2.10104e-95
0.6244 	-2.10037e-95
0.6251 	-1.96096e-95
0.6258 	-9.85155e-96
0.6265 	-3.57807e-96
0.6272 	-3.57688e-96
0.6279 	-3.57569e-96
0.6286 	-3.5745e-96
0.6293 	-3.57331e-96
0.63 	-3.57226e-96
0.6307 	-1.90575e-96
0.6314 	-5.95658e-97
0.6321 	-5.95452e-97
0.6328 	-5.95245e-97
0.6335 	-5.95038e-97
0.6342 	-5.94832e-97
0.6349 	-5.94625e-97
0.6356 	-3.55867e-97
0.6363 	-9.70674e-98
0.637 	-9.70322e-98
0.6377 	-9.69971e-98
0.6384 	-9.6962e-98
0.6391 	-9.69268e-98
0.6398 	-9.68917e-98
0.6405 	-6.43408e-98
0.6412 	-1.87464e-98
0.6419 	-1.54843e-98
0.6426 	-1.54784e-98
0.6433 	-1.54726e-98
0.644 	-1.54667e-98
0.6447 	-1.54609e-98
0.6454 	-1.12894e-98
0.6461 	-3.98639e-99
0.6468 	-2.4207e-99
0.6475 	-2.41975e-99
0.6482 	-2.41879e-99
0.6489 	-2.41784e-99
0.6496 	-2.41689e-99
0.6503 	-1.92596e-99
0.651 	-7.80179e-100
0.6517 	-3.70874e-100
0.6524 	-3.70722e-100
0.6531 	-3.7057e-100
0.6538 	-3.70418e-100
0.6545 	-3.70266e-100
0.6552 	-3.19933e-100
0.6559 	-1.43789e-100
0.6566 	-5.57054e-101
0.6573 	-5.56816e-101
0.658 	-5.56579e-101
0.6587 	-5.56341e-101
0.6594 	-5.56103e-101
0.6601 	-5.18133e-101
0.6608 	-2.527e-101
0.6615 	-8.20519e-102
0.6622 	-8.20155e-102
0.6629 	-8.1979e-102
0.6636 	-8.19425e-102
0.6643 	-8.1906e-102
0.665 	-8.18727e-102
0.6657 	-4.26723e-102
0.6664 	-1.18555e-102
0.6671 	-1.185e-102
0.6678 	-1.18446e-102
0.6685 	-1.18391e-102
0.6692 	-1.18336e-102
0.6699 	-1.18281e-102
0.6706 	-6.95869e-103
0.6713 	-1.68074e-103
0.672 	-1.67993e-103
0.6727 	-1.67912e-103
0.6734 	-1.67831e-103
0.6741 	-1.6775e-103
0.6748 	-1.67669e-103
0.6755 	-1.09969e-103
0.6762 	-2.91557e-104
0.6769 	-2.33724e-104
0.6776 	-2.33607e-104
0.6783 	-2.3349e-104
0.679 	-2.33373e-104
0.6797 	-2.33256e-104
0.6804 	-1.68842e-104
0.6811 	-5.60929e-105
0.6818 	-3.19192e-105
0.6825 	-3.19026e-105
0.6832 	-3.18859e-105
0.6839 	-3.18693e-105
0.6846 	-3.18527e-105
0.6853 	-2.52349e-105
0.686 	-9.79466e-106
0.6867 	-4.27881e-106
0.6874 	-4.2765e-106
0.6881 	-4.27418e-106
0.6888 	-4.27186e-106
0.6895 	-4.26955e-106
0.6902 	-3.67539e-106
0.6909 	-1.59743e-106
0.6916 	-5.58292e-107
0.6923 	-5.57976e-107
0.693 	-5.57659e-107
0.6937 	-5.57342e-107
0.6944 	-5.57026e-107
0.6951 	-5.124e-107
0.6958 	-2.00661e-107
0.6965 	-2.43213e-110
0.6972 	-2.01078e-110
0.6979 	-1.58944e-110
0.6986 	-1.16809e-110
0.6993 	-7.46747e-111
0.7 	-3.25653e-111
