0 	1
0.0007 	1
0.0014 	1
0.0021 	1
0.0028 	1
0.0035 	1
0.0042 	1
0.0049 	1
0.0056 	1
0.0063 	1
0.007 	1
0.0077 	1
0.0084 	1
0.0091 	1
0.0098 	1
0.0105 	1
0.0112 	1
0.0119 	1
0.0126 	1
0.014 	1
0.0147 	1
0.0154 	1
0.0161 	1
0.0168 	1
0.0175 	1
0.0182 	1
0.0189 	1
0.0196 	1
0.0203 	1
0.0217 	1
0.0224 	1
0.0231 	1
0.0238 	1
0.0245 	1
0.0252 	1
0.0259 	1
0.0266 	1
0.0273 	1
0.028 	1
0.0287 	1
0.0294 	1
0.0301 	1
0.0308 	1
0.0315 	1
0.0329 	1
0.0336 	1
0.0343 	1
0.035 	1
0.0357 	1
0.0364 	1
0.0371 	1
0.0378 	1
0.0385 	1
0.0392 	1
0.0399 	1
0.0406 	1
0.0413 	1
0.042 	1
0.0427 	1
0.0434 	1
0.0441 	1
0.0448 	1
0.0455 	1
0.0462 	1
0.0469 	1
0.0476 	1
0.0483 	1
0.049 	1
0.0497 	1
0.0504 	1
0.0511 	1
0.0518 	1
0.0525 	1
0.0532 	1
0.0539 	1
0.0546 	1
0.0553 	1
0.056 	1
0.0567 	1
0.0574 	1
0.0581 	1
0.0588 	1
0.0595 	1
0.0602 	1
0.0609 	1
0.0616 	1
0.0623 	1
0.063 	1
0.0637 	1
0.0644 	1
0.0651 	1
0.0658 	1
0.0665 	1
0.0672 	1
0.0679 	1
0.0686 	1
0.0693 	1
0.07 	1
0.0707 	1
0.0714 	1
0.0721 	1
0.0728 	1
0.0735 	1
0.0742 	1
0.0749 	1
0.0756 	1
0.0763 	1
0.0777 	1
0.0784 	1
0.0791 	1
0.0798 	1
0.0805 	1
0.0812 	1
0.0819 	1
0.0826 	1
0.0833 	1
0.084 	1
0.0847 	1
0.0854 	1
0.0861 	1
0.0868 	1
0.0875 	1
0.0882 	1
0.0889 	1
0.0896 	1
0.0903 	1
0.091 	1
0.0917 	1
0.0924 	1
0.0931 	1
0.0938 	1
0.0945 	1
0.0952 	1
0.0959 	1
0.0966 	1
0.0973 	1
0.098 	1
0.0987 	1
0.0994 	1
0.1001 	1
0.1008 	1
0.1015 	1
0.1022 	1
0.1029 	1
0.1036 	1
0.1043 	1
0.105 	1
0.1057 	1
0.1064 	1
0.1078 	1
0.1085 	1
0.1092 	1
0.1099 	1
0.1106 	1
0.1113 	1
0.112 	1
0.1127 	1
0.1141 	1
0.1148 	1
0.1155 	1
0.1162 	1
0.1169 	1
0.1176 	1
0.1183 	1
0.119 	1
0.1197 	1
0.1204 	1
0.1211 	1
0.1218 	1
0.1225 	1
0.1239 	1
0.1246 	1
0.1253 	1
0.126 	1
0.1267 	1
0.1274 	1
0.1281 	1
0.1295 	1
0.1302 	1
0.1309 	1
0.1316 	1
0.1323 	1
0.133 	1
0.1337 	1
0.1351 	1
0.1358 	1
0.1365 	1
0.1372 	1
0.1379 	1
0.1386 	1
0.1393 	1
0.14 	1
0.1407 	1
0.1414 	1
0.1421 	1
0.1428 	1
0.1435 	1
0.1442 	1
0.1449 	1
0.1456 	1
0.1463 	1
0.147 	1
0.1477 	1
0.1484 	1
0.1491 	1
0.1498 	1
0.1505 	1
0.1512 	1
0.1519 	1
0.1533 	1
0.154 	1
0.1547 	1
0.1554 	1
0.1561 	1
0.1568 	1
0.1575 	1
0.1582 	1
0.1589 	1
0.1596 	1
0.1603 	1
0.161 	1
0.1617 	1
0.1624 	1
0.1631 	1
0.1638 	1
0.1645 	1
0.1652 	1
0.1659 	1
0.1666 	1
0.1673 	1
0.168 	1
0.1694 	1
0.1701 	1
0.1708 	1
0.1715 	1
0.1722 	1
0.1729 	1
0.1743 	1
0.175 	1
0.1757 	1
0.1764 	1
0.1771 	1
0.1778 	1
0.1785 	1
0.1799 	1
0.1806 	1
0.1813 	1
0.182 	1
0.1827 	1
0.1834 	1
0.1841 	1
0.1848 	1
0.1855 	1
0.1862 	1
0.1869 	1
0.1876 	1
0.1883 	1
0.189 	1
0.1897 	1
0.1904 	1
0.1911 	1
0.1918 	1
0.1925 	1
0.1932 	1
0.1939 	1
0.1946 	1
0.1953 	1
0.196 	1
0.1967 	1
0.1974 	1
0.1981 	1
0.1988 	1
0.1995 	1
0.2002 	1
0.2009 	1
0.2016 	1
0.2023 	1
0.203 	1
0.2037 	1
0.2044 	1
0.2051 	1
0.2058 	1
0.2065 	1
0.2072 	1
0.2079 	1
0.2086 	1
0.21 	1
0.2107 	1
0.2114 	1
0.2128 	1
0.2135 	1
0.2142 	1
0.2149 	1
0.2156 	0.99998
0.2163 	0.999956
0.2177 	0.999909
0.2191 	0.999863
0.2198 	0.999839
0.2205 	0.998566
0.2212 	0.996792
0.2219 	0.995019
0.2226 	0.993246
0.2233 	0.991472
0.224 	0.989699
0.2247 	0.987925
0.2254 	0.973681
0.2261 	0.950082
0.2268 	0.926484
0.2275 	0.902885
0.2282 	0.879286
0.2289 	0.855687
0.2296 	0.832088
0.2303 	0.791077
0.231 	0.726848
0.2317 	0.662619
0.2324 	0.59839
0.2331 	0.534161
0.2338 	0.469933
0.2345 	0.405704
0.2352 	0.346579
0.2359 	0.300216
0.2366 	0.253852
0.2373 	0.207489
0.238 	0.161126
0.2387 	0.114762
0.2394 	0.0683993
0.2401 	0.0280883
0.2408 	0.0240905
0.2415 	0.0200927
0.2422 	0.016095
0.2429 	0.0120973
0.2436 	0.00809964
0.2443 	0.00410196
0.245 	0.000104285
0.2457 	8.97057e-05
0.2464 	7.51264e-05
0.2471 	6.05472e-05
0.2478 	4.5968e-05
0.2485 	3.13889e-05
0.2492 	1.68097e-05
0.2499 	2.23053e-06
0.2506 	1.30184e-07
0.2513 	1.09641e-07
0.252 	8.90951e-08
0.2527 	6.85491e-08
0.2534 	4.80031e-08
0.2541 	2.74572e-08
0.2548 	6.9112e-09
0.2555 	9.48344e-10
0.2562 	8.18733e-10
0.2569 	6.89094e-10
0.2576 	5.59454e-10
0.2583 	4.29813e-10
0.259 	3.00173e-10
0.2597 	1.70533e-10
0.2604 	1.08871e-10
0.2611 	9.81928e-11
0.2618 	8.75188e-11
0.2625 	7.68459e-11
0.2632 	6.6173e-11
0.2639 	5.55002e-11
0.2646 	4.48273e-11
0.2653 	3.69708e-11
0.266 	3.28693e-11
0.2667 	2.87705e-11
0.2674 	2.46732e-11
0.2681 	2.05759e-11
0.2695 	1.23813e-11
0.2702 	9.14913e-12
0.2709 	8.07974e-12
0.2716 	7.01075e-12
0.2723 	5.94214e-12
0.273 	4.87354e-12
0.2737 	3.80493e-12
0.2744 	2.73633e-12
0.2751 	1.78922e-12
0.2758 	1.57105e-12
0.2765 	1.35294e-12
0.2772 	1.13496e-12
0.2779 	9.1697e-13
0.2793 	4.81e-13
0.28 	2.63014e-13
0.2807 	2.29703e-13
0.2814 	1.964e-13
0.2821 	1.63121e-13
0.2828 	1.29843e-13
0.2835 	9.65648e-14
0.2842 	6.32865e-14
0.2849 	3.00083e-14
0.2856 	2.23836e-14
0.2863 	1.90348e-14
0.287 	1.56895e-14
0.2877 	1.23442e-14
0.2891 	5.65361e-15
0.2898 	2.3083e-15
0.2905 	1.22016e-15
0.2912 	1.03488e-15
0.2919 	8.49821e-16
0.2926 	6.64778e-16
0.2933 	4.79736e-16
0.294 	2.94694e-16
0.2947 	1.09651e-16
0.2954 	2.79316e-17
0.2961 	2.37038e-17
0.2968 	1.94809e-17
0.2975 	1.52593e-17
0.2982 	1.10377e-17
0.2989 	6.81613e-18
0.2996 	2.59454e-18
0.3003 	1.71267e-19
0.301 	1.4574e-19
0.3017 	1.20239e-19
0.3024 	9.47533e-20
0.3031 	6.92676e-20
0.3038 	4.3782e-20
0.3045 	1.82963e-20
0.3052 	8.86143e-23
0.3059 	7.56766e-23
0.3066 	6.27505e-23
0.3073 	4.98358e-23
0.308 	3.69212e-23
0.3087 	2.40065e-23
0.3094 	1.10919e-23
0.3101 	2.17589e-26
0.3108 	1.86469e-26
0.3115 	1.55368e-26
0.3122 	1.24302e-26
0.3129 	9.32365e-27
0.3136 	6.21706e-27
0.3143 	3.11048e-27
0.315 	3.8902e-30
0.3157 	3.34495e-30
0.3164 	2.79989e-30
0.3178 	1.71123e-30
0.3185 	1.1669e-30
0.3192 	6.22569e-31
0.3199 	7.82376e-32
0.3206 	4.1884e-34
0.3213 	3.52129e-34
0.322 	2.85518e-34
0.3227 	2.18906e-34
0.3234 	1.52295e-34
0.3241 	8.56836e-35
0.3248 	1.90722e-35
0.3255 	3.63004e-38
0.3262 	3.06472e-38
0.3269 	2.50016e-38
0.3276 	1.93566e-38
0.3283 	1.37116e-38
0.329 	8.06664e-39
0.3297 	2.42166e-39
0.3304 	2.18462e-42
0.3311 	1.85185e-42
0.3318 	1.51941e-42
0.3325 	1.18706e-42
0.3332 	8.54711e-43
0.3339 	5.22361e-43
0.3346 	1.90012e-43
0.3353 	9.18825e-47
0.336 	7.81876e-47
0.3367 	6.45013e-47
0.3374 	5.08198e-47
0.3381 	3.71383e-47
0.3388 	2.34568e-47
0.3395 	9.77533e-48
0.3402 	2.71264e-51
0.3409 	2.31688e-51
0.3416 	1.92122e-51
0.3423 	1.52569e-51
0.343 	1.13016e-51
0.3437 	7.34622e-52
0.3444 	3.39087e-52
0.3451 	5.65936e-56
0.3458 	4.85084e-56
0.3465 	4.04234e-56
0.3472 	3.23389e-56
0.3479 	2.42544e-56
0.3486 	1.617e-56
0.3493 	8.08547e-57
0.35 	9.79202e-61
0.3507 	8.42162e-61
0.3514 	7.05108e-61
0.3521 	5.68007e-61
0.3528 	4.30905e-61
0.3535 	2.93803e-61
0.3549 	1.96002e-62
0.3556 	1.2538e-65
0.3563 	1.05449e-65
0.357 	8.54998e-66
0.3577 	6.55502e-66
0.3584 	4.56007e-66
0.3591 	2.56511e-66
0.3598 	5.70161e-67
0.3605 	1.5673e-70
0.3612 	1.32383e-70
0.3619 	1.07999e-70
0.3626 	8.36129e-71
0.3633 	5.92264e-71
0.364 	3.48398e-71
0.3647 	1.04532e-71
0.3654 	1.7131e-75
0.3661 	1.45288e-75
0.3668 	1.19221e-75
0.3675 	9.31422e-76
0.3682 	6.70629e-76
0.3689 	4.09836e-76
0.3696 	1.49043e-76
0.3703 	1.7022e-80
0.371 	1.44925e-80
0.3717 	1.19585e-80
0.3724 	9.42188e-81
0.3731 	6.88527e-81
0.3738 	4.34865e-81
0.3745 	1.81203e-81
0.3752 	1.59152e-85
0.3759 	1.36004e-85
0.3766 	1.12817e-85
0.3773 	8.95904e-86
0.378 	6.63636e-86
0.3794 	1.99101e-86
0.3801 	1.43597e-90
0.3808 	1.23146e-90
0.3815 	1.02665e-90
0.3822 	8.21323e-91
0.3829 	6.15995e-91
0.3836 	4.10668e-91
0.3843 	2.0534e-91
0.385 	1.27362e-95
0.3857 	1.09592e-95
0.3864 	9.1804e-96
0.3871 	7.39534e-96
0.3878 	5.61029e-96
0.3885 	3.82523e-96
0.3892 	2.04017e-96
0.3899 	2.55118e-97
0.3906 	9.6894e-101
0.3913 	8.15387e-101
0.392 	6.61127e-101
0.3927 	5.06866e-101
0.3934 	3.52605e-101
0.3941 	1.98345e-101
0.3948 	4.4084e-102
0.3955 	8.57327e-106
0.3962 	7.24568e-106
0.3969 	5.91139e-106
0.3976 	4.57658e-106
0.3983 	3.24176e-106
0.399 	1.90695e-106
0.3997 	5.72144e-107
0.4004 	7.6296e-111
0.4011 	6.4741e-111
0.4018 	5.31329e-111
0.4025 	4.15102e-111
0.4032 	2.98876e-111
0.4039 	1.82649e-111
0.4046 	6.64225e-112
0.4053 	6.8589e-116
0.406 	5.84247e-116
0.4067 	4.82193e-116
0.4074 	3.79911e-116
0.4081 	2.77629e-116
0.4088 	1.75347e-116
0.4095 	7.30652e-117
0.4102 	6.27051e-121
0.4109 	5.36078e-121
0.4116 	4.44803e-121
0.4123 	3.53228e-121
0.413 	2.61652e-121
0.4137 	1.70076e-121
0.4144 	7.84998e-122
0.4151 	6.04633e-126
0.4158 	5.18711e-126
0.4165 	4.32577e-126
0.4172 	3.46063e-126
0.4179 	2.59549e-126
0.4186 	1.73034e-126
0.4193 	8.65203e-127
0.42 	6.13257e-131
0.4207 	5.27855e-131
0.4214 	4.42324e-131
0.4221 	3.56318e-131
0.4228 	2.70312e-131
0.4235 	1.84305e-131
0.4242 	9.82991e-132
0.4249 	1.22929e-132
0.4256 	5.58986e-136
0.4263 	4.70561e-136
0.427 	3.81538e-136
0.4277 	2.92514e-136
0.4284 	2.0349e-136
0.4291 	1.14466e-136
0.4298 	2.54422e-137
0.4305 	6.11339e-141
0.4312 	5.16834e-141
0.4319 	4.21671e-141
0.4326 	3.26456e-141
0.4333 	2.31242e-141
0.434 	1.36028e-141
0.4347 	4.08136e-142
0.4354 	6.86873e-146
0.4361 	5.83317e-146
0.4375 	3.74777e-146
0.4389 	1.66067e-146
0.4403 	1.9583e-148
0.441 	1.6728e-148
0.4417 	1.38721e-148
0.4424 	1.10155e-148
0.4431 	8.15895e-149
0.4438 	5.30239e-149
0.4445 	2.44584e-149
0.4452 	3.90171e-150
0.4459 	3.3673e-150
0.4466 	2.83234e-150
0.4473 	2.29683e-150
0.448 	1.76132e-150
0.4487 	1.2258e-150
0.4494 	6.90294e-151
0.4501 	2.27256e-151
0.4508 	1.99062e-151
0.4515 	1.70848e-151
0.4522 	1.42598e-151
0.4529 	1.14348e-151
0.4536 	8.60984e-152
0.4543 	5.78487e-152
0.455 	2.95991e-152
0.4557 	2.59872e-152
0.4564 	2.23739e-152
0.4571 	1.87547e-152
0.4578 	1.51356e-152
0.4585 	1.15165e-152
0.4592 	7.89735e-153
0.4599 	4.27823e-153
0.4606 	3.36311e-153
0.4613 	2.89858e-153
0.462 	2.43304e-153
0.4627 	1.96751e-153
0.4634 	1.50198e-153
0.4641 	1.03644e-153
0.4648 	5.7091e-154
0.4655 	3.98891e-154
0.4662 	3.44278e-154
0.4669 	2.89531e-154
0.4676 	2.34773e-154
0.4683 	1.80015e-154
0.469 	1.25258e-154
0.4697 	7.04999e-155
0.4704 	4.36532e-155
0.4711 	3.77396e-155
0.4718 	3.18122e-155
0.4725 	2.5881e-155
0.4732 	1.99498e-155
0.4739 	1.40187e-155
0.4746 	8.08746e-156
0.4753 	4.44332e-156
0.476 	3.84859e-156
0.4767 	3.25258e-156
0.4774 	2.65587e-156
0.4781 	2.05916e-156
0.4788 	1.46245e-156
0.4795 	8.65737e-157
0.4802 	4.23527e-157
0.4809 	3.67574e-157
0.4816 	3.11517e-157
0.4823 	2.55357e-157
0.483 	1.99197e-157
0.4837 	1.43037e-157
0.4844 	8.68771e-158
0.4851 	3.80321e-158
0.4858 	3.30763e-158
0.4865 	2.81133e-158
0.4872 	2.31374e-158
0.4879 	1.81616e-158
0.4886 	1.31857e-158
0.4893 	8.20985e-159
0.49 	3.23399e-159
0.4907 	2.81856e-159
0.4914 	2.40274e-159
0.4921 	1.98547e-159
0.4928 	1.56821e-159
0.4935 	1.15094e-159
0.4942 	7.33676e-160
0.4949 	3.1641e-160
0.4956 	2.28423e-160
0.4963 	1.95305e-160
0.497 	1.62039e-160
0.4977 	1.28772e-160
0.4984 	9.55056e-161
0.4991 	6.22392e-161
0.4998 	2.89727e-161
0.5005 	1.76696e-161
0.5012 	1.51519e-161
0.5019 	1.26219e-161
0.5026 	1.00909e-161
0.5033 	7.55997e-162
0.504 	5.02902e-162
0.5047 	2.49807e-162
0.5054 	1.30863e-162
0.5061 	1.12534e-162
0.5068 	9.4122e-163
0.5075 	7.5688e-163
0.5082 	5.72541e-163
0.5089 	3.88201e-163
0.5096 	2.03862e-163
0.5103 	9.30354e-164
0.511 	8.02261e-164
0.5117 	6.73664e-164
0.5124 	5.44785e-164
0.5131 	4.15907e-164
0.5138 	2.87028e-164
0.5145 	1.5815e-164
0.5152 	6.3633e-165
0.5159 	5.50211e-165
0.5166 	4.63808e-165
0.5173 	3.7712e-165
0.518 	2.90432e-165
0.5187 	2.03744e-165
0.5194 	1.17056e-165
0.5201 	4.19544e-166
0.5208 	3.63729e-166
0.5215 	3.07772e-166
0.5222 	2.51559e-166
0.5229 	1.95347e-166
0.5236 	1.39134e-166
0.5243 	8.29216e-167
0.525 	2.6709e-167
0.5257 	2.32157e-167
0.5264 	1.97167e-167
0.5271 	1.61967e-167
0.5278 	1.26767e-167
0.5292 	5.63668e-168
0.5299 	2.11668e-168
0.5306 	1.43261e-168
0.5313 	1.22107e-168
0.532 	1.00792e-168
0.5327 	7.94767e-169
0.5334 	5.81617e-169
0.5348 	1.55316e-169
0.5355 	8.55679e-170
0.5362 	7.31811e-170
0.5369 	6.06932e-170
0.5376 	4.81975e-170
0.539 	2.32061e-170
0.5397 	1.07104e-170
0.5404 	4.95308e-171
0.5411 	4.24962e-171
0.5418 	3.54096e-171
0.5425 	2.83087e-171
0.5432 	2.12078e-171
0.5439 	1.41069e-171
0.5446 	7.00608e-172
0.5453 	2.78225e-172
0.546 	2.3945e-172
0.5467 	2.00423e-172
0.5474 	1.61256e-172
0.5481 	1.22089e-172
0.5488 	8.2922e-173
0.5495 	4.37551e-173
0.5502 	1.51852e-173
0.5509 	1.31081e-173
0.5516 	1.10197e-173
0.5523 	8.9201e-174
0.553 	6.82049e-174
0.5537 	4.72089e-174
0.5544 	2.62128e-174
0.5551 	8.06157e-175
0.5558 	6.97904e-175
0.5565 	5.89202e-175
0.5572 	4.79695e-175
0.5579 	3.70188e-175
0.5586 	2.60681e-175
0.5593 	1.51173e-175
0.56 	4.16661e-176
0.5607 	3.61723e-176
0.5614 	3.06638e-176
0.5621 	2.51018e-176
0.5628 	1.95398e-176
0.5635 	1.39778e-176
0.5642 	8.41577e-177
0.5649 	2.85376e-177
0.5656 	1.82632e-177
0.5663 	1.55438e-177
0.5677 	1.00378e-177
0.5684 	7.28479e-178
0.5691 	4.5318e-178
0.5698 	1.77881e-178
0.5705 	8.98683e-179
0.5712 	7.67702e-179
0.5719 	6.34983e-179
0.5726 	5.0213e-179
0.5733 	3.69276e-179
0.574 	2.36423e-179
0.5747 	1.0357e-179
0.5754 	4.31139e-180
0.5761 	3.69556e-180
0.5768 	3.0723e-180
0.5775 	2.447e-180
0.5782 	1.82171e-180
0.5796 	5.71126e-181
0.581 	1.73467e-181
0.5817 	1.44922e-181
0.5824 	1.1621e-181
0.5831 	8.74987e-182
0.5838 	5.87869e-182
0.5845 	3.00752e-182
0.5852 	9.20565e-183
0.5859 	7.94172e-183
0.5866 	6.66651e-183
0.5873 	5.38001e-183
0.588 	4.09352e-183
0.5887 	2.80702e-183
0.5894 	1.52052e-183
0.5901 	4.09918e-184
0.5908 	3.54719e-184
0.5915 	2.99139e-184
0.5922 	2.42874e-184
0.5929 	1.86609e-184
0.5936 	1.30344e-184
0.5943 	7.40793e-185
0.595 	1.78144e-185
0.5957 	1.54611e-185
0.5964 	1.30973e-185
0.5971 	1.06948e-185
0.5978 	8.29237e-186
0.5985 	5.88992e-186
0.5992 	3.48746e-186
0.5999 	1.08501e-186
0.6006 	6.57834e-187
0.6013 	5.59714e-187
0.6027 	3.59349e-187
0.6034 	2.59166e-187
0.6041 	1.58984e-187
0.6048 	5.88011e-188
0.6055 	2.73323e-188
0.6062 	2.33491e-188
0.6069 	1.92747e-188
0.6076 	1.51933e-188
0.6083 	1.11119e-188
0.609 	7.0305e-189
0.6097 	2.94909e-189
0.6104 	1.10947e-189
0.6111 	9.51204e-190
0.6118 	7.89596e-190
0.6125 	6.27078e-190
0.6132 	4.6456e-190
0.6139 	3.02041e-190
0.6146 	1.39523e-190
0.6153 	4.40208e-191
0.616 	3.78726e-191
0.6167 	3.16086e-191
0.6174 	2.52802e-191
0.6181 	1.89519e-191
0.6195 	6.29519e-192
0.6202 	1.70819e-192
0.6209 	1.47457e-192
0.6216 	1.2372e-192
0.6223 	9.96091e-193
0.623 	7.54983e-193
0.6237 	5.13875e-193
0.6244 	2.72766e-193
0.6251 	6.48613e-194
0.6258 	5.61731e-194
0.6265 	4.73761e-194
0.6272 	3.83831e-194
0.6279 	2.93901e-194
0.6286 	2.03972e-194
0.6293 	1.14042e-194
0.63 	2.41118e-195
0.6307 	2.09482e-195
0.6314 	1.77584e-195
0.6328 	1.11875e-195
0.6335 	7.90209e-196
0.6342 	4.61665e-196
0.6349 	1.3312e-196
0.6356 	7.65124e-197
0.6363 	6.51934e-197
0.637 	5.34309e-197
0.6377 	4.16684e-197
0.6384 	2.99059e-197
0.6391 	1.81434e-197
0.6398 	6.38087e-198
0.6405 	2.73836e-198
0.6412 	2.34386e-198
0.6419 	1.93229e-198
0.6426 	1.5194e-198
0.644 	6.93638e-199
0.6447 	2.80754e-199
0.6454 	9.60772e-200
0.6461 	8.25557e-200
0.6468 	6.84884e-200
0.6475 	5.42724e-200
0.6482 	4.00564e-200
0.6489 	2.58404e-200
0.6496 	1.16243e-200
0.6503 	3.30608e-201
0.651 	2.85151e-201
0.6517 	2.38037e-201
0.6524 	1.90003e-201
0.6531 	1.41969e-201
0.6538 	9.3935e-202
0.6545 	4.5901e-202
0.6552 	1.11626e-202
0.6559 	9.66302e-203
0.6566 	8.11652e-203
0.6573 	6.52308e-203
0.658 	4.92963e-203
0.6587 	3.33618e-203
0.6594 	1.74273e-203
0.6601 	3.69976e-204
0.6608 	3.21416e-204
0.6615 	2.71655e-204
0.6622 	2.19733e-204
0.6629 	1.67811e-204
0.6636 	1.15888e-204
0.6643 	6.39659e-205
0.665 	1.20435e-205
0.6657 	1.04991e-205
0.6664 	8.92939e-206
0.6671 	7.26669e-206
0.6678 	5.60398e-206
0.6685 	3.94128e-206
0.6699 	6.15872e-207
0.6706 	3.36974e-207
0.6713 	2.88419e-207
0.6727 	1.83712e-207
0.6734 	1.31358e-207
0.6741 	7.90037e-208
0.6748 	2.66498e-208
0.6755 	1.06324e-208
0.6762 	9.14973e-209
0.6769 	7.53786e-209
0.6776 	5.91606e-209
0.6783 	4.29426e-209
0.679 	2.67246e-209
0.6797 	1.05066e-209
0.6804 	3.3e-210
0.6811 	2.85194e-210
0.6818 	2.36734e-210
0.6825 	1.87279e-210
0.6832 	1.37823e-210
0.6839 	8.8368e-211
0.6846 	3.89126e-211
0.6853 	1.00812e-211
0.686 	8.74853e-212
0.6867 	7.31761e-212
0.6874 	5.8321e-212
0.6881 	4.34659e-212
0.6888 	2.86108e-212
0.6895 	1.37557e-212
0.6902 	3.03343e-213
0.6909 	2.64304e-213
0.6916 	2.22792e-213
0.6923 	1.78809e-213
0.693 	1.34826e-213
0.6937 	9.08422e-214
0.6944 	4.68588e-214
0.6951 	9.00219e-215
0.6958 	7.90612e-215
0.6965 	6.75555e-215
0.6972 	5.50686e-215
0.6979 	4.25818e-215
0.6986 	3.00949e-215
0.6993 	1.7608e-215
0.7 	5.12117e-216
