0 	1
0.0007 	1
0.0014 	1
0.0021 	1
0.0028 	1
0.0035 	1
0.0042 	1
0.0049 	1
0.0056 	1
0.0063 	1
0.007 	1
0.0077 	1
0.0084 	1
0.0091 	1
0.0098 	1
0.0105 	1
0.0112 	1
0.0119 	1
0.0126 	1
0.0133 	1
0.014 	1
0.0147 	1
0.0154 	1
0.0161 	1
0.0168 	1
0.0175 	1
0.0182 	1
0.0189 	1
0.0196 	1
0.0203 	1
0.021 	1
0.0217 	1
0.0224 	1
0.0231 	1
0.0238 	1
0.0245 	1
0.0252 	1
0.0259 	1
0.0266 	1
0.0273 	1
0.028 	1
0.0287 	1
0.0294 	1
0.0301 	1
0.0308 	1
0.0315 	1
0.0322 	1
0.0329 	1
0.0336 	1
0.0343 	1
0.035 	1
0.0357 	1
0.0364 	1
0.0371 	1
0.0378 	1
0.0385 	1
0.0392 	1
0.0399 	1
0.0406 	1
0.0413 	1
0.042 	1
0.0427 	1
0.0434 	1
0.0441 	1
0.0448 	1
0.0455 	1
0.0462 	1
0.0469 	1
0.0476 	1
0.0483 	1
0.049 	1
0.0497 	1
0.0504 	1
0.0511 	1
0.0518 	1
0.0525 	1
0.0532 	1
0.0539 	1
0.0546 	1
0.0553 	1
0.056 	1
0.0567 	1
0.0574 	1
0.0581 	1
0.0588 	1
0.0595 	1
0.0602 	1
0.0609 	1
0.0616 	1
0.0623 	1
0.063 	1
0.0637 	1
0.0644 	1
0.0651 	1
0.0658 	1
0.0665 	1
0.0672 	1
0.0679 	1
0.0686 	1
0.0693 	1
0.07 	1
0.0707 	1
0.0714 	1
0.0721 	1
0.0728 	1
0.0735 	1
0.0742 	1
0.0749 	1
0.0756 	1
0.0763 	1
0.077 	1
0.0777 	1
0.0784 	1
0.0791 	1
0.0798 	1
0.0805 	1
0.0812 	1
0.0819 	1
0.0826 	1
0.0833 	1
0.084 	1
0.0847 	1
0.0854 	1
0.0861 	1
0.0868 	1
0.0875 	1
0.0882 	1
0.0889 	1
0.0896 	1
0.0903 	1
0.091 	1
0.0917 	1
0.0924 	1
0.0931 	1
0.0938 	1
0.0945 	1
0.0952 	1
0.0959 	1
0.0966 	1
0.0973 	1
0.098 	1
0.0987 	1
0.0994 	1
0.1001 	1
0.1008 	1
0.1015 	1
0.1022 	1
0.1029 	1
0.1036 	1
0.1043 	1
0.105 	1
0.1057 	1
0.1064 	1
0.1071 	1
0.1078 	1
0.1085 	1
0.1092 	1
0.1099 	1
0.1106 	1
0.1113 	1
0.112 	1
0.1127 	1
0.1134 	1
0.1141 	1
0.1148 	1
0.1155 	1
0.1162 	1
0.1169 	1
0.1176 	1
0.1183 	1
0.119 	1
0.1197 	1
0.1204 	1
0.1211 	1
0.1218 	1
0.1225 	1
0.1232 	1
0.1239 	1
0.1246 	1
0.1253 	1
0.126 	1
0.1267 	1
0.1274 	1
0.1281 	1
0.1288 	1
0.1295 	1
0.1302 	1
0.1309 	1
0.1316 	1
0.1323 	1
0.133 	1
0.1337 	1
0.1344 	1
0.1351 	1
0.1358 	1
0.1365 	1
0.1372 	1
0.1379 	1
0.1386 	1
0.1393 	1
0.14 	1
0.1407 	1
0.1414 	1
0.1421 	1
0.1428 	1
0.1435 	1
0.1442 	1
0.1449 	1
0.1456 	1
0.1463 	1
0.147 	1
0.1477 	1
0.1484 	1
0.1491 	1
0.1498 	1
0.1505 	1
0.1512 	1
0.1519 	1
0.1526 	1
0.1533 	1
0.154 	1
0.1547 	1
0.1554 	1
0.1561 	1
0.1568 	1
0.1575 	1
0.1582 	1
0.1589 	1
0.1596 	1
0.1603 	1
0.161 	1
0.1617 	1
0.1624 	1
0.1631 	1
0.1638 	1
0.1645 	1
0.1652 	1
0.1659 	1
0.1666 	1
0.1673 	1
0.168 	1
0.1687 	1
0.1694 	1
0.1701 	1
0.1708 	1
0.1715 	1
0.1722 	1
0.1729 	1
0.1736 	1
0.1743 	1
0.175 	1
0.1757 	1
0.1764 	1
0.1771 	1
0.1778 	1
0.1785 	1
0.1792 	1
0.1799 	1
0.1806 	1
0.1813 	1
0.182 	1
0.1827 	1
0.1834 	1
0.1841 	1
0.1848 	1
0.1855 	1
0.1862 	1
0.1869 	1
0.1876 	1
0.1883 	1
0.189 	1
0.1897 	1
0.1904 	1
0.1911 	1
0.1918 	1
0.1925 	1
0.1932 	1
0.1939 	1
0.1946 	1
0.1953 	1
0.196 	1
0.1967 	1
0.1974 	1
0.1981 	1
0.1988 	1
0.1995 	1
0.2002 	1
0.2009 	1
0.2016 	1
0.2023 	1
0.203 	1
0.2037 	1
0.2044 	1
0.2051 	1
0.2058 	1
0.2065 	1
0.2072 	1
0.2079 	1
0.2086 	1
0.2093 	1
0.21 	1
0.2107 	1
0.2114 	1
0.2121 	1
0.2128 	1
0.2135 	1
0.2142 	1
0.2149 	1
0.2156 	1
0.2163 	1
0.217 	1
0.2177 	1
0.2184 	1
0.2191 	1
0.2198 	1
0.2205 	1
0.2212 	1
0.2219 	1
0.2226 	1
0.2233 	1
0.224 	1
0.2247 	1
0.2254 	1
0.2261 	1
0.2268 	1
0.2275 	1
0.2282 	1
0.2289 	0.999999
0.2296 	0.999999
0.2303 	0.999979
0.231 	0.999933
0.2317 	0.999887
0.2324 	0.999841
0.2331 	0.999794
0.2338 	0.999748
0.2345 	0.999702
0.2352 	0.998893
0.2359 	0.996175
0.2366 	0.993458
0.2373 	0.99074
0.238 	0.988022
0.2387 	0.985304
0.2394 	0.982587
0.2401 	0.976198
0.2408 	0.947785
0.2415 	0.919371
0.2422 	0.890956
0.2429 	0.862541
0.2436 	0.834126
0.2443 	0.805711
0.245 	0.777295
0.2457 	0.714503
0.2464 	0.65171
0.2471 	0.588918
0.2478 	0.526125
0.2485 	0.463333
0.2492 	0.40054
0.2499 	0.337748
0.2506 	0.293313
0.2513 	0.251939
0.252 	0.210566
0.2527 	0.169194
0.2534 	0.127821
0.2541 	0.0864485
0.2548 	0.045076
0.2555 	0.030055
0.2562 	0.0255739
0.2569 	0.0210933
0.2576 	0.0166127
0.2583 	0.0121322
0.259 	0.00765164
0.2597 	0.0031711
0.2604 	0.00115631
0.2611 	0.000990704
0.2618 	0.000825123
0.2625 	0.000659548
0.2632 	0.000493973
0.2639 	0.000328398
0.2646 	0.000162823
0.2653 	6.43265e-05
0.266 	5.52629e-05
0.2667 	4.62001e-05
0.2674 	3.71377e-05
0.2681 	2.80753e-05
0.2688 	1.9013e-05
0.2695 	9.95059e-06
0.2702 	3.34172e-06
0.2709 	2.86612e-06
0.2716 	2.39055e-06
0.2723 	1.915e-06
0.273 	1.43946e-06
0.2737 	9.63918e-07
0.2744 	4.88375e-07
0.2751 	7.91649e-08
0.2758 	6.78972e-08
0.2765 	5.66302e-08
0.2772 	4.53648e-08
0.2779 	3.40993e-08
0.2786 	2.28339e-08
0.2793 	1.15684e-08
0.28 	3.03183e-10
0.2807 	2.60748e-10
0.2814 	2.18316e-10
0.2821 	1.75897e-10
0.2828 	1.33478e-10
0.2835 	9.10584e-11
0.2842 	4.86392e-11
0.2849 	6.21991e-12
0.2856 	1.41494e-13
0.2863 	1.1898e-13
0.287 	9.64761e-14
0.2877 	7.3972e-14
0.2884 	5.14679e-14
0.2891 	2.89639e-14
0.2898 	6.4598e-15
0.2905 	2.74329e-17
0.2912 	2.31668e-17
0.2919 	1.89021e-17
0.2926 	1.46374e-17
0.2933 	1.03728e-17
0.294 	6.10812e-18
0.2947 	1.84348e-18
0.2954 	1.45849e-20
0.2961 	1.23659e-20
0.2968 	1.01466e-20
0.2975 	7.92728e-21
0.2982 	5.70797e-21
0.2989 	3.48865e-21
0.2996 	1.26934e-21
0.3003 	1.12891e-24
0.301 	9.60864e-25
0.3017 	7.92755e-25
0.3024 	6.24612e-25
0.3031 	4.56468e-25
0.3038 	2.88325e-25
0.3045 	1.20181e-25
0.3052 	7.8623e-29
0.3059 	6.7168e-29
0.3066 	5.57065e-29
0.3073 	4.42386e-29
0.308 	3.27707e-29
0.3087 	2.13028e-29
0.3094 	9.83485e-30
0.3101 	5.32235e-33
0.3108 	4.56303e-33
0.3115 	3.80326e-33
0.3122 	3.04267e-33
0.3129 	2.28209e-33
0.3136 	1.5215e-33
0.3143 	7.60919e-34
0.315 	3.49247e-37
0.3157 	3.00437e-37
0.3164 	2.51604e-37
0.3171 	2.02685e-37
0.3178 	1.53766e-37
0.3185 	1.04847e-37
0.3192 	5.59281e-38
0.3199 	7.00923e-39
0.3206 	1.91319e-41
0.3213 	1.60949e-41
0.322 	1.30501e-41
0.3227 	1.00054e-41
0.3234 	6.96065e-42
0.3241 	3.91591e-42
0.3248 	8.71171e-43
0.3255 	1.17274e-45
0.3262 	9.90804e-46
0.3269 	8.08334e-46
0.3276 	6.25823e-46
0.3283 	4.43312e-46
0.329 	2.60801e-46
0.3297 	7.82905e-47
0.3304 	6.89504e-50
0.3311 	5.8489e-50
0.3318 	4.79983e-50
0.3325 	3.74995e-50
0.3332 	2.70008e-50
0.3339 	1.6502e-50
0.3346 	6.00322e-51
0.3353 	3.87542e-54
0.336 	3.30006e-54
0.3367 	2.72325e-54
0.3374 	2.14564e-54
0.3381 	1.56802e-54
0.3388 	9.90405e-55
0.3395 	4.12789e-55
0.3402 	2.07726e-58
0.3409 	1.77534e-58
0.3416 	1.47278e-58
0.3423 	1.16958e-58
0.343 	8.66382e-59
0.3437 	5.63184e-59
0.3444 	2.59986e-59
0.3451 	1.06064e-62
0.3458 	9.09649e-63
0.3465 	7.58412e-63
0.3472 	6.06739e-63
0.3479 	4.55067e-63
0.3486 	3.03394e-63
0.3493 	1.51721e-63
0.35 	5.16029e-67
0.3507 	4.44041e-67
0.3514 	3.71981e-67
0.3521 	2.99656e-67
0.3528 	2.2733e-67
0.3535 	1.55005e-67
0.3542 	8.26797e-68
0.3549 	1.03543e-68
0.3556 	2.06795e-71
0.3563 	1.74022e-71
0.357 	1.41101e-71
0.3577 	1.08179e-71
0.3584 	7.52582e-72
0.3591 	4.23369e-72
0.3598 	9.41568e-73
0.3605 	9.20787e-76
0.3612 	7.78156e-76
0.3619 	6.3486e-76
0.3626 	4.91514e-76
0.3633 	3.48167e-76
0.364 	2.04821e-76
0.3647 	6.14742e-77
0.3654 	3.92973e-80
0.3661 	3.33423e-80
0.3668 	2.73635e-80
0.3675 	2.13781e-80
0.3682 	1.53926e-80
0.3689 	9.40724e-81
0.3696 	3.42183e-81
0.3703 	1.61149e-84
0.371 	1.37248e-84
0.3717 	1.13267e-84
0.3724 	8.92424e-85
0.3731 	6.52172e-85
0.3738 	4.11921e-85
0.3745 	1.7167e-85
0.3752 	6.36609e-89
0.3759 	5.44149e-89
0.3766 	4.51448e-89
0.3773 	3.58508e-89
0.378 	2.65567e-89
0.3787 	1.72627e-89
0.3794 	7.96863e-90
0.3801 	2.41859e-93
0.3808 	2.07331e-93
0.3815 	1.7273e-93
0.3822 	1.38001e-93
0.3829 	1.03272e-93
0.3836 	6.85423e-94
0.3843 	3.3813e-94
0.385 	-9.15656e-96
0.3857 	-8.16058e-96
0.3864 	-7.33594e-96
0.3871 	-7.13709e-96
0.3878 	-6.93825e-96
0.3885 	-6.7394e-96
0.3892 	-6.54056e-96
0.3899 	-6.34171e-96
0.3906 	-5.45633e-96
0.3913 	-4.51041e-96
0.392 	-4.26495e-96
0.3927 	-4.0195e-96
0.3934 	-3.77404e-96
0.3941 	-3.52859e-96
0.3948 	-3.28313e-96
0.3955 	-2.78451e-96
0.3962 	-2.18462e-96
0.3969 	-1.99682e-96
0.3976 	-1.84073e-96
0.3983 	-1.68463e-96
0.399 	-1.52853e-96
0.3997 	-1.37243e-96
0.4004 	-1.15336e-96
0.4011 	-8.87064e-97
0.4018 	-7.73406e-97
0.4025 	-7.01379e-97
0.4032 	-6.29351e-97
0.4039 	-5.57323e-97
0.4046 	-4.85296e-97
0.4053 	-4.0312e-97
0.406 	-3.07414e-97
0.4067 	-2.561e-97
0.4074 	-2.29448e-97
0.4081 	-2.02796e-97
0.4088 	-1.76144e-97
0.4095 	-1.49492e-97
0.4102 	-1.22117e-97
0.4109 	-9.29347e-98
0.4116 	-7.41849e-98
0.4123 	-6.58679e-98
0.413 	-5.7551e-98
0.4137 	-4.92341e-98
0.4144 	-4.09172e-98
0.4151 	-3.2679e-98
0.4158 	-2.49134e-98
0.4165 	-1.91155e-98
0.4172 	-1.68594e-98
0.4179 	-1.46033e-98
0.4186 	-1.23473e-98
0.4193 	-1.00912e-98
0.42 	-7.8355e-99
0.4207 	-5.99733e-99
0.4214 	-4.43704e-99
0.4221 	-3.89423e-99
0.4228 	-3.35141e-99
0.4235 	-2.8086e-99
0.4242 	-2.26579e-99
0.4249 	-1.72298e-99
0.4256 	-1.30937e-99
0.4263 	-9.36907e-100
0.427 	-8.19401e-100
0.4277 	-7.01896e-100
0.4284 	-5.8439e-100
0.4291 	-4.66884e-100
0.4298 	-3.49378e-100
0.4305 	-2.61383e-100
0.4312 	-1.8519e-100
0.4319 	-1.58264e-100
0.4326 	-1.35128e-100
0.4333 	-1.11992e-100
0.434 	-8.88558e-101
0.4347 	-6.57196e-101
0.4354 	-4.80337e-101
0.4361 	-3.44352e-101
0.4368 	-2.82379e-101
0.4375 	-2.4059e-101
0.4382 	-1.98801e-101
0.4389 	-1.57012e-101
0.4396 	-1.15224e-101
0.4403 	-8.17277e-102
0.441 	-5.92879e-102
0.4417 	-4.67915e-102
0.4424 	-3.98193e-102
0.4431 	-3.28471e-102
0.4438 	-2.58748e-102
0.4445 	-1.89026e-102
0.4452 	-1.29388e-102
0.4459 	-9.49592e-103
0.4466 	-7.23409e-103
0.4473 	-6.15334e-103
0.448 	-5.07258e-103
0.4487 	-3.99183e-103
0.4494 	-2.91107e-103
0.4501 	-1.91423e-103
0.4508 	-1.42075e-103
0.4515 	-1.04766e-103
0.4522 	-8.91256e-104
0.4529 	-7.34854e-104
0.4536 	-5.78452e-104
0.4543 	-4.2205e-104
0.455 	-2.65661e-104
0.4557 	-1.99303e-104
0.4564 	-1.42627e-104
0.4571 	-1.21408e-104
0.4578 	-1.00189e-104
0.4585 	-7.89692e-105
0.4592 	-5.77498e-105
0.4599 	-3.65304e-105
0.4606 	-2.63017e-105
0.4613 	-1.83109e-105
0.462 	-1.5602e-105
0.4627 	-1.28931e-105
0.4634 	-1.01842e-105
0.4641 	-7.47532e-106
0.4648 	-4.76642e-106
0.4655 	-3.27549e-106
0.4662 	-2.27171e-106
0.4669 	-1.89684e-106
0.4676 	-1.57035e-106
0.4683 	-1.24385e-106
0.469 	-9.17358e-107
0.4697 	-5.90865e-107
0.4704 	-3.85997e-107
0.4711 	-2.72342e-107
0.4718 	-2.18712e-107
0.4725 	-1.81451e-107
0.4732 	-1.44191e-107
0.4739 	-1.0693e-107
0.4746 	-6.96696e-108
0.4753 	-4.31423e-108
0.476 	-3.0925e-108
0.4767 	-2.39671e-108
0.4774 	-1.99312e-108
0.4781 	-1.58953e-108
0.4788 	-1.18594e-108
0.4795 	-7.82346e-109
0.4802 	-4.58365e-109
0.4809 	-3.33399e-109
0.4816 	-2.50122e-109
0.4823 	-2.08535e-109
0.483 	-1.66948e-109
0.4837 	-1.25361e-109
0.4844 	-8.37747e-110
0.4851 	-4.63882e-110
0.4858 	-3.42e-110
0.4865 	-2.49057e-110
0.4872 	-2.08207e-110
0.4879 	-1.67356e-110
0.4886 	-1.26505e-110
0.4893 	-8.56543e-111
0.49 	-4.48059e-111
0.4907 	-3.34478e-111
0.4914 	-2.37038e-111
0.4921 	-1.9871e-111
0.4928 	-1.60383e-111
0.4935 	-1.22055e-111
0.4942 	-8.37279e-112
0.4949 	-4.54004e-112
0.4956 	-3.12462e-112
0.4963 	-2.15979e-112
0.497 	-1.81572e-112
0.4977 	-1.47164e-112
0.4984 	-1.12757e-112
0.4991 	-7.8349e-113
0.4998 	-4.39414e-113
0.5005 	-2.79295e-113
0.5012 	-1.92753e-113
0.5019 	-1.59082e-113
0.5026 	-1.29479e-113
0.5033 	-9.9876e-114
0.504 	-7.02728e-114
0.5047 	-4.06696e-114
0.5054 	-2.39255e-114
0.5061 	-1.68252e-114
0.5068 	-1.33829e-114
0.5075 	-1.09382e-114
0.5082 	-8.49349e-115
0.5089 	-6.04881e-115
0.5096 	-3.60413e-115
0.5103 	-1.96719e-115
0.511 	-1.40719e-115
0.5117 	-1.08244e-115
0.5124 	-8.88386e-116
0.5131 	-6.94333e-116
0.5138 	-5.00279e-116
0.5145 	-3.06226e-116
0.5152 	-1.55471e-116
0.5159 	-1.12956e-116
0.5166 	-8.42848e-117
0.5173 	-6.94587e-117
0.518 	-5.46327e-117
0.5187 	-3.98066e-117
0.5194 	-2.49805e-117
0.5201 	-1.18282e-117
0.5208 	-8.71669e-118
0.5215 	-6.32652e-118
0.5222 	-5.23469e-118
0.5229 	-4.14285e-118
0.5236 	-3.05102e-118
0.5243 	-1.95918e-118
0.525 	-8.67397e-119
0.5257 	-6.47592e-119
0.5264 	-4.58289e-119
0.5271 	-3.80692e-119
0.5278 	-3.03095e-119
0.5285 	-2.25498e-119
0.5292 	-1.47901e-119
0.5299 	-7.03045e-120
0.5306 	-4.63684e-120
0.5313 	-3.20651e-120
0.532 	-2.67385e-120
0.5327 	-2.14118e-120
0.5334 	-1.60852e-120
0.5341 	-1.07586e-120
0.5348 	-5.43195e-121
0.5355 	-3.20361e-121
0.5362 	-2.2145e-121
0.5369 	-1.81556e-121
0.5376 	-1.46203e-121
0.5383 	-1.10849e-121
0.539 	-7.54956e-122
0.5397 	-4.0142e-122
0.5404 	-2.13822e-122
0.5411 	-1.50668e-122
0.5418 	-1.19292e-122
0.5425 	-9.65821e-123
0.5432 	-7.38722e-123
0.5439 	-5.11623e-123
0.5446 	-2.84524e-123
0.5453 	-1.38015e-123
0.546 	-9.89517e-124
0.5467 	-7.59157e-124
0.5474 	-6.17837e-124
0.5481 	-4.76516e-124
0.5488 	-3.35195e-124
0.5495 	-1.93874e-124
0.5502 	-8.62386e-125
0.5509 	-6.28105e-125
0.5516 	-4.6833e-125
0.5523 	-3.8306e-125
0.553 	-2.9779e-125
0.5537 	-2.1252e-125
0.5544 	-1.27251e-125
0.5551 	-5.22154e-126
0.5558 	-3.85797e-126
0.5565 	-2.80307e-126
0.5572 	-2.30378e-126
0.5579 	-1.80449e-126
0.5586 	-1.3052e-126
0.5593 	-8.05913e-127
0.56 	-3.06643e-127
0.5607 	-2.2955e-127
0.5614 	-1.62902e-127
0.5621 	-1.34508e-127
0.5628 	-1.06113e-127
0.5635 	-7.77191e-128
0.5642 	-4.93248e-128
0.5649 	-2.09305e-128
0.5656 	-1.32443e-128
0.5663 	-9.19959e-129
0.567 	-7.63004e-129
0.5677 	-6.06048e-129
0.5684 	-4.49093e-129
0.5691 	-2.92138e-129
0.5698 	-1.35182e-129
0.5705 	-7.4172e-130
0.5712 	-5.15368e-130
0.5719 	-4.20833e-130
0.5726 	-3.36437e-130
0.5733 	-2.52042e-130
0.574 	-1.67647e-130
0.5747 	-8.32516e-131
0.5754 	-4.03541e-131
0.5761 	-2.85782e-131
0.5768 	-2.2584e-131
0.5775 	-1.81667e-131
0.5782 	-1.37493e-131
0.5789 	-9.33199e-132
0.5796 	-4.91464e-132
0.5803 	-2.13474e-132
0.581 	-1.53799e-132
0.5817 	-1.18007e-132
0.5824 	-9.54853e-133
0.5831 	-7.29631e-133
0.5838 	-5.0441e-133
0.5845 	-2.79188e-133
0.5852 	-1.09896e-133
0.5859 	-8.0419e-134
0.5866 	-6.00834e-134
0.5873 	-4.88899e-134
0.588 	-3.76963e-134
0.5887 	-2.65027e-134
0.5894 	-1.53092e-134
0.5901 	-5.51185e-135
0.5908 	-4.09102e-135
0.5915 	-2.98375e-135
0.5922 	-2.44088e-135
0.5929 	-1.89801e-135
0.5936 	-1.35515e-135
0.5943 	-8.12277e-136
0.595 	-2.69425e-136
0.5957 	-2.02577e-136
0.5964 	-1.44556e-136
0.5971 	-1.18859e-136
0.5978 	-9.31633e-137
0.5985 	-6.74671e-137
0.5992 	-4.17709e-137
0.5999 	-1.60747e-137
0.6006 	-9.7724e-138
0.6013 	-6.83654e-138
0.602 	-5.64872e-138
0.6027 	-4.4609e-138
0.6034 	-3.27307e-138
0.6041 	-2.08525e-138
0.6048 	-8.97432e-139
0.6055 	-4.59632e-139
0.6062 	-3.21819e-139
0.6069 	-2.62155e-139
0.6076 	-2.08502e-139
0.6083 	-1.54849e-139
0.609 	-1.01196e-139
0.6097 	-4.75424e-140
0.6104 	-2.10932e-140
0.6111 	-1.50457e-140
0.6118 	-1.18881e-140
0.6125 	-9.51867e-141
0.6132 	-7.14923e-141
0.6139 	-4.77979e-141
0.6146 	-2.41035e-141
0.6153 	-9.45162e-142
0.616 	-6.85575e-142
0.6167 	-5.27061e-142
0.6174 	-4.24699e-142
0.6181 	-3.22336e-142
0.6188 	-2.19974e-142
0.6195 	-1.17611e-142
0.6202 	-4.13802e-143
0.6209 	-3.0475e-143
0.6216 	-2.28582e-143
0.6223 	-1.853e-143
0.623 	-1.42017e-143
0.6237 	-9.87348e-144
0.6244 	-5.54522e-144
0.6251 	-1.77125e-144
0.6258 	-1.32266e-144
0.6265 	-9.70265e-145
0.6272 	-7.91046e-145
0.6279 	-6.11827e-145
0.6286 	-4.32607e-145
0.6293 	-2.53388e-145
0.63 	-7.41744e-146
0.6307 	-5.60927e-146
0.6314 	-4.033e-146
0.6321 	-3.30594e-146
0.6328 	-2.57887e-146
0.6335 	-1.85181e-146
0.6342 	-1.12475e-146
0.6349 	-3.97682e-147
0.6356 	-2.32615e-147
0.6363 	-1.64239e-147
0.637 	-1.35326e-147
0.6377 	-1.06413e-147
0.6384 	-7.75008e-148
0.6391 	-4.85881e-148
0.6398 	-1.96754e-148
0.6405 	-9.43922e-149
0.6412 	-6.67311e-149
0.6419 	-5.42852e-149
0.6426 	-4.30097e-149
0.6433 	-3.17342e-149
0.644 	-2.04587e-149
0.6447 	-9.18326e-150
0.6454 	-3.7504e-150
0.6461 	-2.69926e-150
0.6468 	-2.13503e-150
0.6475 	-1.70361e-150
0.6482 	-1.27218e-150
0.6489 	-8.40746e-151
0.6496 	-4.09317e-151
0.6503 	-1.45989e-151
0.651 	-1.06785e-151
0.6517 	-8.23672e-152
0.6524 	-6.6164e-152
0.6531 	-4.99608e-152
0.6538 	-3.37576e-152
0.6545 	-1.75544e-152
0.6552 	-5.57067e-153
0.6559 	-4.13497e-153
0.6566 	-3.11834e-153
0.6573 	-2.52077e-153
0.658 	-1.9232e-153
0.6587 	-1.32562e-153
0.6594 	-7.28053e-154
0.6601 	-2.08479e-154
0.6608 	-1.56835e-154
0.6615 	-1.15903e-154
0.6622 	-9.42536e-155
0.6629 	-7.26041e-155
0.6636 	-5.09546e-155
0.6643 	-2.93052e-155
0.665 	-7.65628e-156
0.6657 	-5.83047e-156
0.6664 	-4.231e-156
0.6671 	-3.46021e-156
0.6678 	-2.68942e-156
0.6685 	-1.91863e-156
0.6692 	-1.14783e-156
0.6699 	-3.77041e-157
0.6706 	-2.12573e-157
0.6713 	-1.5175e-157
0.672 	-1.24772e-157
0.6727 	-9.7794e-158
0.6734 	-7.0816e-158
0.6741 	-4.38381e-158
0.6748 	-1.68601e-158
0.6755 	-7.60468e-159
0.6762 	-5.43778e-159
0.6769 	-4.42078e-159
0.6776 	-3.49224e-159
0.6783 	-2.5637e-159
0.679 	-1.63516e-159
0.6797 	-7.06615e-160
0.6804 	-2.67072e-160
0.6811 	-1.94258e-160
0.6818 	-1.53955e-160
0.6825 	-1.22518e-160
0.6832 	-9.10808e-161
0.6839 	-5.96437e-161
0.6846 	-2.82067e-161
0.6853 	-9.21143e-162
0.686 	-6.80427e-162
0.6867 	-5.27136e-162
0.6874 	-4.22413e-162
0.6881 	-3.17691e-162
0.6888 	-2.12968e-162
0.6895 	-1.08246e-162
0.6902 	-3.12079e-163
0.6909 	-2.33771e-163
0.6916 	-1.77451e-163
0.6923 	-1.4312e-163
0.693 	-1.08788e-163
0.6937 	-7.44563e-164
0.6944 	-4.01246e-164
0.6951 	-1.03299e-164
0.6958 	-7.75411e-165
0.6965 	-5.70516e-165
0.6972 	-4.6045e-165
0.6979 	-3.50384e-165
0.6986 	-2.40319e-165
0.6993 	-1.30253e-165
0.7 	-2.01901e-166
