0 	1
0.0007 	1
0.0014 	1
0.0021 	1
0.0028 	1
0.0035 	1
0.0042 	1
0.0049 	1
0.0056 	1
0.0063 	1
0.007 	1
0.0077 	1
0.0084 	1
0.0091 	1
0.0098 	1
0.0105 	1
0.0112 	1
0.0119 	1
0.0126 	1
0.0133 	1
0.014 	1
0.0147 	1
0.0154 	1
0.0161 	1
0.0168 	1
0.0175 	1
0.0182 	1
0.0189 	1
0.0196 	1
0.0203 	1
0.021 	1
0.0217 	1
0.0224 	1
0.0231 	1
0.0238 	1
0.0245 	1
0.0252 	1
0.0259 	1
0.0266 	1
0.0273 	1
0.028 	1
0.0287 	1
0.0294 	1
0.0301 	1
0.0308 	1
0.0315 	1
0.0322 	1
0.0329 	1
0.0336 	1
0.0343 	1
0.035 	1
0.0357 	1
0.0364 	1
0.0371 	1
0.0378 	1
0.0385 	1
0.0392 	1
0.0399 	1
0.0406 	1
0.0413 	1
0.042 	1
0.0427 	1
0.0434 	1
0.0441 	1
0.0448 	1
0.0455 	1
0.0462 	1
0.0469 	1
0.0476 	1
0.0483 	1
0.049 	1
0.0497 	1
0.0504 	1
0.0511 	1
0.0518 	1
0.0525 	1
0.0532 	1
0.0539 	1
0.0546 	1
0.0553 	1
0.056 	1
0.0567 	1
0.0574 	1
0.0581 	1
0.0588 	1
0.0595 	1
0.0602 	1
0.0609 	1
0.0616 	1
0.0623 	1
0.063 	1
0.0637 	1
0.0644 	1
0.0651 	1
0.0658 	1
0.0665 	1
0.0672 	1
0.0679 	1
0.0686 	1
0.0693 	1
0.07 	1
0.0707 	1
0.0714 	1
0.0721 	1
0.0728 	1
0.0735 	1
0.0742 	1
0.0749 	1
0.0756 	1
0.0763 	1
0.077 	1
0.0777 	1
0.0784 	1
0.0791 	1
0.0798 	1
0.0805 	1
0.0812 	1
0.0819 	1
0.0826 	1
0.0833 	1
0.084 	1
0.0847 	1
0.0854 	1
0.0861 	1
0.0868 	1
0.0875 	1
0.0882 	1
0.0889 	1
0.0896 	1
0.0903 	1
0.091 	1
0.0917 	1
0.0924 	1
0.0931 	1
0.0938 	1
0.0945 	1
0.0952 	1
0.0959 	1
0.0966 	1
0.0973 	1
0.098 	1
0.0987 	1
0.0994 	1
0.1001 	1
0.1008 	1
0.1015 	1
0.1022 	1
0.1029 	1
0.1036 	1
0.1043 	1
0.105 	1
0.1057 	1
0.1064 	1
0.1071 	1
0.1078 	1
0.1085 	1
0.1092 	1
0.1099 	1
0.1106 	1
0.1113 	1
0.112 	1
0.1127 	1
0.1134 	1
0.1141 	1
0.1148 	1
0.1155 	1
0.1162 	1
0.1169 	1
0.1176 	1
0.1183 	1
0.119 	1
0.1197 	1
0.1204 	1
0.1211 	1
0.1218 	1
0.1225 	1
0.1232 	1
0.1239 	1
0.1246 	1
0.1253 	1
0.126 	1
0.1267 	1
0.1274 	1
0.1281 	1
0.1288 	1
0.1295 	1
0.1302 	1
0.1309 	1
0.1316 	1
0.1323 	1
0.133 	1
0.1337 	1
0.1344 	1
0.1351 	1
0.1358 	1
0.1365 	1
0.1372 	1
0.1379 	1
0.1386 	1
0.1393 	1
0.14 	1
0.1407 	1
0.1414 	1
0.1421 	1
0.1428 	1
0.1435 	1
0.1442 	1
0.1449 	1
0.1456 	1
0.1463 	1
0.147 	1
0.1477 	1
0.1484 	1
0.1491 	1
0.1498 	1
0.1505 	1
0.1512 	1
0.1519 	1
0.1526 	1
0.1533 	1
0.154 	1
0.1547 	1
0.1554 	1
0.1561 	1
0.1568 	1
0.1575 	1
0.1582 	1
0.1589 	1
0.1596 	1
0.1603 	1
0.161 	1
0.1617 	1
0.1624 	1
0.1631 	1
0.1638 	1
0.1645 	1
0.1652 	1
0.1659 	1
0.1666 	1
0.1673 	1
0.168 	1
0.1687 	1
0.1694 	1
0.1701 	1
0.1708 	1
0.1715 	1
0.1722 	1
0.1729 	1
0.1736 	1
0.1743 	1
0.175 	1
0.1757 	1
0.1764 	1
0.1771 	1
0.1778 	1
0.1785 	1
0.1792 	1
0.1799 	1
0.1806 	1
0.1813 	1
0.182 	1
0.1827 	1
0.1834 	1
0.1841 	1
0.1848 	1
0.1855 	1
0.1862 	1
0.1869 	1
0.1876 	1
0.1883 	1
0.189 	1
0.1897 	1
0.1904 	1
0.1911 	1
0.1918 	1
0.1925 	1
0.1932 	1
0.1939 	1
0.1946 	1
0.1953 	1
0.196 	1
0.1967 	1
0.1974 	1
0.1981 	1
0.1988 	1
0.1995 	1
0.2002 	1
0.2009 	1
0.2016 	0.999999
0.2023 	0.999999
0.203 	0.999999
0.2037 	0.999998
0.2044 	0.999998
0.2051 	0.999982
0.2058 	0.999876
0.2065 	0.999769
0.2072 	0.999662
0.2079 	0.999555
0.2086 	0.999448
0.2093 	0.999342
0.21 	0.999235
0.2107 	0.994605
0.2114 	0.989973
0.2121 	0.98534
0.2128 	0.980708
0.2135 	0.976075
0.2142 	0.971443
0.2149 	0.966811
0.2156 	0.934726
0.2163 	0.898048
0.217 	0.861371
0.2177 	0.824694
0.2184 	0.788017
0.2191 	0.75134
0.2198 	0.714663
0.2205 	0.659233
0.2212 	0.596329
0.2219 	0.533425
0.2226 	0.470521
0.2233 	0.407617
0.224 	0.344713
0.2247 	0.281809
0.2254 	0.235908
0.2261 	0.202788
0.2268 	0.169668
0.2275 	0.136547
0.2282 	0.103427
0.2289 	0.0703064
0.2296 	0.0371861
0.2303 	0.0172243
0.231 	0.0147657
0.2317 	0.0123072
0.2324 	0.00984854
0.2331 	0.00738993
0.2338 	0.00493132
0.2345 	0.00247271
0.2352 	0.000690773
0.2359 	0.000595265
0.2366 	0.000499756
0.2373 	0.000404247
0.238 	0.000308738
0.2387 	0.000213228
0.2394 	0.000117719
0.2401 	3.52261e-05
0.2408 	3.0434e-05
0.2415 	2.5642e-05
0.2422 	2.08501e-05
0.2429 	1.60582e-05
0.2436 	1.12662e-05
0.2443 	6.47433e-06
0.245 	1.68544e-06
0.2457 	1.45973e-06
0.2464 	1.23417e-06
0.2471 	1.00863e-06
0.2478 	7.83087e-07
0.2485 	5.57548e-07
0.2492 	3.32009e-07
0.2499 	1.0647e-07
0.2506 	6.5832e-08
0.2513 	5.58502e-08
0.252 	4.58721e-08
0.2527 	3.5894e-08
0.2534 	2.59159e-08
0.2541 	1.59378e-08
0.2548 	5.95973e-09
0.2555 	2.81711e-09
0.2562 	2.4e-09
0.2569 	1.98323e-09
0.2576 	1.56649e-09
0.2583 	1.14975e-09
0.259 	7.3301e-10
0.2597 	3.1627e-10
0.2604 	1.27823e-10
0.2611 	1.10138e-10
0.2618 	9.24762e-11
0.2625 	7.48199e-11
0.2632 	5.71637e-11
0.2639 	3.95074e-11
0.2646 	2.18511e-11
0.2653 	1.12002e-11
0.266 	9.86573e-12
0.2667 	8.53312e-12
0.2674 	7.20157e-12
0.2681 	5.87003e-12
0.2688 	4.53848e-12
0.2695 	3.20693e-12
0.2702 	2.18866e-12
0.2709 	1.95155e-12
0.2716 	1.71481e-12
0.2723 	1.47843e-12
0.273 	1.24206e-12
0.2737 	1.00569e-12
0.2744 	7.69314e-13
0.2751 	5.58918e-13
0.2758 	5.03754e-13
0.2765 	4.48681e-13
0.2772 	3.93769e-13
0.2779 	3.38857e-13
0.2786 	2.83945e-13
0.2793 	2.29033e-13
0.28 	1.74143e-13
0.2807 	1.57174e-13
0.2814 	1.40234e-13
0.2821 	1.23377e-13
0.2828 	1.06519e-13
0.2835 	8.96622e-14
0.2842 	7.2805e-14
0.2849 	5.59478e-14
0.2856 	4.86543e-14
0.2863 	4.29533e-14
0.287 	3.72915e-14
0.2877 	3.16297e-14
0.2884 	2.59679e-14
0.2891 	2.03061e-14
0.2898 	1.46443e-14
0.2905 	1.19601e-14
0.2912 	1.04644e-14
0.2919 	8.98011e-15
0.2926 	7.49665e-15
0.2933 	6.01319e-15
0.294 	4.52972e-15
0.2947 	3.04626e-15
0.2954 	2.24857e-15
0.2961 	1.96415e-15
0.2968 	1.68168e-15
0.2975 	1.39975e-15
0.2982 	1.11782e-15
0.2989 	8.35883e-16
0.2996 	5.53951e-16
0.3003 	3.72955e-16
0.301 	3.26244e-16
0.3017 	2.79812e-16
0.3024 	2.33536e-16
0.3031 	1.8726e-16
0.3038 	1.40984e-16
0.3045 	9.47076e-17
0.3052 	5.95264e-17
0.3059 	5.20082e-17
0.3066 	4.45268e-17
0.3073 	3.70824e-17
0.308 	2.96379e-17
0.3087 	2.21935e-17
0.3094 	1.4749e-17
0.3101 	8.22056e-18
0.3108 	7.16307e-18
0.3115 	6.10948e-18
0.3122 	5.06289e-18
0.3129 	4.0163e-18
0.3136 	2.96971e-18
0.3143 	1.92312e-18
0.315 	8.77152e-19
0.3157 	7.6328e-19
0.3164 	6.49734e-19
0.3171 	5.37155e-19
0.3178 	4.24577e-19
0.3185 	3.11998e-19
0.3192 	1.99419e-19
0.3199 	8.68401e-20
0.3206 	6.27728e-20
0.3213 	5.33886e-20
0.322 	4.41025e-20
0.3227 	3.48164e-20
0.3234 	2.55304e-20
0.3241 	1.62443e-20
0.3248 	6.95821e-21
0.3255 	3.89426e-21
0.3262 	3.31113e-21
0.3269 	2.73428e-21
0.3276 	2.15793e-21
0.3283 	1.58157e-21
0.329 	1.00521e-21
0.3297 	4.28852e-22
0.3304 	1.67879e-22
0.3311 	1.42785e-22
0.3318 	1.17926e-22
0.3325 	9.31326e-23
0.3332 	6.83387e-23
0.3339 	4.35449e-23
0.3346 	1.8751e-23
0.3353 	4.32464e-24
0.336 	3.68189e-24
0.3367 	3.04423e-24
0.3374 	2.4094e-24
0.3381 	1.77457e-24
0.3388 	1.13974e-24
0.3395 	5.0491e-25
0.3402 	4.98231e-26
0.3409 	4.25042e-26
0.3416 	3.52319e-26
0.3423 	2.80059e-26
0.343 	2.078e-26
0.3437 	1.35541e-26
0.3444 	6.32817e-27
0.3451 	1.36986e-28
0.3458 	1.17223e-28
0.3465 	9.75518e-29
0.3472 	7.80476e-29
0.3479 	5.85433e-29
0.3486 	3.90391e-29
0.3493 	1.95348e-29
0.35 	4.49674e-32
0.3507 	3.86041e-32
0.3514 	3.2263e-32
0.3521 	2.59893e-32
0.3528 	1.97156e-32
0.3535 	1.34418e-32
0.3542 	7.16811e-33
0.3549 	8.94381e-34
0.3556 	2.41865e-36
0.3563 	2.02992e-36
0.357 	1.64586e-36
0.3577 	1.2618e-36
0.3584 	8.77737e-37
0.3591 	4.93675e-37
0.3598 	1.09612e-37
0.3605 	1.4632e-40
0.3612 	1.23322e-40
0.3619 	1.00587e-40
0.3626 	7.78719e-41
0.3633 	5.51571e-41
0.364 	3.24423e-41
0.3647 	9.72745e-42
0.3654 	8.47475e-45
0.3661 	7.17257e-45
0.3668 	5.88242e-45
0.3675 	4.59554e-45
0.3682 	3.30867e-45
0.3689 	2.02179e-45
0.3696 	7.34916e-46
0.3703 	4.72595e-49
0.371 	4.0157e-49
0.3717 	3.31056e-49
0.3724 	2.60827e-49
0.3731 	1.90598e-49
0.3738 	1.20368e-49
0.3745 	5.0139e-50
0.3752 	2.55809e-53
0.3759 	2.18188e-53
0.3766 	1.80768e-53
0.3773 	1.43548e-53
0.378 	1.06328e-53
0.3787 	6.91088e-54
0.3794 	3.18891e-54
0.3801 	1.35193e-57
0.3808 	1.15727e-57
0.3815 	9.63317e-58
0.3822 	7.7064e-58
0.3829 	5.77962e-58
0.3836 	3.85285e-58
0.3843 	1.92607e-58
0.385 	6.99838e-62
0.3857 	6.01073e-62
0.3864 	5.02584e-62
0.3871 	4.04853e-62
0.3878 	3.07121e-62
0.3885 	2.09389e-62
0.3892 	1.11657e-62
0.3899 	1.39252e-63
0.3906 	3.05841e-66
0.3913 	2.56822e-66
0.392 	2.08231e-66
0.3927 	1.59639e-66
0.3934 	1.11048e-66
0.3941 	6.24564e-67
0.3948 	1.38649e-67
0.3955 	1.52247e-70
0.3962 	1.28376e-70
0.3969 	1.04712e-70
0.3976 	8.10641e-71
0.3983 	5.74159e-71
0.399 	3.37678e-71
0.3997 	1.01196e-71
0.4004 	2.29712e-76
0.4011 	-2.60514e-75
0.4018 	-4.09803e-75
0.4025 	-5.22493e-75
0.4032 	-6.35184e-75
0.4039 	-7.47874e-75
0.4046 	-8.60564e-75
0.4053 	-8.55451e-75
0.406 	-6.93181e-75
0.4067 	-6.35247e-75
0.4074 	-6.35278e-75
0.4081 	-6.35308e-75
0.4088 	-6.35339e-75
0.4095 	-6.3537e-75
0.4102 	-5.98276e-75
0.4109 	-4.68042e-75
0.4116 	-4.02909e-75
0.4123 	-4.02876e-75
0.413 	-4.02843e-75
0.4137 	-4.02809e-75
0.4144 	-4.02776e-75
0.4151 	-3.89856e-75
0.4158 	-2.99157e-75
0.4165 	-2.40842e-75
0.4172 	-2.4082e-75
0.4179 	-2.40798e-75
0.4186 	-2.40776e-75
0.4193 	-2.40755e-75
0.42 	-2.4083e-75
0.4207 	-1.8295e-75
0.4214 	-1.37514e-75
0.4221 	-1.37502e-75
0.4228 	-1.3749e-75
0.4235 	-1.37478e-75
0.4242 	-1.37465e-75
0.4249 	-1.37453e-75
0.4256 	-1.07616e-75
0.4263 	-7.5266e-76
0.427 	-7.52596e-76
0.4277 	-7.52531e-76
0.4284 	-7.52467e-76
0.4291 	-7.52402e-76
0.4298 	-7.52338e-76
0.4305 	-6.08925e-76
0.4312 	-4.07971e-76
0.4319 	-3.93586e-76
0.4326 	-3.93553e-76
0.4333 	-3.9352e-76
0.434 	-3.93487e-76
0.4347 	-3.93454e-76
0.4354 	-3.3059e-76
0.4361 	-2.20465e-76
0.4368 	-1.96854e-76
0.4375 	-1.96837e-76
0.4382 	-1.96821e-76
0.4389 	-1.96805e-76
0.4396 	-1.96789e-76
0.4403 	-1.72273e-76
0.441 	-1.14997e-76
0.4417 	-9.45368e-77
0.4424 	-9.4529e-77
0.4431 	-9.45213e-77
0.4438 	-9.45135e-77
0.4445 	-9.45058e-77
0.4452 	-8.63395e-77
0.4459 	-5.77058e-77
0.4466 	-4.33872e-77
0.4473 	-4.33836e-77
0.448 	-4.338e-77
0.4487 	-4.33763e-77
0.4494 	-4.33727e-77
0.4501 	-4.14333e-77
0.4508 	-2.78117e-77
0.4515 	-1.90543e-77
0.4522 	-1.90527e-77
0.4529 	-1.90511e-77
0.4536 	-1.90494e-77
0.4543 	-1.90478e-77
0.455 	-1.90537e-77
0.4557 	-1.28712e-77
0.4564 	-8.01584e-78
0.4571 	-8.01513e-78
0.4578 	-8.01442e-78
0.4585 	-8.01371e-78
0.4592 	-8.01299e-78
0.4599 	-8.01228e-78
0.4606 	-5.7219e-78
0.4613 	-3.23871e-78
0.462 	-3.23841e-78
0.4627 	-3.2381e-78
0.4634 	-3.2378e-78
0.4641 	-3.23749e-78
0.4648 	-3.23719e-78
0.4655 	-2.44617e-78
0.4662 	-1.33777e-78
0.4669 	-1.25848e-78
0.4676 	-1.25836e-78
0.4683 	-1.25823e-78
0.469 	-1.25811e-78
0.4697 	-1.25798e-78
0.4704 	-1.0063e-78
0.4711 	-5.65405e-79
0.4718 	-4.70889e-79
0.4725 	-4.70839e-79
0.4732 	-4.70788e-79
0.4739 	-4.70738e-79
0.4746 	-4.70687e-79
0.4753 	-3.98547e-79
0.476 	-2.30015e-79
0.4767 	-1.69812e-79
0.4774 	-1.69793e-79
0.4781 	-1.69773e-79
0.4788 	-1.69753e-79
0.4795 	-1.69734e-79
0.4802 	-1.52053e-79
0.4809 	-9.00708e-80
0.4816 	-5.90758e-80
0.4823 	-5.90685e-80
0.483 	-5.90612e-80
0.4837 	-5.90539e-80
0.4844 	-5.90466e-80
0.4851 	-5.59186e-80
0.4858 	-3.3961e-80
0.4865 	-1.98444e-80
0.4872 	-1.98418e-80
0.4879 	-1.98391e-80
0.4886 	-1.98365e-80
0.4893 	-1.98339e-80
0.49 	-1.98388e-80
0.4907 	-1.23357e-80
0.4914 	-6.44214e-81
0.4921 	-6.44122e-81
0.4928 	-6.4403e-81
0.4935 	-6.43938e-81
0.4942 	-6.43845e-81
0.4949 	-6.43753e-81
0.4956 	-4.31924e-81
0.4963 	-2.02272e-81
0.497 	-2.02241e-81
0.4977 	-2.0221e-81
0.4984 	-2.02179e-81
0.4991 	-2.02148e-81
0.4998 	-2.02117e-81
0.5005 	-1.45886e-81
0.5012 	-6.70992e-82
0.5019 	-6.14623e-82
0.5026 	-6.14522e-82
0.5033 	-6.14422e-82
0.504 	-6.14321e-82
0.5047 	-6.14221e-82
0.5054 	-4.75656e-82
0.5061 	-2.32954e-82
0.5068 	-1.80922e-82
0.5075 	-1.8089e-82
0.5082 	-1.80859e-82
0.5089 	-1.80827e-82
0.5096 	-1.80796e-82
0.5103 	-1.49818e-82
0.511 	-7.74641e-83
0.5117 	-5.16173e-83
0.5124 	-5.16077e-83
0.5131 	-5.15982e-83
0.5138 	-5.15887e-83
0.5145 	-5.15791e-83
0.5152 	-4.56179e-83
0.5159 	-2.47281e-83
0.5166 	-1.42819e-83
0.5173 	-1.42791e-83
0.518 	-1.42763e-83
0.5187 	-1.42735e-83
0.5194 	-1.42707e-83
0.5201 	-1.34372e-83
0.5208 	-7.59222e-84
0.5215 	-3.83443e-84
0.5222 	-3.83364e-84
0.5229 	-3.83285e-84
0.5236 	-3.83206e-84
0.5243 	-3.83127e-84
0.525 	-3.83191e-84
0.5257 	-2.24561e-84
0.5264 	-9.99474e-85
0.5271 	-9.99257e-85
0.5278 	-9.99041e-85
0.5285 	-9.98824e-85
0.5292 	-9.98607e-85
0.5299 	-9.9839e-85
0.5306 	-6.40762e-85
0.5313 	-2.53058e-85
0.532 	-2.53001e-85
0.5327 	-2.52943e-85
0.5334 	-2.52885e-85
0.5341 	-2.52828e-85
0.5348 	-2.5277e-85
0.5355 	-1.76601e-85
0.5362 	-6.98873e-86
0.5369 	-6.22511e-86
0.5376 	-6.22362e-86
0.5383 	-6.22214e-86
0.539 	-6.22066e-86
0.5397 	-6.21917e-86
0.5404 	-4.70645e-86
0.5411 	-2.05722e-86
0.5418 	-1.48924e-86
0.5425 	-1.48887e-86
0.5432 	-1.4885e-86
0.5439 	-1.48812e-86
0.5446 	-1.48775e-86
0.5453 	-1.21404e-86
0.546 	-5.74875e-87
0.5467 	-3.46545e-87
0.5474 	-3.46454e-87
0.5481 	-3.46364e-87
0.5488 	-3.46274e-87
0.5495 	-3.46183e-87
0.5502 	-3.0338e-87
0.5509 	-1.5345e-87
0.5516 	-7.8474e-88
0.5523 	-7.84526e-88
0.553 	-7.84313e-88
0.5537 	-7.84099e-88
0.5544 	-7.83886e-88
0.5551 	-7.35054e-88
0.5558 	-3.92942e-88
0.5565 	-1.72996e-88
0.5572 	-1.72947e-88
0.5579 	-1.72898e-88
0.5586 	-1.72848e-88
0.5593 	-1.72799e-88
0.56 	-1.72814e-88
0.5607 	-9.68331e-89
0.5614 	-3.71424e-89
0.5621 	-3.71314e-89
0.5628 	-3.71204e-89
0.5635 	-3.71094e-89
0.5642 	-3.70984e-89
0.5649 	-3.70874e-89
0.5656 	-2.30196e-89
0.5663 	-7.76949e-90
0.567 	-7.76709e-90
0.5677 	-7.76469e-90
0.5684 	-7.76229e-90
0.5691 	-7.75989e-90
0.5698 	-7.75749e-90
0.5705 	-5.28905e-90
0.5712 	-1.83103e-90
0.5719 	-1.58356e-90
0.5726 	-1.58305e-90
0.5733 	-1.58254e-90
0.574 	-1.58203e-90
0.5747 	-1.58152e-90
0.5754 	-1.17636e-90
0.5761 	-4.66905e-91
0.5768 	-3.14796e-91
0.5775 	-3.1469e-91
0.5782 	-3.14584e-91
0.5789 	-3.14478e-91
0.5796 	-3.14372e-91
0.5803 	-2.53599e-91
0.581 	-1.11722e-91
0.5817 	-6.10381e-92
0.5824 	-6.10166e-92
0.5831 	-6.09951e-92
0.5838 	-6.09736e-92
0.5845 	-6.09521e-92
0.5852 	-5.30499e-92
0.5859 	-2.53833e-92
0.5866 	-1.15479e-92
0.5873 	-1.15437e-92
0.588 	-1.15394e-92
0.5887 	-1.15352e-92
0.5894 	-1.15309e-92
0.5901 	-1.07788e-92
0.5908 	-5.51601e-93
0.5915 	-2.13249e-93
0.5922 	-2.13167e-93
0.5929 	-2.13084e-93
0.5936 	-2.13002e-93
0.5943 	-2.1292e-93
0.595 	-2.12914e-93
0.5957 	-1.1521e-93
0.5964 	-3.845e-94
0.5971 	-3.84345e-94
0.5978 	-3.84189e-94
0.5985 	-3.84033e-94
0.5992 	-3.83878e-94
0.5999 	-3.83722e-94
0.6006 	-2.32087e-94
0.6013 	-6.77149e-95
0.602 	-6.76861e-95
0.6027 	-6.76574e-95
0.6034 	-6.76286e-95
0.6041 	-6.75998e-95
0.6048 	-6.7571e-95
0.6055 	-4.52103e-95
0.6062 	-1.38888e-95
0.6069 	-1.16467e-95
0.6076 	-1.16415e-95
0.6083 	-1.16363e-95
0.609 	-1.16311e-95
0.6097 	-1.16259e-95
0.6104 	-8.53347e-96
0.6111 	-3.1196e-96
0.6118 	-1.95877e-96
0.6125 	-1.95785e-96
0.6132 	-1.95692e-96
0.6139 	-1.956e-96
0.6146 	-1.95508e-96
0.6153 	-1.56324e-96
0.616 	-6.48797e-97
0.6167 	-3.22109e-97
0.6174 	-3.2195e-97
0.6181 	-3.2179e-97
0.6188 	-3.21631e-97
0.6195 	-3.21471e-97
0.6202 	-2.78313e-97
0.6209 	-1.27321e-97
0.6216 	-5.18122e-98
0.6223 	-5.17852e-98
0.623 	-5.17581e-98
0.6237 	-5.17311e-98
0.6244 	-5.17041e-98
0.6251 	-4.82132e-98
0.6258 	-2.38311e-98
0.6265 	-8.15531e-99
0.6272 	-8.15083e-99
0.6279 	-8.14634e-99
0.6286 	-8.14186e-99
0.6293 	-8.13737e-99
0.63 	-8.13578e-99
0.6307 	-4.28334e-99
0.6314 	-1.25662e-99
0.6321 	-1.25589e-99
0.6328 	-1.25516e-99
0.6335 	-1.25444e-99
0.6342 	-1.25371e-99
0.6349 	-1.25298e-99
0.6356 	-7.42716e-100
0.6363 	-1.89628e-100
0.637 	-1.89512e-100
0.6377 	-1.89397e-100
0.6384 	-1.89281e-100
0.6391 	-1.89165e-100
0.6398 	-1.89049e-100
0.6405 	-1.24658e-100
0.6412 	-3.44766e-101
0.6419 	-2.80183e-101
0.6426 	-2.80003e-101
0.6433 	-2.79823e-101
0.644 	-2.79643e-101
0.6447 	-2.79463e-101
0.6454 	-2.03039e-101
0.6461 	-6.9285e-102
0.6468 	-4.06019e-102
0.6475 	-4.05745e-102
0.6482 	-4.05471e-102
0.6489 	-4.05196e-102
0.6496 	-4.04922e-102
0.6503 	-3.21568e-102
0.651 	-1.27153e-102
0.6517 	-5.76932e-103
0.6524 	-5.76524e-103
0.6531 	-5.76116e-103
0.6538 	-5.75707e-103
0.6545 	-5.75299e-103
0.6552 	-4.96024e-103
0.6559 	-2.18972e-103
0.6566 	-8.0416e-104
0.6573 	-8.03565e-104
0.658 	-8.0297e-104
0.6587 	-8.02376e-104
0.6594 	-8.01781e-104
0.6601 	-7.46194e-104
0.6608 	-3.58956e-104
0.6615 	-1.09987e-104
0.6622 	-1.09902e-104
0.6629 	-1.09818e-104
0.6636 	-1.09733e-104
0.6643 	-1.09648e-104
0.665 	-1.09602e-104
0.6657 	-5.64917e-105
0.6664 	-1.47638e-105
0.6671 	-1.4752e-105
0.6678 	-1.47402e-105
0.6685 	-1.47284e-105
0.6692 	-1.47166e-105
0.6699 	-1.47048e-105
0.6706 	-8.58119e-106
0.6713 	-1.94412e-106
0.672 	-1.94252e-106
0.6727 	-1.94091e-106
0.6734 	-1.93931e-106
0.6741 	-1.93771e-106
0.6748 	-1.93611e-106
0.6755 	-1.26193e-106
0.6762 	-3.1789e-107
0.6769 	-2.50262e-107
0.6776 	-2.5005e-107
0.6783 	-2.49838e-107
0.679 	-2.49626e-107
0.6797 	-2.49414e-107
0.6804 	-1.79596e-107
0.6811 	-5.74403e-108
0.6818 	-3.12427e-108
0.6825 	-3.12155e-108
0.6832 	-3.11883e-108
0.6839 	-3.11611e-108
0.6846 	-3.11339e-108
0.6853 	-2.45407e-108
0.686 	-9.1704e-109
0.6867 	-3.67886e-109
0.6874 	-3.67551e-109
0.6881 	-3.67215e-109
0.6888 	-3.6688e-109
0.6895 	-3.66544e-109
0.6902 	-3.13955e-109
0.6909 	-1.30326e-109
0.6916 	-3.8493e-110
0.6923 	-3.84543e-110
0.693 	-3.84156e-110
0.6937 	-3.83769e-110
0.6944 	-3.83382e-110
0.6951 	-3.57361e-110
0.6958 	-1.7675e-110
0.6965 	-6.0629e-111
0.6972 	-6.05925e-111
0.6979 	-6.0556e-111
0.6986 	-6.05196e-111
0.6993 	-6.04831e-111
0.7 	-6.04679e-111
