0 	1
0.0007 	1
0.0014 	1
0.0021 	1
0.0028 	1
0.0035 	1
0.0042 	1
0.0049 	1
0.0056 	1
0.0063 	1
0.007 	1
0.0077 	1
0.0084 	1
0.0091 	1
0.0098 	1
0.0105 	1
0.0112 	1
0.0119 	1
0.0126 	1
0.0133 	1
0.014 	1
0.0147 	1
0.0154 	1
0.0161 	1
0.0168 	1
0.0175 	1
0.0182 	1
0.0189 	1
0.0196 	1
0.0203 	1
0.021 	1
0.0217 	1
0.0224 	1
0.0231 	1
0.0238 	1
0.0245 	1
0.0252 	1
0.0259 	1
0.0266 	1
0.0273 	1
0.028 	1
0.0287 	1
0.0294 	1
0.0301 	1
0.0308 	1
0.0315 	1
0.0322 	1
0.0329 	1
0.0336 	1
0.0343 	1
0.035 	1
0.0357 	1
0.0364 	1
0.0371 	1
0.0378 	1
0.0385 	1
0.0392 	1
0.0399 	1
0.0406 	1
0.0413 	1
0.042 	1
0.0427 	1
0.0434 	1
0.0441 	1
0.0448 	1
0.0455 	1
0.0462 	1
0.0469 	1
0.0476 	1
0.0483 	1
0.049 	1
0.0497 	1
0.0504 	1
0.0511 	1
0.0518 	1
0.0525 	1
0.0532 	1
0.0539 	1
0.0546 	1
0.0553 	1
0.056 	1
0.0567 	1
0.0574 	1
0.0581 	1
0.0588 	1
0.0595 	1
0.0602 	1
0.0609 	1
0.0616 	1
0.0623 	1
0.063 	1
0.0637 	1
0.0644 	1
0.0651 	1
0.0658 	1
0.0665 	1
0.0672 	1
0.0679 	1
0.0686 	1
0.0693 	1
0.07 	1
0.0707 	1
0.0714 	1
0.0721 	1
0.0728 	1
0.0735 	1
0.0742 	1
0.0749 	1
0.0756 	1
0.0763 	1
0.077 	1
0.0777 	1
0.0784 	1
0.0791 	1
0.0798 	1
0.0805 	1
0.0812 	1
0.0819 	1
0.0826 	1
0.0833 	1
0.084 	1
0.0847 	1
0.0854 	1
0.0861 	1
0.0868 	1
0.0875 	1
0.0882 	1
0.0889 	1
0.0896 	1
0.0903 	1
0.091 	1
0.0917 	1
0.0924 	1
0.0931 	1
0.0938 	1
0.0945 	1
0.0952 	1
0.0959 	1
0.0966 	1
0.0973 	1
0.098 	1
0.0987 	1
0.0994 	1
0.1001 	1
0.1008 	1
0.1015 	1
0.1022 	1
0.1029 	1
0.1036 	1
0.1043 	1
0.105 	1
0.1057 	1
0.1064 	1
0.1071 	1
0.1078 	1
0.1085 	1
0.1092 	1
0.1099 	1
0.1106 	1
0.1113 	1
0.112 	1
0.1127 	1
0.1134 	1
0.1141 	1
0.1148 	1
0.1155 	1
0.1162 	1
0.1169 	1
0.1176 	1
0.1183 	1
0.119 	1
0.1197 	1
0.1204 	1
0.1211 	1
0.1218 	1
0.1225 	1
0.1232 	1
0.1239 	1
0.1246 	1
0.1253 	1
0.126 	1
0.1267 	1
0.1274 	1
0.1281 	1
0.1288 	1
0.1295 	1
0.1302 	1
0.1309 	1
0.1316 	1
0.1323 	1
0.133 	1
0.1337 	1
0.1344 	1
0.1351 	1
0.1358 	1
0.1365 	1
0.1372 	1
0.1379 	1
0.1386 	1
0.1393 	1
0.14 	1
0.1407 	1
0.1414 	1
0.1421 	1
0.1428 	1
0.1435 	1
0.1442 	1
0.1449 	1
0.1456 	1
0.1463 	1
0.147 	1
0.1477 	1
0.1484 	1
0.1491 	1
0.1498 	1
0.1505 	1
0.1512 	1
0.1519 	1
0.1526 	1
0.1533 	1
0.154 	1
0.1547 	1
0.1554 	1
0.1561 	1
0.1568 	1
0.1575 	1
0.1582 	1
0.1589 	1
0.1596 	1
0.1603 	1
0.161 	1
0.1617 	1
0.1624 	1
0.1631 	1
0.1638 	1
0.1645 	1
0.1652 	1
0.1659 	1
0.1666 	1
0.1673 	1
0.168 	1
0.1687 	1
0.1694 	1
0.1701 	1
0.1708 	1
0.1715 	1
0.1722 	1
0.1729 	1
0.1736 	1
0.1743 	1
0.175 	1
0.1757 	1
0.1764 	1
0.1771 	1
0.1778 	1
0.1785 	1
0.1792 	1
0.1799 	1
0.1806 	1
0.1813 	1
0.182 	1
0.1827 	1
0.1834 	1
0.1841 	1
0.1848 	1
0.1855 	1
0.1862 	1
0.1869 	1
0.1876 	1
0.1883 	1
0.189 	1
0.1897 	1
0.1904 	1
0.1911 	1
0.1918 	1
0.1925 	1
0.1932 	1
0.1939 	1
0.1946 	1
0.1953 	1
0.196 	1
0.1967 	1
0.1974 	1
0.1981 	1
0.1988 	1
0.1995 	1
0.2002 	1
0.2009 	1
0.2016 	1
0.2023 	1
0.203 	1
0.2037 	1
0.2044 	1
0.2051 	1
0.2058 	1
0.2065 	1
0.2072 	1
0.2079 	1
0.2086 	1
0.2093 	1
0.21 	1
0.2107 	1
0.2114 	1
0.2121 	1
0.2128 	1
0.2135 	1
0.2142 	1
0.2149 	1
0.2156 	1
0.2163 	1
0.217 	1
0.2177 	1
0.2184 	1
0.2191 	1
0.2198 	1
0.2205 	1
0.2212 	1
0.2219 	1
0.2226 	1
0.2233 	1
0.224 	0.999999
0.2247 	0.999999
0.2254 	0.999999
0.2261 	0.999998
0.2268 	0.999997
0.2275 	0.999996
0.2282 	0.999995
0.2289 	0.999994
0.2296 	0.999993
0.2303 	0.999988
0.231 	0.999977
0.2317 	0.999966
0.2324 	0.999955
0.2331 	0.999944
0.2338 	0.999933
0.2345 	0.999922
0.2352 	0.999874
0.2359 	0.999734
0.2366 	0.999594
0.2373 	0.999454
0.238 	0.999314
0.2387 	0.999174
0.2394 	0.999034
0.2401 	0.998511
0.2408 	0.995693
0.2415 	0.992875
0.2422 	0.990057
0.2429 	0.987239
0.2436 	0.984421
0.2443 	0.981602
0.245 	0.978784
0.2457 	0.949161
0.2464 	0.919537
0.2471 	0.889913
0.2478 	0.860289
0.2485 	0.830665
0.2492 	0.801042
0.2499 	0.771418
0.2506 	0.715738
0.2513 	0.655715
0.252 	0.595692
0.2527 	0.535669
0.2534 	0.475646
0.2541 	0.415623
0.2548 	0.3556
0.2555 	0.309927
0.2562 	0.269999
0.2569 	0.230069
0.2576 	0.19014
0.2583 	0.150211
0.259 	0.110282
0.2597 	0.0703524
0.2604 	0.049157
0.2611 	0.0420119
0.2618 	0.0348665
0.2625 	0.0277211
0.2632 	0.0205757
0.2639 	0.0134303
0.2646 	0.00628485
0.2653 	0.00207086
0.266 	0.00176499
0.2667 	0.00145911
0.2674 	0.00115322
0.2681 	0.000847339
0.2688 	0.000541452
0.2695 	0.000235566
0.2702 	1.64034e-05
0.2709 	1.4014e-05
0.2716 	1.16244e-05
0.2723 	9.23481e-06
0.273 	6.84518e-06
0.2737 	4.45556e-06
0.2744 	2.06593e-06
0.2751 	1.74058e-08
0.2758 	1.49223e-08
0.2765 	1.24386e-08
0.2772 	9.95478e-09
0.2779 	7.47092e-09
0.2786 	4.98706e-09
0.2793 	2.5032e-09
0.28 	1.94355e-11
0.2807 	1.94246e-11
0.2814 	1.9415e-11
0.2821 	1.94036e-11
0.2828 	1.93923e-11
0.2835 	1.93809e-11
0.2842 	1.93696e-11
0.2849 	1.93582e-11
0.2856 	1.91519e-11
0.2863 	1.89129e-11
0.287 	1.86732e-11
0.2877 	1.84335e-11
0.2884 	1.81937e-11
0.2891 	1.7954e-11
0.2898 	1.77142e-11
0.2905 	1.69643e-11
0.2912 	1.60104e-11
0.2919 	1.50572e-11
0.2926 	1.41041e-11
0.2933 	1.3151e-11
0.294 	1.21979e-11
0.2947 	1.12447e-11
0.2954 	1.0284e-11
0.2961 	9.31757e-12
0.2968 	8.35247e-12
0.2975 	7.38775e-12
0.2982 	6.42302e-12
0.2989 	5.45829e-12
0.2996 	4.49356e-12
0.3003 	3.75409e-12
0.301 	3.31502e-12
0.3017 	2.8767e-12
0.3024 	2.4388e-12
0.3031 	2.00089e-12
0.3038 	1.56299e-12
0.3045 	1.12508e-12
0.3052 	7.85452e-13
0.3059 	6.91511e-13
0.3066 	5.97766e-13
0.3073 	5.04217e-13
0.308 	4.10669e-13
0.3087 	3.1712e-13
0.3094 	2.23571e-13
0.3101 	1.41262e-13
0.3108 	1.26379e-13
0.3115 	1.11533e-13
0.3122 	9.67533e-14
0.3129 	8.1974e-14
0.3136 	6.71947e-14
0.3143 	5.24153e-14
0.315 	3.76363e-14
0.3157 	3.37084e-14
0.3164 	2.97882e-14
0.3171 	2.58961e-14
0.3178 	2.20039e-14
0.3185 	1.81118e-14
0.3192 	1.42197e-14
0.3199 	1.03276e-14
0.3206 	8.79308e-15
0.3213 	7.65235e-15
0.322 	6.52235e-15
0.3227 	5.39236e-15
0.3234 	4.26236e-15
0.3241 	3.13237e-15
0.3248 	2.00237e-15
0.3255 	1.52491e-15
0.3262 	1.30844e-15
0.3269 	1.09415e-15
0.3276 	8.8002e-16
0.3283 	6.65894e-16
0.329 	4.51768e-16
0.3297 	2.37642e-16
0.3304 	1.34554e-16
0.3311 	1.14737e-16
0.3318 	9.50961e-17
0.3325 	7.55032e-17
0.3332 	5.59103e-17
0.3339 	3.63173e-17
0.3346 	1.67244e-17
0.3353 	5.20304e-18
0.336 	4.44233e-18
0.3367 	3.68725e-18
0.3374 	2.93531e-18
0.3381 	2.18337e-18
0.3388 	1.43143e-18
0.3395 	6.79494e-19
0.3402 	1.3693e-19
0.3409 	1.17722e-19
0.3416 	9.86264e-20
0.3423 	7.96444e-20
0.343 	6.06623e-20
0.3437 	4.16803e-20
0.3444 	2.26982e-20
0.3451 	6.30512e-21
0.3458 	5.44161e-21
0.3465 	4.58208e-21
0.3472 	3.72971e-21
0.3479 	2.87733e-21
0.3486 	2.02496e-21
0.3493 	1.17259e-21
0.35 	3.20239e-22
0.3507 	2.76115e-22
0.3514 	2.32127e-22
0.3521 	1.88626e-22
0.3528 	1.45126e-22
0.3535 	1.01625e-22
0.3542 	5.81248e-23
0.3549 	1.46243e-23
0.3556 	7.39866e-24
0.3563 	6.21849e-24
0.357 	5.05483e-24
0.3577 	3.89117e-24
0.3584 	2.72751e-24
0.3591 	1.56384e-24
0.3598 	4.00182e-25
0.3605 	6.09019e-26
0.3612 	5.13188e-26
0.3619 	4.18759e-26
0.3626 	3.24438e-26
0.3633 	2.30116e-26
0.364 	1.35795e-26
0.3647 	4.14734e-27
0.3654 	9.68013e-29
0.3661 	8.18771e-29
0.3668 	6.71425e-29
0.3675 	5.24596e-29
0.3682 	3.77767e-29
0.3689 	2.30939e-29
0.3696 	8.41099e-30
0.3703 	2.0012e-32
0.371 	1.69925e-32
0.3717 	1.40045e-32
0.3724 	1.10341e-32
0.3731 	8.06371e-33
0.3738 	5.0933e-33
0.3745 	2.1229e-33
0.3752 	1.23456e-36
0.3759 	1.05226e-36
0.3766 	8.7141e-37
0.3773 	6.92017e-37
0.378 	5.12624e-37
0.3787 	3.3323e-37
0.3794 	1.53837e-37
0.3801 	7.6545e-41
0.3808 	6.54783e-41
0.3815 	5.44734e-41
0.3822 	4.35796e-41
0.3829 	3.26859e-41
0.3836 	2.17921e-41
0.3843 	1.08984e-41
0.385 	5.02882e-45
0.3857 	4.31588e-45
0.3864 	3.6062e-45
0.3871 	2.90507e-45
0.3878 	2.20393e-45
0.3885 	1.50279e-45
0.3892 	8.01647e-46
0.3899 	1.00508e-46
0.3906 	3.25297e-49
0.3913 	2.72943e-49
0.392 	2.21311e-49
0.3927 	1.69679e-49
0.3934 	1.18047e-49
0.3941 	6.64155e-50
0.3948 	1.47836e-50
0.3955 	3.01203e-53
0.3962 	2.53782e-53
0.3969 	2.06999e-53
0.3976 	1.60265e-53
0.3983 	1.13532e-53
0.399 	6.67979e-54
0.3997 	2.00642e-54
0.4004 	3.40917e-57
0.4011 	2.88433e-57
0.4018 	2.36539e-57
0.4025 	1.84806e-57
0.4032 	1.33073e-57
0.4039 	8.13393e-58
0.4046 	2.9606e-58
0.4053 	4.31771e-61
0.406 	3.66703e-61
0.4067 	3.02255e-61
0.4074 	2.38152e-61
0.4081 	1.7405e-61
0.4088 	1.09947e-61
0.4095 	4.58438e-62
0.4102 	5.59177e-65
0.4109 	4.76715e-65
0.4116 	3.94887e-65
0.4123 	3.13691e-65
0.413 	2.32495e-65
0.4137 	1.51298e-65
0.4144 	7.01024e-66
0.4151 	5.0848e-68
0.4158 	5.07122e-68
0.4165 	5.08581e-68
0.4172 	5.15112e-68
0.4179 	5.21643e-68
0.4186 	5.28175e-68
0.4193 	5.34706e-68
0.42 	6.38277e-68
0.4207 	5.63241e-68
0.4214 	5.89706e-68
0.4221 	6.32532e-68
0.4228 	6.75358e-68
0.4235 	7.18185e-68
0.4242 	7.61011e-68
0.4249 	8.03837e-68
0.4256 	8.64837e-68
0.4263 	9.33227e-68
0.427 	1.05837e-67
0.4277 	1.18352e-67
0.4284 	1.30867e-67
0.4291 	1.43382e-67
0.4298 	1.55897e-67
0.4305 	1.71439e-67
0.4312 	1.88189e-67
0.4319 	2.1986e-67
0.4326 	2.52679e-67
0.4333 	2.85497e-67
0.434 	3.18316e-67
0.4347 	3.51135e-67
0.4354 	3.89196e-67
0.4361 	4.31181e-67
0.4368 	5.04981e-67
0.4375 	5.87459e-67
0.4382 	6.69936e-67
0.4389 	7.52414e-67
0.4396 	8.34891e-67
0.4403 	9.27106e-67
0.441 	1.03228e-66
0.4417 	1.20318e-66
0.4424 	1.41059e-66
0.4431 	1.618e-66
0.4438 	1.82541e-66
0.4445 	2.03282e-66
0.4452 	2.2566e-66
0.4459 	2.52122e-66
0.4466 	2.91521e-66
0.4473 	3.43857e-66
0.448 	3.96193e-66
0.4487 	4.48529e-66
0.4494 	5.00865e-66
0.4501 	5.55794e-66
0.4508 	6.26234e-66
0.4515 	7.21425e-66
0.4522 	8.61165e-66
0.4529 	1.00091e-65
0.4536 	1.14065e-65
0.4543 	1.28039e-65
0.455 	1.73457e-65
0.4557 	1.57851e-65
0.4564 	1.77034e-65
0.4571 	2.08486e-65
0.4578 	2.39939e-65
0.4585 	2.71391e-65
0.4592 	3.02844e-65
0.4599 	3.34297e-65
0.4606 	3.70787e-65
0.4613 	4.10753e-65
0.462 	4.85041e-65
0.4627 	5.59329e-65
0.4634 	6.33617e-65
0.4641 	7.07905e-65
0.4648 	7.82193e-65
0.4655 	8.56656e-65
0.4662 	9.31174e-65
0.4669 	1.07447e-64
0.4676 	1.22306e-64
0.4683 	1.37165e-64
0.469 	1.52023e-64
0.4697 	1.66882e-64
0.4704 	1.75299e-64
0.4711 	1.7888e-64
0.4718 	1.85251e-64
0.4725 	1.92382e-64
0.4732 	1.99513e-64
0.4739 	2.06644e-64
0.4746 	2.13775e-64
0.4753 	2.14626e-64
0.476 	2.07105e-64
0.4767 	1.94774e-64
0.4774 	1.79769e-64
0.4781 	1.64764e-64
0.4788 	1.4976e-64
0.4795 	1.34755e-64
0.4802 	1.21719e-64
0.4809 	1.13614e-64
0.4816 	1.01498e-64
0.4823 	8.53707e-65
0.483 	6.92434e-65
0.4837 	5.3116e-65
0.4844 	3.69886e-65
0.4851 	2.29033e-65
0.4858 	2.10726e-65
0.4865 	1.86021e-65
0.4872 	1.49798e-65
0.4879 	1.13575e-65
0.4886 	7.73522e-66
0.4893 	4.11293e-66
0.49 	4.90748e-67
0.4907 	4.50572e-67
0.4914 	4.0228e-67
0.4921 	3.24193e-67
0.4928 	2.46106e-67
0.4935 	1.68019e-67
0.4942 	8.99316e-68
0.4949 	1.18444e-68
0.4956 	6.41266e-70
0.4963 	5.78761e-70
0.497 	4.69292e-70
0.4977 	3.59823e-70
0.4984 	2.50354e-70
0.4991 	1.40885e-70
0.4998 	3.14167e-71
0.5005 	1.34818e-73
0.5012 	1.22528e-73
0.5019 	1.00548e-73
0.5026 	7.78222e-74
0.5033 	5.50968e-74
0.504 	3.23713e-74
0.5047 	9.64588e-75
0.5054 	-1.01571e-76
0.5061 	-1.16884e-76
0.5068 	-1.20378e-76
0.5075 	-1.20647e-76
0.5082 	-1.20917e-76
0.5089 	-1.21186e-76
0.5096 	-1.21456e-76
0.5103 	-1.10054e-76
0.511 	-8.30892e-77
0.5117 	-7.11617e-77
0.5124 	-6.75884e-77
0.5131 	-6.40152e-77
0.5138 	-6.04419e-77
0.5145 	-5.68687e-77
0.5152 	-4.64721e-77
0.5159 	-1.90166e-77
0.5166 	4.95564e-79
0.5173 	1.20644e-77
0.518 	2.36332e-77
0.5187 	3.5202e-77
0.5194 	4.67709e-77
0.5201 	5.89561e-77
0.5208 	7.48303e-77
0.5215 	8.67163e-77
0.5222 	9.14234e-77
0.5229 	9.61304e-77
0.5236 	1.00838e-76
0.5243 	1.05545e-76
0.525 	1.10908e-76
0.5257 	1.11739e-76
0.5264 	1.1037e-76
0.5271 	9.85232e-77
0.5278 	8.6676e-77
0.5285 	7.48287e-77
0.5292 	6.29815e-77
0.5299 	5.11343e-77
0.5306 	4.88192e-77
0.5313 	4.75088e-77
0.532 	3.85802e-77
0.5327 	2.96515e-77
0.5334 	2.07229e-77
0.5341 	1.17942e-77
0.5348 	2.86558e-78
0.5355 	1.24445e-78
0.5362 	2.5463e-78
0.5369 	1.78297e-78
0.5376 	8.60786e-79
0.5383 	-6.14004e-80
0.539 	-9.83587e-79
0.5397 	-1.90577e-78
0.5404 	-1.85659e-78
0.5411 	-1.07889e-78
0.5418 	-9.19254e-79
0.5425 	-9.2818e-79
0.5432 	-9.37107e-79
0.5439 	-9.46033e-79
0.5446 	-9.5496e-79
0.5453 	-8.19307e-79
0.546 	-4.90858e-79
0.5467 	-3.7356e-79
0.5474 	-3.73569e-79
0.5481 	-3.73577e-79
0.5488 	-3.73585e-79
0.5495 	-3.73594e-79
0.5502 	-3.36122e-79
0.5509 	-2.04935e-79
0.5516 	-1.39341e-79
0.5523 	-1.39341e-79
0.553 	-1.3934e-79
0.5537 	-1.3934e-79
0.5544 	-1.39339e-79
0.5551 	-1.3219e-79
0.5558 	-8.21392e-80
0.5565 	-4.99633e-80
0.5572 	-4.99622e-80
0.5579 	-4.9961e-80
0.5586 	-4.99598e-80
0.5593 	-4.99587e-80
0.56 	-4.99584e-80
0.5607 	-3.16509e-80
0.5614 	-1.72665e-80
0.5621 	-1.72658e-80
0.5628 	-1.72651e-80
0.5635 	-1.72645e-80
0.5642 	-1.72638e-80
0.5649 	-1.72631e-80
0.5656 	-1.17434e-80
0.5663 	-5.7636e-81
0.567 	-5.7633e-81
0.5677 	-5.763e-81
0.5684 	-5.76271e-81
0.5691 	-5.76241e-81
0.5698 	-5.76211e-81
0.5705 	-4.20199e-81
0.5712 	-2.01783e-81
0.5719 	-1.86171e-81
0.5726 	-1.8616e-81
0.5733 	-1.86149e-81
0.574 	-1.86137e-81
0.5747 	-1.86126e-81
0.5754 	-1.45218e-81
0.5761 	-7.36354e-82
0.5768 	-5.8293e-82
0.5775 	-5.82889e-82
0.5782 	-5.82849e-82
0.5789 	-5.82808e-82
0.5796 	-5.82767e-82
0.5803 	-4.85414e-82
0.581 	-2.58293e-82
0.5817 	-1.7717e-82
0.5824 	-1.77156e-82
0.5831 	-1.77143e-82
0.5838 	-1.77129e-82
0.5845 	-1.77115e-82
0.5852 	-1.57144e-82
0.5859 	-8.72708e-83
0.5866 	-5.2332e-83
0.5873 	-5.23276e-83
0.588 	-5.23232e-83
0.5887 	-5.23187e-83
0.5894 	-5.23143e-83
0.5901 	-4.93295e-83
0.5908 	-2.84572e-83
0.5915 	-1.50388e-83
0.5922 	-1.50374e-83
0.5929 	-1.5036e-83
0.5936 	-1.50347e-83
0.5943 	-1.50333e-83
0.595 	-1.50322e-83
0.5957 	-8.97102e-84
0.5964 	-4.20864e-84
0.5971 	-4.20823e-84
0.5978 	-4.20781e-84
0.5985 	-4.2074e-84
0.5992 	-4.20698e-84
0.5999 	-4.20657e-84
0.6006 	-2.73843e-84
0.6013 	-1.14795e-84
0.602 	-1.14783e-84
0.6027 	-1.1477e-84
0.6034 	-1.14758e-84
0.6041 	-1.14746e-84
0.6048 	-1.14734e-84
0.6055 	-8.10557e-85
0.6062 	-3.39084e-85
0.6069 	-3.05376e-85
0.6076 	-3.05342e-85
0.6083 	-3.05307e-85
0.609 	-3.05273e-85
0.6097 	-3.05239e-85
0.6104 	-2.32933e-85
0.6111 	-1.06418e-85
0.6118 	-7.93e-86
0.6125 	-7.92905e-86
0.6132 	-7.9281e-86
0.6139 	-7.92715e-86
0.6146 	-7.9262e-86
0.6153 	-6.50632e-86
0.616 	-3.19427e-86
0.6167 	-2.01123e-86
0.6174 	-2.01097e-86
0.6181 	-2.01072e-86
0.6188 	-2.01046e-86
0.6195 	-2.01021e-86
0.6202 	-1.7682e-86
0.6209 	-9.21742e-87
0.6216 	-4.98477e-87
0.6223 	-4.9841e-87
0.623 	-4.98343e-87
0.6237 	-4.98276e-87
0.6244 	-4.98208e-87
0.6251 	-4.67969e-87
0.6258 	-2.56649e-87
0.6265 	-1.20795e-87
0.6272 	-1.20778e-87
0.6279 	-1.20761e-87
0.6286 	-1.20743e-87
0.6293 	-1.20726e-87
0.63 	-1.20711e-87
0.6307 	-6.91482e-88
0.6314 	-2.86339e-88
0.6321 	-2.86296e-88
0.6328 	-2.86253e-88
0.6335 	-2.8621e-88
0.6342 	-2.86167e-88
0.6349 	-2.86124e-88
0.6356 	-1.80668e-88
0.6363 	-6.64252e-89
0.637 	-6.64147e-89
0.6377 	-6.64041e-89
0.6384 	-6.63936e-89
0.6391 	-6.6383e-89
0.6398 	-6.63725e-89
0.6405 	-4.58567e-89
0.6412 	-1.71376e-89
0.6419 	-1.50838e-89
0.6426 	-1.50813e-89
0.6433 	-1.50788e-89
0.644 	-1.50763e-89
0.6447 	-1.50738e-89
0.6454 	-1.13234e-89
0.6461 	-4.76182e-90
0.6468 	-3.3553e-90
0.6475 	-3.35471e-90
0.6482 	-3.35412e-90
0.6489 	-3.35353e-90
0.6496 	-3.35294e-90
0.6503 	-2.72355e-90
0.651 	-1.25563e-90
0.6517 	-7.31287e-91
0.6524 	-7.31152e-91
0.6531 	-7.31017e-91
0.6538 	-7.30882e-91
0.6545 	-7.30748e-91
0.6552 	-6.38754e-91
0.6559 	-3.17077e-91
0.6566 	-1.56223e-91
0.6573 	-1.56193e-91
0.658 	-1.56163e-91
0.6587 	-1.56133e-91
0.6594 	-1.56102e-91
0.6601 	-1.46211e-91
0.6608 	-7.71335e-92
0.6615 	-3.27246e-92
0.6622 	-3.27179e-92
0.6629 	-3.27113e-92
0.6636 	-3.27047e-92
0.6643 	-3.2698e-92
0.665 	-3.2692e-92
0.6657 	-1.81503e-92
0.6664 	-6.7244e-93
0.6671 	-6.72297e-93
0.6678 	-6.72154e-93
0.6685 	-6.72012e-93
0.6692 	-6.71869e-93
0.6699 	-6.71727e-93
0.6706 	-4.14385e-93
0.6713 	-1.35608e-93
0.672 	-1.35578e-93
0.6727 	-1.35548e-93
0.6734 	-1.35518e-93
0.6741 	-1.35488e-93
0.6748 	-1.35458e-93
0.6755 	-9.20118e-94
0.6762 	-3.1197e-94
0.6769 	-2.68473e-94
0.6776 	-2.68411e-94
0.6783 	-2.68349e-94
0.679 	-2.68287e-94
0.6797 	-2.68224e-94
0.6804 	-1.99096e-94
0.6811 	-7.81605e-95
0.6818 	-5.22359e-95
0.6825 	-5.22232e-95
0.6832 	-5.22106e-95
0.6839 	-5.2198e-95
0.6846 	-5.21854e-95
0.6853 	-4.20547e-95
0.686 	-1.84317e-95
0.6867 	-9.99326e-96
0.6874 	-9.99074e-96
0.6881 	-9.98823e-96
0.6888 	-9.98571e-96
0.6895 	-9.98319e-96
0.6902 	-8.68554e-96
0.6909 	-4.14952e-96
0.6916 	-1.88126e-96
0.6923 	-1.88077e-96
0.693 	-1.88028e-96
0.6937 	-1.87978e-96
0.6944 	-1.87929e-96
0.6951 	-1.77571e-96
0.6958 	-1.05348e-96
0.6965 	-5.89154e-97
0.6972 	-5.89074e-97
0.6979 	-5.88994e-97
0.6986 	-5.88914e-97
0.6993 	-5.88835e-97
0.7 	-5.88765e-97
