0 	1
0.0007 	1
0.0014 	1
0.0028 	1
0.0035 	1
0.0042 	1
0.0049 	1
0.0056 	1
0.0063 	1
0.007 	1
0.0077 	1
0.0084 	1
0.0091 	1
0.0098 	1
0.0105 	1
0.0112 	1
0.0119 	1
0.0133 	1
0.014 	1
0.0147 	1
0.0154 	1
0.0161 	1
0.0168 	1
0.0175 	1
0.0182 	1
0.0189 	1
0.0196 	1
0.0203 	1
0.021 	1
0.0217 	1
0.0224 	1
0.0231 	1
0.0238 	1
0.0245 	1
0.0252 	1
0.0259 	1
0.0266 	1
0.0273 	1
0.028 	1
0.0287 	1
0.0294 	1
0.0301 	1
0.0308 	1
0.0315 	1
0.0322 	1
0.0329 	1
0.0336 	1
0.0343 	1
0.035 	1
0.0357 	1
0.0371 	1
0.0378 	1
0.0385 	1
0.0399 	1
0.0406 	1
0.0413 	1
0.042 	1
0.0427 	1
0.0434 	1
0.0441 	1
0.0448 	1
0.0455 	1
0.0462 	1
0.0469 	1
0.0476 	1
0.0483 	1
0.049 	1
0.0497 	1
0.0504 	1
0.0511 	1
0.0518 	1
0.0525 	1
0.0532 	1
0.0539 	1
0.0546 	1
0.0553 	1
0.056 	1
0.0567 	1
0.0574 	1
0.0581 	1
0.0588 	1
0.0595 	1
0.0602 	1
0.0609 	1
0.0616 	1
0.0623 	1
0.063 	1
0.0637 	1
0.0644 	1
0.0651 	1
0.0658 	1
0.0665 	1
0.0672 	1
0.0679 	1
0.0686 	1
0.0693 	1
0.07 	1
0.0707 	1
0.0721 	1
0.0728 	1
0.0735 	1
0.0742 	1
0.0749 	1
0.0756 	1
0.0763 	1
0.077 	1
0.0777 	1
0.0784 	1
0.0791 	1
0.0798 	1
0.0805 	1
0.0812 	1
0.0826 	1
0.084 	1
0.0847 	1
0.0854 	1
0.0861 	1
0.0868 	1
0.0875 	1
0.0882 	1
0.0889 	1
0.0896 	1
0.0903 	1
0.091 	1
0.0917 	1
0.0924 	1
0.0931 	1
0.0938 	1
0.0945 	1
0.0952 	1
0.0959 	1
0.0966 	1
0.0973 	1
0.098 	1
0.0987 	1
0.0994 	1
0.1001 	1
0.1008 	1
0.1015 	1
0.1022 	1
0.1029 	1
0.1036 	1
0.1043 	1
0.105 	1
0.1057 	1
0.1064 	1
0.1071 	1
0.1078 	1
0.1085 	1
0.1092 	1
0.1099 	1
0.1106 	1
0.1113 	1
0.112 	1
0.1127 	1
0.1134 	1
0.1141 	1
0.1148 	1
0.1155 	1
0.1169 	1
0.1176 	1
0.1183 	1
0.119 	1
0.1197 	1
0.1204 	1
0.1211 	1
0.1218 	1
0.1225 	1
0.1232 	1
0.1239 	1
0.1246 	1
0.1253 	1
0.126 	1
0.1267 	1
0.1281 	1
0.1288 	1
0.1295 	1
0.1302 	1
0.1309 	1
0.1316 	1
0.1323 	1
0.133 	1
0.1337 	1
0.1344 	1
0.1351 	1
0.1365 	1
0.1372 	1
0.1379 	1
0.1386 	1
0.1393 	1
0.14 	1
0.1407 	1
0.1414 	1
0.1421 	1
0.1428 	1
0.1435 	1
0.1442 	1
0.1449 	1
0.1456 	1
0.1463 	1
0.147 	1
0.1477 	1
0.1484 	1
0.1491 	1
0.1498 	1
0.1505 	1
0.1519 	1
0.1526 	1
0.1533 	1
0.154 	1
0.1547 	1
0.1554 	1
0.1561 	1
0.1568 	1
0.1575 	1
0.1582 	1
0.1589 	1
0.1596 	1
0.1603 	1
0.161 	1
0.1617 	1
0.1624 	1
0.1631 	1
0.1638 	1
0.1645 	1
0.1652 	1
0.1659 	1
0.1666 	1
0.1673 	1
0.168 	1
0.1687 	1
0.1694 	1
0.1701 	1
0.1708 	1
0.1715 	1
0.1722 	1
0.1729 	1
0.1736 	1
0.1743 	1
0.175 	1
0.1757 	1
0.1764 	1
0.1778 	1
0.1785 	1
0.1792 	1
0.1799 	1
0.1806 	1
0.182 	1
0.1827 	1
0.1834 	1
0.1841 	1
0.1848 	1
0.1855 	1
0.1862 	1
0.1869 	1
0.1876 	1
0.1883 	1
0.189 	1
0.1897 	1
0.1904 	1
0.1911 	1
0.1918 	1
0.1925 	1
0.1932 	1
0.1939 	1
0.1946 	1
0.1953 	1
0.196 	1
0.1967 	1
0.1974 	1
0.1981 	1
0.1988 	1
0.1995 	1
0.2002 	1
0.2009 	1
0.2016 	1
0.2023 	1
0.203 	1
0.2037 	1
0.2044 	1
0.2051 	1
0.2058 	1
0.2065 	1
0.2072 	1
0.2079 	1
0.2086 	1
0.2093 	1
0.21 	1
0.2107 	1
0.2114 	1
0.2121 	1
0.2128 	1
0.2135 	1
0.2142 	1
0.2149 	1
0.2156 	1
0.2163 	1
0.217 	1
0.2177 	1
0.2184 	1
0.2191 	1
0.2198 	1
0.2205 	1
0.2212 	1
0.2219 	1
0.2226 	1
0.2233 	1
0.224 	1
0.2247 	1
0.2254 	0.999986
0.2261 	0.999961
0.2268 	0.999937
0.2275 	0.999912
0.2282 	0.999887
0.2289 	0.999863
0.2296 	0.999838
0.2303 	0.999058
0.231 	0.99727
0.2317 	0.995483
0.2324 	0.993695
0.2331 	0.991907
0.2338 	0.990119
0.2345 	0.988331
0.2352 	0.98049
0.2359 	0.957514
0.2366 	0.934539
0.2373 	0.911562
0.238 	0.888586
0.2387 	0.86561
0.2394 	0.842634
0.2401 	0.81409
0.2408 	0.752139
0.2415 	0.690188
0.2422 	0.628237
0.2429 	0.566285
0.2436 	0.504334
0.2443 	0.442383
0.245 	0.380432
0.2457 	0.333634
0.2464 	0.286836
0.2471 	0.240039
0.2478 	0.193242
0.2485 	0.146444
0.2492 	0.0996472
0.2499 	0.0528501
0.2506 	0.0408166
0.252 	0.0283379
0.2527 	0.0220988
0.2534 	0.0158596
0.2541 	0.00962041
0.2548 	0.00338124
0.2555 	0.0014586
0.2562 	0.00126258
0.2569 	0.00106656
0.2576 	0.000870536
0.2583 	0.000674516
0.259 	0.000478496
0.2597 	0.000282477
0.2604 	0.000187141
0.2611 	0.000167319
0.2618 	0.000147497
0.2625 	0.000127676
0.2632 	0.000107854
0.2639 	8.80322e-05
0.2646 	6.82105e-05
0.2653 	5.45173e-05
0.266 	4.89954e-05
0.2667 	4.34737e-05
0.2674 	3.7952e-05
0.2681 	3.24303e-05
0.2688 	2.69086e-05
0.2695 	2.1387e-05
0.2702 	1.69573e-05
0.2716 	1.35581e-05
0.2723 	1.18586e-05
0.273 	1.01591e-05
0.2737 	8.45957e-06
0.2744 	6.76006e-06
0.2751 	5.23166e-06
0.2758 	4.72993e-06
0.2765 	4.22823e-06
0.2772 	3.72656e-06
0.2779 	3.22488e-06
0.2786 	2.72321e-06
0.2793 	2.22154e-06
0.28 	1.71987e-06
0.2807 	1.5622e-06
0.2814 	1.40453e-06
0.2821 	1.24688e-06
0.2828 	1.08924e-06
0.2835 	9.31588e-07
0.2842 	7.7394e-07
0.2849 	6.16292e-07
0.2856 	5.47511e-07
0.2863 	4.93542e-07
0.287 	4.39581e-07
0.2877 	3.85621e-07
0.2884 	3.3166e-07
0.2891 	2.777e-07
0.2898 	2.23739e-07
0.2905 	1.94514e-07
0.2912 	1.75182e-07
0.2919 	1.55855e-07
0.2926 	1.36527e-07
0.2933 	1.172e-07
0.294 	9.78729e-08
0.2947 	7.85457e-08
0.2954 	6.63492e-08
0.2961 	5.95008e-08
0.2968 	5.26538e-08
0.2975 	4.58072e-08
0.2982 	3.89605e-08
0.2989 	3.21139e-08
0.2996 	2.52672e-08
0.3003 	2.03962e-08
0.301 	1.81595e-08
0.3017 	1.59232e-08
0.3024 	1.36871e-08
0.3031 	1.1451e-08
0.3038 	9.21496e-09
0.3045 	6.97888e-09
0.3052 	5.20667e-09
0.3059 	4.59416e-09
0.3066 	3.98174e-09
0.3073 	3.36942e-09
0.308 	2.75709e-09
0.3087 	2.14477e-09
0.3094 	1.53245e-09
0.3101 	9.89824e-10
0.3108 	8.65365e-10
0.3115 	7.4092e-10
0.3122 	6.165e-10
0.3129 	4.92081e-10
0.3136 	3.67661e-10
0.3143 	2.43241e-10
0.315 	1.18821e-10
0.3157 	1.03044e-10
0.3164 	8.72678e-11
0.3171 	7.14946e-11
0.3178 	5.57214e-11
0.3185 	3.99482e-11
0.3192 	2.41749e-11
0.3199 	8.40172e-12
0.3206 	5.42082e-12
0.3213 	4.57197e-12
0.322 	3.72316e-12
0.3227 	2.87435e-12
0.3234 	2.02553e-12
0.3241 	1.17672e-12
0.3248 	3.27904e-13
0.3255 	7.69373e-14
0.3262 	6.51101e-14
0.3269 	5.32794e-14
0.3276 	4.14485e-14
0.3283 	2.96176e-14
0.329 	1.77867e-14
0.3297 	5.95584e-15
0.3304 	8.60404e-16
0.3311 	8.16564e-16
0.3318 	7.72714e-16
0.3325 	7.28861e-16
0.3332 	6.85008e-16
0.3339 	6.41155e-16
0.3346 	5.97302e-16
0.3353 	5.6282e-16
0.336 	5.40832e-16
0.3367 	5.1885e-16
0.3374 	4.96872e-16
0.3381 	4.74893e-16
0.3388 	4.52914e-16
0.3395 	4.30935e-16
0.3402 	4.06547e-16
0.3409 	3.76136e-16
0.3416 	3.45718e-16
0.3423 	3.15293e-16
0.343 	2.84868e-16
0.3437 	2.54443e-16
0.3444 	2.24019e-16
0.3451 	1.94868e-16
0.3458 	1.73368e-16
0.3465 	1.51855e-16
0.3472 	1.30321e-16
0.3479 	1.08786e-16
0.3486 	8.72518e-17
0.3493 	6.57174e-17
0.35 	4.4183e-17
0.3507 	3.83895e-17
0.3514 	3.2592e-17
0.3521 	2.67803e-17
0.3528 	2.09687e-17
0.3535 	1.5157e-17
0.3542 	9.3453e-18
0.3549 	3.53362e-18
0.3556 	2.38247e-18
0.3563 	2.00792e-18
0.357 	1.63136e-18
0.3577 	1.25481e-18
0.3584 	8.7825e-19
0.3591 	5.01694e-19
0.3598 	1.25138e-19
0.3605 	1.58088e-20
0.3612 	1.33706e-20
0.3619 	1.09097e-20
0.3626 	8.44714e-21
0.3633 	5.98455e-21
0.364 	3.52197e-21
0.3647 	1.05938e-21
0.3654 	3.67511e-24
0.3661 	3.12327e-24
0.3675 	2.00335e-24
0.3682 	1.44241e-24
0.3689 	8.8148e-25
0.3696 	3.20545e-25
0.3703 	1.1003e-29
0.371 	9.38932e-30
0.3717 	7.75545e-30
0.3724 	6.11036e-30
0.3731 	4.46527e-30
0.3738 	2.82018e-30
0.3745 	1.17509e-30
0.3752 	2.51842e-35
0.3759 	2.15709e-35
0.3766 	1.79196e-35
0.3773 	1.42302e-35
0.378 	1.05409e-35
0.3787 	6.85162e-36
0.3794 	3.16231e-36
0.3801 	3.80631e-41
0.3808 	3.27211e-41
0.3815 	2.73345e-41
0.3822 	2.18676e-41
0.3829 	1.64007e-41
0.3836 	1.09338e-41
0.3843 	5.46693e-42
0.385 	4.22393e-47
0.3857 	3.64348e-47
0.3864 	3.05993e-47
0.3871 	2.46494e-47
0.3878 	1.86996e-47
0.3885 	1.27497e-47
0.3892 	6.79987e-48
0.3899 	8.50021e-49
0.3906 	3.80971e-53
0.3913 	3.21537e-53
0.392 	2.60705e-53
0.3927 	1.99874e-53
0.3934 	1.39043e-53
0.3941 	7.8212e-54
0.3948 	1.73808e-54
0.3955 	4.3521e-59
0.3962 	3.68898e-59
0.3969 	3.0104e-59
0.3976 	2.33064e-59
0.3983 	1.65087e-59
0.399 	9.71102e-60
0.3997 	2.91334e-60
0.4004 	5.11786e-65
0.4011 	4.35539e-65
0.4018 	3.57718e-65
0.4025 	2.79467e-65
0.4032 	2.01217e-65
0.4039 	1.22966e-65
0.4046 	4.47153e-66
0.4053 	6.30782e-71
0.406 	5.38765e-71
0.4067 	4.45194e-71
0.4081 	2.56324e-71
0.4088 	1.61889e-71
0.4095 	6.74543e-72
0.4102 	8.80013e-77
0.4109 	7.54255e-77
0.4116 	6.26848e-77
0.4123 	4.97792e-77
0.413 	3.68735e-77
0.4137 	2.39678e-77
0.4144 	1.10621e-77
0.4151 	1.38345e-82
0.4158 	1.18973e-82
0.4165 	9.94183e-83
0.4172 	7.95346e-83
0.4179 	5.9651e-83
0.4186 	3.97674e-83
0.4193 	1.98838e-83
0.42 	2.4192e-88
0.4207 	2.08695e-88
0.4214 	1.75287e-88
0.4221 	1.41204e-88
0.4228 	1.0712e-88
0.4235 	7.30365e-89
0.4242 	3.8953e-89
0.4249 	4.86954e-90
0.4256 	4.11659e-94
0.4263 	3.47458e-94
0.427 	2.81723e-94
0.4277 	2.15988e-94
0.4284 	1.50253e-94
0.4291 	8.45176e-95
0.4298 	1.87825e-95
0.4305 	9.0919e-100
0.4312 	7.70689e-100
0.4319 	6.28925e-100
0.4326 	4.8691e-100
0.4333 	3.44896e-100
0.434 	2.02881e-100
0.4347 	6.08659e-101
0.4354 	2.22478e-105
0.4361 	1.89294e-105
0.4368 	1.55463e-105
0.4375 	1.21456e-105
0.4382 	8.74483e-106
0.4389 	5.34409e-106
0.4396 	1.94334e-106
0.4403 	5.95458e-111
0.441 	5.08469e-111
0.4417 	4.20113e-111
0.4424 	3.30999e-111
0.4431 	2.41884e-111
0.4438 	1.5277e-111
0.4445 	6.36551e-112
0.4452 	1.75195e-116
0.4459 	1.50108e-116
0.4466 	1.24725e-116
0.4473 	9.90464e-117
0.448 	7.33678e-117
0.4487 	4.76893e-117
0.4494 	2.20108e-117
0.4501 	5.73024e-122
0.4508 	4.92569e-122
0.4515 	4.11458e-122
0.4522 	3.29167e-122
0.4529 	2.46876e-122
0.4536 	1.64584e-122
0.4543 	8.22934e-123
0.455 	2.40967e-127
0.4557 	2.07754e-127
0.4564 	1.74392e-127
0.4571 	1.40483e-127
0.4578 	1.06574e-127
0.4585 	7.26645e-128
0.4592 	3.87555e-128
0.4599 	4.84645e-129
0.4606 	2.03116e-132
0.4613 	1.71204e-132
0.462 	1.38815e-132
0.4627 	1.06426e-132
0.4634 	7.40374e-133
0.4641 	4.16485e-133
0.4648 	9.25958e-134
0.4655 	5.04147e-137
0.4662 	4.26586e-137
0.4669 	3.48068e-137
0.4676 	2.69476e-137
0.4683 	1.90884e-137
0.469 	1.12292e-137
0.4697 	3.37003e-138
0.4704 	1.66557e-141
0.4711 	1.41456e-141
0.4718 	1.1612e-141
0.4725 	9.07201e-142
0.4732 	6.53203e-142
0.4739 	3.99205e-142
0.4746 	1.45207e-142
0.4753 	6.11971e-146
0.476 	5.21739e-146
0.4767 	4.30912e-146
0.4781 	2.48595e-146
0.4788 	1.57436e-146
0.4795 	6.62777e-147
0.4802 	1.1461e-148
0.4809 	1.08186e-148
0.4816 	1.0176e-148
0.4823 	9.53319e-149
0.483 	8.89034e-149
0.4837 	8.2475e-149
0.4844 	7.60466e-149
0.4851 	6.99384e-149
0.4858 	6.57518e-149
0.4865 	6.15648e-149
0.4872 	5.73773e-149
0.4879 	5.31897e-149
0.4886 	4.90021e-149
0.4893 	4.48145e-149
0.49 	4.0627e-149
0.4907 	3.80075e-149
0.4914 	3.53878e-149
0.4921 	3.27674e-149
0.4928 	3.0147e-149
0.4935 	2.75267e-149
0.4942 	2.49063e-149
0.4949 	2.22859e-149
0.4956 	2.06183e-149
0.4963 	1.91095e-149
0.4977 	1.60908e-149
0.4991 	1.3072e-149
0.4998 	1.15627e-149
0.5005 	1.05487e-149
0.5012 	9.7328e-150
0.5019 	8.9166e-150
0.5026 	8.10038e-150
0.5033 	7.28417e-150
0.504 	6.46795e-150
0.5047 	5.65173e-150
0.5054 	5.06715e-150
0.5061 	4.65631e-150
0.5068 	4.24532e-150
0.5075 	3.83427e-150
0.5082 	3.42323e-150
0.5089 	3.01219e-150
0.5096 	2.60115e-150
0.5103 	2.28377e-150
0.511 	2.09126e-150
0.5117 	1.89869e-150
0.5124 	1.70608e-150
0.5131 	1.51347e-150
0.5138 	1.32086e-150
0.5145 	1.12825e-150
0.5152 	9.6666e-151
0.5159 	8.82616e-151
0.5166 	7.98546e-151
0.5173 	7.14452e-151
0.518 	6.30358e-151
0.5187 	5.46263e-151
0.5194 	4.62169e-151
0.5201 	3.85187e-151
0.5215 	3.16573e-151
0.5222 	2.82247e-151
0.5229 	2.47921e-151
0.5236 	2.13596e-151
0.5243 	1.7927e-151
0.525 	1.44944e-151
0.5257 	1.31798e-151
0.5264 	1.18649e-151
0.5271 	1.05494e-151
0.5278 	9.23379e-152
0.5285 	7.91822e-152
0.5292 	6.60265e-152
0.5299 	5.28708e-152
0.5306 	4.6919e-152
0.5313 	4.21676e-152
0.532 	3.74129e-152
0.5327 	3.26582e-152
0.5334 	2.79034e-152
0.5341 	2.31487e-152
0.5348 	1.8394e-152
0.5355 	1.58745e-152
0.5362 	1.42491e-152
0.5369 	1.26225e-152
0.5376 	1.09958e-152
0.5383 	9.36911e-153
0.539 	7.74242e-153
0.5397 	6.11573e-153
0.5404 	5.11684e-153
0.5411 	4.58882e-153
0.5418 	4.06043e-153
0.5425 	3.53196e-153
0.5432 	3.00348e-153
0.5439 	2.475e-153
0.5446 	1.94653e-153
0.5453 	1.57455e-153
0.546 	1.41122e-153
0.5467 	1.24781e-153
0.5474 	1.08434e-153
0.5481 	9.20873e-154
0.5488 	7.57405e-154
0.5495 	5.93937e-154
0.5502 	4.63401e-154
0.5509 	4.15195e-154
0.5516 	3.66967e-154
0.5523 	3.18715e-154
0.553 	2.70464e-154
0.5537 	2.22213e-154
0.5544 	1.73961e-154
0.5551 	1.30659e-154
0.5558 	1.17054e-154
0.5572 	8.98252e-155
0.5579 	7.62065e-155
0.5586 	6.25877e-155
0.5593 	4.8969e-155
0.56 	3.53502e-155
0.5607 	3.16717e-155
0.5614 	2.79923e-155
0.5621 	2.431e-155
0.5628 	2.06277e-155
0.5635 	1.69454e-155
0.5642 	1.3263e-155
0.5649 	9.58072e-156
0.5656 	8.23658e-156
0.5663 	7.28207e-156
0.567 	6.32661e-156
0.5677 	5.37114e-156
0.5684 	4.41567e-156
0.5691 	3.4602e-156
0.5698 	2.50474e-156
0.5705 	2.06172e-156
0.5712 	1.82369e-156
0.5719 	1.58541e-156
0.5726 	1.3471e-156
0.5733 	1.1088e-156
0.574 	8.70501e-157
0.5747 	6.32199e-157
0.5754 	4.97412e-157
0.5761 	4.40261e-157
0.5768 	3.83058e-157
0.5775 	3.2584e-157
0.5782 	2.68622e-157
0.5789 	2.11404e-157
0.5796 	1.54186e-157
0.5803 	1.1582e-157
0.5817 	8.93501e-158
0.5824 	7.61043e-158
0.5831 	6.28584e-158
0.5838 	4.96125e-158
0.5845 	3.63666e-158
0.5852 	2.60605e-158
0.5859 	2.31035e-158
0.5866 	2.01447e-158
0.5873 	1.71841e-158
0.588 	1.42235e-158
0.5887 	1.12628e-158
0.5894 	8.30217e-159
0.5901 	5.6732e-159
0.5908 	5.03428e-159
0.5915 	4.39506e-159
0.5922 	3.7553e-159
0.5929 	3.11555e-159
0.5936 	2.47579e-159
0.5943 	1.83604e-159
0.595 	1.19628e-159
0.5957 	1.06265e-159
0.5964 	9.28967e-160
0.5971 	7.95148e-160
0.5978 	6.61328e-160
0.5985 	5.27509e-160
0.5992 	3.9369e-160
0.5999 	2.5987e-160
0.6006 	2.17532e-160
0.6013 	1.90437e-160
0.602 	1.63308e-160
0.6027 	1.36178e-160
0.6034 	1.09049e-160
0.6041 	8.19195e-161
0.6048 	5.47901e-161
0.6055 	4.32323e-161
0.6062 	3.79031e-161
0.6069 	3.25669e-161
0.6076 	2.72301e-161
0.6083 	2.18933e-161
0.609 	1.65565e-161
0.6097 	1.12197e-161
0.6104 	8.35055e-162
0.6111 	7.33217e-162
0.6118 	6.31262e-162
0.6125 	5.29274e-162
0.6132 	4.27286e-162
0.6139 	3.25299e-162
0.6146 	2.23311e-162
0.6153 	1.56921e-162
0.616 	1.37996e-162
0.6167 	1.19052e-162
0.6174 	1.00098e-162
0.6181 	8.11437e-163
0.6188 	6.21895e-163
0.6195 	4.32353e-163
0.6202 	2.87183e-163
0.6209 	2.52941e-163
0.6216 	2.18672e-163
0.6223 	1.84377e-163
0.623 	1.50081e-163
0.6237 	1.15786e-163
0.6244 	8.14906e-164
0.6251 	5.1232e-164
0.6258 	4.51946e-164
0.6265 	3.91537e-164
0.6272 	3.31066e-164
0.6279 	2.70595e-164
0.6286 	2.10124e-164
0.6293 	1.49653e-164
0.63 	8.9182e-165
0.6314 	6.84085e-165
0.6321 	5.80065e-165
0.6335 	3.72025e-165
0.6342 	2.68005e-165
0.6349 	1.63986e-165
0.6356 	1.34175e-165
0.6363 	1.16731e-165
0.637 	9.92592e-166
0.6377 	8.17876e-166
0.6384 	6.43159e-166
0.6391 	4.68442e-166
0.6398 	2.93726e-166
0.6405 	2.23354e-166
0.6419 	1.66039e-166
0.6433 	1.08672e-166
0.6447 	5.13041e-167
0.6454 	3.63828e-167
0.6461 	3.17833e-167
0.6468 	2.71775e-167
0.6482 	1.79623e-167
0.6496 	8.74703e-168
0.6503 	5.80406e-168
0.651 	5.08061e-168
0.6517 	4.3563e-168
0.6524 	3.63153e-168
0.6531 	2.90675e-168
0.6538 	2.18198e-168
0.6545 	1.4572e-168
0.6552 	9.07635e-169
0.6559 	7.96098e-169
0.6566 	6.84456e-169
0.6573 	5.7271e-169
0.658 	4.60963e-169
0.6587 	3.49217e-169
0.6594 	2.3747e-169
0.6601 	1.39277e-169
0.6608 	1.22404e-169
0.6615 	1.05519e-169
0.6622 	8.86139e-170
0.6629 	7.17084e-170
0.6636 	5.48028e-170
0.6643 	3.78973e-170
0.665 	2.09918e-170
0.6657 	1.84847e-170
0.6664 	1.59765e-170
0.6671 	1.34645e-170
0.6678 	1.09525e-170
0.6685 	8.44044e-171
0.6692 	5.92841e-171
0.6699 	3.41638e-171
0.6706 	2.74366e-171
0.6713 	2.37745e-171
0.672 	2.01054e-171
0.6727 	1.64364e-171
0.6734 	1.27673e-171
0.6741 	9.09826e-172
0.6748 	5.42921e-172
0.6755 	4.0051e-172
0.6762 	3.47896e-172
0.6769 	2.9518e-172
0.6776 	2.42457e-172
0.6783 	1.89733e-172
0.679 	1.3701e-172
0.6797 	8.42864e-173
0.6804 	5.74396e-173
0.6811 	5.00003e-173
0.6818 	4.25485e-173
0.6825 	3.50932e-173
0.6832 	2.7638e-173
0.6839 	2.01828e-173
0.6846 	1.27275e-173
0.6853 	8.02576e-174
0.686 	6.99527e-174
0.6867 	5.96333e-174
0.6874 	4.93058e-174
0.6881 	3.89782e-174
0.6888 	2.86507e-174
0.6895 	1.83231e-174
0.6902 	1.0557e-174
0.6909 	9.19438e-175
0.6916 	7.83025e-175
0.6923 	6.46457e-175
0.693 	5.09889e-175
0.6937 	3.73321e-175
0.6944 	2.36754e-175
0.6951 	1.17493e-175
0.6958 	1.02075e-175
0.6965 	8.67691e-176
0.6972 	7.16659e-176
0.6979 	5.65628e-176
0.6986 	4.14596e-176
0.6993 	2.63565e-176
0.7 	1.12534e-176
