0 	1
0.0007 	1
0.0014 	1
0.0021 	1
0.0028 	1
0.0035 	1
0.0042 	1
0.0049 	1
0.0056 	1
0.0063 	1
0.007 	1
0.0077 	1
0.0084 	1
0.0091 	1
0.0098 	1
0.0105 	1
0.0112 	1
0.0119 	1
0.0126 	1
0.0133 	1
0.014 	1
0.0147 	1
0.0154 	1
0.0161 	1
0.0168 	1
0.0175 	1
0.0182 	1
0.0189 	1
0.0196 	1
0.0203 	1
0.021 	1
0.0217 	1
0.0224 	1
0.0231 	1
0.0238 	1
0.0245 	1
0.0252 	1
0.0259 	1
0.0266 	1
0.0273 	1
0.028 	1
0.0287 	1
0.0294 	1
0.0301 	1
0.0308 	1
0.0315 	1
0.0322 	1
0.0329 	1
0.0336 	1
0.0343 	1
0.035 	1
0.0357 	1
0.0364 	1
0.0371 	1
0.0378 	1
0.0385 	1
0.0392 	1
0.0399 	1
0.0406 	1
0.0413 	1
0.042 	1
0.0427 	1
0.0434 	1
0.0441 	1
0.0448 	1
0.0455 	1
0.0462 	1
0.0469 	1
0.0476 	1
0.0483 	1
0.049 	1
0.0497 	1
0.0504 	1
0.0511 	1
0.0518 	1
0.0525 	1
0.0532 	1
0.0539 	1
0.0546 	1
0.0553 	1
0.056 	1
0.0567 	1
0.0574 	1
0.0581 	1
0.0588 	1
0.0595 	1
0.0602 	1
0.0609 	1
0.0616 	1
0.0623 	1
0.063 	1
0.0637 	1
0.0644 	1
0.0651 	1
0.0658 	1
0.0665 	1
0.0672 	1
0.0679 	1
0.0686 	1
0.0693 	1
0.07 	1
0.0707 	1
0.0714 	1
0.0721 	1
0.0728 	1
0.0735 	1
0.0742 	1
0.0749 	1
0.0756 	1
0.0763 	1
0.077 	1
0.0777 	1
0.0784 	1
0.0791 	1
0.0798 	1
0.0805 	1
0.0812 	1
0.0819 	1
0.0826 	1
0.0833 	1
0.084 	1
0.0847 	1
0.0854 	1
0.0861 	1
0.0868 	1
0.0875 	1
0.0882 	1
0.0889 	1
0.0896 	1
0.0903 	1
0.091 	1
0.0917 	1
0.0924 	1
0.0931 	1
0.0938 	1
0.0945 	1
0.0952 	1
0.0959 	1
0.0966 	1
0.0973 	1
0.098 	1
0.0987 	1
0.0994 	1
0.1001 	1
0.1008 	1
0.1015 	1
0.1022 	1
0.1029 	1
0.1036 	1
0.1043 	1
0.105 	1
0.1057 	1
0.1064 	1
0.1071 	1
0.1078 	1
0.1085 	1
0.1092 	1
0.1099 	1
0.1106 	1
0.1113 	1
0.112 	1
0.1127 	1
0.1134 	1
0.1141 	1
0.1148 	1
0.1155 	1
0.1162 	1
0.1169 	1
0.1176 	1
0.1183 	1
0.119 	1
0.1197 	1
0.1204 	1
0.1211 	1
0.1218 	1
0.1225 	1
0.1232 	1
0.1239 	1
0.1246 	1
0.1253 	1
0.126 	1
0.1267 	1
0.1274 	1
0.1281 	1
0.1288 	1
0.1295 	1
0.1302 	1
0.1309 	1
0.1316 	1
0.1323 	1
0.133 	1
0.1337 	1
0.1344 	1
0.1351 	1
0.1358 	1
0.1365 	1
0.1372 	1
0.1379 	1
0.1386 	1
0.1393 	1
0.14 	1
0.1407 	1
0.1414 	1
0.1421 	1
0.1428 	1
0.1435 	1
0.1442 	1
0.1449 	1
0.1456 	1
0.1463 	1
0.147 	1
0.1477 	1
0.1484 	1
0.1491 	1
0.1498 	1
0.1505 	1
0.1512 	1
0.1519 	1
0.1526 	1
0.1533 	1
0.154 	1
0.1547 	1
0.1554 	1
0.1561 	1
0.1568 	1
0.1575 	1
0.1582 	1
0.1589 	1
0.1596 	1
0.1603 	1
0.161 	1
0.1617 	1
0.1624 	1
0.1631 	1
0.1638 	1
0.1645 	1
0.1652 	1
0.1659 	1
0.1666 	1
0.1673 	1
0.168 	1
0.1687 	1
0.1694 	1
0.1701 	1
0.1708 	1
0.1715 	1
0.1722 	1
0.1729 	1
0.1736 	1
0.1743 	1
0.175 	1
0.1757 	1
0.1764 	1
0.1771 	1
0.1778 	1
0.1785 	1
0.1792 	1
0.1799 	1
0.1806 	1
0.1813 	1
0.182 	1
0.1827 	1
0.1834 	1
0.1841 	1
0.1848 	1
0.1855 	1
0.1862 	1
0.1869 	1
0.1876 	1
0.1883 	1
0.189 	1
0.1897 	1
0.1904 	1
0.1911 	1
0.1918 	1
0.1925 	1
0.1932 	1
0.1939 	1
0.1946 	1
0.1953 	1
0.196 	1
0.1967 	1
0.1974 	1
0.1981 	1
0.1988 	1
0.1995 	1
0.2002 	1
0.2009 	1
0.2016 	1
0.2023 	1
0.203 	1
0.2037 	1
0.2044 	1
0.2051 	1
0.2058 	1
0.2065 	1
0.2072 	1
0.2079 	1
0.2086 	1
0.2093 	1
0.21 	1
0.2107 	1
0.2114 	1
0.2121 	1
0.2128 	1
0.2135 	1
0.2142 	1
0.2149 	1
0.2156 	1
0.2163 	1
0.217 	1
0.2177 	1
0.2184 	1
0.2191 	1
0.2198 	1
0.2205 	1
0.2212 	1
0.2219 	1
0.2226 	1
0.2233 	1
0.224 	1
0.2247 	1
0.2254 	1
0.2261 	1
0.2268 	1
0.2275 	1
0.2282 	1
0.2289 	1
0.2296 	1
0.2303 	1
0.231 	1
0.2317 	1
0.2324 	1
0.2331 	1
0.2338 	1
0.2345 	1
0.2352 	1
0.2359 	1
0.2366 	1
0.2373 	1
0.238 	1
0.2387 	1
0.2394 	1
0.2401 	1
0.2408 	1
0.2415 	1
0.2422 	0.999999
0.2429 	0.999998
0.2436 	0.999998
0.2443 	0.999997
0.245 	0.999996
0.2457 	0.999996
0.2464 	0.999975
0.2471 	0.999832
0.2478 	0.99969
0.2485 	0.999547
0.2492 	0.999361
0.2499 	0.999151
0.2506 	0.998987
0.2513 	0.998585
0.252 	0.993076
0.2527 	0.987438
0.2534 	0.981801
0.2541 	0.974451
0.2548 	0.965389
0.2555 	0.956949
0.2562 	0.948758
0.2569 	0.91187
0.2576 	0.871735
0.2583 	0.831599
0.259 	0.782637
0.2597 	0.717789
0.2604 	0.653617
0.2611 	0.589953
0.2618 	0.527048
0.2625 	0.464482
0.2632 	0.401916
0.2639 	0.339418
0.2646 	0.277171
0.2653 	0.214838
0.266 	0.15239
0.2667 	0.110055
0.2674 	0.0803997
0.2681 	0.050744
0.2688 	0.022912
0.2695 	0.0187837
0.2702 	0.0144887
0.2709 	0.00977678
0.2716 	0.00635503
0.2723 	0.00456277
0.273 	0.00277051
0.2737 	0.000978241
0.2744 	0.00071294
0.2751 	0.000562538
0.2758 	0.000396879
0.2765 	0.000261102
0.2772 	0.000194322
0.2779 	0.000127542
0.2786 	6.07614e-05
0.2793 	3.96577e-05
0.28 	3.10104e-05
0.2807 	2.14123e-05
0.2814 	1.27734e-05
0.2821 	9.09313e-06
0.2828 	5.41282e-06
0.2835 	1.73251e-06
0.2842 	3.67625e-07
0.2849 	2.89035e-07
0.2856 	2.02791e-07
0.2863 	1.17633e-07
0.287 	8.32004e-08
0.2877 	5.00805e-08
0.2884 	1.69606e-08
0.2891 	3.63237e-10
0.2898 	2.87733e-10
0.2905 	2.06277e-10
0.2912 	1.2244e-10
0.2919 	8.42182e-11
0.2926 	5.23646e-11
0.2933 	2.05111e-11
0.294 	3.18176e-14
0.2947 	2.53726e-14
0.2954 	1.85645e-14
0.2961 	1.1484e-14
0.2968 	7.6098e-15
0.2975 	4.87987e-15
0.2982 	2.14994e-15
0.2989 	4.81738e-18
0.2996 	3.85829e-18
0.3003 	2.88258e-18
0.301 	1.88471e-18
0.3017 	1.23693e-18
0.3024 	8.14749e-19
0.3031 	3.92572e-19
0.3038 	5.46158e-22
0.3045 	4.40269e-22
0.3052 	3.333e-22
0.3059 	2.23631e-22
0.3066 	1.43336e-22
0.3073 	9.66789e-23
0.308 	5.00222e-23
0.3087 	3.36538e-24
0.3094 	2.72916e-26
0.3101 	2.09067e-26
0.3108 	1.43471e-26
0.3115 	9.00426e-27
0.3122 	6.20354e-27
0.3129 	3.40282e-27
0.3136 	6.02098e-28
0.3143 	1.67315e-30
0.315 	1.29494e-30
0.3157 	9.06811e-31
0.3164 	5.58864e-31
0.3171 	3.92427e-31
0.3178 	2.25991e-31
0.3185 	5.95538e-32
0.3192 	9.96635e-35
0.3199 	7.78478e-35
0.3206 	5.56061e-35
0.3213 	3.39793e-35
0.322 	2.41405e-35
0.3227 	1.44868e-35
0.3234 	4.83306e-36
0.3241 	5.69537e-39
0.3248 	4.48656e-39
0.3255 	3.2621e-39
0.3262 	2.03138e-39
0.3269 	1.42266e-39
0.3276 	8.84479e-40
0.3283 	3.46302e-40
0.329 	3.13121e-43
0.3297 	2.48552e-43
0.3304 	1.83573e-43
0.3311 	1.18288e-43
0.3318 	8.0544e-44
0.3325 	5.16369e-44
0.3332 	2.27298e-44
0.3339 	1.67123e-47
0.3346 	1.33567e-47
0.3353 	9.99939e-48
0.336 	6.63981e-48
0.3367 	4.42099e-48
0.3374 	2.91168e-48
0.3381 	1.40237e-48
0.3388 	8.69147e-52
0.3395 	6.99262e-52
0.3402 	5.29744e-52
0.3409 	3.61138e-52
0.3416 	2.3621e-52
0.3423 	1.59319e-52
0.343 	8.24269e-53
0.3437 	5.5352e-54
0.3444 	3.58447e-56
0.3451 	2.74423e-56
0.3458 	1.91472e-56
0.3465 	1.23493e-56
0.3472 	8.50795e-57
0.3479 	4.66659e-57
0.3486 	8.25236e-58
0.3493 	1.80272e-60
0.35 	1.39331e-60
0.3507 	9.92398e-61
0.3514 	6.33197e-61
0.3521 	4.44615e-61
0.3528 	2.56033e-61
0.3535 	6.74505e-62
0.3542 	8.89729e-65
0.3549 	6.94396e-65
0.3556 	5.03294e-65
0.3563 	3.19215e-65
0.357 	2.27558e-65
0.3577 	1.36553e-65
0.3584 	4.5549e-66
0.3591 	4.31013e-69
0.3598 	3.39556e-69
0.3605 	2.49943e-69
0.3612 	1.61069e-69
0.3619 	1.14138e-69
0.3626 	7.09586e-70
0.3633 	2.77796e-70
0.364 	2.05186e-73
0.3647 	1.63107e-73
0.3654 	1.21744e-73
0.3661 	8.09191e-74
0.3668 	5.61884e-74
0.3675 	3.60218e-74
0.3682 	1.58551e-74
0.3689 	9.61924e-78
0.3696 	7.71274e-78
0.3703 	5.83065e-78
0.371 	3.98112e-78
0.3717 	2.72122e-78
0.3724 	1.79217e-78
0.3731 	8.63127e-79
0.3738 	4.45133e-82
0.3745 	3.59871e-82
0.3752 	2.75302e-82
0.3759 	1.92467e-82
0.3766 	1.29987e-82
0.3773 	8.76722e-83
0.378 	4.53572e-83
0.3787 	3.0422e-84
0.3794 	1.65993e-86
0.3801 	1.2842e-86
0.3808 	9.16774e-87
0.3815 	6.1368e-87
0.3822 	4.22784e-87
0.3829 	2.31889e-87
0.3836 	4.09931e-88
0.3843 	7.57657e-91
0.385 	5.92532e-91
0.3857 	4.3097e-91
0.3864 	2.86686e-91
0.3871 	2.01301e-91
0.3878 	1.15917e-91
0.3885 	3.05324e-92
0.3892 	3.42221e-95
0.3899 	2.7065e-95
0.3906 	2.0006e-95
0.3913 	1.32282e-95
0.392 	9.46822e-96
0.3927 	5.68159e-96
0.3934 	1.89496e-96
0.3941 	1.5288e-99
0.3948 	1.22191e-99
0.3955 	9.16963e-100
0.3962 	6.12799e-100
0.3969 	4.39864e-100
0.3976 	2.73456e-100
0.3983 	1.07047e-100
0.399 	6.74929e-104
0.3997 	5.4486e-104
0.4004 	4.14801e-104
0.4011 	2.84751e-104
0.4018 	2.01742e-104
0.4025 	1.29333e-104
0.4032 	5.69232e-105
0.4039 	2.94233e-108
0.4046 	2.3979e-108
0.4053 	1.85105e-108
0.406 	1.30099e-108
0.4067 	9.13002e-109
0.4074 	6.01288e-109
0.4081 	2.89574e-109
0.4088 	1.26581e-112
0.4095 	1.0409e-112
0.4102 	8.14537e-113
0.4109 	5.8453e-113
0.4116 	4.07512e-113
0.4123 	2.7485e-113
0.413 	1.42189e-113
0.4137 	9.5276e-115
0.4144 	4.45493e-117
0.4151 	3.53383e-117
0.4158 	2.58344e-117
0.4165 	1.79362e-117
0.4172 	1.23567e-117
0.4179 	6.77722e-118
0.4186 	1.19772e-118
0.4193 	1.87894e-121
0.42 	1.51114e-121
0.4207 	1.12326e-121
0.4214 	7.78232e-122
0.4221 	5.46444e-122
0.4228 	3.14655e-122
0.4235 	8.28667e-123
0.4242 	7.80543e-126
0.4249 	6.35167e-126
0.4256 	4.8044e-126
0.4263 	3.30861e-126
0.427 	2.3769e-126
0.4277 	1.42627e-126
0.4284 	4.7565e-127
0.4291 	3.19234e-130
0.4298 	2.6268e-130
0.4305 	2.02136e-130
0.4312 	1.39997e-130
0.4319 	1.0169e-130
0.4326 	6.3218e-131
0.4333 	2.47455e-131
0.434 	1.28458e-134
0.4347 	1.06826e-134
0.4354 	8.3632e-135
0.4361 	5.92675e-135
0.4368 	4.27797e-135
0.4375 	2.74247e-135
0.4382 	1.20697e-135
0.4389 	5.08247e-139
0.4396 	4.2697e-139
0.4403 	3.40172e-139
0.441 	2.46015e-139
0.4417 	1.76914e-139
0.4424 	1.16511e-139
0.4431 	5.61081e-140
0.4438 	1.97654e-143
0.4445 	1.67679e-143
0.4452 	1.36024e-143
0.4459 	1.00172e-143
0.4466 	7.19246e-144
0.4473 	4.85131e-144
0.448 	2.51017e-144
0.4487 	1.69026e-145
0.4494 	1.65107e-147
0.4501 	1.4612e-147
0.4508 	1.25229e-147
0.4515 	1.06829e-147
0.4522 	9.13556e-148
0.4529 	7.58827e-148
0.4536 	6.04097e-148
0.4543 	5.26785e-148
0.455 	4.70586e-148
0.4557 	4.18569e-148
0.4564 	3.69283e-148
0.4571 	3.29708e-148
0.4578 	2.90133e-148
0.4585 	2.50559e-148
0.4592 	2.20652e-148
0.4599 	1.96115e-148
0.4606 	1.71703e-148
0.4613 	1.47872e-148
0.462 	1.30466e-148
0.4627 	1.13009e-148
0.4634 	9.55511e-149
0.4641 	8.21001e-149
0.4648 	7.26554e-149
0.4655 	6.31696e-149
0.4662 	5.36673e-149
0.4669 	4.68443e-149
0.4676 	4.01456e-149
0.4683 	3.34468e-149
0.469 	2.79717e-149
0.4697 	2.46988e-149
0.4704 	2.13916e-149
0.4711 	1.80587e-149
0.4718 	1.55454e-149
0.4725 	1.32067e-149
0.4732 	1.0868e-149
0.4739 	8.80833e-150
0.4746 	7.7718e-150
0.4753 	6.72118e-150
0.476 	5.65176e-150
0.4767 	4.80342e-150
0.4774 	4.05289e-150
0.4781 	3.30235e-150
0.4788 	2.58377e-150
0.4795 	2.28047e-150
0.4802 	1.973e-150
0.4809 	1.65509e-150
0.4816 	1.39021e-150
0.4823 	1.16664e-150
0.483 	9.43075e-151
0.4837 	7.19507e-151
0.4844 	6.26917e-151
0.4851 	5.43596e-151
0.4858 	4.55443e-151
0.4865 	3.78474e-151
0.4872 	3.16267e-151
0.4879 	2.54061e-151
0.4886 	1.91855e-151
0.4893 	1.62055e-151
0.49 	1.41092e-151
0.4907 	1.18176e-151
0.4914 	9.7265e-152
0.4921 	8.10186e-152
0.4928 	6.47722e-152
0.4935 	4.85258e-152
0.4942 	3.95141e-152
0.4949 	3.45214e-152
0.4956 	2.90016e-152
0.4963 	2.35982e-152
0.497 	1.967e-152
0.4977 	1.56716e-152
0.4984 	1.16732e-152
0.4991 	9.11466e-153
0.4998 	7.99591e-153
0.5005 	6.75019e-153
0.5012 	5.45368e-153
0.5019 	4.53817e-153
0.5026 	3.60764e-153
0.5033 	2.6771e-153
0.504 	1.99443e-153
0.5047 	1.7579e-153
0.5054 	1.49412e-153
0.5061 	1.20992e-153
0.5068 	9.97543e-154
0.5075 	7.92065e-154
0.5082 	5.86587e-154
0.5089 	4.14998e-154
0.5096 	3.67663e-154
0.5103 	3.15226e-154
0.511 	2.5599e-154
0.5117 	2.09356e-154
0.5124 	1.66188e-154
0.5131 	1.2302e-154
0.5138 	8.22945e-155
0.5145 	7.33062e-155
0.5152 	6.35229e-155
0.5159 	5.17522e-155
0.5166 	4.20323e-155
0.5173 	3.33832e-155
0.518 	2.47341e-155
0.5187 	1.6085e-155
0.5194 	1.39602e-155
0.5201 	1.22497e-155
0.5208 	1.00143e-155
0.5215 	8.08597e-156
0.5222 	6.42965e-156
0.5229 	4.77333e-156
0.5236 	3.11701e-156
0.5243 	2.54305e-156
0.525 	2.26427e-156
0.5257 	1.85778e-156
0.5264 	1.4928e-156
0.5271 	1.18906e-156
0.5278 	8.85326e-157
0.5285 	5.8159e-157
0.5292 	4.438e-157
0.5299 	3.98198e-157
0.5306 	3.30907e-157
0.5313 	2.63287e-157
0.532 	2.11436e-157
0.5327 	1.58006e-157
0.5334 	1.04577e-157
0.5341 	7.43064e-158
0.5348 	6.71952e-158
0.5355 	5.66747e-158
0.5362 	4.47904e-158
0.5369 	3.61976e-158
0.5376 	2.71669e-158
0.5383 	1.81361e-158
0.539 	1.19531e-158
0.5397 	1.08956e-158
0.5404 	9.34691e-159
0.5411 	7.42989e-159
0.5418 	5.97403e-159
0.5425 	4.50505e-159
0.5432 	3.03608e-159
0.5439 	1.84977e-159
0.5446 	1.69986e-159
0.5453 	1.48646e-159
0.546 	1.18839e-159
0.5467 	9.51688e-160
0.5474 	7.21349e-160
0.5481 	4.9101e-160
0.5488 	2.75678e-160
0.5495 	2.55411e-160
0.5502 	2.28158e-160
0.5509 	1.83442e-160
0.5516 	1.4646e-160
0.5523 	1.11612e-160
0.553 	7.67647e-161
0.5537 	4.19171e-161
0.5544 	3.69998e-161
0.5551 	3.38324e-161
0.5558 	2.73518e-161
0.5565 	2.17904e-161
0.5572 	1.66987e-161
0.5579 	1.1607e-161
0.5586 	6.51538e-162
0.5593 	5.17229e-162
0.56 	4.85149e-162
0.5607 	3.94316e-162
0.5614 	3.137e-162
0.5621 	2.41775e-162
0.5628 	1.69851e-162
0.5635 	9.79258e-163
0.5642 	6.98496e-163
0.5649 	6.61327e-163
0.5656 	5.50346e-163
0.5663 	4.33761e-163
0.567 	3.39149e-163
0.5677 	2.40778e-163
0.5684 	1.42407e-163
0.5691 	9.12019e-164
0.5698 	8.71607e-164
0.5705 	7.44243e-164
0.5712 	5.82098e-164
0.5719 	4.61272e-164
0.5726 	3.30909e-164
0.5733 	2.00546e-164
0.574 	1.15284e-164
0.5747 	1.11202e-164
0.5754 	9.76281e-165
0.5761 	7.6935e-165
0.5768 	6.0888e-165
0.5775 	4.41286e-165
0.5782 	2.73693e-165
0.5789 	1.41215e-165
0.5796 	1.37487e-165
0.5803 	1.24362e-165
0.581 	9.87096e-166
0.5817 	7.80816e-166
0.5824 	5.71557e-166
0.5831 	3.62299e-166
0.5838 	1.67781e-166
0.5845 	1.6487e-166
0.5852 	1.53957e-166
0.5859 	1.23038e-166
0.5866 	9.73404e-167
0.5873 	7.19433e-167
0.588 	4.65463e-167
0.5887 	2.11492e-167
0.5894 	1.91893e-167
0.5901 	1.85364e-167
0.5908 	1.49104e-167
0.5915 	1.18046e-167
0.5922 	8.80642e-168
0.5929 	5.80825e-168
0.5936 	2.81009e-168
0.5943 	2.16997e-168
0.595 	2.17291e-168
0.5957 	1.75872e-168
0.5964 	1.39407e-168
0.5971 	1.04942e-168
0.5978 	7.04763e-169
0.5985 	3.60111e-169
0.5992 	2.38723e-169
0.5999 	2.41366e-169
0.6006 	2.02192e-169
0.6013 	1.58835e-169
0.602 	1.219e-169
0.6027 	8.32688e-170
0.6034 	4.46376e-170
0.6041 	2.55922e-170
0.6048 	2.61316e-170
0.6055 	2.26979e-170
0.6062 	1.76751e-170
0.6069 	1.38273e-170
0.6076 	9.59738e-171
0.6083 	5.3675e-171
0.609 	2.67844e-171
0.6097 	2.76275e-171
0.6104 	2.49302e-171
0.6111 	1.95776e-171
0.6118 	1.53457e-171
0.6125 	1.08124e-171
0.6132 	6.27904e-172
0.6139 	2.74205e-172
0.6146 	2.858e-172
0.6153 	2.68446e-172
0.616 	2.12492e-172
0.6167 	1.66956e-172
0.6174 	1.19301e-172
0.6181 	7.16456e-173
0.6188 	2.74996e-173
0.6195 	2.89671e-173
0.6202 	2.83738e-173
0.6209 	2.26285e-173
0.6216 	1.78274e-173
0.6223 	1.29078e-173
0.623 	7.98812e-174
0.6237 	3.06846e-174
0.6244 	2.87938e-174
0.6251 	2.94632e-174
0.6258 	2.36636e-174
0.6265 	1.8698e-174
0.6272 	1.37069e-174
0.6279 	8.71584e-175
0.6286 	3.72477e-175
0.6293 	2.81177e-175
0.63 	3.0109e-175
0.6307 	2.43431e-175
0.6314 	1.92949e-175
0.6321 	1.43105e-175
0.6328 	9.32609e-176
0.6335 	4.3417e-176
0.6342 	2.70298e-176
0.6349 	2.92287e-176
0.6356 	2.46933e-176
0.6363 	1.94023e-176
0.637 	1.47253e-176
0.6377 	9.81416e-177
0.6384 	4.90304e-177
0.6391 	2.56596e-177
0.6398 	2.80282e-177
0.6405 	2.47785e-177
0.6412 	1.92815e-177
0.6419 	1.49803e-177
0.6426 	1.01908e-177
0.6433 	5.40125e-178
0.644 	2.4118e-178
0.6447 	2.66237e-178
0.6454 	2.46674e-178
0.6461 	1.93646e-178
0.6468 	1.5112e-178
0.6475 	1.04761e-178
0.6482 	5.84032e-179
0.6489 	2.25407e-179
0.6496 	2.51604e-179
0.6503 	2.44709e-179
0.651 	1.93691e-179
0.6517 	1.51832e-179
0.6524 	1.07099e-179
0.6531 	6.23658e-180
0.6538 	2.10226e-180
0.6545 	2.37422e-180
0.6552 	2.4281e-180
0.6559 	1.93676e-180
0.6566 	1.52492e-180
0.6573 	1.09296e-180
0.658 	6.60994e-181
0.6587 	2.29031e-181
0.6594 	2.24281e-181
0.6601 	2.41589e-181
0.6608 	1.94099e-181
0.6615 	1.53486e-181
0.6622 	1.11642e-181
0.6629 	6.97985e-182
0.6636 	2.79545e-182
0.6643 	2.12693e-182
0.665 	2.41722e-182
0.6657 	1.95525e-182
0.6664 	1.55257e-182
0.6671 	1.14474e-182
0.6678 	7.36906e-183
0.6685 	3.29073e-183
0.6692 	2.02713e-183
0.6699 	2.3272e-183
0.6706 	1.98194e-183
0.6713 	1.5599e-183
0.672 	1.17954e-183
0.6727 	7.79067e-184
0.6734 	3.78598e-184
0.6741 	1.9387e-184
0.6748 	2.24876e-184
0.6755 	2.01842e-184
0.6762 	1.57193e-184
0.6769 	1.21942e-184
0.6776 	8.23685e-185
0.6783 	4.27952e-185
0.679 	1.84923e-185
0.6797 	2.16749e-185
0.6804 	2.05237e-185
0.6811 	1.6122e-185
0.6818 	1.25698e-185
0.6825 	8.65643e-186
0.6832 	4.74306e-186
0.6839 	1.73693e-186
0.6846 	2.05714e-186
0.6853 	2.05662e-186
0.686 	1.62844e-186
0.6867 	1.27539e-186
0.6874 	8.92939e-187
0.6881 	5.10486e-187
0.6888 	1.57565e-187
0.6895 	1.88509e-187
0.6902 	1.99102e-187
0.6909 	1.58815e-187
0.6916 	1.24898e-187
0.6923 	8.86496e-188
0.693 	5.24011e-188
0.6937 	1.61526e-188
0.6944 	1.61354e-188
0.6951 	1.80022e-188
0.6958 	1.44529e-188
0.6965 	1.14098e-188
0.6972 	8.19345e-189
0.6979 	4.9771e-189
0.6986 	1.76075e-189
0.6993 	1.24506e-189
0.7 	1.46587e-189
