0 	1
0.0007 	1
0.0014 	1
0.0021 	1
0.0028 	1
0.0035 	1
0.0042 	1
0.0049 	1
0.0056 	1
0.0063 	1
0.007 	1
0.0077 	1
0.0084 	1
0.0091 	1
0.0098 	1
0.0105 	1
0.0112 	1
0.0119 	1
0.0126 	1
0.0133 	1
0.014 	1
0.0147 	1
0.0154 	1
0.0161 	1
0.0168 	1
0.0175 	1
0.0182 	1
0.0189 	1
0.0196 	1
0.0203 	1
0.021 	1
0.0217 	1
0.0224 	1
0.0231 	1
0.0238 	1
0.0245 	1
0.0252 	1
0.0259 	1
0.0266 	1
0.0273 	1
0.028 	1
0.0287 	1
0.0294 	1
0.0301 	1
0.0308 	1
0.0315 	1
0.0322 	1
0.0329 	1
0.0336 	1
0.0343 	1
0.035 	1
0.0357 	1
0.0364 	1
0.0371 	1
0.0378 	1
0.0385 	1
0.0392 	1
0.0399 	1
0.0406 	1
0.0413 	1
0.042 	1
0.0427 	1
0.0434 	1
0.0441 	1
0.0448 	1
0.0455 	1
0.0462 	1
0.0469 	1
0.0476 	1
0.0483 	1
0.049 	1
0.0497 	1
0.0504 	1
0.0511 	1
0.0518 	1
0.0525 	1
0.0532 	1
0.0539 	1
0.0546 	1
0.0553 	1
0.056 	1
0.0567 	1
0.0574 	1
0.0581 	1
0.0588 	1
0.0595 	1
0.0602 	1
0.0609 	1
0.0616 	1
0.0623 	1
0.063 	1
0.0637 	1
0.0644 	1
0.0651 	1
0.0658 	1
0.0665 	1
0.0672 	1
0.0679 	1
0.0686 	1
0.0693 	1
0.07 	1
0.0707 	1
0.0714 	1
0.0721 	1
0.0728 	1
0.0735 	1
0.0742 	1
0.0749 	1
0.0756 	1
0.0763 	1
0.077 	1
0.0777 	1
0.0784 	1
0.0791 	1
0.0798 	1
0.0805 	1
0.0812 	1
0.0819 	1
0.0826 	1
0.0833 	1
0.084 	1
0.0847 	1
0.0854 	1
0.0861 	1
0.0868 	1
0.0875 	1
0.0882 	1
0.0889 	1
0.0896 	1
0.0903 	1
0.091 	1
0.0917 	1
0.0924 	1
0.0931 	1
0.0938 	1
0.0945 	1
0.0952 	1
0.0959 	1
0.0966 	1
0.0973 	1
0.098 	1
0.0987 	1
0.0994 	1
0.1001 	1
0.1008 	1
0.1015 	1
0.1022 	1
0.1029 	1
0.1036 	1
0.1043 	1
0.105 	1
0.1057 	1
0.1064 	1
0.1071 	1
0.1078 	1
0.1085 	1
0.1092 	1
0.1099 	1
0.1106 	1
0.1113 	1
0.112 	1
0.1127 	1
0.1134 	1
0.1141 	1
0.1148 	1
0.1155 	1
0.1162 	1
0.1169 	1
0.1176 	1
0.1183 	1
0.119 	1
0.1197 	1
0.1204 	1
0.1211 	1
0.1218 	1
0.1225 	1
0.1232 	1
0.1239 	1
0.1246 	1
0.1253 	1
0.126 	1
0.1267 	1
0.1274 	1
0.1281 	1
0.1288 	1
0.1295 	1
0.1302 	1
0.1309 	1
0.1316 	1
0.1323 	1
0.133 	1
0.1337 	1
0.1344 	1
0.1351 	1
0.1358 	1
0.1365 	1
0.1372 	1
0.1379 	1
0.1386 	1
0.1393 	1
0.14 	1
0.1407 	1
0.1414 	1
0.1421 	1
0.1428 	1
0.1435 	1
0.1442 	1
0.1449 	1
0.1456 	1
0.1463 	1
0.147 	1
0.1477 	1
0.1484 	1
0.1491 	1
0.1498 	1
0.1505 	1
0.1512 	1
0.1519 	1
0.1526 	1
0.1533 	1
0.154 	1
0.1547 	1
0.1554 	1
0.1561 	1
0.1568 	1
0.1575 	1
0.1582 	1
0.1589 	1
0.1596 	1
0.1603 	1
0.161 	1
0.1617 	1
0.1624 	1
0.1631 	1
0.1638 	1
0.1645 	1
0.1652 	1
0.1659 	1
0.1666 	1
0.1673 	1
0.168 	1
0.1687 	1
0.1694 	1
0.1701 	1
0.1708 	1
0.1715 	1
0.1722 	1
0.1729 	1
0.1736 	1
0.1743 	1
0.175 	1
0.1757 	1
0.1764 	1
0.1771 	1
0.1778 	1
0.1785 	1
0.1792 	1
0.1799 	1
0.1806 	1
0.1813 	1
0.182 	1
0.1827 	1
0.1834 	1
0.1841 	1
0.1848 	1
0.1855 	1
0.1862 	1
0.1869 	1
0.1876 	1
0.1883 	1
0.189 	1
0.1897 	1
0.1904 	1
0.1911 	1
0.1918 	1
0.1925 	1
0.1932 	1
0.1939 	1
0.1946 	1
0.1953 	1
0.196 	1
0.1967 	1
0.1974 	1
0.1981 	1
0.1988 	1
0.1995 	1
0.2002 	1
0.2009 	1
0.2016 	1
0.2023 	1
0.203 	1
0.2037 	1
0.2044 	1
0.2051 	1
0.2058 	1
0.2065 	1
0.2072 	1
0.2079 	1
0.2086 	1
0.2093 	1
0.21 	1
0.2107 	1
0.2114 	1
0.2121 	1
0.2128 	1
0.2135 	1
0.2142 	1
0.2149 	1
0.2156 	1
0.2163 	1
0.217 	1
0.2177 	1
0.2184 	1
0.2191 	1
0.2198 	1
0.2205 	1
0.2212 	1
0.2219 	1
0.2226 	1
0.2233 	1
0.224 	1
0.2247 	1
0.2254 	1
0.2261 	1
0.2268 	1
0.2275 	1
0.2282 	1
0.2289 	1
0.2296 	1
0.2303 	1
0.231 	1
0.2317 	1
0.2324 	1
0.2331 	1
0.2338 	1
0.2345 	1
0.2352 	1
0.2359 	1
0.2366 	1
0.2373 	1
0.238 	1
0.2387 	1
0.2394 	1
0.2401 	1
0.2408 	0.999999
0.2415 	0.999998
0.2422 	0.999998
0.2429 	0.999997
0.2436 	0.999996
0.2443 	0.999995
0.245 	0.999994
0.2457 	0.999989
0.2464 	0.999976
0.2471 	0.999964
0.2478 	0.999952
0.2485 	0.99994
0.2492 	0.999928
0.2499 	0.999913
0.2506 	0.999845
0.2513 	0.999621
0.252 	0.999397
0.2527 	0.999174
0.2534 	0.99895
0.2541 	0.998726
0.2548 	0.99846
0.2555 	0.997522
0.2562 	0.991222
0.2569 	0.984925
0.2576 	0.978629
0.2583 	0.972333
0.259 	0.966036
0.2597 	0.959037
0.2604 	0.949497
0.2611 	0.904832
0.2618 	0.858685
0.2625 	0.81254
0.2632 	0.766394
0.2639 	0.720249
0.2646 	0.672862
0.2653 	0.595787
0.266 	0.531335
0.2667 	0.469556
0.2674 	0.407777
0.2681 	0.345997
0.2688 	0.284218
0.2695 	0.222438
0.2702 	0.172719
0.2709 	0.141059
0.2716 	0.117458
0.2723 	0.0938527
0.273 	0.0702473
0.2737 	0.046642
0.2744 	0.0230366
0.2751 	0.0137929
0.2758 	0.0105564
0.2765 	0.00864569
0.2772 	0.00673426
0.2779 	0.00482282
0.2786 	0.00291139
0.2793 	0.000999951
0.28 	0.000211692
0.2807 	0.000152446
0.2814 	0.000124998
0.2821 	9.75366e-05
0.2828 	7.00747e-05
0.2835 	4.26128e-05
0.2842 	1.5151e-05
0.2849 	4.13786e-07
0.2856 	2.80302e-07
0.2863 	2.3098e-07
0.287 	1.81623e-07
0.2877 	1.32266e-07
0.2884 	8.29094e-08
0.2891 	3.35527e-08
0.2898 	7.3434e-11
0.2905 	4.66377e-11
0.2912 	3.86349e-11
0.2919 	3.06235e-11
0.2926 	2.26115e-11
0.2933 	1.45994e-11
0.294 	6.58733e-12
0.2947 	3.28509e-15
0.2954 	2.10735e-15
0.2961 	1.71843e-15
0.2968 	1.37249e-15
0.2975 	1.0264e-15
0.2982 	6.80319e-16
0.2989 	3.34233e-16
0.2996 	1.58101e-19
0.3003 	1.09459e-19
0.301 	8.27879e-20
0.3017 	6.66002e-20
0.3024 	5.0393e-20
0.3031 	3.41857e-20
0.3038 	1.79785e-20
0.3045 	1.77131e-21
0.3052 	5.71008e-24
0.3059 	4.04498e-24
0.3066 	3.27652e-24
0.3073 	2.50609e-24
0.308 	1.73565e-24
0.3087 	9.6522e-25
0.3094 	1.94786e-25
0.3101 	2.99576e-28
0.3108 	2.01024e-28
0.3115 	1.63911e-28
0.3122 	1.26628e-28
0.3129 	8.93443e-29
0.3136 	5.20608e-29
0.3143 	1.47773e-29
0.315 	1.56132e-32
0.3157 	1.00017e-32
0.3164 	8.20694e-33
0.3171 	6.39919e-33
0.3178 	4.59144e-33
0.3185 	2.78368e-33
0.3192 	9.75932e-34
0.3199 	7.6211e-37
0.3206 	4.87e-37
0.3213 	4.02038e-37
0.322 	3.16194e-37
0.3227 	2.3035e-37
0.3234 	1.44506e-37
0.3241 	5.8662e-38
0.3248 	3.5918e-41
0.3255 	2.2821e-41
0.3262 	1.89457e-41
0.3269 	1.50235e-41
0.3276 	1.10977e-41
0.3283 	7.17186e-42
0.329 	3.24604e-42
0.3297 	1.61918e-45
0.3304 	1.04076e-45
0.3311 	8.53056e-46
0.3318 	6.81852e-46
0.3325 	5.10115e-46
0.3332 	3.38378e-46
0.3339 	1.66641e-46
0.3346 	6.97801e-50
0.3353 	4.82333e-50
0.336 	3.67493e-50
0.3367 	2.95959e-50
0.3374 	2.24016e-50
0.3381 	1.52073e-50
0.3388 	8.01304e-51
0.3395 	8.18757e-52
0.3402 	2.13252e-54
0.3409 	1.52236e-54
0.3416 	1.2348e-54
0.3423 	9.44755e-55
0.343 	6.54711e-55
0.3437 	3.64667e-55
0.3444 	7.46233e-56
0.3451 	9.04558e-59
0.3458 	6.09714e-59
0.3465 	4.97902e-59
0.3472 	3.84762e-59
0.3479 	2.71622e-59
0.3486 	1.58482e-59
0.3493 	4.53414e-60
0.35 	3.6966e-63
0.3507 	2.36941e-63
0.3514 	1.94738e-63
0.3521 	1.51884e-63
0.3528 	1.0903e-63
0.3535 	6.6176e-64
0.3542 	2.3322e-64
0.3549 	1.39992e-67
0.3556 	8.94545e-68
0.3563 	7.39727e-68
0.357 	5.81925e-68
0.3577 	4.24122e-68
0.3584 	2.6632e-68
0.3591 	1.08517e-68
0.3598 	5.15181e-72
0.3605 	3.27978e-72
0.3612 	2.72719e-72
0.3619 	2.16337e-72
0.3626 	1.59869e-72
0.3633 	1.03401e-72
0.364 	4.69325e-73
0.3647 	1.84086e-76
0.3654 	1.18453e-76
0.3661 	9.74976e-77
0.3668 	7.79739e-77
0.3675 	5.83557e-77
0.3682 	3.87376e-77
0.3689 	1.91194e-77
0.3696 	6.38157e-81
0.3703 	4.40802e-81
0.371 	3.37908e-81
0.3717 	2.72333e-81
0.3724 	2.06201e-81
0.3731 	1.40069e-81
0.3738 	7.39369e-82
0.3745 	7.80485e-83
0.3752 	1.57675e-85
0.3759 	1.13527e-85
0.3766 	9.21675e-86
0.3773 	7.05387e-86
0.378 	4.89099e-86
0.3787 	2.72812e-86
0.3794 	5.65236e-87
0.3801 	1.92355e-90
0.3808 	8.92504e-91
0.3815 	-9.34618e-92
0.3822 	-7.80135e-91
0.3829 	-1.46681e-90
0.3836 	-2.15348e-90
0.3843 	-2.84015e-90
0.385 	-4.67779e-90
0.3857 	-2.3297e-90
0.3864 	-7.98603e-91
0.3871 	-7.98678e-91
0.3878 	-7.98754e-91
0.3885 	-7.98829e-91
0.3892 	-7.98905e-91
0.3899 	-1.10218e-90
0.3906 	-6.54962e-91
0.3913 	-1.45202e-91
0.392 	-1.45212e-91
0.3927 	-1.45221e-91
0.3934 	-1.45231e-91
0.3941 	-1.45241e-91
0.3948 	-1.82865e-91
0.3955 	-1.32804e-91
0.3962 	-2.90972e-92
0.3969 	-2.1691e-92
0.3976 	-2.16924e-92
0.3983 	-2.16939e-92
0.399 	-2.16953e-92
0.3997 	-2.47027e-92
0.4004 	-2.21024e-92
0.4011 	-6.19773e-93
0.4018 	-2.80094e-93
0.4025 	-2.80112e-93
0.4032 	-2.8013e-93
0.4039 	-2.80148e-93
0.4046 	-2.85276e-93
0.4053 	-3.18838e-93
0.406 	-1.06355e-93
0.4067 	-3.20492e-94
0.4074 	-3.20513e-94
0.4081 	-3.20533e-94
0.4088 	-3.20554e-94
0.4095 	-3.20574e-94
0.4102 	-4.03047e-94
0.4109 	-1.53505e-94
0.4116 	-3.2975e-95
0.4123 	-3.29771e-95
0.413 	-3.29791e-95
0.4137 	-3.29812e-95
0.4144 	-3.29833e-95
0.4151 	-4.53983e-95
0.4158 	-1.91863e-95
0.4165 	-3.08107e-96
0.4172 	-3.08126e-96
0.4179 	-3.08145e-96
0.4186 	-3.08164e-96
0.4193 	-3.08183e-96
0.42 	-4.60871e-96
0.4207 	-2.11792e-96
0.4214 	-2.6336e-97
0.4221 	-2.63376e-97
0.4228 	-2.63392e-97
0.4235 	-2.63408e-97
0.4242 	-2.63424e-97
0.4249 	-3.62269e-97
0.4256 	-2.09375e-97
0.4263 	-2.07138e-98
0.427 	-2.0715e-98
0.4277 	-2.07163e-98
0.4284 	-2.07175e-98
0.4291 	-2.07188e-98
0.4298 	-2.60046e-98
0.4305 	-1.87307e-98
0.4312 	-2.65468e-99
0.4319 	-1.50649e-99
0.4326 	-1.50657e-99
0.4333 	-1.50666e-99
0.434 	-1.50675e-99
0.4347 	-1.71035e-99
0.4354 	-1.53031e-99
0.4361 	-3.5355e-100
0.4368 	-1.0173e-100
0.4375 	-1.01736e-100
0.4382 	-1.01742e-100
0.4389 	-1.01748e-100
0.4396 	-1.03298e-100
0.4403 	-1.1545e-100
0.441 	-3.48729e-101
0.4417 	-6.40316e-102
0.4424 	-6.40352e-102
0.4431 	-6.40388e-102
0.4438 	-6.40424e-102
0.4445 	-6.4046e-102
0.4452 	-8.02847e-102
0.4459 	-2.89562e-102
0.4466 	-3.76987e-103
0.4473 	-3.77008e-103
0.448 	-3.77029e-103
0.4487 	-3.7705e-103
0.4494 	-3.77071e-103
0.4501 	-5.17494e-103
0.4508 	-2.12142e-103
0.4515 	-2.08307e-104
0.4522 	-2.08318e-104
0.4529 	-2.0833e-104
0.4536 	-2.08341e-104
0.4543 	-2.08352e-104
0.455 	-3.10692e-104
0.4557 	-1.40432e-104
0.4564 	-1.08378e-105
0.4571 	-1.08384e-105
0.4578 	-1.0839e-105
0.4585 	-1.08395e-105
0.4592 	-1.08401e-105
0.4599 	-1.4866e-105
0.4606 	-8.52232e-106
0.4613 	-5.32653e-107
0.462 	-5.3268e-107
0.4627 	-5.32707e-107
0.4634 	-5.32735e-107
0.4641 	-5.32762e-107
0.4648 	-6.66852e-107
0.4655 	-4.78953e-107
0.4662 	-5.50856e-108
0.4669 	-2.48108e-108
0.4676 	-2.4812e-108
0.4683 	-2.48132e-108
0.469 	-2.48145e-108
0.4697 	-2.8092e-108
0.4704 	-2.5135e-108
0.4711 	-5.33791e-109
0.4718 	-1.09876e-109
0.4725 	-1.09881e-109
0.4732 	-1.09886e-109
0.4739 	-1.09892e-109
0.4746 	-1.11273e-109
0.4753 	-1.24364e-109
0.476 	-3.59866e-110
0.4767 	-4.64156e-111
0.4774 	-4.64177e-111
0.4781 	-4.64199e-111
0.4788 	-4.6422e-111
0.4795 	-4.64241e-111
0.4802 	-5.80462e-111
0.4809 	-2.0443e-111
0.4816 	-1.87631e-112
0.4823 	-1.87639e-112
0.483 	-1.87647e-112
0.4837 	-1.87655e-112
0.4844 	-1.87664e-112
0.4851 	-2.56908e-112
0.4858 	-1.03909e-112
0.4865 	-7.27978e-114
0.4872 	-7.28008e-114
0.4879 	-7.28038e-114
0.4886 	-7.28069e-114
0.4893 	-7.28099e-114
0.49 	-1.08308e-113
0.4907 	-4.85949e-114
0.4914 	-2.71809e-115
0.4921 	-2.7182e-115
0.4928 	-2.7183e-115
0.4935 	-2.71841e-115
0.4942 	-2.71851e-115
0.4949 	-3.71927e-115
0.4956 	-2.12439e-115
0.4963 	-9.78803e-117
0.497 	-9.78837e-117
0.4977 	-9.78871e-117
0.4984 	-9.78905e-117
0.4991 	-9.78939e-117
0.4998 	-1.22248e-116
0.5005 	-8.76883e-117
0.5012 	-9.02383e-118
0.5019 	-3.40508e-118
0.5026 	-3.40518e-118
0.5033 	-3.40529e-118
0.504 	-3.40539e-118
0.5047 	-3.84647e-118
0.5054 	-3.44158e-118
0.5061 	-7.01448e-119
0.5068 	-1.14541e-119
0.5075 	-1.14544e-119
0.5082 	-1.14547e-119
0.5089 	-1.1455e-119
0.5096 	-1.15734e-119
0.5103 	-1.2935e-119
0.511 	-3.66591e-120
0.5117 	-3.7272e-121
0.5124 	-3.72727e-121
0.5131 	-3.72734e-121
0.5138 	-3.72742e-121
0.5145 	-3.72749e-121
0.5152 	-4.65076e-121
0.5159 	-1.61878e-121
0.5166 	-1.17311e-122
0.5173 	-1.17313e-122
0.518 	-1.17314e-122
0.5187 	-1.17315e-122
0.5194 	-1.17317e-122
0.5201 	-1.60273e-122
0.5208 	-6.43772e-123
0.5215 	-3.56969e-124
0.5222 	-3.5697e-124
0.5229 	-3.56972e-124
0.5236 	-3.56973e-124
0.5243 	-3.56975e-124
0.525 	-5.29954e-124
0.5257 	-2.3682e-124
0.5264 	-1.04949e-125
0.5271 	-1.04948e-125
0.5278 	-1.04947e-125
0.5285 	-1.04947e-125
0.5292 	-1.04946e-125
0.5299 	-1.433e-125
0.5306 	-8.16757e-126
0.5313 	-2.97915e-127
0.532 	-2.9791e-127
0.5327 	-2.97904e-127
0.5334 	-2.97899e-127
0.5341 	-2.97893e-127
0.5348 	-3.713e-127
0.5355 	-2.6611e-127
0.5362 	-2.53574e-128
0.5369 	-8.16061e-129
0.5376 	-8.16034e-129
0.5383 	-8.16007e-129
0.539 	-8.1598e-129
0.5397 	-9.19971e-129
0.5404 	-8.23132e-129
0.5411 	-1.62985e-129
0.5418 	-2.15644e-130
0.5425 	-2.15633e-130
0.5432 	-2.15621e-130
0.5439 	-2.1561e-130
0.5446 	-2.17449e-130
0.5453 	-2.4303e-130
0.546 	-6.78216e-131
0.5467 	-5.49647e-132
0.5474 	-5.49606e-132
0.5481 	-5.49566e-132
0.5488 	-5.49525e-132
0.5495 	-5.49484e-132
0.5502 	-6.84447e-132
0.5509 	-2.36054e-132
0.5516 	-1.35159e-133
0.5523 	-1.35145e-133
0.553 	-1.35131e-133
0.5537 	-1.35117e-133
0.5544 	-1.35103e-133
0.5551 	-1.84275e-133
0.5558 	-7.36036e-134
0.5565 	-3.20786e-135
0.5572 	-3.20742e-135
0.5579 	-3.20697e-135
0.5586 	-3.20653e-135
0.5593 	-3.20609e-135
0.56 	-4.75218e-135
0.5607 	-2.11655e-135
0.5614 	-7.35383e-137
0.5621 	-7.35247e-137
0.5628 	-7.35111e-137
0.5635 	-7.34976e-137
0.5642 	-7.3484e-137
0.5649 	-1.00185e-136
0.5656 	-5.70006e-137
0.5663 	-1.62987e-138
0.567 	-1.62947e-138
0.5677 	-1.62907e-138
0.5684 	-1.62867e-138
0.5691 	-1.62828e-138
0.5698 	-2.02642e-138
0.5705 	-1.45133e-138
0.5712 	-1.29388e-139
0.5719 	-3.49534e-140
0.5726 	-3.49422e-140
0.5733 	-3.4931e-140
0.574 	-3.49197e-140
0.5747 	-3.93096e-140
0.5754 	-3.51719e-140
0.5761 	-6.80444e-141
0.5768 	-7.26643e-142
0.5775 	-7.26336e-142
0.5782 	-7.2603e-142
0.5789 	-7.25723e-142
0.5796 	-7.30754e-142
0.5803 	-8.16719e-142
0.581 	-2.25247e-142
0.5817 	-1.466e-143
0.5824 	-1.46519e-143
0.5831 	-1.46437e-143
0.5838 	-1.46356e-143
0.5845 	-1.46275e-143
0.5852 	-1.81981e-143
0.5859 	-6.23441e-144
0.5866 	-2.87429e-145
0.5873 	-2.8722e-145
0.588 	-2.87011e-145
0.5887 	-2.86802e-145
0.5894 	-2.86593e-145
0.5901 	-3.90409e-145
0.5908 	-1.55333e-145
0.5915 	-5.48405e-147
0.5922 	-5.47882e-147
0.5929 	-5.47359e-147
0.5936 	-5.46837e-147
0.5943 	-5.46314e-147
0.595 	-8.08666e-147
0.5957 	-3.59379e-147
0.5964 	-1.01955e-148
0.5971 	-1.01828e-148
0.5978 	-1.017e-148
0.5985 	-1.01573e-148
0.5992 	-1.01446e-148
0.5999 	-1.38094e-148
0.6006 	-7.84815e-149
0.6013 	-1.84917e-150
0.602 	-1.84616e-150
0.6027 	-1.84315e-150
0.6034 	-1.84013e-150
0.6041 	-1.83712e-150
0.6048 	-2.28211e-150
0.6055 	-1.63379e-150
0.6062 	-1.39488e-151
0.6069 	-3.26882e-152
0.6076 	-3.26187e-152
0.6083 	-3.25491e-152
0.609 	-3.24796e-152
0.6097 	-3.64778e-152
0.6104 	-3.26387e-152
0.6111 	-6.22613e-153
0.6118 	-5.65879e-154
0.6125 	-5.64316e-154
0.6132 	-5.62754e-154
0.6139 	-5.61191e-154
0.6146 	-5.63373e-154
0.6153 	-6.29628e-154
0.616 	-1.72463e-154
0.6167 	-9.58957e-156
0.6174 	-9.55535e-156
0.6181 	-9.52113e-156
0.6188 	-9.4869e-156
0.6195 	-9.45268e-156
0.6202 	-1.17474e-155
0.6209 	-4.00957e-156
0.6216 	-1.59307e-157
0.6223 	-1.58576e-157
0.623 	-1.57846e-157
0.6237 	-1.57116e-157
0.6244 	-1.56386e-157
0.6251 	-2.12666e-157
0.6258 	-8.4444e-158
0.6265 	-2.59878e-159
0.6272 	-2.5836e-159
0.6279 	-2.56842e-159
0.6286 	-2.55324e-159
0.6293 	-2.53805e-159
0.63 	-3.74662e-159
0.6307 	-1.6634e-159
0.6314 	-4.1716e-161
0.6321 	-4.14084e-161
0.6328 	-4.11009e-161
0.6335 	-4.07933e-161
0.6342 	-4.04857e-161
0.6349 	-5.48842e-161
0.6356 	-3.11796e-161
0.6363 	-6.60495e-163
0.637 	-6.54423e-163
0.6377 	-6.48351e-163
0.6384 	-6.42279e-163
0.6391 	-6.36207e-163
0.6398 	-7.85531e-163
0.6405 	-5.62344e-163
0.6412 	-4.71341e-164
0.6419 	-1.0225e-164
0.6426 	-1.01082e-164
0.6433 	-9.9914e-165
0.644 	-9.8746e-165
0.6447 	-1.0995e-164
0.6454 	-9.83858e-165
0.6461 	-1.86787e-165
0.6468 	-1.58355e-166
0.6475 	-1.56165e-166
0.6482 	-1.53975e-166
0.6489 	-1.51786e-166
0.6496 	-1.50584e-166
0.6503 	-1.68272e-166
0.651 	-4.60218e-167
0.6517 	-2.43635e-168
0.6524 	-2.39634e-168
0.6531 	-2.35634e-168
0.6538 	-2.31634e-168
0.6545 	-2.27634e-168
0.6552 	-2.8226e-168
0.6559 	-9.63195e-169
0.6566 	-3.72984e-170
0.6573 	-3.6586e-170
0.658 	-3.58737e-170
0.6587 	-3.51614e-170
0.6594 	-3.44491e-170
0.6601 	-4.66188e-170
0.6608 	-1.85188e-170
0.6615 	-5.69745e-172
0.6622 	-5.5738e-172
0.6629 	-5.45014e-172
0.6636 	-5.32649e-172
0.6643 	-5.20284e-172
0.665 	-7.61914e-172
0.6657 	-3.38499e-172
0.6664 	-8.68041e-174
0.6671 	-8.47077e-174
0.6678 	-8.26114e-174
0.6685 	-8.0515e-174
0.6692 	-7.84187e-174
0.6699 	-1.0512e-173
0.6706 	-5.97527e-174
0.6713 	-1.31503e-175
0.672 	-1.28029e-175
0.6727 	-1.24556e-175
0.6734 	-1.21083e-175
0.6741 	-1.17609e-175
0.6748 	-1.43119e-175
0.6755 	-1.02494e-175
0.6762 	-8.67397e-177
0.6769 	-1.92038e-177
0.6776 	-1.8642e-177
0.6783 	-1.80802e-177
0.679 	-1.75184e-177
0.6797 	-1.91667e-177
0.6804 	-1.71531e-177
0.6811 	-3.26745e-178
0.6818 	-2.85337e-179
0.6825 	-2.76464e-179
0.6832 	-2.67591e-179
0.6839 	-2.58717e-179
0.6846 	-2.51573e-179
0.6853 	-2.81078e-179
0.686 	-7.70005e-180
0.6867 	-4.18928e-181
0.6874 	-4.05233e-181
0.6881 	-3.91538e-181
0.6888 	-3.77842e-181
0.6895 	-3.64147e-181
0.6902 	-4.50268e-181
0.6909 	-1.5378e-181
0.6916 	-6.0617e-183
0.6923 	-5.85514e-183
0.693 	-5.64857e-183
0.6937 	-5.44201e-183
0.6944 	-5.23544e-183
0.6951 	-7.04682e-183
0.6958 	-2.83331e-183
0.6965 	-1.56903e-184
0.6972 	-1.53903e-184
0.6979 	-1.50902e-184
0.6986 	-1.47901e-184
0.6993 	-1.449e-184
0.7 	-2.12443e-184
