0 	1
0.0007 	1
0.0014 	1
0.0021 	1
0.0028 	1
0.0035 	1
0.0042 	1
0.0049 	1
0.0056 	1
0.0063 	1
0.007 	1
0.0077 	1
0.0084 	1
0.0091 	1
0.0098 	1
0.0105 	1
0.0112 	1
0.0119 	1
0.0126 	1
0.0133 	1
0.014 	1
0.0147 	1
0.0154 	1
0.0161 	1
0.0168 	1
0.0175 	1
0.0182 	1
0.0189 	1
0.0196 	1
0.0203 	1
0.021 	1
0.0217 	1
0.0224 	1
0.0231 	1
0.0238 	1
0.0245 	1
0.0252 	1
0.0259 	1
0.0266 	1
0.0273 	1
0.028 	1
0.0287 	1
0.0294 	1
0.0301 	1
0.0308 	1
0.0315 	1
0.0322 	1
0.0329 	1
0.0336 	1
0.0343 	1
0.035 	1
0.0357 	1
0.0364 	1
0.0371 	1
0.0378 	1
0.0385 	1
0.0392 	1
0.0399 	1
0.0406 	1
0.0413 	1
0.042 	1
0.0427 	1
0.0434 	1
0.0441 	1
0.0448 	1
0.0455 	1
0.0462 	1
0.0469 	1
0.0476 	1
0.0483 	1
0.049 	1
0.0497 	1
0.0504 	1
0.0511 	1
0.0518 	1
0.0525 	1
0.0532 	1
0.0539 	1
0.0546 	1
0.0553 	1
0.056 	1
0.0567 	1
0.0574 	1
0.0581 	1
0.0588 	1
0.0595 	1
0.0602 	1
0.0609 	1
0.0616 	1
0.0623 	1
0.063 	1
0.0637 	1
0.0644 	1
0.0651 	1
0.0658 	1
0.0665 	1
0.0672 	1
0.0679 	1
0.0686 	1
0.0693 	1
0.07 	1
0.0707 	1
0.0714 	1
0.0721 	1
0.0728 	1
0.0735 	1
0.0742 	1
0.0749 	1
0.0756 	1
0.0763 	1
0.077 	1
0.0777 	1
0.0784 	1
0.0791 	1
0.0798 	1
0.0805 	1
0.0812 	1
0.0819 	1
0.0826 	1
0.0833 	1
0.084 	1
0.0847 	1
0.0854 	1
0.0861 	1
0.0868 	1
0.0875 	1
0.0882 	1
0.0889 	1
0.0896 	1
0.0903 	1
0.091 	1
0.0917 	1
0.0924 	1
0.0931 	1
0.0938 	1
0.0945 	1
0.0952 	1
0.0959 	1
0.0966 	1
0.0973 	1
0.098 	1
0.0987 	1
0.0994 	1
0.1001 	1
0.1008 	1
0.1015 	1
0.1022 	1
0.1029 	1
0.1036 	1
0.1043 	1
0.105 	1
0.1057 	1
0.1064 	1
0.1071 	1
0.1078 	1
0.1085 	1
0.1092 	1
0.1099 	1
0.1106 	1
0.1113 	1
0.112 	1
0.1127 	1
0.1134 	1
0.1141 	1
0.1148 	1
0.1155 	1
0.1162 	1
0.1169 	1
0.1176 	1
0.1183 	1
0.119 	1
0.1197 	1
0.1204 	1
0.1211 	1
0.1218 	1
0.1225 	1
0.1232 	1
0.1239 	1
0.1246 	1
0.1253 	1
0.126 	1
0.1267 	1
0.1274 	1
0.1281 	1
0.1288 	1
0.1295 	1
0.1302 	1
0.1309 	1
0.1316 	1
0.1323 	1
0.133 	1
0.1337 	1
0.1344 	1
0.1351 	1
0.1358 	1
0.1365 	1
0.1372 	1
0.1379 	1
0.1386 	1
0.1393 	1
0.14 	1
0.1407 	1
0.1414 	1
0.1421 	1
0.1428 	1
0.1435 	1
0.1442 	1
0.1449 	1
0.1456 	1
0.1463 	1
0.147 	1
0.1477 	1
0.1484 	1
0.1491 	1
0.1498 	1
0.1505 	1
0.1512 	1
0.1519 	1
0.1526 	1
0.1533 	1
0.154 	1
0.1547 	1
0.1554 	1
0.1561 	1
0.1568 	1
0.1575 	1
0.1582 	1
0.1589 	1
0.1596 	1
0.1603 	1
0.161 	1
0.1617 	1
0.1624 	1
0.1631 	1
0.1638 	1
0.1645 	1
0.1652 	1
0.1659 	1
0.1666 	1
0.1673 	1
0.168 	1
0.1687 	1
0.1694 	1
0.1701 	1
0.1708 	1
0.1715 	1
0.1722 	1
0.1729 	1
0.1736 	1
0.1743 	1
0.175 	1
0.1757 	1
0.1764 	1
0.1771 	1
0.1778 	1
0.1785 	1
0.1792 	1
0.1799 	1
0.1806 	1
0.1813 	1
0.182 	1
0.1827 	1
0.1834 	1
0.1841 	1
0.1848 	1
0.1855 	1
0.1862 	1
0.1869 	1
0.1876 	1
0.1883 	1
0.189 	1
0.1897 	1
0.1904 	1
0.1911 	1
0.1918 	1
0.1925 	1
0.1932 	1
0.1939 	1
0.1946 	1
0.1953 	1
0.196 	1
0.1967 	1
0.1974 	1
0.1981 	1
0.1988 	1
0.1995 	1
0.2002 	1
0.2009 	1
0.2016 	1
0.2023 	1
0.2037 	1
0.2051 	1
0.2065 	1
0.2079 	1
0.2086 	1
0.21 	1
0.2114 	1
0.2128 	1
0.2135 	1
0.2149 	1
0.2163 	1
0.2177 	1
0.2191 	1
0.2198 	1
0.2205 	1
0.2212 	1
0.2226 	1
0.224 	1
0.2254 	1
0.2261 	1
0.2268 	1
0.2275 	1
0.2282 	1
0.2296 	1
0.2303 	1
0.2317 	1
0.2331 	1
0.2338 	1
0.2345 	1
0.2352 	1
0.2359 	0.999999
0.2373 	0.999986
0.2387 	0.999866
0.2401 	0.999359
0.2415 	0.998261
0.2429 	0.996535
0.2436 	0.995442
0.245 	0.992686
0.2464 	0.989887
0.2471 	0.988711
0.2478 	0.98737
0.2485 	0.985809
0.2492 	0.977213
0.2499 	0.964708
0.2513 	0.714735
0.2527 	0.266864
0.2534 	0.127378
0.2548 	0.025039
0.2562 	0.0130744
0.2576 	0.0087447
0.2583 	0.00684486
0.2597 	0.00367875
0.2611 	0.00167825
0.2625 	0.000658523
0.2639 	0.000251045
0.2653 	8.75369e-05
0.266 	5.00107e-05
0.2674 	1.35782e-05
0.2688 	3.08453e-06
0.2702 	6.66378e-07
0.2716 	1.58852e-07
0.2723 	9.31191e-08
0.2737 	4.04659e-08
0.2751 	1.92281e-08
0.2765 	7.45521e-09
0.2779 	2.21283e-09
0.2793 	7.38096e-10
0.28 	5.69777e-10
0.2807 	6.02357e-10
0.2814 	6.19503e-10
0.2828 	5.1828e-10
0.2842 	3.63714e-10
0.2856 	3.43568e-10
0.287 	8.7095e-10
0.2884 	1.90746e-09
0.2891 	2.11591e-09
0.2905 	1.60095e-09
0.2912 	1.12298e-09
0.2926 	7.90874e-10
0.2933 	8.26373e-10
0.2947 	7.21929e-10
0.2961 	5.4093e-10
0.2975 	8.54761e-10
0.2982 	1.10174e-09
0.2996 	1.25231e-09
0.301 	8.19912e-10
0.3024 	2.52351e-10
0.3038 	2.39868e-11
0.3045 	1.06989e-11
0.3059 	5.7684e-13
0.3073 	3.41487e-13
0.308 	3.35723e-13
0.3087 	3.24969e-13
0.3101 	2.04677e-13
0.3108 	1.25587e-13
0.3115 	6.15544e-14
0.3122 	2.46402e-14
0.3136 	1.21756e-15
0.315 	3.20194e-19
0.3164 	2.38646e-23
0.3178 	4.25829e-28
0.3192 	7.79788e-33
0.3199 	9.75038e-34
0.3213 	4.68114e-40
0.3227 	-1.82072e-40
0.3241 	-1.52359e-40
0.3255 	-8.38756e-41
0.3262 	-5.33539e-41
0.3269 	-3.52517e-41
0.3283 	-1.19163e-41
0.3297 	-3.32151e-42
0.3311 	-7.63665e-43
0.3325 	-1.39306e-43
0.3332 	-7.81641e-44
0.3339 	-2.71238e-44
0.3353 	-3.75576e-45
0.3367 	1.17538e-46
0.3381 	3.37616e-46
0.3388 	3.3664e-46
0.3395 	1.54256e-46
0.3402 	2.0273e-47
0.3409 	7.2934e-48
0.3416 	5.78677e-49
0.3423 	1.29746e-49
0.3437 	6.43847e-53
0.3451 	5.17316e-54
0.3465 	1.49178e-54
0.3479 	7.79292e-56
0.3493 	2.34301e-58
0.3507 	1.50147e-62
0.3521 	-2.68361e-66
0.3535 	-4.87474e-66
0.3549 	-1.11724e-66
0.3563 	1.53378e-66
0.3577 	3.83748e-65
0.3591 	2.77296e-65
0.3605 	6.74251e-68
0.3619 	6.46154e-77
0.3633 	1.59619e-76
0.3647 	8.50871e-77
0.3654 	3.75855e-77
0.3668 	7.49744e-87
0.3682 	-2.27331e-88
0.3689 	-1.11616e-88
0.3703 	-1.02893e-79
0.371 	-3.42977e-79
0.3724 	-4.28714e-79
0.3731 	-4.68789e-78
0.3745 	-1.55821e-77
0.3759 	-1.87268e-77
0.3773 	-1.41167e-77
0.378 	-1.1312e-77
0.3787 	-8.50679e-78
0.3801 	-4.65288e-78
0.3815 	-2.83686e-78
0.3829 	-1.5095e-78
0.3843 	-7.09846e-79
0.3857 	-3.08164e-79
0.3871 	-1.49315e-79
0.3878 	-1.05171e-79
0.3892 	-4.69257e-80
0.3899 	-3.03421e-80
0.3913 	-1.26311e-80
0.392 	-8.96202e-81
0.3927 	-5.81687e-81
0.3934 	-3.98151e-81
0.3941 	-2.59748e-81
0.3948 	-1.66437e-81
0.3955 	-1.09311e-81
0.3962 	-6.66575e-82
0.3969 	-4.59757e-82
0.3976 	-2.83896e-82
0.399 	-1.18284e-82
0.3997 	-7.43333e-83
0.4004 	-4.47111e-83
0.4011 	-2.58353e-83
0.4025 	-8.56178e-84
0.4039 	-3.0454e-84
0.4053 	-9.73969e-85
0.4067 	-2.6519e-85
0.4081 	-5.97978e-86
0.4095 	-1.09809e-86
0.4109 	-1.60292e-87
0.4123 	-1.77882e-88
0.4137 	-1.31184e-89
0.4151 	-8.89865e-91
0.4165 	-6.28963e-92
0.4172 	-2.2513e-92
0.4186 	-8.80513e-94
0.42 	-1.35065e-95
0.4214 	-4.51354e-97
0.4221 	-1.7401e-97
0.4235 	-3.39989e-99
0.4249 	-3.59973e-101
0.4263 	-1.01658e-103
0.4277 	-3.3914e-105
0.4291 	-4.79744e-106
0.4305 	-8.41955e-107
0.4319 	-1.44367e-107
0.4333 	-2.35244e-108
0.434 	-7.83583e-109
0.4347 	-3.58099e-109
0.4361 	-4.95413e-110
0.4368 	-2.06748e-110
0.4375 	-5.83595e-111
0.4382 	-3.14734e-111
0.4396 	-4.53986e-112
0.4403 	-1.44698e-112
0.4417 	-2.17507e-113
0.4431 	-3.15355e-114
0.4445 	-4.38198e-115
0.4459 	-5.78269e-116
0.4473 	-7.14772e-117
0.4487 	-8.07096e-118
0.4501 	-1.14463e-118
0.4515 	-2.04639e-119
0.4529 	-4.06208e-120
0.4543 	-8.86148e-121
0.4557 	-2.05642e-121
0.4571 	-4.88656e-122
0.4578 	-2.22918e-122
0.4592 	-5.65146e-123
0.4606 	-1.40128e-123
0.462 	-3.35736e-124
0.4627 	-1.43471e-124
0.4641 	-3.44951e-125
0.4655 	-8.00267e-126
0.4669 	-1.78193e-126
0.4683 	-3.78232e-127
0.4697 	-7.56979e-128
0.4711 	-1.40074e-128
0.4725 	-2.2982e-129
0.4739 	-4.63924e-130
0.4753 	-9.00337e-131
0.476 	-4.09393e-131
0.4767 	-1.66992e-131
0.4774 	-6.26873e-132
0.4788 	-9.12261e-133
0.4795 	-4.84687e-133
0.4802 	-1.55835e-133
0.4816 	-2.52005e-134
0.483 	-3.83271e-135
0.4844 	-5.43692e-136
0.4858 	-7.10691e-137
0.4872 	-8.38386e-138
0.4879 	-2.54056e-138
0.4893 	-3.05152e-139
0.4907 	-3.39493e-140
0.4921 	-3.44636e-141
0.4935 	-3.09545e-142
0.4942 	-8.45405e-143
0.4956 	-8.06707e-144
0.497 	-7.17789e-145
0.4984 	-5.91903e-146
0.4998 	-4.47437e-147
0.5012 	-2.92721e-148
0.5019 	-1.21872e-148
0.5033 	-1.21023e-149
0.5047 	-1.18708e-150
0.5061 	-1.06106e-151
0.5075 	-7.28407e-153
0.5089 	-7.74135e-154
0.5096 	-3.43737e-154
0.511 	-2.79024e-155
0.5124 	-1.80832e-156
0.5131 	-5.98293e-157
0.5138 	-9.80172e-158
0.5152 	-8.04653e-159
0.5159 	-3.25318e-159
0.5166 	-6.40586e-160
0.518 	-5.1369e-161
0.5194 	-4.37548e-162
0.5201 	-8.61486e-163
0.5215 	-9.87234e-164
0.5229 	-1.21184e-164
0.5243 	-1.52054e-165
0.525 	-3.60213e-166
0.5257 	-1.88365e-166
0.5264 	-4.79528e-167
0.5278 	-6.27108e-168
0.5292 	-7.9969e-169
0.5306 	-9.86792e-170
0.5313 	-2.319e-170
0.532 	-1.16416e-170
0.5334 	-1.28865e-171
0.5348 	-1.29287e-172
0.5355 	-4.19182e-173
0.5362 	-1.07495e-173
0.5369 	-4.67262e-174
0.5376 	-1.02841e-174
0.5383 	-4.86729e-175
0.539 	-1.14352e-175
0.5404 	-1.20511e-176
0.5411 	-3.73169e-177
0.5418 	-1.18884e-177
0.5425 	-2.16894e-178
0.5439 	-2.04412e-179
0.5453 	-1.79746e-180
0.5467 	-1.46033e-181
0.5481 	-1.08485e-182
0.5495 	-7.25124e-184
0.5509 	-4.23937e-185
0.5516 	-6.9203e-186
0.553 	-4.02046e-187
0.5544 	-2.10316e-188
0.5558 	-9.7199e-190
0.5572 	-3.81318e-191
0.5586 	-1.141e-192
0.56 	-1.49412e-194
0.5614 	-5.41203e-196
0.5628 	-1.77514e-197
0.5642 	-5.21817e-199
0.5656 	-1.36154e-200
0.567 	-3.08337e-202
0.5677 	-1.6553e-203
0.5691 	-3.39959e-205
0.5705 	-6.10888e-207
0.5719 	-9.40482e-209
0.5726 	-3.00105e-210
0.574 	-3.85485e-212
0.5754 	-4.15818e-214
0.5768 	-3.65712e-216
0.5782 	-2.51664e-218
0.5796 	-1.25947e-220
0.5803 	-1.49603e-222
0.5817 	-4.15104e-225
0.5831 	-5.44948e-228
0.5838 	-3.14644e-234
0.5852 	-8.39671e-237
0.5859 	-2.80748e-237
0.5866 	-1.07978e-239
0.5873 	-2.39952e-240
0.588 	-1.65619e-249
0.5887 	-1.09861e-250
0.5901 	0
0.5915 	0
0.5929 	0
0.5943 	0
0.595 	0
0.5964 	0
0.5978 	0
0.5985 	0
0.5999 	0
0.6013 	0
0.6027 	0
0.6041 	0
0.6055 	0
0.6069 	0
0.6083 	0
0.6097 	0
0.6111 	0
0.6125 	0
0.6139 	0
0.6153 	0
0.6167 	0
0.6181 	0
0.6195 	0
0.6209 	0
0.6223 	0
0.6237 	0
0.6251 	0
0.6265 	0
0.6279 	0
0.6293 	0
0.63 	0
0.6314 	0
0.6321 	0
0.6328 	0
0.6342 	0
0.6356 	0
0.637 	0
0.6384 	0
0.6398 	0
0.6412 	0
0.6426 	0
0.644 	0
0.6454 	0
0.6468 	0
0.6482 	0
0.6496 	0
0.651 	0
0.6524 	0
0.6538 	0
0.6552 	-7.12937e-190
0.6566 	-6.12634e-189
0.658 	-1.3749e-187
0.6594 	-3.40765e-187
0.6601 	-2.8123e-182
0.6615 	-3.62537e-181
0.6629 	-3.8275e-179
0.6643 	-1.30219e-178
0.665 	-1.44861e-178
0.6664 	-3.87826e-178
0.6678 	-3.50408e-178
0.6692 	-5.89961e-179
0.6699 	-1.55917e-179
0.6706 	-6.14419e-180
0.6713 	-2.61354e-180
0.6727 	-1.97735e-180
0.6741 	-3.27491e-181
0.6755 	-2.47851e-182
0.6769 	-3.4291e-183
0.6776 	-2.45082e-183
0.679 	-4.0045e-184
0.6804 	-2.46032e-185
0.6811 	-5.20506e-186
0.6825 	-1.27448e-188
0.6839 	-2.04584e-190
0.6853 	-8.76472e-193
0.6867 	-3.13089e-195
0.6874 	-3.91624e-196
0.6888 	-8.30755e-205
0.6902 	-4.7583e-206
0.6916 	-2.18626e-207
0.693 	-7.91953e-209
0.6944 	-4.18002e-187
0.6958 	-8.15835e-187
0.6972 	-2.37344e-187
0.6986 	-3.74913e-188
0.6993 	-2.48749e-188
0.7 	-1.25155e-188
