0 	1
0.0007 	1
0.0014 	1
0.0021 	1
0.0028 	1
0.0035 	1
0.0042 	1
0.0049 	1
0.0056 	1
0.0063 	1
0.007 	1
0.0077 	1
0.0084 	1
0.0091 	1
0.0098 	1
0.0105 	1
0.0112 	1
0.0119 	1
0.0126 	1
0.0133 	1
0.014 	1
0.0147 	1
0.0154 	1
0.0161 	1
0.0168 	1
0.0175 	1
0.0182 	1
0.0189 	1
0.0196 	1
0.0203 	1
0.021 	1
0.0217 	1
0.0224 	1
0.0231 	1
0.0238 	1
0.0245 	1
0.0252 	1
0.0259 	1
0.0266 	1
0.0273 	1
0.028 	1
0.0287 	1
0.0294 	1
0.0301 	1
0.0308 	1
0.0315 	1
0.0322 	1
0.0329 	1
0.0336 	1
0.0343 	1
0.035 	1
0.0357 	1
0.0364 	1
0.0371 	1
0.0378 	1
0.0385 	1
0.0392 	1
0.0399 	1
0.0406 	1
0.0413 	1
0.042 	1
0.0427 	1
0.0434 	1
0.0441 	1
0.0448 	1
0.0455 	1
0.0462 	1
0.0469 	1
0.0476 	1
0.0483 	1
0.049 	1
0.0497 	1
0.0504 	1
0.0511 	1
0.0518 	1
0.0525 	1
0.0532 	1
0.0539 	1
0.0546 	1
0.0553 	1
0.056 	1
0.0567 	1
0.0574 	1
0.0581 	1
0.0588 	1
0.0595 	1
0.0602 	1
0.0609 	1
0.0616 	1
0.0623 	1
0.063 	1
0.0637 	1
0.0644 	1
0.0651 	1
0.0658 	1
0.0665 	1
0.0672 	1
0.0679 	1
0.0686 	1
0.0693 	1
0.07 	1
0.0707 	1
0.0714 	1
0.0721 	1
0.0728 	1
0.0735 	1
0.0742 	1
0.0749 	1
0.0756 	1
0.0763 	1
0.077 	1
0.0777 	1
0.0784 	1
0.0791 	1
0.0798 	1
0.0805 	1
0.0812 	1
0.0819 	1
0.0826 	1
0.0833 	1
0.084 	1
0.0847 	1
0.0854 	1
0.0861 	1
0.0868 	1
0.0875 	1
0.0882 	1
0.0889 	1
0.0896 	1
0.0903 	1
0.091 	1
0.0917 	1
0.0924 	1
0.0931 	1
0.0938 	1
0.0945 	1
0.0952 	1
0.0959 	1
0.0966 	1
0.0973 	1
0.098 	1
0.0987 	1
0.0994 	1
0.1001 	1
0.1008 	1
0.1015 	1
0.1022 	1
0.1029 	1
0.1036 	1
0.1043 	1
0.105 	1
0.1057 	1
0.1064 	1
0.1071 	1
0.1078 	1
0.1085 	1
0.1092 	1
0.1099 	1
0.1106 	1
0.1113 	1
0.112 	1
0.1127 	1
0.1134 	1
0.1141 	1
0.1148 	1
0.1155 	1
0.1162 	1
0.1169 	1
0.1176 	1
0.1183 	1
0.119 	1
0.1197 	1
0.1204 	1
0.1211 	1
0.1218 	1
0.1225 	1
0.1232 	1
0.1239 	1
0.1246 	1
0.1253 	1
0.126 	1
0.1267 	1
0.1274 	1
0.1281 	1
0.1288 	1
0.1295 	1
0.1302 	1
0.1309 	1
0.1316 	1
0.1323 	1
0.133 	1
0.1337 	1
0.1344 	1
0.1351 	1
0.1358 	1
0.1365 	1
0.1372 	1
0.1379 	1
0.1386 	1
0.1393 	1
0.14 	1
0.1407 	1
0.1414 	1
0.1421 	1
0.1428 	1
0.1435 	1
0.1442 	1
0.1449 	1
0.1456 	1
0.1463 	1
0.147 	1
0.1477 	1
0.1484 	1
0.1491 	1
0.1498 	1
0.1505 	1
0.1512 	1
0.1519 	1
0.1526 	1
0.1533 	1
0.154 	1
0.1547 	1
0.1554 	1
0.1561 	1
0.1568 	1
0.1575 	1
0.1582 	1
0.1589 	1
0.1596 	1
0.1603 	1
0.161 	1
0.1617 	1
0.1624 	1
0.1631 	1
0.1638 	1
0.1645 	1
0.1652 	1
0.1659 	1
0.1666 	1
0.1673 	1
0.168 	1
0.1687 	1
0.1694 	1
0.1701 	1
0.1708 	1
0.1715 	1
0.1722 	1
0.1729 	1
0.1736 	1
0.1743 	1
0.175 	1
0.1757 	1
0.1764 	1
0.1771 	1
0.1778 	1
0.1785 	1
0.1792 	1
0.1799 	1
0.1806 	1
0.1813 	1
0.182 	1
0.1827 	1
0.1834 	1
0.1841 	1
0.1848 	1
0.1855 	1
0.1862 	1
0.1869 	1
0.1876 	1
0.1883 	1
0.189 	1
0.1897 	1
0.1904 	1
0.1911 	1
0.1918 	1
0.1925 	1
0.1932 	1
0.1939 	1
0.1946 	1
0.1953 	1
0.196 	1
0.1967 	1
0.1974 	1
0.1981 	1
0.1988 	1
0.1995 	1
0.2002 	1
0.2009 	1
0.2016 	1
0.2023 	1
0.203 	1
0.2037 	1
0.2044 	1
0.2051 	1
0.2058 	1
0.2065 	1
0.2072 	1
0.2079 	1
0.2086 	1
0.2093 	1
0.21 	1
0.2107 	1
0.2114 	1
0.2121 	1
0.2128 	1
0.2135 	1
0.2142 	1
0.2149 	1
0.2156 	1
0.2163 	1
0.217 	1
0.2177 	1
0.2184 	1
0.2191 	1
0.2198 	1
0.2205 	1
0.2212 	1
0.2219 	1
0.2226 	1
0.2233 	1
0.224 	1
0.2247 	1
0.2254 	1
0.2261 	1
0.2268 	1
0.2275 	1
0.2282 	1
0.2289 	1
0.2296 	1
0.2303 	0.999994
0.231 	0.999981
0.2317 	0.999968
0.2324 	0.999955
0.2331 	0.999942
0.2338 	0.999929
0.2345 	0.999915
0.2352 	0.999266
0.2359 	0.997024
0.2366 	0.994783
0.2373 	0.992542
0.238 	0.9903
0.2387 	0.988059
0.2394 	0.985817
0.2401 	0.979281
0.2408 	0.946924
0.2415 	0.914567
0.2422 	0.882209
0.2429 	0.84985
0.2436 	0.817492
0.2443 	0.785134
0.245 	0.752767
0.2457 	0.68519
0.2464 	0.617612
0.2471 	0.550034
0.2478 	0.482456
0.2485 	0.414878
0.2492 	0.3473
0.2499 	0.279723
0.2506 	0.237801
0.2513 	0.200172
0.252 	0.162543
0.2527 	0.124915
0.2534 	0.087286
0.2541 	0.0496575
0.2548 	0.012029
0.2555 	0.00116089
0.2562 	0.000980884
0.2569 	0.000800237
0.2576 	0.00061954
0.2583 	0.000438844
0.259 	0.000258147
0.2597 	7.74505e-05
0.2604 	6.02988e-08
0.2611 	5.10726e-08
0.2618 	4.18944e-08
0.2625 	3.27294e-08
0.2632 	2.35644e-08
0.2639 	1.43994e-08
0.2646 	5.2344e-09
0.2653 	1.17048e-13
0.266 	9.91844e-14
0.2667 	8.16674e-14
0.2674 	6.43429e-14
0.2681 	4.70184e-14
0.2688 	2.96939e-14
0.2695 	1.23694e-14
0.2702 	1.67601e-19
0.2709 	1.41938e-19
0.2716 	1.17055e-19
0.2723 	9.29542e-20
0.273 	6.8853e-20
0.2737 	4.47519e-20
0.2744 	2.06507e-20
0.2751 	2.67362e-25
0.2758 	2.26136e-25
0.2765 	1.86324e-25
0.2772 	1.49057e-25
0.2779 	1.1179e-25
0.2786 	7.45226e-26
0.2793 	3.72555e-26
0.28 	1.94511e-31
0.2807 	1.64217e-31
0.2814 	1.34819e-31
0.2821 	1.08602e-31
0.2828 	8.2386e-32
0.2835 	5.61696e-32
0.2842 	2.99533e-32
0.2849 	3.73691e-33
0.2856 	8.87218e-38
0.2863 	7.23632e-38
0.287 	5.8672e-38
0.2877 	4.49809e-38
0.2884 	3.12897e-38
0.2891 	1.75986e-38
0.2898 	3.90741e-39
0.2905 	3.76153e-44
0.2912 	3.0494e-44
0.2919 	2.47876e-44
0.2926 	1.919e-44
0.2933 	1.35924e-44
0.294 	7.99478e-45
0.2947 	2.39718e-45
0.2954 	1.15916e-50
0.2961 	9.33703e-51
0.2968 	7.55525e-51
0.2975 	5.90242e-51
0.2982 	4.24959e-51
0.2989 	2.59677e-51
0.2996 	9.43942e-52
0.3003 	2.71731e-57
0.301 	2.16889e-57
0.3017 	1.73625e-57
0.3024 	1.36793e-57
0.3031 	9.99609e-58
0.3038 	6.31288e-58
0.3045 	2.62968e-58
0.3052 	4.83548e-64
0.3059 	3.81822e-64
0.3066 	3.00067e-64
0.3073 	2.38285e-64
0.308 	1.76502e-64
0.3087 	1.14719e-64
0.3094 	5.29366e-65
0.3101 	6.29362e-71
0.3108 	4.89091e-71
0.3115 	3.7232e-71
0.3122 	2.97852e-71
0.3129 	2.23383e-71
0.3136 	1.48914e-71
0.3143 	7.44448e-72
0.315 	6.82452e-78
0.3157 	5.24999e-78
0.3164 	3.8562e-78
0.3171 	3.10634e-78
0.3178 	2.35647e-78
0.3185 	1.60661e-78
0.3192 	8.56745e-79
0.3199 	1.0688e-79
0.3206 	4.33582e-85
0.3213 	3.07979e-85
0.322 	2.49709e-85
0.3227 	1.91439e-85
0.3234 	1.33169e-85
0.3241 	7.48996e-86
0.3248 	1.66296e-86
0.3255 	3.651e-92
0.3262 	2.69458e-92
0.3269 	2.17102e-92
0.3276 	1.68075e-92
0.3283 	1.19049e-92
0.329 	7.00221e-93
0.3297 	2.09955e-93
0.3304 	3.01291e-99
0.3311 	2.42682e-99
0.3318 	1.96369e-99
0.3325 	1.5341e-99
0.3332 	1.10452e-99
0.3339 	6.74927e-100
0.3346 	2.45339e-100
0.3353 	2.75505e-106
0.336 	2.39258e-106
0.3367 	1.99153e-106
0.3374 	1.56906e-106
0.3381 	1.14658e-106
0.3388 	7.24106e-107
0.3395 	3.01631e-107
0.3402 	2.61837e-113
0.3409 	2.35928e-113
0.3416 	2.02162e-113
0.3423 	1.60537e-113
0.343 	1.18913e-113
0.3437 	7.7288e-114
0.3444 	3.56634e-114
0.3451 	-1.30129e-118
0.3458 	-1.17563e-118
0.3465 	-1.02203e-118
0.3472 	-8.18124e-119
0.3479 	-6.14223e-119
0.3486 	-4.10322e-119
0.3493 	-2.06421e-119
0.35 	-2.76269e-121
0.3507 	-2.33699e-121
0.3514 	-2.05591e-121
0.3521 	-1.65701e-121
0.3528 	-1.25811e-121
0.3535 	-8.59202e-122
0.3542 	-4.60299e-122
0.3549 	-6.13965e-123
0.3556 	-4.16369e-124
0.3563 	-3.70774e-124
0.357 	-3.00751e-124
0.3577 	-2.30729e-124
0.3584 	-1.60706e-124
0.3591 	-9.06835e-125
0.3598 	-2.06609e-125
0.3605 	-6.30459e-127
0.3612 	-5.65364e-127
0.3619 	-4.63666e-127
0.3626 	-3.59153e-127
0.3633 	-2.54639e-127
0.364 	-1.50126e-127
0.3647 	-4.56124e-128
0.3654 	-8.07724e-130
0.3661 	-7.25763e-130
0.3668 	-6.04459e-130
0.3675 	-4.72425e-130
0.3682 	-3.40391e-130
0.3689 	-2.08357e-130
0.3696 	-7.63231e-131
0.3703 	-8.80056e-133
0.371 	-7.92286e-133
0.3717 	-6.69723e-133
0.3724 	-5.2783e-133
0.3731 	-3.85937e-133
0.3738 	-2.44043e-133
0.3745 	-1.0215e-133
0.3752 	-8.20788e-136
0.3759 	-7.40312e-136
0.3766 	-6.34793e-136
0.3773 	-5.04229e-136
0.378 	-3.73666e-136
0.3787 	-2.43102e-136
0.3794 	-1.12539e-136
0.3801 	-6.59957e-139
0.3808 	-5.96334e-139
0.3815 	-5.18433e-139
0.3822 	-4.14831e-139
0.3829 	-3.1123e-139
0.3836 	-2.07628e-139
0.3843 	-1.04026e-139
0.385 	-4.91827e-142
0.3857 	-4.14337e-142
0.3864 	-3.65032e-142
0.3871 	-2.94102e-142
0.3878 	-2.23172e-142
0.3885 	-1.52242e-142
0.3892 	-8.1312e-143
0.3899 	-1.03819e-143
0.3906 	-2.49756e-145
0.3913 	-2.22865e-145
0.392 	-1.80726e-145
0.3927 	-1.38586e-145
0.3934 	-9.64465e-146
0.3941 	-5.43071e-146
0.3948 	-1.21676e-146
0.3955 	-1.31684e-148
0.3962 	-1.18357e-148
0.3969 	-9.70646e-149
0.3976 	-7.51597e-149
0.3983 	-5.32547e-149
0.399 	-3.13497e-149
0.3997 	-9.44477e-150
0.4004 	-6.04863e-152
0.4011 	-5.44663e-152
0.4018 	-4.53804e-152
0.4025 	-3.54582e-152
0.4032 	-2.55361e-152
0.4039 	-1.5614e-152
0.4046 	-5.69183e-153
0.4053 	-2.41811e-155
0.406 	-2.18119e-155
0.4067 	-1.84508e-155
0.4074 	-1.45385e-155
0.4081 	-1.06263e-155
0.4088 	-6.71411e-156
0.4095 	-2.80189e-156
0.4102 	-8.46265e-159
0.4109 	-7.64551e-159
0.4116 	-6.5617e-159
0.4123 	-5.21122e-159
0.413 	-3.86074e-159
0.4137 	-2.51026e-159
0.4144 	-1.15978e-159
0.4151 	-2.61429e-162
0.4158 	-2.36557e-162
0.4165 	-2.05866e-162
0.4172 	-1.64705e-162
0.4179 	-1.23543e-162
0.4186 	-8.23812e-163
0.4193 	-4.12194e-163
0.42 	-7.67166e-166
0.4207 	-6.40537e-166
0.4214 	-5.6492e-166
0.4221 	-4.551e-166
0.4228 	-3.4528e-166
0.4235 	-2.3546e-166
0.4242 	-1.25639e-166
0.4249 	-1.58193e-167
0.4256 	-1.52031e-169
0.4263 	-1.35799e-169
0.427 	-1.10112e-169
0.4277 	-8.44253e-170
0.4284 	-5.87385e-170
0.4291 	-3.30518e-170
0.4298 	-7.36504e-171
0.4305 	-3.17601e-173
0.4312 	-2.85621e-173
0.4319 	-2.34233e-173
0.4326 	-1.81352e-173
0.4333 	-1.28471e-173
0.434 	-7.559e-174
0.4347 	-2.27091e-174
0.4354 	-5.90356e-177
0.4361 	-5.3173e-177
0.4368 	-4.43033e-177
0.4375 	-3.46135e-177
0.4382 	-2.49237e-177
0.4389 	-1.52339e-177
0.4396 	-5.54403e-178
0.4403 	-9.61316e-181
0.441 	-8.67129e-181
0.4417 	-7.33483e-181
0.4424 	-5.77916e-181
0.4431 	-4.22348e-181
0.4438 	-2.6678e-181
0.4445 	-1.11212e-181
0.4452 	-1.37302e-184
0.4459 	-1.24014e-184
0.4466 	-1.06417e-184
0.4473 	-8.45099e-185
0.448 	-6.26027e-185
0.4487 	-4.06955e-185
0.4494 	-1.87883e-185
0.4501 	-1.72724e-188
0.4508 	-1.56175e-188
0.4515 	-1.35835e-188
0.4522 	-1.0867e-188
0.4529 	-8.15054e-189
0.4536 	-5.43406e-189
0.4543 	-2.71758e-189
0.455 	-2.1339e-192
0.4557 	-1.75546e-192
0.4564 	-1.54656e-192
0.4571 	-1.24586e-192
0.4578 	-9.45159e-193
0.4585 	-6.44458e-193
0.4592 	-3.43756e-193
0.4599 	-4.3055e-194
0.4606 	-1.74875e-196
0.4613 	-1.55968e-196
0.462 	-1.26462e-196
0.4627 	-9.69559e-197
0.4634 	-6.74499e-197
0.4641 	-3.79438e-197
0.4648 	-8.43772e-198
0.4655 	-1.53639e-200
0.4662 	-1.37922e-200
0.4669 	-1.13088e-200
0.4676 	-8.75533e-201
0.4683 	-6.20184e-201
0.469 	-3.64834e-201
0.4697 	-1.09484e-201
0.4704 	-1.19463e-204
0.4711 	-1.07359e-204
0.4718 	-8.93999e-205
0.4725 	-6.98443e-205
0.4732 	-5.02886e-205
0.4739 	-3.0733e-205
0.4746 	-1.11773e-205
0.4753 	-8.29602e-209
0.476 	-7.46368e-209
0.4767 	-6.30646e-209
0.4774 	-4.96875e-209
0.4781 	-3.63104e-209
0.4788 	-2.29333e-209
0.4795 	-9.55627e-210
0.4802 	-5.1394e-213
0.4809 	-4.62898e-213
0.4816 	-3.96556e-213
0.4823 	-3.14913e-213
0.483 	-2.3327e-213
0.4837 	-1.51627e-213
0.4844 	-6.99836e-214
0.4851 	-2.82745e-217
0.4858 	-2.54924e-217
0.4865 	-2.21237e-217
0.4872 	-1.7699e-217
0.4879 	-1.32742e-217
0.4886 	-8.84952e-218
0.4893 	-4.42479e-218
0.49 	-1.57538e-221
0.4907 	-1.26794e-221
0.4914 	-1.11433e-221
0.4921 	-8.97652e-222
0.4928 	-6.80976e-222
0.4935 	-4.64301e-222
0.4942 	-2.47625e-222
0.4949 	-3.095e-223
0.4956 	-5.64057e-226
0.4963 	-5.01624e-226
0.497 	-4.06721e-226
0.4977 	-3.11819e-226
0.4984 	-2.16916e-226
0.4991 	-1.22014e-226
0.4998 	-2.71113e-227
0.5005 	-2.30113e-230
0.5012 	-2.06144e-230
0.5019 	-1.68996e-230
0.5026 	-1.30835e-230
0.5033 	-9.26742e-231
0.504 	-5.45133e-231
0.5047 	-1.63523e-231
0.5054 	-8.49219e-235
0.5061 	-7.62427e-235
0.5068 	-6.34733e-235
0.5075 	-4.95883e-235
0.5082 	-3.57032e-235
0.5089 	-2.18182e-235
0.5096 	-7.93323e-236
0.5103 	-2.93873e-239
0.511 	-2.64667e-239
0.5117 	-2.23727e-239
0.5124 	-1.76269e-239
0.5131 	-1.28811e-239
0.5138 	-8.13526e-240
0.5145 	-3.38943e-240
0.5152 	-9.37845e-244
0.5159 	-8.47469e-244
0.5166 	-7.274e-244
0.5173 	-5.77638e-244
0.518 	-4.27876e-244
0.5187 	-2.78114e-244
0.5194 	-1.28352e-244
0.5201 	-2.83495e-248
0.5208 	-2.57113e-248
0.5215 	-2.24142e-248
0.5222 	-1.79313e-248
0.5229 	-1.34483e-248
0.5236 	-8.96537e-249
0.5243 	-4.48243e-249
0.525 	-9.43592e-253
0.5257 	-7.40507e-253
0.5264 	-6.55931e-253
0.5271 	-5.28386e-253
0.5278 	-4.00841e-253
0.5285 	-2.73295e-253
0.5292 	-1.4575e-253
0.5299 	-1.82049e-254
0.5306 	-1.99751e-257
0.5313 	-1.7979e-257
0.532 	-1.45775e-257
0.5327 	-1.1176e-257
0.5334 	-7.77445e-258
0.5341 	-4.37293e-258
0.5348 	-9.71406e-259
0.5355 	-5.04398e-262
0.5362 	-4.58361e-262
0.5369 	-3.76191e-262
0.5376 	-2.91242e-262
0.5383 	-2.06293e-262
0.539 	-1.21344e-262
0.5397 	-3.63947e-263
0.5404 	-1.20562e-266
0.5411 	-1.09916e-266
0.5418 	-9.18477e-267
0.5425 	-7.17554e-267
0.5432 	-5.1663e-267
0.5439 	-3.15706e-267
0.5446 	-1.14783e-267
0.5453 	-2.63964e-271
0.546 	-2.41277e-271
0.5467 	-2.05193e-271
0.5474 	-1.61666e-271
0.5481 	-1.18138e-271
0.5488 	-7.46111e-272
0.5495 	-3.10838e-272
0.5502 	-5.30677e-276
0.5509 	-4.8608e-276
0.5516 	-4.20494e-276
0.5523 	-3.33919e-276
0.553 	-2.47343e-276
0.5537 	-1.60768e-276
0.5544 	-7.41926e-277
0.5551 	-9.98639e-281
0.5558 	-9.16395e-281
0.5565 	-8.05954e-281
0.5572 	-6.44757e-281
0.5579 	-4.83561e-281
0.5586 	-3.22364e-281
0.5593 	-1.61167e-281
0.56 	-2.07406e-285
0.5607 	-1.56662e-285
0.5614 	-1.39988e-285
0.5621 	-1.12767e-285
0.5628 	-8.55461e-286
0.5635 	-5.83253e-286
0.5642 	-3.11044e-286
0.5649 	-3.88349e-287
0.5656 	-2.41435e-290
0.5663 	-2.19044e-290
0.567 	-1.77602e-290
0.5677 	-1.3616e-290
0.5684 	-9.47172e-291
0.5691 	-5.32749e-291
0.5698 	-1.18325e-291
0.5705 	-3.43939e-295
0.5712 	-3.14577e-295
0.5719 	-2.58315e-295
0.5726 	-1.99983e-295
0.5733 	-1.41651e-295
0.574 	-8.33193e-296
0.5747 	-2.49875e-296
0.5754 	-4.59517e-300
0.5761 	-4.20843e-300
0.5768 	-3.52045e-300
0.5775 	-2.75032e-300
0.5782 	-1.98018e-300
0.5789 	-1.21005e-300
0.5796 	-4.39915e-301
0.5803 	-5.53118e-305
0.581 	-5.07181e-305
0.5817 	-4.3188e-305
0.5824 	-3.40265e-305
0.5831 	-2.4865e-305
0.5838 	-1.57035e-305
0.5845 	-6.54195e-306
0.5852 	-5.99847e-310
0.5859 	-5.50649e-310
0.5866 	-4.7695e-310
0.5873 	-3.7875e-310
0.588 	-2.8055e-310
0.5887 	-1.8235e-310
0.5894 	-8.41497e-311
0.5901 	-5.87939e-315
0.5908 	-5.40303e-315
0.5915 	-4.757e-315
0.5922 	-3.80555e-315
0.5929 	-2.8541e-315
0.5936 	-1.90265e-315
0.5943 	-9.51201e-316
0.595 	-3.49749e-320
0.5957 	-1.75294e-320
0.5964 	-1.56816e-320
0.5971 	-1.26283e-320
0.5978 	-9.57993e-321
0.5985 	-6.53155e-321
0.5992 	-3.48316e-321
0.5999 	-4.34778e-322
0.6006 	0
0.6013 	0
0.602 	0
0.6027 	0
0.6034 	0
0.6041 	0
0.6048 	0
0.6055 	0
0.6062 	0
0.6069 	0
0.6076 	0
0.6083 	0
0.609 	0
0.6097 	0
0.6104 	0
0.6111 	0
0.6118 	0
0.6125 	0
0.6132 	0
0.6139 	0
0.6146 	0
0.6153 	0
0.616 	0
0.6167 	0
0.6174 	0
0.6181 	0
0.6188 	0
0.6195 	0
0.6202 	0
0.6209 	0
0.6216 	0
0.6223 	0
0.623 	0
0.6237 	0
0.6244 	0
0.6251 	0
0.6258 	0
0.6265 	0
0.6272 	0
0.6279 	0
0.6286 	0
0.6293 	0
0.63 	0
0.6307 	0
0.6314 	0
0.6321 	0
0.6328 	0
0.6335 	0
0.6342 	0
0.6349 	0
0.6356 	0
0.6363 	0
0.637 	0
0.6377 	0
0.6384 	0
0.6391 	0
0.6398 	0
0.6405 	0
0.6412 	0
0.6419 	0
0.6426 	0
0.6433 	0
0.644 	0
0.6447 	0
0.6454 	0
0.6461 	0
0.6468 	0
0.6475 	0
0.6482 	0
0.6489 	0
0.6496 	0
0.6503 	0
0.651 	0
0.6517 	0
0.6524 	0
0.6531 	0
0.6538 	0
0.6545 	0
0.6552 	0
0.6559 	0
0.6566 	0
0.6573 	0
0.658 	0
0.6587 	0
0.6594 	0
0.6601 	0
0.6608 	0
0.6615 	0
0.6622 	0
0.6629 	0
0.6636 	0
0.6643 	0
0.665 	0
0.6657 	0
0.6664 	0
0.6671 	0
0.6678 	0
0.6685 	0
0.6692 	0
0.6699 	0
0.6706 	0
0.6713 	0
0.672 	0
0.6727 	0
0.6734 	0
0.6741 	0
0.6748 	0
0.6755 	0
0.6762 	0
0.6769 	0
0.6776 	0
0.6783 	0
0.679 	0
0.6797 	0
0.6804 	0
0.6811 	0
0.6818 	0
0.6825 	0
0.6832 	0
0.6839 	0
0.6846 	0
0.6853 	0
0.686 	0
0.6867 	0
0.6874 	0
0.6881 	0
0.6888 	0
0.6895 	0
0.6902 	0
0.6909 	0
0.6916 	0
0.6923 	0
0.693 	0
0.6937 	0
0.6944 	0
0.6951 	0
0.6958 	0
0.6965 	0
0.6972 	0
0.6979 	0
0.6986 	0
0.6993 	0
0.7 	0
