0 	1
0.0007 	1
0.0014 	1
0.0021 	1
0.0028 	1
0.0035 	1
0.0042 	1
0.0049 	1
0.0056 	1
0.0063 	1
0.007 	1
0.0077 	1
0.0084 	1
0.0091 	1
0.0098 	1
0.0105 	1
0.0112 	1
0.0119 	1
0.0126 	1
0.0133 	1
0.014 	1
0.0147 	1
0.0154 	1
0.0161 	1
0.0168 	1
0.0175 	1
0.0182 	1
0.0189 	1
0.0196 	1
0.0203 	1
0.021 	1
0.0217 	1
0.0224 	1
0.0231 	1
0.0238 	1
0.0245 	1
0.0252 	1
0.0259 	1
0.0266 	1
0.0273 	1
0.028 	1
0.0287 	1
0.0294 	1
0.0301 	1
0.0308 	1
0.0315 	1
0.0322 	1
0.0329 	1
0.0336 	1
0.0343 	1
0.035 	1
0.0357 	1
0.0364 	1
0.0371 	1
0.0378 	1
0.0385 	1
0.0392 	1
0.0399 	1
0.0406 	1
0.0413 	1
0.042 	1
0.0427 	1
0.0434 	1
0.0441 	1
0.0448 	1
0.0455 	1
0.0462 	1
0.0469 	1
0.0476 	1
0.0483 	1
0.049 	1
0.0497 	1
0.0504 	1
0.0511 	1
0.0518 	1
0.0525 	1
0.0532 	1
0.0539 	1
0.0546 	1
0.0553 	1
0.056 	1
0.0567 	1
0.0574 	1
0.0581 	1
0.0588 	1
0.0595 	1
0.0602 	1
0.0609 	1
0.0616 	1
0.0623 	1
0.063 	1
0.0637 	1
0.0644 	1
0.0651 	1
0.0658 	1
0.0665 	1
0.0672 	1
0.0679 	1
0.0686 	1
0.0693 	1
0.07 	1
0.0707 	1
0.0714 	1
0.0721 	1
0.0728 	1
0.0735 	1
0.0742 	1
0.0749 	1
0.0756 	1
0.0763 	1
0.077 	1
0.0777 	1
0.0784 	1
0.0791 	1
0.0798 	1
0.0805 	1
0.0812 	1
0.0819 	1
0.0826 	1
0.0833 	1
0.084 	1
0.0847 	1
0.0854 	1
0.0861 	1
0.0868 	1
0.0875 	1
0.0882 	1
0.0889 	1
0.0896 	1
0.0903 	1
0.091 	1
0.0917 	1
0.0924 	1
0.0931 	1
0.0938 	1
0.0945 	1
0.0952 	1
0.0959 	1
0.0966 	1
0.0973 	1
0.098 	1
0.0987 	1
0.0994 	1
0.1001 	1
0.1008 	1
0.1015 	1
0.1022 	1
0.1029 	1
0.1036 	1
0.1043 	1
0.105 	1
0.1057 	1
0.1064 	1
0.1071 	1
0.1078 	1
0.1085 	1
0.1092 	1
0.1099 	1
0.1106 	1
0.1113 	1
0.112 	1
0.1127 	1
0.1134 	1
0.1141 	1
0.1148 	1
0.1155 	1
0.1162 	1
0.1169 	1
0.1176 	1
0.1183 	1
0.119 	1
0.1197 	1
0.1204 	1
0.1211 	1
0.1218 	1
0.1225 	1
0.1232 	1
0.1239 	1
0.1246 	1
0.1253 	1
0.126 	1
0.1267 	1
0.1274 	1
0.1281 	1
0.1288 	1
0.1295 	1
0.1302 	1
0.1309 	1
0.1316 	1
0.1323 	1
0.133 	1
0.1337 	1
0.1344 	1
0.1351 	1
0.1358 	1
0.1365 	1
0.1372 	1
0.1379 	1
0.1386 	1
0.1393 	1
0.14 	1
0.1407 	1
0.1414 	1
0.1421 	1
0.1428 	1
0.1435 	1
0.1442 	1
0.1449 	1
0.1456 	1
0.1463 	1
0.147 	1
0.1477 	1
0.1484 	1
0.1491 	1
0.1498 	1
0.1505 	1
0.1512 	1
0.1519 	1
0.1526 	1
0.1533 	1
0.154 	1
0.1547 	1
0.1554 	1
0.1561 	1
0.1568 	1
0.1575 	1
0.1582 	1
0.1589 	1
0.1596 	1
0.1603 	1
0.161 	1
0.1617 	1
0.1624 	1
0.1631 	1
0.1638 	1
0.1645 	1
0.1652 	1
0.1659 	1
0.1666 	1
0.1673 	1
0.168 	1
0.1687 	1
0.1694 	1
0.1701 	1
0.1708 	1
0.1715 	1
0.1722 	1
0.1729 	1
0.1736 	1
0.1743 	1
0.175 	1
0.1757 	1
0.1764 	1
0.1771 	1
0.1778 	1
0.1785 	1
0.1792 	1
0.1799 	1
0.1806 	1
0.1813 	1
0.182 	1
0.1827 	1
0.1834 	1
0.1841 	1
0.1848 	1
0.1855 	1
0.1862 	1
0.1869 	1
0.1876 	1
0.1883 	1
0.189 	1
0.1897 	1
0.1904 	1
0.1911 	1
0.1918 	1
0.1925 	1
0.1932 	1
0.1939 	1
0.1946 	1
0.1953 	1
0.196 	1
0.1967 	1
0.1974 	1
0.1981 	1
0.1988 	1
0.1995 	1
0.2002 	1
0.2009 	1
0.2016 	1
0.2023 	1
0.203 	1
0.2037 	1
0.2044 	1
0.2051 	1
0.2058 	1
0.2065 	1
0.2072 	1
0.2079 	1
0.2086 	1
0.2093 	1
0.21 	1
0.2107 	1
0.2114 	1
0.2121 	1
0.2128 	1
0.2135 	1
0.2142 	1
0.2149 	1
0.2156 	1
0.2163 	1
0.217 	1
0.2177 	1
0.2184 	1
0.2191 	1
0.2198 	1
0.2205 	1
0.2212 	1
0.2219 	1
0.2226 	1
0.2233 	1
0.224 	1
0.2247 	1
0.2254 	1
0.2261 	1
0.2268 	1
0.2275 	1
0.2282 	1
0.2289 	1
0.2296 	1
0.2303 	1
0.231 	1
0.2317 	1
0.2324 	1
0.2331 	1
0.2338 	1
0.2345 	1
0.2352 	0.999967
0.2359 	0.999851
0.2366 	0.999736
0.2373 	0.99962
0.238 	0.999505
0.2387 	0.999389
0.2394 	0.999274
0.2401 	0.997455
0.2408 	0.985412
0.2415 	0.973365
0.2422 	0.961308
0.2429 	0.949251
0.2436 	0.937194
0.2443 	0.925136
0.245 	0.913079
0.2457 	0.843318
0.2464 	0.773558
0.2471 	0.70381
0.2478 	0.634061
0.2485 	0.564312
0.2492 	0.494564
0.2499 	0.424815
0.2506 	0.365169
0.2513 	0.307212
0.252 	0.249269
0.2527 	0.191326
0.2534 	0.133383
0.2541 	0.0754405
0.2548 	0.0174975
0.2555 	0.000857808
0.2562 	0.000735812
0.2569 	0.000601067
0.2576 	0.000465341
0.2583 	0.000329615
0.259 	0.000193889
0.2597 	5.81631e-05
0.2604 	8.19372e-10
0.2611 	6.35168e-10
0.2618 	5.08327e-10
0.2625 	3.97129e-10
0.2632 	2.85932e-10
0.2639 	1.74734e-10
0.2646 	6.35365e-11
0.2653 	9.32208e-17
0.266 	3.8097e-17
0.2667 	1.62008e-17
0.2674 	1.27642e-17
0.2681 	9.32767e-18
0.2688 	5.89111e-18
0.2695 	2.45456e-18
0.2702 	2.97331e-23
0.2709 	1.00439e-23
0.2716 	1.80677e-25
0.2723 	1.4348e-25
0.273 	1.06284e-25
0.2737 	6.90869e-26
0.2744 	3.18902e-26
0.2751 	8.3903e-30
0.2758 	3.29209e-30
0.2765 	1.36944e-32
0.2772 	1.09558e-32
0.2779 	8.21729e-33
0.2786 	5.47876e-33
0.2793 	2.74023e-33
0.28 	1.82111e-36
0.2807 	8.03173e-37
0.2814 	3.23174e-39
0.2821 	2.6034e-39
0.2828 	1.97506e-39
0.2835 	1.34672e-39
0.2842 	7.18373e-40
0.2849 	9.00313e-41
0.2856 	1.5536e-43
0.2863 	5.76016e-46
0.287 	4.67047e-46
0.2877 	3.58078e-46
0.2884 	2.49108e-46
0.2891 	1.40139e-46
0.2898 	3.117e-47
0.2905 	2.47815e-50
0.2912 	1.72568e-51
0.2919 	6.5172e-53
0.2926 	5.04567e-53
0.2933 	3.57414e-53
0.294 	2.1026e-53
0.2947 	6.31072e-54
0.2954 	3.31873e-57
0.2961 	5.93764e-58
0.2968 	8.3998e-60
0.2975 	6.56243e-60
0.2982 	4.72506e-60
0.2989 	2.8877e-60
0.2996 	1.05033e-60
0.3003 	3.81566e-64
0.301 	1.0139e-64
0.3017 	1.16752e-66
0.3024 	9.19873e-67
0.3031 	6.72224e-67
0.3038 	4.24574e-67
0.3045 	1.76925e-67
0.3052 	3.82148e-71
0.3059 	1.28812e-71
0.3066 	1.94404e-73
0.3073 	1.5438e-73
0.308 	1.14356e-73
0.3087 	7.43318e-74
0.3094 	3.43079e-74
0.3101 	3.37574e-78
0.3108 	1.34639e-78
0.3115 	3.9029e-80
0.3122 	3.12231e-80
0.3129 	2.34173e-80
0.3136 	1.56115e-80
0.3143 	7.80568e-81
0.315 	2.69025e-85
0.3157 	1.23526e-85
0.3164 	8.83768e-87
0.3171 	7.11923e-87
0.3178 	5.40078e-87
0.3185 	3.68233e-87
0.3192 	1.96387e-87
0.3199 	2.45422e-88
0.3206 	1.09233e-92
0.3213 	2.09679e-93
0.322 	1.7001e-93
0.3227 	1.3034e-93
0.3234 	9.0671e-94
0.3241 	5.10016e-94
0.3248 	1.13322e-94
0.3255 	1.11257e-99
0.3262 	5.30153e-100
0.3269 	4.03869e-100
0.3276 	3.12672e-100
0.3283 	2.21474e-100
0.329 	1.30277e-100
0.3297 	3.90798e-101
0.3304 	1.54181e-106
0.3311 	1.16007e-106
0.3318 	9.20123e-107
0.3325 	7.18843e-107
0.3332 	5.17564e-107
0.3339 	3.16285e-107
0.3346 	1.15006e-107
0.3353 	2.70716e-113
0.336 	2.36448e-113
0.3367 	1.97304e-113
0.3374 	1.55451e-113
0.3381 	1.13598e-113
0.3388 	7.17456e-114
0.3395 	2.98927e-114
0.3402 	5.00587e-120
0.3409 	4.54538e-120
0.3416 	3.91239e-120
0.3423 	3.10689e-120
0.343 	2.30139e-120
0.3437 	1.49589e-120
0.3444 	6.90386e-121
0.3451 	8.85846e-127
0.3458 	8.1219e-127
0.3465 	7.1385e-127
0.3472 	5.71079e-127
0.3479 	4.28307e-127
0.3486 	2.85535e-127
0.3493 	1.42764e-127
0.35 	1.4475e-133
0.3507 	1.33099e-133
0.3514 	1.18988e-133
0.3521 	9.58512e-134
0.3528 	7.27144e-134
0.3535 	4.95776e-134
0.3542 	2.64408e-134
0.3549 	3.30398e-135
0.3556 	1.98749e-140
0.3563 	1.80437e-140
0.357 	1.463e-140
0.3577 	1.12163e-140
0.3584 	7.80258e-141
0.3591 	4.38887e-141
0.3598 	9.75156e-142
0.3605 	3.23289e-147
0.3612 	2.92545e-147
0.3619 	2.40058e-147
0.3626 	1.85897e-147
0.3633 	1.31736e-147
0.364 	7.75759e-148
0.3647 	2.34154e-148
0.3654 	1.97127e-150
0.3661 	1.80203e-150
0.3668 	1.50697e-150
0.3675 	1.1776e-150
0.3682 	8.48232e-151
0.3689 	5.18864e-151
0.3696 	1.89495e-151
0.3703 	1.25896e-153
0.371 	1.15443e-153
0.3717 	9.83131e-154
0.3724 	7.74735e-154
0.3731 	5.66339e-154
0.3738 	3.57943e-154
0.3745 	1.49547e-154
0.3752 	6.88246e-157
0.3759 	6.31906e-157
0.3766 	5.47414e-157
0.3773 	4.3477e-157
0.378 	3.22127e-157
0.3787 	2.09484e-157
0.3794 	9.6841e-158
0.3801 	2.92979e-160
0.3808 	2.69276e-160
0.3815 	2.37109e-160
0.3822 	1.89706e-160
0.3829 	1.42304e-160
0.3836 	9.49009e-161
0.3843 	4.74982e-161
0.385 	9.82698e-164
0.3857 	9.04091e-164
0.3864 	8.08654e-164
0.3871 	6.51465e-164
0.3878 	4.94276e-164
0.3885 	3.37088e-164
0.3892 	1.79899e-164
0.3899 	2.27101e-165
0.3906 	2.45835e-167
0.3913 	2.23217e-167
0.392 	1.80997e-167
0.3927 	1.38778e-167
0.3934 	9.65581e-168
0.3941 	5.43385e-168
0.3948 	1.21189e-168
0.3955 	5.53566e-171
0.3962 	5.06605e-171
0.3969 	4.16039e-171
0.3976 	3.22118e-171
0.3983 	2.28197e-171
0.399 	1.34277e-171
0.3997 	4.03561e-172
0.4004 	1.0506e-174
0.4011 	9.62538e-175
0.4018 	8.05287e-175
0.4025 	6.29167e-175
0.4032 	4.53047e-175
0.4039 	2.76926e-175
0.4046 	1.00806e-175
0.4053 	1.70567e-178
0.406 	1.56439e-178
0.4067 	1.33229e-178
0.4074 	1.04973e-178
0.4081 	7.67173e-179
0.4088 	4.84615e-179
0.4095 	2.02056e-179
0.4102 	2.4058e-182
0.4109 	2.20885e-182
0.4116 	1.91344e-182
0.4123 	1.51955e-182
0.413 	1.12567e-182
0.4137 	7.31781e-183
0.4144 	3.37895e-183
0.4151 	2.99192e-186
0.4158 	2.74982e-186
0.4165 	2.42126e-186
0.4172 	1.93707e-186
0.4179 	1.45288e-186
0.4186 	9.68685e-187
0.4193 	4.84492e-187
0.42 	3.29979e-190
0.4207 	3.03579e-190
0.4214 	2.71527e-190
0.4221 	2.18736e-190
0.4228 	1.65945e-190
0.4235 	1.13153e-190
0.4242 	6.03619e-191
0.4249 	7.57052e-192
0.4256 	3.00122e-194
0.4263 	2.72506e-194
0.427 	2.20955e-194
0.4277 	1.69405e-194
0.4284 	1.17855e-194
0.4291 	6.63044e-195
0.4298 	1.47541e-195
0.4305 	2.70192e-198
0.4312 	2.47268e-198
0.4319 	2.03058e-198
0.4326 	1.57211e-198
0.4333 	1.11364e-198
0.434 	6.55165e-199
0.4347 	1.96693e-199
0.4354 	2.2375e-202
0.4361 	2.04994e-202
0.4368 	1.715e-202
0.4375 	1.33988e-202
0.4382 	9.64756e-203
0.4389 	5.89633e-203
0.4396 	2.14509e-203
0.4403 	1.71257e-206
0.441 	1.57071e-206
0.4417 	1.33765e-206
0.4424 	1.05393e-206
0.4431 	7.70207e-207
0.4438 	4.86486e-207
0.4445 	2.02765e-207
0.4452 	1.22409e-210
0.4459 	1.12388e-210
0.4466 	9.73562e-211
0.4473 	7.73137e-211
0.448 	5.72713e-211
0.4487 	3.72288e-211
0.4494 	1.71864e-211
0.4501 	8.31971e-215
0.4508 	7.64647e-215
0.4515 	6.73279e-215
0.4522 	5.38632e-215
0.4529 	4.03985e-215
0.4536 	2.69338e-215
0.4543 	1.34692e-215
0.455 	5.37891e-219
0.4557 	4.94855e-219
0.4564 	4.42606e-219
0.4571 	3.56549e-219
0.4578 	2.70492e-219
0.4585 	1.84435e-219
0.4592 	9.8378e-220
0.4599 	1.23209e-220
0.4606 	3.047e-223
0.4613 	2.76661e-223
0.462 	2.24323e-223
0.4627 	1.71985e-223
0.4634 	1.19646e-223
0.4641 	6.73078e-224
0.4648 	1.49694e-224
0.4655 	1.79503e-227
0.4662 	1.64273e-227
0.4669 	1.34901e-227
0.4676 	1.04442e-227
0.4683 	7.39821e-228
0.469 	4.35224e-228
0.4697 	1.30627e-228
0.4704 	1.01418e-231
0.4711 	9.29163e-232
0.4718 	7.77347e-232
0.4725 	6.07312e-232
0.4732 	4.37277e-232
0.4739 	2.67243e-232
0.4746 	9.72079e-233
0.4753 	5.46074e-236
0.476 	5.00839e-236
0.4767 	4.26524e-236
0.4774 	3.36054e-236
0.4781 	2.45584e-236
0.4788 	1.55114e-236
0.4795 	6.46439e-237
0.4802 	2.78677e-240
0.4809 	2.55862e-240
0.4816 	2.21639e-240
0.4823 	1.7601e-240
0.483 	1.3038e-240
0.4837 	8.4751e-241
0.4844 	3.91216e-241
0.4851 	1.35373e-244
0.4858 	1.24418e-244
0.4865 	1.09551e-244
0.4872 	8.76416e-245
0.4879 	6.57324e-245
0.4886 	4.38232e-245
0.4893 	2.1914e-245
0.49 	6.25216e-249
0.4907 	5.75192e-249
0.4914 	5.1446e-249
0.4921 	4.1443e-249
0.4928 	3.144e-249
0.4935 	2.1437e-249
0.4942 	1.1434e-249
0.4949 	1.43102e-250
0.4956 	2.51406e-253
0.4963 	2.28271e-253
0.497 	1.85086e-253
0.4977 	1.41901e-253
0.4984 	9.87162e-254
0.4991 	5.55314e-254
0.4998 	1.23466e-254
0.5005 	1.03656e-257
0.5012 	9.48612e-258
0.5019 	7.78998e-258
0.5026 	6.03102e-258
0.5033 	4.27206e-258
0.504 	2.5131e-258
0.5047 	7.54144e-259
0.5054 	4.05564e-262
0.5061 	3.71566e-262
0.5068 	3.10854e-262
0.5075 	2.42857e-262
0.5082 	1.7486e-262
0.5089 	1.06863e-262
0.5096 	3.88663e-263
0.5103 	1.50823e-266
0.511 	1.38329e-266
0.5117 	1.17803e-266
0.5124 	9.28156e-267
0.5131 	6.78278e-267
0.5138 	4.28399e-267
0.5145 	1.78521e-267
0.5152 	5.31899e-271
0.5159 	4.88352e-271
0.5166 	4.23033e-271
0.5173 	3.3594e-271
0.518 	2.48848e-271
0.5187 	1.61755e-271
0.5194 	7.46626e-272
0.5201 	1.77473e-275
0.5208 	1.63112e-275
0.5215 	1.43621e-275
0.5222 	1.14897e-275
0.5229 	8.61738e-276
0.5236 	5.74504e-276
0.5243 	2.8727e-276
0.525 	5.61344e-280
0.5257 	5.16431e-280
0.5264 	4.61902e-280
0.5271 	3.72089e-280
0.5278 	2.82277e-280
0.5285 	1.92465e-280
0.5292 	1.02653e-280
0.5299 	1.28408e-281
0.5306 	1.56279e-284
0.5313 	1.41897e-284
0.532 	1.15052e-284
0.5327 	8.82075e-285
0.5334 	6.13626e-285
0.5341 	3.45177e-285
0.5348 	7.67287e-286
0.5355 	4.51988e-289
0.5362 	4.13638e-289
0.5369 	3.39677e-289
0.5376 	2.62978e-289
0.5383 	1.86278e-289
0.539 	1.09578e-289
0.5397 	3.28789e-290
0.5404 	1.24496e-293
0.5411 	1.14059e-293
0.5418 	9.54226e-294
0.5425 	7.45493e-294
0.5432 	5.3676e-294
0.5439 	3.28027e-294
0.5446 	1.19295e-294
0.5453 	3.26523e-298
0.546 	2.99474e-298
0.5467 	2.55037e-298
0.5474 	2.00939e-298
0.5481 	1.46841e-298
0.5488 	9.27435e-299
0.5495 	3.86458e-299
0.5502 	8.16349e-303
0.5509 	7.49514e-303
0.5516 	6.49262e-303
0.5523 	5.15592e-303
0.553 	3.81923e-303
0.5537 	2.48254e-303
0.5544 	1.14584e-303
0.5551 	1.9631e-307
0.5558 	1.80423e-307
0.5565 	1.58864e-307
0.5572 	1.27091e-307
0.5579 	9.53191e-308
0.5586 	6.35468e-308
0.5593 	3.17745e-308
0.56 	4.53424e-312
0.5607 	4.17145e-312
0.5614 	3.73099e-312
0.5621 	3.00554e-312
0.5628 	2.28008e-312
0.5635 	1.55462e-312
0.5642 	8.29164e-313
0.5649 	1.03707e-313
0.5656 	1.14113e-316
0.5663 	1.03612e-316
0.567 	8.40092e-317
0.5677 	6.44068e-317
0.5684 	4.48043e-317
0.5691 	2.52018e-317
0.5698 	5.5993e-318
0.5705 	0
0.5712 	0
0.5719 	0
0.5726 	0
0.5733 	0
0.574 	0
0.5747 	0
0.5754 	0
0.5761 	0
0.5768 	0
0.5775 	0
0.5782 	0
0.5789 	0
0.5796 	0
0.5803 	0
0.581 	0
0.5817 	0
0.5824 	0
0.5831 	0
0.5838 	0
0.5845 	0
0.5852 	0
0.5859 	0
0.5866 	0
0.5873 	0
0.588 	0
0.5887 	0
0.5894 	0
0.5901 	0
0.5908 	0
0.5915 	0
0.5922 	0
0.5929 	0
0.5936 	0
0.5943 	0
0.595 	0
0.5957 	0
0.5964 	0
0.5971 	0
0.5978 	0
0.5985 	0
0.5992 	0
0.5999 	0
0.6006 	0
0.6013 	0
0.602 	0
0.6027 	0
0.6034 	0
0.6041 	0
0.6048 	0
0.6055 	0
0.6062 	0
0.6069 	0
0.6076 	0
0.6083 	0
0.609 	0
0.6097 	0
0.6104 	0
0.6111 	0
0.6118 	0
0.6125 	0
0.6132 	0
0.6139 	0
0.6146 	0
0.6153 	0
0.616 	0
0.6167 	0
0.6174 	0
0.6181 	0
0.6188 	0
0.6195 	0
0.6202 	0
0.6209 	0
0.6216 	0
0.6223 	0
0.623 	0
0.6237 	0
0.6244 	0
0.6251 	0
0.6258 	0
0.6265 	0
0.6272 	0
0.6279 	0
0.6286 	0
0.6293 	0
0.63 	0
0.6307 	0
0.6314 	0
0.6321 	0
0.6328 	0
0.6335 	0
0.6342 	0
0.6349 	0
0.6356 	0
0.6363 	0
0.637 	0
0.6377 	0
0.6384 	0
0.6391 	0
0.6398 	0
0.6405 	0
0.6412 	0
0.6419 	0
0.6426 	0
0.6433 	0
0.644 	0
0.6447 	0
0.6454 	0
0.6461 	0
0.6468 	0
0.6475 	0
0.6482 	0
0.6489 	0
0.6496 	0
0.6503 	0
0.651 	0
0.6517 	0
0.6524 	0
0.6531 	0
0.6538 	0
0.6545 	0
0.6552 	0
0.6559 	0
0.6566 	0
0.6573 	0
0.658 	0
0.6587 	0
0.6594 	0
0.6601 	0
0.6608 	0
0.6615 	0
0.6622 	0
0.6629 	0
0.6636 	0
0.6643 	0
0.665 	0
0.6657 	0
0.6664 	0
0.6671 	0
0.6678 	0
0.6685 	0
0.6692 	0
0.6699 	0
0.6706 	0
0.6713 	0
0.672 	0
0.6727 	0
0.6734 	0
0.6741 	0
0.6748 	0
0.6755 	0
0.6762 	0
0.6769 	0
0.6776 	0
0.6783 	0
0.679 	0
0.6797 	0
0.6804 	0
0.6811 	0
0.6818 	0
0.6825 	0
0.6832 	0
0.6839 	0
0.6846 	0
0.6853 	0
0.686 	0
0.6867 	0
0.6874 	0
0.6881 	0
0.6888 	0
0.6895 	0
0.6902 	0
0.6909 	0
0.6916 	0
0.6923 	0
0.693 	0
0.6937 	0
0.6944 	0
0.6951 	0
0.6958 	0
0.6965 	0
0.6972 	0
0.6979 	0
0.6986 	0
0.6993 	0
0.7 	0
