0 	1
0.0007 	1
0.0014 	1
0.0021 	1
0.0028 	1
0.0035 	1
0.0042 	1
0.0049 	1
0.0056 	1
0.0063 	1
0.007 	1
0.0077 	1
0.0084 	1
0.0091 	1
0.0098 	1
0.0105 	1
0.0112 	1
0.0119 	1
0.0126 	1
0.0133 	1
0.014 	1
0.0147 	1
0.0154 	1
0.0161 	1
0.0168 	1
0.0175 	1
0.0182 	1
0.0189 	1
0.0196 	1
0.0203 	1
0.021 	1
0.0217 	1
0.0224 	1
0.0231 	1
0.0238 	1
0.0245 	1
0.0252 	1
0.0259 	1
0.0266 	1
0.0273 	1
0.028 	1
0.0287 	1
0.0294 	1
0.0301 	1
0.0308 	1
0.0315 	1
0.0322 	1
0.0329 	1
0.0336 	1
0.0343 	1
0.035 	1
0.0357 	1
0.0364 	1
0.0371 	1
0.0378 	1
0.0385 	1
0.0392 	1
0.0399 	1
0.0406 	1
0.0413 	1
0.042 	1
0.0427 	1
0.0434 	1
0.0441 	1
0.0448 	1
0.0455 	1
0.0462 	1
0.0469 	1
0.0476 	1
0.0483 	1
0.049 	1
0.0497 	1
0.0504 	1
0.0511 	1
0.0518 	1
0.0525 	1
0.0532 	1
0.0539 	1
0.0546 	1
0.0553 	1
0.056 	1
0.0567 	1
0.0574 	1
0.0581 	1
0.0588 	1
0.0595 	1
0.0602 	1
0.0609 	1
0.0616 	1
0.0623 	1
0.063 	1
0.0637 	1
0.0644 	1
0.0651 	1
0.0658 	1
0.0665 	1
0.0672 	1
0.0679 	1
0.0686 	1
0.0693 	1
0.07 	1
0.0707 	1
0.0714 	1
0.0721 	1
0.0728 	1
0.0735 	1
0.0742 	1
0.0749 	1
0.0756 	1
0.0763 	1
0.077 	1
0.0777 	1
0.0784 	1
0.0791 	1
0.0798 	1
0.0805 	1
0.0812 	1
0.0819 	1
0.0826 	1
0.0833 	1
0.084 	1
0.0847 	1
0.0854 	1
0.0861 	1
0.0868 	1
0.0875 	1
0.0882 	1
0.0889 	1
0.0896 	1
0.0903 	1
0.091 	1
0.0917 	1
0.0924 	1
0.0931 	1
0.0938 	1
0.0945 	1
0.0952 	1
0.0959 	1
0.0966 	1
0.0973 	1
0.098 	1
0.0987 	1
0.0994 	1
0.1001 	1
0.1008 	1
0.1015 	1
0.1022 	1
0.1029 	1
0.1036 	1
0.1043 	1
0.105 	1
0.1057 	1
0.1064 	1
0.1071 	1
0.1078 	1
0.1085 	1
0.1092 	1
0.1099 	1
0.1106 	1
0.1113 	1
0.112 	1
0.1127 	1
0.1134 	1
0.1141 	1
0.1148 	1
0.1155 	1
0.1162 	1
0.1169 	1
0.1176 	1
0.1183 	1
0.119 	1
0.1197 	1
0.1204 	1
0.1211 	1
0.1218 	1
0.1225 	1
0.1232 	1
0.1239 	1
0.1246 	1
0.1253 	1
0.126 	1
0.1267 	1
0.1274 	1
0.1281 	1
0.1288 	1
0.1295 	1
0.1302 	1
0.1309 	1
0.1316 	1
0.1323 	1
0.133 	1
0.1337 	1
0.1344 	1
0.1351 	1
0.1358 	1
0.1365 	1
0.1372 	1
0.1379 	1
0.1386 	1
0.1393 	1
0.14 	1
0.1407 	1
0.1414 	1
0.1421 	1
0.1428 	1
0.1435 	1
0.1442 	1
0.1449 	1
0.1456 	1
0.1463 	1
0.147 	1
0.1477 	1
0.1484 	1
0.1491 	1
0.1498 	1
0.1505 	1
0.1512 	1
0.1519 	1
0.1526 	1
0.1533 	1
0.154 	1
0.1547 	1
0.1554 	1
0.1561 	1
0.1568 	1
0.1575 	1
0.1582 	1
0.1589 	1
0.1596 	1
0.1603 	1
0.161 	1
0.1617 	1
0.1624 	1
0.1631 	1
0.1638 	1
0.1645 	1
0.1652 	1
0.1659 	1
0.1666 	1
0.1673 	1
0.168 	1
0.1687 	1
0.1694 	1
0.1701 	1
0.1708 	1
0.1715 	1
0.1722 	1
0.1729 	1
0.1736 	1
0.1743 	1
0.175 	1
0.1757 	1
0.1764 	1
0.1771 	1
0.1778 	1
0.1785 	1
0.1792 	1
0.1799 	1
0.1806 	1
0.1813 	1
0.182 	1
0.1827 	1
0.1834 	1
0.1841 	1
0.1848 	1
0.1855 	1
0.1862 	1
0.1869 	1
0.1876 	1
0.1883 	1
0.189 	1
0.1897 	1
0.1904 	1
0.1911 	1
0.1918 	1
0.1925 	1
0.1932 	1
0.1939 	1
0.1946 	1
0.1953 	1
0.196 	1
0.1967 	1
0.1974 	1
0.1981 	1
0.1988 	1
0.1995 	1
0.2002 	1
0.2009 	1
0.2016 	1
0.2023 	1
0.203 	1
0.2037 	1
0.2044 	1
0.2051 	1
0.2058 	1
0.2065 	1
0.2072 	1
0.2079 	1
0.2086 	1
0.2093 	1
0.21 	1
0.2107 	1
0.2114 	1
0.2121 	1
0.2128 	1
0.2135 	1
0.2142 	1
0.2149 	1
0.2156 	1
0.2163 	1
0.217 	1
0.2177 	1
0.2184 	0.999999
0.2191 	0.999999
0.2198 	0.999999
0.2205 	0.999998
0.2212 	0.999995
0.2219 	0.999993
0.2226 	0.999991
0.2233 	0.999989
0.224 	0.999987
0.2247 	0.999985
0.2254 	0.999967
0.2261 	0.999938
0.2268 	0.99991
0.2275 	0.999881
0.2282 	0.999852
0.2289 	0.999823
0.2296 	0.999794
0.2303 	0.99959
0.231 	0.999152
0.2317 	0.998714
0.2324 	0.998276
0.2331 	0.997838
0.2338 	0.9974
0.2345 	0.996962
0.2352 	0.993896
0.2359 	0.984256
0.2366 	0.974616
0.2373 	0.964976
0.238 	0.955336
0.2387 	0.945697
0.2394 	0.936057
0.2401 	0.920707
0.2408 	0.871075
0.2415 	0.821444
0.2422 	0.771813
0.2429 	0.722182
0.2436 	0.672551
0.2443 	0.62292
0.245 	0.573287
0.2457 	0.514518
0.2464 	0.455751
0.2471 	0.396984
0.2478 	0.338216
0.2485 	0.279449
0.2492 	0.220682
0.2499 	0.161914
0.2506 	0.136458
0.2513 	0.116554
0.252 	0.0966501
0.2527 	0.0767462
0.2534 	0.0568422
0.2541 	0.0369383
0.2548 	0.0170344
0.2555 	0.0102315
0.2562 	0.0086676
0.2569 	0.00710368
0.2576 	0.00553976
0.2583 	0.00397584
0.259 	0.00241192
0.2597 	0.000847999
0.2604 	0.000163664
0.2611 	0.000138826
0.2618 	0.000113987
0.2625 	8.91474e-05
0.2632 	6.43079e-05
0.2639 	3.94685e-05
0.2646 	1.4629e-05
0.2653 	4.10731e-07
0.266 	3.49611e-07
0.2667 	2.88488e-07
0.2674 	2.27363e-07
0.2681 	1.66238e-07
0.2688 	1.05113e-07
0.2695 	4.39884e-08
0.2702 	3.21265e-10
0.2709 	2.81837e-10
0.2716 	2.42424e-10
0.2723 	2.03027e-10
0.273 	1.63629e-10
0.2737 	1.24231e-10
0.2744 	8.48336e-11
0.2751 	5.03774e-11
0.2758 	4.55517e-11
0.2765 	4.07293e-11
0.2772 	3.59128e-11
0.2779 	3.10964e-11
0.2786 	2.628e-11
0.2793 	2.14635e-11
0.28 	1.66472e-11
0.2807 	1.47065e-11
0.2814 	1.27669e-11
0.2821 	1.0831e-11
0.2828 	8.89509e-12
0.2835 	6.95921e-12
0.2842 	5.02333e-12
0.2849 	3.08745e-12
0.2856 	2.49188e-12
0.2863 	2.11973e-12
0.287 	1.74862e-12
0.2877 	1.3775e-12
0.2884 	1.00639e-12
0.2891 	6.35274e-13
0.2898 	2.64161e-13
0.2905 	1.42489e-13
0.2912 	1.20565e-13
0.2919 	9.87173e-14
0.2926 	7.68751e-14
0.2933 	5.50329e-14
0.294 	3.31907e-14
0.2947 	1.13485e-14
0.2954 	1.82979e-15
0.2961 	1.55093e-15
0.2968 	1.2731e-15
0.2975 	9.95545e-16
0.2982 	7.17994e-16
0.2989 	4.40443e-16
0.2996 	1.62892e-16
0.3003 	4.05337e-18
0.301 	3.44698e-18
0.3017 	2.84294e-18
0.3024 	2.24021e-18
0.3031 	1.63747e-18
0.3038 	1.03473e-18
0.3045 	4.31992e-19
0.3052 	1.45259e-21
0.3059 	1.23953e-21
0.3066 	1.02727e-21
0.3073 	8.15799e-22
0.308 	6.04326e-22
0.3087 	3.92853e-22
0.3094 	1.8138e-22
0.3101 	1.31305e-25
0.3108 	1.12444e-25
0.3115 	9.36323e-26
0.3122 	7.4908e-26
0.3129 	5.61836e-26
0.3136 	3.74593e-26
0.3143 	1.87349e-26
0.315 	1.20915e-29
0.3157 	1.03891e-29
0.3164 	8.69024e-30
0.3171 	7.00065e-30
0.3178 	5.31106e-30
0.3185 	3.62147e-30
0.3192 	1.93188e-30
0.3199 	2.42288e-31
0.3206 	9.2673e-34
0.3213 	7.78549e-34
0.322 	6.3127e-34
0.3227 	4.83991e-34
0.3234 	3.36712e-34
0.3241 	1.89433e-34
0.3248 	4.21544e-35
0.3255 	7.78872e-38
0.3262 	6.57093e-38
0.3269 	5.36016e-38
0.3276 	4.14993e-38
0.3283 	2.9397e-38
0.329 	1.72947e-38
0.3297 	5.19239e-39
0.3304 	6.12673e-42
0.3311 	5.18998e-42
0.3318 	4.25755e-42
0.3325 	3.3263e-42
0.3332 	2.39505e-42
0.3339 	1.4638e-42
0.3346 	5.32548e-43
0.3353 	4.52058e-46
0.336 	3.84433e-46
0.3367 	3.1705e-46
0.3374 	2.49803e-46
0.3381 	1.82556e-46
0.3388 	1.15308e-46
0.3395 	4.80611e-47
0.3402 	3.14825e-50
0.3409 	2.68724e-50
0.3416 	2.22745e-50
0.3423 	1.7689e-50
0.343 	1.31034e-50
0.3437 	8.51782e-51
0.3444 	3.93225e-51
0.3451 	2.08574e-54
0.3458 	1.78662e-54
0.3465 	1.48806e-54
0.3472 	1.19047e-54
0.3479 	8.92877e-55
0.3486 	5.95287e-55
0.3493 	2.97698e-55
0.35 	1.32553e-58
0.3507 	1.13914e-58
0.3514 	9.5311e-59
0.3521 	7.67796e-59
0.3528 	5.82482e-59
0.3535 	3.97167e-59
0.3542 	2.11853e-59
0.3549 	2.65383e-60
0.3556 	7.02283e-63
0.3563 	5.90149e-63
0.357 	4.78507e-63
0.3577 	3.66864e-63
0.3584 	2.55221e-63
0.3591 	1.43579e-63
0.3598 	3.19358e-64
0.3605 	4.22229e-67
0.3612 	3.56301e-67
0.3619 	2.90653e-67
0.3626 	2.25027e-67
0.3633 	1.594e-67
0.364 	9.37739e-68
0.3647 	2.81475e-68
0.3654 	2.49983e-71
0.3661 	2.11806e-71
0.3668 	1.73762e-71
0.3675 	1.35754e-71
0.3682 	9.77456e-72
0.3689 	5.97375e-72
0.3696 	2.17295e-72
0.3703 	1.14603e-75
0.371 	6.36694e-76
0.3717 	3.13685e-76
0.3724 	9.41917e-77
0.3731 	-1.25302e-76
0.3738 	-3.44796e-76
0.3745 	-5.6429e-76
0.3752 	-8.21823e-76
0.3759 	-1.17462e-75
0.3766 	-1.35102e-75
0.3773 	-1.35104e-75
0.378 	-1.35106e-75
0.3787 	-1.35107e-75
0.3794 	-1.35109e-75
0.3801 	-1.38046e-75
0.3808 	-1.58608e-75
0.3815 	-1.71827e-75
0.3822 	-1.71827e-75
0.3829 	-1.71828e-75
0.3836 	-1.71829e-75
0.3843 	-1.71829e-75
0.385 	-1.71838e-75
0.3857 	-1.7124e-75
0.3864 	-1.70776e-75
0.3871 	-1.70777e-75
0.3878 	-1.70777e-75
0.3885 	-1.70778e-75
0.3892 	-1.70778e-75
0.3899 	-1.70779e-75
0.3906 	-1.56152e-75
0.3913 	-1.40306e-75
0.392 	-1.40306e-75
0.3927 	-1.40306e-75
0.3934 	-1.40306e-75
0.3941 	-1.40306e-75
0.3948 	-1.40306e-75
0.3955 	-1.23527e-75
0.3962 	-1.00035e-75
0.3969 	-9.83563e-76
0.3976 	-9.83561e-76
0.3983 	-9.83558e-76
0.399 	-9.83556e-76
0.3997 	-9.83553e-76
0.4004 	-8.61139e-76
0.4011 	-6.46885e-76
0.4018 	-6.00971e-76
0.4025 	-6.00967e-76
0.4032 	-6.00963e-76
0.4039 	-6.00959e-76
0.4046 	-6.00955e-76
0.4053 	-5.3477e-76
0.406 	-3.80315e-76
0.4067 	-3.2515e-76
0.4074 	-3.25146e-76
0.4081 	-3.25143e-76
0.4088 	-3.25139e-76
0.4095 	-3.25135e-76
0.4102 	-2.98351e-76
0.4109 	-2.04593e-76
0.4116 	-1.57712e-76
0.4123 	-1.57709e-76
0.413 	-1.57706e-76
0.4137 	-1.57703e-76
0.4144 	-1.577e-76
0.4151 	-1.50627e-76
0.4158 	-1.01105e-76
0.4165 	-6.92687e-77
0.4172 	-6.92669e-77
0.4179 	-6.9265e-77
0.4186 	-6.92632e-77
0.4193 	-6.92614e-77
0.42 	-6.92626e-77
0.4207 	-4.60305e-77
0.4214 	-2.77775e-77
0.4221 	-2.77765e-77
0.4228 	-2.77755e-77
0.4235 	-2.77745e-77
0.4242 	-2.77735e-77
0.4249 	-2.77725e-77
0.4256 	-1.93578e-77
0.4263 	-1.02411e-77
0.427 	-1.02406e-77
0.4277 	-1.02402e-77
0.4284 	-1.02397e-77
0.4291 	-1.02392e-77
0.4298 	-1.02387e-77
0.4305 	-7.54011e-78
0.4312 	-3.76179e-78
0.4319 	-3.49172e-78
0.4326 	-3.49152e-78
0.4333 	-3.49132e-78
0.434 	-3.49111e-78
0.4347 	-3.49091e-78
0.4354 	-2.72799e-78
0.4361 	-1.39284e-78
0.4368 	-1.10668e-78
0.4375 	-1.1066e-78
0.4382 	-1.10652e-78
0.4389 	-1.10644e-78
0.4396 	-1.10637e-78
0.4403 	-9.19431e-79
0.441 	-4.83272e-79
0.4417 	-3.27483e-79
0.4424 	-3.27456e-79
0.4431 	-3.27428e-79
0.4438 	-3.27401e-79
0.4445 	-3.27373e-79
0.4452 	-2.89519e-79
0.4459 	-1.57061e-79
0.4466 	-9.08284e-80
0.4473 	-9.08193e-80
0.448 	-9.08103e-80
0.4487 	-9.08012e-80
0.4494 	-9.07922e-80
0.4501 	-8.54198e-80
0.4508 	-4.78469e-80
0.4515 	-2.36918e-80
0.4522 	-2.36891e-80
0.4529 	-2.36863e-80
0.4536 	-2.36836e-80
0.4543 	-2.36808e-80
0.455 	-2.36791e-80
0.4557 	-1.36834e-80
0.4564 	-5.82956e-81
0.4571 	-5.82878e-81
0.4578 	-5.828e-81
0.4585 	-5.82722e-81
0.4592 	-5.82644e-81
0.4599 	-5.82566e-81
0.4606 	-3.68065e-81
0.4613 	-1.35678e-81
0.462 	-1.35657e-81
0.4627 	-1.35637e-81
0.4634 	-1.35616e-81
0.4641 	-1.35595e-81
0.4648 	-1.35574e-81
0.4655 	-9.33204e-82
0.4662 	-3.41666e-82
0.4669 	-2.99365e-82
0.4676 	-2.99313e-82
0.4683 	-2.99262e-82
0.469 	-2.9921e-82
0.4697 	-2.99158e-82
0.4704 	-2.23511e-82
0.4711 	-9.11505e-83
0.4718 	-6.27779e-83
0.4725 	-6.27657e-83
0.4732 	-6.27535e-83
0.4739 	-6.27412e-83
0.4746 	-6.2729e-83
0.4753 	-5.06792e-83
0.476 	-2.25743e-83
0.4767 	-1.25351e-83
0.4774 	-1.25324e-83
0.4781 	-1.25296e-83
0.4788 	-1.25269e-83
0.4795 	-1.25242e-83
0.4802 	-1.09011e-83
0.4809 	-5.22559e-84
0.4816 	-2.38756e-84
0.4823 	-2.38698e-84
0.483 	-2.3864e-84
0.4837 	-2.38582e-84
0.4844 	-2.38524e-84
0.4851 	-2.22881e-84
0.4858 	-1.13666e-84
0.4865 	-4.34521e-85
0.4872 	-4.34404e-85
0.4879 	-4.34288e-85
0.4886 	-4.34171e-85
0.4893 	-4.34054e-85
0.49 	-4.33956e-85
0.4907 	-2.33321e-85
0.4914 	-7.5677e-86
0.4921 	-7.56546e-86
0.4928 	-7.56321e-86
0.4935 	-7.56097e-86
0.4942 	-7.55872e-86
0.4949 	-7.55647e-86
0.4956 	-4.53563e-86
0.4963 	-1.26307e-86
0.497 	-1.26266e-86
0.4977 	-1.26225e-86
0.4984 	-1.26183e-86
0.4991 	-1.26142e-86
0.4998 	-1.26101e-86
0.5005 	-8.37475e-87
0.5012 	-2.44629e-87
0.5019 	-2.02216e-87
0.5026 	-2.02143e-87
0.5033 	-2.02071e-87
0.504 	-2.01999e-87
0.5047 	-2.01926e-87
0.5054 	-1.47253e-87
0.5061 	-5.16166e-88
0.5068 	-3.11135e-88
0.5075 	-3.11013e-88
0.5082 	-3.10892e-88
0.5089 	-3.1077e-88
0.5096 	-3.10649e-88
0.5103 	-2.47102e-88
0.511 	-9.8964e-89
0.5117 	-4.60447e-89
0.5124 	-4.60251e-89
0.5131 	-4.60055e-89
0.5138 	-4.59859e-89
0.5145 	-4.59663e-89
0.5152 	-3.96513e-89
0.5159 	-1.75921e-89
0.5166 	-6.56094e-90
0.5173 	-6.5579e-90
0.518 	-6.55486e-90
0.5187 	-6.55183e-90
0.5194 	-6.54879e-90
0.5201 	-6.0948e-90
0.5208 	-2.93347e-90
0.5215 	-9.01021e-91
0.5222 	-9.00568e-91
0.5229 	-9.00116e-91
0.5236 	-8.99663e-91
0.5243 	-8.99211e-91
0.525 	-8.98796e-91
0.5257 	-4.62322e-91
0.5264 	-1.19368e-91
0.5271 	-1.19303e-91
0.5278 	-1.19238e-91
0.5285 	-1.19173e-91
0.5292 	-1.19108e-91
0.5299 	-1.19044e-91
0.5306 	-6.92293e-92
0.5313 	-1.52687e-92
0.532 	-1.52597e-92
0.5327 	-1.52507e-92
0.5334 	-1.52418e-92
0.5341 	-1.52328e-92
0.5348 	-1.52238e-92
0.5355 	-9.88796e-93
0.5362 	-2.42055e-93
0.5369 	-1.88605e-93
0.5376 	-1.88486e-93
0.5383 	-1.88366e-93
0.539 	-1.88247e-93
0.5397 	-1.88127e-93
0.5404 	-1.35114e-93
0.5411 	-4.24183e-94
0.5418 	-2.25428e-94
0.5425 	-2.25274e-94
0.5432 	-2.2512e-94
0.5439 	-2.24967e-94
0.5446 	-2.24813e-94
0.5453 	-1.77058e-94
0.546 	-6.58164e-95
0.5467 	-2.60749e-95
0.5474 	-2.60558e-95
0.5481 	-2.60366e-95
0.5488 	-2.60175e-95
0.5495 	-2.59983e-95
0.5502 	-2.22954e-95
0.5509 	-9.37975e-96
0.5516 	-2.92075e-96
0.5523 	-2.91845e-96
0.553 	-2.91615e-96
0.5537 	-2.91384e-96
0.5544 	-2.91154e-96
0.5551 	-2.70227e-96
0.5558 	-1.25044e-96
0.5565 	-3.17032e-97
0.5572 	-3.16764e-97
0.5579 	-3.16496e-97
0.5586 	-3.16227e-97
0.5593 	-3.15959e-97
0.56 	-3.15704e-97
0.5607 	-1.57598e-97
0.5614 	-3.33667e-98
0.5621 	-3.33364e-98
0.5628 	-3.33062e-98
0.5635 	-3.32759e-98
0.5642 	-3.32457e-98
0.5649 	-3.32155e-98
0.5656 	-1.89059e-98
0.5663 	-3.40701e-99
0.567 	-3.40371e-99
0.5677 	-3.40041e-99
0.5684 	-3.3971e-99
0.5691 	-3.3938e-99
0.5698 	-3.39049e-99
0.5705 	-2.16887e-99
0.5712 	-4.5975e-100
0.5719 	-3.37344e-100
0.5726 	-3.36994e-100
0.5733 	-3.36644e-100
0.574 	-3.36294e-100
0.5747 	-3.35944e-100
0.5754 	-2.38748e-100
0.5761 	-6.88968e-101
0.5768 	-3.24718e-101
0.5775 	-3.24358e-101
0.5782 	-3.23998e-101
0.5789 	-3.23638e-101
0.5796 	-3.23278e-101
0.5803 	-2.52839e-101
0.581 	-8.89325e-102
0.5817 	-3.03713e-102
0.5824 	-3.03354e-102
0.5831 	-3.02995e-102
0.5838 	-3.02636e-102
0.5845 	-3.02277e-102
0.5852 	-2.58127e-102
0.5859 	-1.04464e-102
0.5866 	-2.76152e-103
0.5873 	-2.75804e-103
0.588 	-2.75455e-103
0.5887 	-2.75107e-103
0.5894 	-2.74759e-103
0.5901 	-2.54467e-103
0.5908 	-1.14446e-103
0.5915 	-2.44201e-104
0.5922 	-2.43873e-104
0.5929 	-2.43545e-104
0.5936 	-2.43217e-104
0.5943 	-2.42889e-104
0.595 	-2.42571e-104
0.5957 	-1.18501e-104
0.5964 	-2.10109e-105
0.5971 	-2.09809e-105
0.5978 	-2.09509e-105
0.5985 	-2.09208e-105
0.5992 	-2.08908e-105
0.5999 	-2.08608e-105
0.6006 	-1.16905e-105
0.6013 	-1.75958e-106
0.602 	-1.7569e-106
0.6027 	-1.75423e-106
0.6034 	-1.75155e-106
0.6041 	-1.74888e-106
0.6048 	-1.7462e-106
0.6055 	-1.10469e-106
0.6062 	-2.07548e-107
0.6069 	-1.43251e-107
0.6076 	-1.43019e-107
0.6083 	-1.42787e-107
0.609 	-1.42555e-107
0.6097 	-1.42323e-107
0.6104 	-1.00361e-107
0.6111 	-2.70926e-108
0.6118 	-1.13768e-108
0.6125 	-1.13572e-108
0.6132 	-1.13377e-108
0.6139 	-1.13181e-108
0.6146 	-1.12986e-108
0.6153 	-8.79027e-109
0.616 	-2.96267e-109
0.6167 	-8.80352e-110
0.6174 	-8.78746e-110
0.6181 	-8.77139e-110
0.6188 	-8.75533e-110
0.6195 	-8.73927e-110
0.6202 	-7.43796e-110
0.6209 	-2.92238e-110
0.6216 	-6.63952e-111
0.6223 	-6.62667e-111
0.623 	-6.61382e-111
0.6237 	-6.60097e-111
0.6244 	-6.58812e-111
0.6251 	-6.09025e-111
0.6258 	-2.68051e-111
0.6265 	-4.88181e-112
0.6272 	-4.8718e-112
0.6279 	-4.86178e-112
0.6286 	-4.85177e-112
0.6293 	-4.84175e-112
0.63 	-4.83193e-112
0.6307 	-2.32215e-112
0.6314 	-3.50027e-113
0.6321 	-3.49266e-113
0.6328 	-3.48505e-113
0.6335 	-3.47744e-113
0.6342 	-3.46983e-113
0.6349 	-3.46222e-113
0.6356 	-1.91738e-113
0.6363 	-2.44794e-114
0.637 	-2.4423e-114
0.6377 	-2.43667e-114
0.6384 	-2.43103e-114
0.6391 	-2.4254e-114
0.6398 	-2.41976e-114
0.6405 	-1.51774e-114
0.6412 	-2.57044e-115
0.6419 	-1.66616e-115
0.6426 	-1.66209e-115
0.6433 	-1.65802e-115
0.644 	-1.65396e-115
0.6447 	-1.64989e-115
0.6454 	-1.15634e-115
0.6461 	-2.95591e-116
0.6468 	-1.10919e-116
0.6475 	-1.10632e-116
0.6482 	-1.10345e-116
0.6489 	-1.10059e-116
0.6496 	-1.09772e-116
0.6503 	-8.50383e-117
0.651 	-2.76983e-117
0.6517 	-7.20704e-118
0.6524 	-7.18735e-118
0.6531 	-7.16767e-118
0.6538 	-7.14798e-118
0.6545 	-7.1283e-118
0.6552 	-6.04943e-118
0.6559 	-2.3217e-118
0.6566 	-4.57175e-119
0.6573 	-4.55855e-119
0.658 	-4.54536e-119
0.6587 	-4.53216e-119
0.6594 	-4.51896e-119
0.6601 	-4.16988e-119
0.6608 	-1.80427e-119
0.6615 	-2.83209e-120
0.6622 	-2.82345e-120
0.6629 	-2.81482e-120
0.6636 	-2.80619e-120
0.6643 	-2.79756e-120
0.665 	-2.78904e-120
0.6657 	-1.32322e-120
0.6664 	-1.71391e-121
0.6671 	-1.7084e-121
0.6678 	-1.70289e-121
0.6685 	-1.69738e-121
0.6692 	-1.69186e-121
0.6699 	-1.68635e-121
0.6706 	-9.25198e-122
0.6713 	-1.01378e-122
0.672 	-1.01034e-122
0.6727 	-1.0069e-122
0.6734 	-1.00346e-122
0.6741 	-1.00003e-122
0.6748 	-9.96587e-123
0.6755 	-6.20839e-123
0.6762 	-9.61136e-124
0.6769 	-5.84387e-124
0.6776 	-5.82293e-124
0.6783 	-5.80198e-124
0.679 	-5.78103e-124
0.6797 	-5.76008e-124
0.6804 	-4.01709e-124
0.6811 	-9.822e-125
0.6818 	-3.30886e-125
0.6825 	-3.29638e-125
0.6832 	-3.2839e-125
0.6839 	-3.27142e-125
0.6846 	-3.25894e-125
0.6853 	-2.51565e-125
0.686 	-7.97652e-126
0.6867 	-1.83614e-126
0.6874 	-1.82887e-126
0.6881 	-1.8216e-126
0.6888 	-1.81432e-126
0.6895 	-1.80705e-126
0.6902 	-1.52965e-126
0.6909 	-5.7669e-127
0.6916 	-1.00004e-127
0.6923 	-9.95882e-128
0.693 	-9.91728e-128
0.6937 	-9.87575e-128
0.6944 	-9.83421e-128
0.6951 	-9.0956e-128
0.6958 	-4.1721e-128
0.6965 	-1.00621e-128
0.6972 	-1.004e-128
0.6979 	-1.0018e-128
0.6986 	-9.99592e-129
0.6993 	-9.97387e-129
0.7 	-9.95222e-129
