0 	1
0.0007 	1
0.0014 	1
0.0021 	1
0.0028 	1
0.0035 	1
0.0042 	1
0.0049 	1
0.0056 	1
0.0063 	1
0.007 	1
0.0077 	1
0.0084 	1
0.0091 	1
0.0098 	1
0.0105 	1
0.0112 	1
0.0119 	1
0.0126 	1
0.0133 	1
0.014 	1
0.0147 	1
0.0154 	1
0.0161 	1
0.0168 	1
0.0175 	1
0.0182 	1
0.0189 	1
0.0196 	1
0.0203 	1
0.021 	1
0.0217 	1
0.0224 	1
0.0231 	1
0.0238 	1
0.0245 	1
0.0252 	1
0.0259 	1
0.0266 	1
0.0273 	1
0.028 	1
0.0287 	1
0.0294 	1
0.0301 	1
0.0308 	1
0.0315 	1
0.0322 	1
0.0329 	1
0.0336 	1
0.0343 	1
0.035 	1
0.0357 	1
0.0364 	1
0.0371 	1
0.0378 	1
0.0385 	1
0.0392 	1
0.0399 	1
0.0406 	1
0.0413 	1
0.042 	1
0.0427 	1
0.0434 	1
0.0441 	1
0.0448 	1
0.0455 	1
0.0462 	1
0.0469 	1
0.0476 	1
0.0483 	1
0.049 	1
0.0497 	1
0.0504 	1
0.0511 	1
0.0518 	1
0.0525 	1
0.0532 	1
0.0539 	1
0.0546 	1
0.0553 	1
0.056 	1
0.0567 	1
0.0574 	1
0.0581 	1
0.0588 	1
0.0595 	1
0.0602 	1
0.0609 	1
0.0616 	1
0.0623 	1
0.063 	1
0.0637 	1
0.0644 	1
0.0651 	1
0.0658 	1
0.0665 	1
0.0672 	1
0.0679 	1
0.0686 	1
0.0693 	1
0.07 	1
0.0707 	1
0.0714 	1
0.0721 	1
0.0728 	1
0.0735 	1
0.0742 	1
0.0749 	1
0.0756 	1
0.0763 	1
0.077 	1
0.0777 	1
0.0784 	1
0.0791 	1
0.0798 	1
0.0805 	1
0.0812 	1
0.0819 	1
0.0826 	1
0.0833 	1
0.084 	1
0.0847 	1
0.0854 	1
0.0861 	1
0.0868 	1
0.0875 	1
0.0882 	1
0.0889 	1
0.0896 	1
0.0903 	1
0.091 	1
0.0917 	1
0.0924 	1
0.0931 	1
0.0938 	1
0.0945 	1
0.0952 	1
0.0959 	1
0.0966 	1
0.0973 	1
0.098 	1
0.0987 	1
0.0994 	1
0.1001 	1
0.1008 	1
0.1015 	1
0.1022 	1
0.1029 	1
0.1036 	1
0.1043 	1
0.105 	1
0.1057 	1
0.1064 	1
0.1071 	1
0.1078 	1
0.1085 	1
0.1092 	1
0.1099 	1
0.1106 	1
0.1113 	1
0.112 	1
0.1127 	1
0.1134 	1
0.1141 	1
0.1148 	1
0.1155 	1
0.1162 	1
0.1169 	1
0.1176 	1
0.1183 	1
0.119 	1
0.1197 	1
0.1204 	1
0.1211 	1
0.1218 	1
0.1225 	1
0.1232 	1
0.1239 	1
0.1246 	1
0.1253 	1
0.126 	1
0.1267 	1
0.1274 	1
0.1281 	1
0.1288 	1
0.1295 	1
0.1302 	1
0.1309 	1
0.1316 	1
0.1323 	1
0.133 	1
0.1337 	1
0.1344 	1
0.1351 	1
0.1358 	1
0.1365 	1
0.1372 	1
0.1379 	1
0.1386 	1
0.1393 	1
0.14 	1
0.1407 	1
0.1414 	1
0.1421 	1
0.1428 	1
0.1435 	1
0.1442 	1
0.1449 	1
0.1456 	1
0.1463 	1
0.147 	1
0.1477 	1
0.1484 	1
0.1491 	1
0.1498 	1
0.1505 	1
0.1512 	1
0.1519 	1
0.1526 	1
0.1533 	1
0.154 	1
0.1547 	1
0.1554 	1
0.1561 	1
0.1568 	1
0.1575 	1
0.1582 	1
0.1589 	1
0.1596 	1
0.1603 	1
0.161 	1
0.1617 	1
0.1624 	1
0.1631 	1
0.1638 	1
0.1645 	1
0.1652 	1
0.1659 	1
0.1666 	1
0.1673 	1
0.168 	1
0.1687 	1
0.1694 	1
0.1701 	1
0.1708 	1
0.1715 	1
0.1722 	1
0.1729 	1
0.1736 	1
0.1743 	1
0.175 	1
0.1757 	1
0.1764 	1
0.1771 	1
0.1778 	1
0.1785 	1
0.1792 	1
0.1799 	1
0.1806 	1
0.1813 	1
0.182 	1
0.1827 	1
0.1834 	1
0.1841 	1
0.1848 	1
0.1855 	1
0.1862 	1
0.1869 	1
0.1876 	1
0.1883 	1
0.189 	1
0.1897 	1
0.1904 	1
0.1911 	1
0.1918 	1
0.1925 	1
0.1932 	1
0.1939 	1
0.1946 	1
0.1953 	1
0.196 	1
0.1967 	1
0.1974 	1
0.1981 	1
0.1988 	1
0.1995 	1
0.2002 	1
0.2009 	1
0.2016 	1
0.2023 	1
0.203 	1
0.2037 	1
0.2044 	1
0.2051 	1
0.2058 	1
0.2065 	1
0.2072 	1
0.2079 	1
0.2086 	1
0.2093 	1
0.21 	1
0.2107 	0.999996
0.2114 	0.999993
0.2121 	0.999989
0.2128 	0.999986
0.2135 	0.999982
0.2142 	0.999979
0.2149 	0.999975
0.2156 	0.999529
0.2163 	0.999009
0.217 	0.998489
0.2177 	0.997968
0.2184 	0.997448
0.2191 	0.996928
0.2198 	0.996408
0.2205 	0.987994
0.2212 	0.976421
0.2219 	0.964849
0.2226 	0.953276
0.2233 	0.941704
0.224 	0.930131
0.2247 	0.918559
0.2254 	0.88367
0.2261 	0.831294
0.2268 	0.778917
0.2275 	0.72654
0.2282 	0.674163
0.2289 	0.621786
0.2296 	0.569409
0.2303 	0.514751
0.231 	0.457053
0.2317 	0.399356
0.2324 	0.341659
0.2331 	0.283962
0.2338 	0.226264
0.2345 	0.168567
0.2352 	0.122478
0.2359 	0.105408
0.2366 	0.0883383
0.2373 	0.0712687
0.238 	0.0541991
0.2387 	0.0371294
0.2394 	0.0200598
0.2401 	0.00532555
0.2408 	0.00460053
0.2415 	0.00387552
0.2422 	0.00315053
0.2429 	0.00242555
0.2436 	0.00170057
0.2443 	0.000975581
0.245 	0.000250616
0.2457 	0.000217346
0.2464 	0.000184078
0.2471 	0.000150813
0.2478 	0.000117547
0.2485 	8.42822e-05
0.2492 	5.10169e-05
0.2499 	1.77516e-05
0.2506 	1.15154e-05
0.2513 	9.78316e-06
0.252 	8.0512e-06
0.2527 	6.31924e-06
0.2534 	4.58728e-06
0.2541 	2.85532e-06
0.2548 	1.12336e-06
0.2555 	5.6852e-07
0.2562 	4.84469e-07
0.2569 	4.00445e-07
0.2576 	3.16422e-07
0.2583 	2.324e-07
0.259 	1.48378e-07
0.2597 	6.43557e-08
0.2604 	2.6172e-08
0.2611 	2.23634e-08
0.2618 	1.85566e-08
0.2625 	1.47503e-08
0.2632 	1.0944e-08
0.2639 	7.13775e-09
0.2646 	3.33146e-09
0.2653 	1.08942e-09
0.266 	9.3282e-10
0.2667 	7.76308e-10
0.2674 	6.19848e-10
0.2681 	4.63387e-10
0.2688 	3.06927e-10
0.2695 	1.50466e-10
0.2702 	3.72055e-11
0.2709 	3.19284e-11
0.2716 	2.66546e-11
0.2723 	2.13839e-11
0.273 	1.61132e-11
0.2737 	1.08425e-11
0.2744 	5.57176e-12
0.2751 	1.03324e-12
0.2758 	8.86824e-13
0.2765 	7.40475e-13
0.2772 	5.94248e-13
0.2779 	4.48021e-13
0.2786 	3.01794e-13
0.2793 	1.55567e-13
0.28 	9.34432e-15
0.2807 	8.03694e-15
0.2814 	6.73e-15
0.2821 	5.4245e-15
0.2828 	4.11901e-15
0.2835 	2.81352e-15
0.2842 	1.50803e-15
0.2849 	2.02533e-16
0.2856 	1.41452e-17
0.2863 	1.18937e-17
0.287 	9.64478e-18
0.2877 	7.39587e-18
0.2884 	5.14695e-18
0.2891 	2.89803e-18
0.2898 	6.49117e-19
0.2905 	5.97752e-21
0.2912 	5.0473e-21
0.2919 	4.11805e-21
0.2926 	3.18888e-21
0.2933 	2.2597e-21
0.294 	1.33053e-21
0.2947 	4.01356e-22
0.2954 	2.91528e-24
0.2961 	2.47153e-24
0.2968 	2.02793e-24
0.2975 	1.58437e-24
0.2982 	1.1408e-24
0.2989 	6.97243e-25
0.2996 	2.53681e-25
0.3003 	2.17292e-28
0.301 	1.84937e-28
0.3017 	1.52577e-28
0.3024 	1.20216e-28
0.3031 	8.78538e-29
0.3038 	5.5492e-29
0.3045 	2.31303e-29
0.3052 	1.52097e-32
0.3059 	1.29932e-32
0.3066 	1.07758e-32
0.3073 	8.55744e-33
0.308 	6.3391e-33
0.3087 	4.12077e-33
0.3094 	1.90243e-33
0.3101 	1.04774e-36
0.3108 	8.98239e-37
0.3115 	7.48661e-37
0.3122 	5.98942e-37
0.3129 	4.49223e-37
0.3136 	2.99504e-37
0.3143 	1.49785e-37
0.315 	7.06209e-41
0.3157 	6.07497e-41
0.3164 	5.08744e-41
0.3171 	4.0983e-41
0.3178 	3.10916e-41
0.3185 	2.12001e-41
0.3192 	1.13087e-41
0.3199 	1.41725e-42
0.3206 	3.99065e-45
0.3213 	3.35714e-45
0.322 	2.72205e-45
0.3227 	2.08697e-45
0.3234 	1.45188e-45
0.3241 	8.16797e-46
0.3248 	1.81712e-46
0.3255 	2.52784e-49
0.3262 	2.1357e-49
0.3269 	1.74238e-49
0.3276 	1.34898e-49
0.3283 	9.5557e-50
0.329 	5.62163e-50
0.3297 	1.68756e-50
0.3304 	1.53296e-53
0.3311 	1.30041e-53
0.3318 	1.06717e-53
0.3325 	8.33746e-54
0.3332 	6.00321e-54
0.3339 	3.66896e-54
0.3346 	1.33471e-54
0.3353 	8.84492e-58
0.336 	7.53213e-58
0.3367 	6.21574e-58
0.3374 	4.89735e-58
0.3381 	3.57895e-58
0.3388 	2.26056e-58
0.3395 	9.42165e-59
0.3402 	4.83574e-62
0.3409 	4.13315e-62
0.3416 	3.42891e-62
0.3423 	2.723e-62
0.343 	2.0171e-62
0.3437 	1.3112e-62
0.3444 	6.05291e-63
0.3451 	2.50219e-66
0.3458 	2.14614e-66
0.3465 	1.78945e-66
0.3472 	1.43158e-66
0.3479 	1.07371e-66
0.3486 	7.15844e-67
0.3493 	3.57977e-67
0.35 	1.22577e-70
0.3507 	1.05486e-70
0.3514 	8.83764e-71
0.3521 	7.11931e-71
0.3528 	5.40097e-71
0.3535 	3.68264e-71
0.3542 	1.9643e-71
0.3549 	2.45971e-72
0.3556 	4.91737e-75
0.3563 	4.1386e-75
0.357 	3.35566e-75
0.3577 	2.57272e-75
0.3584 	1.78979e-75
0.3591 	1.00685e-75
0.3598 	2.23909e-76
0.3605 	2.18001e-79
0.3612 	1.84261e-79
0.3619 	1.50332e-79
0.3626 	1.16388e-79
0.3633 	8.24439e-80
0.364 	4.85e-80
0.3647 	1.45561e-80
0.3654 	9.21849e-84
0.3661 	7.82282e-84
0.3668 	6.42032e-84
0.3675 	5.01595e-84
0.3682 	3.61158e-84
0.3689 	2.20721e-84
0.3696 	8.0284e-85
0.3703 	3.72918e-88
0.371 	3.17661e-88
0.3717 	2.62177e-88
0.3724 	2.06566e-88
0.3731 	1.50956e-88
0.3738 	9.53452e-89
0.3745 	3.97347e-89
0.3752 	1.44697e-92
0.3759 	1.23703e-92
0.3766 	1.02641e-92
0.3773 	8.15096e-93
0.378 	6.03787e-93
0.3787 	3.92478e-93
0.3794 	1.81169e-93
0.3801 	5.39739e-97
0.3808 	4.63025e-97
0.3815 	3.86129e-97
0.3822 	3.08906e-97
0.3829 	2.31684e-97
0.3836 	1.54461e-97
0.3843 	7.72388e-98
0.385 	1.93854e-101
0.3857 	1.6685e-101
0.3864 	1.39808e-101
0.3871 	1.12624e-101
0.3878 	8.54405e-102
0.3885 	5.82566e-102
0.3892 	3.10728e-102
0.3899 	3.88891e-103
0.3906 	5.79486e-106
0.3913 	4.87782e-106
0.392 	3.95502e-106
0.3927 	3.03223e-106
0.3934 	2.10943e-106
0.3941 	1.18663e-106
0.3948 	2.63835e-107
0.3955 	1.93893e-110
0.3962 	1.63854e-110
0.3969 	1.33635e-110
0.3976 	1.03401e-110
0.3983 	7.31681e-111
0.399 	4.29348e-111
0.3997 	1.27014e-111
0.4004 	-1.9449e-113
0.4011 	-8.9474e-114
0.4018 	-6.77216e-114
0.4025 	-6.86774e-114
0.4032 	-6.96331e-114
0.4039 	-7.05889e-114
0.4046 	-7.15447e-114
0.4053 	-5.75469e-114
0.406 	-2.3608e-114
0.4067 	-1.14869e-114
0.4074 	-1.14869e-114
0.4081 	-1.14869e-114
0.4088 	-1.14869e-114
0.4095 	-1.14869e-114
0.4102 	-9.91706e-115
0.4109 	-4.42176e-115
0.4116 	-1.67376e-115
0.4123 	-1.67305e-115
0.413 	-1.67234e-115
0.4137 	-1.67163e-115
0.4144 	-1.67092e-115
0.4151 	-1.55496e-115
0.4158 	-7.472e-116
0.4165 	-2.27888e-116
0.4172 	-2.27775e-116
0.4179 	-2.27662e-116
0.4186 	-2.2755e-116
0.4193 	-2.27437e-116
0.42 	-2.27329e-116
0.4207 	-1.16393e-116
0.4214 	-2.92253e-117
0.4221 	-2.92093e-117
0.4228 	-2.91933e-117
0.4235 	-2.91773e-117
0.4242 	-2.91613e-117
0.4249 	-2.91453e-117
0.4256 	-1.68557e-117
0.4263 	-3.54359e-118
0.427 	-3.54146e-118
0.4277 	-3.53934e-118
0.4284 	-3.53722e-118
0.4291 	-3.5351e-118
0.4298 	-3.53298e-118
0.4305 	-2.28239e-118
0.4312 	-5.32316e-119
0.4319 	-4.07065e-119
0.4326 	-4.06799e-119
0.4333 	-4.06534e-119
0.434 	-4.06269e-119
0.4347 	-4.06003e-119
0.4354 	-2.90243e-119
0.4361 	-8.78472e-120
0.4368 	-4.4452e-120
0.4375 	-4.44206e-120
0.4382 	-4.43891e-120
0.4389 	-4.43577e-120
0.4396 	-4.43263e-120
0.4403 	-3.47844e-120
0.441 	-1.25596e-120
0.4417 	-4.61996e-121
0.4424 	-4.61643e-121
0.4431 	-4.6129e-121
0.4438 	-4.60937e-121
0.4445 	-4.60583e-121
0.4452 	-3.94012e-121
0.4459 	-1.61862e-121
0.4466 	-4.5768e-122
0.4473 	-4.57303e-122
0.448 	-4.56925e-122
0.4487 	-4.56547e-122
0.4494 	-4.5617e-122
0.4501 	-4.22851e-122
0.4508 	-1.91813e-122
0.4515 	-4.32745e-123
0.4522 	-4.3236e-123
0.4529 	-4.31976e-123
0.4536 	-4.31591e-123
0.4543 	-4.31206e-123
0.455 	-4.30832e-123
0.4557 	-2.11464e-123
0.4564 	-3.90972e-124
0.4571 	-3.90598e-124
0.4578 	-3.90223e-124
0.4585 	-3.89849e-124
0.4592 	-3.89475e-124
0.4599 	-3.89101e-124
0.4606 	-2.18528e-124
0.4613 	-3.37862e-125
0.462 	-3.37514e-125
0.4627 	-3.37167e-125
0.4634 	-3.3682e-125
0.4641 	-3.36472e-125
0.4648 	-3.36125e-125
0.4655 	-2.12799e-125
0.4662 	-4.02723e-126
0.4669 	-2.79203e-126
0.4676 	-2.78895e-126
0.4683 	-2.78586e-126
0.469 	-2.78277e-126
0.4697 	-2.77969e-126
0.4704 	-1.96021e-126
0.4711 	-5.28324e-127
0.4718 	-2.21286e-127
0.4725 	-2.21024e-127
0.4732 	-2.20761e-127
0.4739 	-2.20498e-127
0.4746 	-2.20236e-127
0.4753 	-1.71308e-127
0.476 	-5.74811e-128
0.4767 	-1.68149e-128
0.4774 	-1.67935e-128
0.4781 	-1.67721e-128
0.4788 	-1.67507e-128
0.4795 	-1.67293e-128
0.4802 	-1.42363e-128
0.4809 	-5.56317e-129
0.4816 	-1.22575e-129
0.4823 	-1.22408e-129
0.483 	-1.22241e-129
0.4837 	-1.22073e-129
0.4844 	-1.21906e-129
0.4851 	-1.12711e-129
0.4858 	-4.93275e-130
0.4865 	-8.57645e-131
0.4872 	-8.56392e-131
0.4879 	-8.55138e-131
0.4886 	-8.53885e-131
0.4893 	-8.52632e-131
0.49 	-8.51401e-131
0.4907 	-4.06896e-131
0.4914 	-5.76247e-132
0.4921 	-5.75345e-132
0.4928 	-5.74443e-132
0.4935 	-5.73541e-132
0.4942 	-5.72639e-132
0.4949 	-5.71738e-132
0.4956 	-3.15099e-132
0.4963 	-3.7194e-133
0.497 	-3.71316e-133
0.4977 	-3.70693e-133
0.4984 	-3.7007e-133
0.4991 	-3.69446e-133
0.4998 	-3.68823e-133
0.5005 	-2.30419e-133
0.5012 	-3.689e-134
0.5019 	-2.30281e-134
0.5026 	-2.29867e-134
0.5033 	-2.29453e-134
0.504 	-2.29039e-134
0.5047 	-2.28625e-134
0.5054 	-1.59747e-134
0.5061 	-3.95126e-135
0.5068 	-1.37272e-135
0.5075 	-1.37008e-135
0.5082 	-1.36744e-135
0.5089 	-1.36479e-135
0.5096 	-1.36215e-135
0.5103 	-1.05302e-135
0.511 	-3.35153e-136
0.5117 	-7.86684e-137
0.5124 	-7.85063e-137
0.5131 	-7.83441e-137
0.5138 	-7.8182e-137
0.5145 	-7.80199e-137
0.5152 	-6.61353e-137
0.5159 	-2.49382e-137
0.5166 	-4.33483e-138
0.5173 	-4.32526e-138
0.518 	-4.3157e-138
0.5187 	-4.30613e-138
0.5194 	-4.29656e-138
0.5201 	-3.96378e-138
0.5208 	-1.69097e-138
0.5215 	-2.29683e-139
0.5222 	-2.29141e-139
0.5229 	-2.28598e-139
0.5236 	-2.28055e-139
0.5243 	-2.27512e-139
0.525 	-2.26976e-139
0.5257 	-1.06426e-139
0.5264 	-1.17025e-140
0.5271 	-1.16729e-140
0.5278 	-1.16433e-140
0.5285 	-1.16137e-140
0.5292 	-1.15841e-140
0.5299 	-1.15545e-140
0.5306 	-6.28153e-141
0.5313 	-5.7333e-142
0.532 	-5.71776e-142
0.5327 	-5.70222e-142
0.5334 	-5.68668e-142
0.5341 	-5.67115e-142
0.5348 	-5.65561e-142
0.5355 	-3.49879e-142
0.5362 	-4.85255e-143
0.5369 	-2.69274e-143
0.5376 	-2.6849e-143
0.5383 	-2.67706e-143
0.539 	-2.66922e-143
0.5397 	-2.66138e-143
0.5404 	-1.8466e-143
0.5411 	-4.26508e-144
0.5418 	-1.21903e-144
0.5425 	-1.21522e-144
0.5432 	-1.21142e-144
0.5439 	-1.20762e-144
0.5446 	-1.20381e-144
0.5453 	-9.26025e-145
0.546 	-2.82855e-145
0.5467 	-5.30373e-146
0.5474 	-5.28599e-146
0.5481 	-5.26825e-146
0.5488 	-5.25051e-146
0.5495 	-5.23276e-146
0.5502 	-4.42052e-146
0.5509 	-1.62157e-146
0.5516 	-2.21701e-147
0.5523 	-2.20906e-147
0.553 	-2.20111e-147
0.5537 	-2.19315e-147
0.5544 	-2.1852e-147
0.5551 	-2.01129e-147
0.5558 	-8.41279e-148
0.5565 	-8.9005e-149
0.5572 	-8.86624e-149
0.5579 	-8.83199e-149
0.5586 	-8.79774e-149
0.5593 	-8.76349e-149
0.56 	-8.72949e-149
0.5607 	-4.03323e-149
0.5614 	-3.43026e-150
0.5621 	-3.4161e-150
0.5628 	-3.40193e-150
0.5635 	-3.38776e-150
0.5642 	-3.3736e-150
0.5649 	-3.35943e-150
0.5656 	-1.8068e-150
0.5663 	-1.26848e-151
0.567 	-1.26286e-151
0.5677 	-1.25723e-151
0.5684 	-1.25161e-151
0.5691 	-1.24598e-151
0.5698 	-1.24036e-151
0.5705 	-7.61256e-152
0.5712 	-9.27178e-153
0.5719 	-4.47661e-153
0.5726 	-4.45519e-153
0.5733 	-4.43377e-153
0.574 	-4.41234e-153
0.5747 	-4.39092e-153
0.5754 	-3.02852e-153
0.5761 	-6.60177e-154
0.5768 	-1.52061e-154
0.5775 	-1.51279e-154
0.5782 	-1.50496e-154
0.5789 	-1.49714e-154
0.5796 	-1.48932e-154
0.5803 	-1.14042e-154
0.581 	-3.36683e-155
0.5817 	-4.94561e-156
0.5824 	-4.91824e-156
0.5831 	-4.89087e-156
0.5838 	-4.86349e-156
0.5845 	-4.83612e-156
0.5852 	-4.07072e-156
0.5859 	-1.45979e-156
0.5866 	-1.53875e-157
0.5873 	-1.52958e-157
0.588 	-1.52041e-157
0.5887 	-1.51125e-157
0.5894 	-1.50208e-157
0.5901 	-1.37839e-157
0.5908 	-5.67283e-158
0.5915 	-4.57536e-159
0.5922 	-4.54599e-159
0.5929 	-4.51663e-159
0.5936 	-4.48726e-159
0.5943 	-4.4579e-159
0.595 	-4.42867e-159
0.5957 	-2.02144e-159
0.5964 	-1.29866e-160
0.5971 	-1.28968e-160
0.5978 	-1.28069e-160
0.5985 	-1.2717e-160
0.5992 	-1.26272e-160
0.5999 	-1.25373e-160
0.6006 	-6.68168e-161
0.6013 	-3.51414e-162
0.602 	-3.4879e-162
0.6027 	-3.46166e-162
0.6034 	-3.43542e-162
0.6041 	-3.40919e-162
0.6048 	-3.38295e-162
0.6055 	-2.06151e-162
0.6062 	-2.21873e-163
0.6069 	-8.9792e-164
0.6076 	-8.9062e-164
0.6083 	-8.8332e-164
0.609 	-8.76019e-164
0.6097 	-8.68719e-164
0.6104 	-5.95695e-164
0.6111 	-1.23338e-164
0.6118 	-2.19671e-165
0.6125 	-2.17738e-165
0.6132 	-2.15805e-165
0.6139 	-2.13873e-165
0.6146 	-2.1194e-165
0.6153 	-1.6147e-165
0.616 	-4.6271e-166
0.6167 	-5.0972e-167
0.6174 	-5.04861e-167
0.6181 	-5.00001e-167
0.6188 	-4.95142e-167
0.6195 	-4.90283e-167
0.6202 	-4.10733e-167
0.6209 	-1.44412e-167
0.6216 	-1.11934e-168
0.6223 	-1.10776e-168
0.623 	-1.09618e-168
0.6237 	-1.0846e-168
0.6244 	-1.07302e-168
0.6251 	-9.79935e-169
0.6258 	-3.97634e-169
0.6265 	-2.32045e-170
0.6272 	-2.29435e-170
0.6279 	-2.26825e-170
0.6286 	-2.24215e-170
0.6293 	-2.21605e-170
0.63 	-2.19003e-170
0.6307 	-9.89027e-171
0.6314 	-4.52804e-172
0.6321 	-4.47256e-172
0.6328 	-4.41707e-172
0.6335 	-4.36158e-172
0.6342 	-4.3061e-172
0.6349 	-4.25061e-172
0.6356 	-2.24608e-172
0.6363 	-8.28977e-174
0.637 	-8.17884e-174
0.6377 	-8.06792e-174
0.6384 	-7.957e-174
0.6391 	-7.84608e-174
0.6398 	-7.73515e-174
0.6405 	-4.67888e-174
0.6412 	-4.4418e-175
0.6419 	-1.39771e-175
0.6426 	-1.37693e-175
0.6433 	-1.35615e-175
0.644 	-1.33537e-175
0.6447 	-1.31459e-175
0.6454 	-8.95094e-176
0.6461 	-1.76496e-176
0.6468 	-2.22251e-177
0.6475 	-2.18617e-177
0.6482 	-2.14983e-177
0.6489 	-2.1135e-177
0.6496 	-2.07716e-177
0.6503 	-1.57085e-177
0.651 	-4.3777e-178
0.6517 	-3.27198e-179
0.6524 	-3.21295e-179
0.6531 	-3.15391e-179
0.6538 	-3.09487e-179
0.6545 	-3.03583e-179
0.6552 	-2.52191e-179
0.6559 	-8.70497e-180
0.6566 	-4.43472e-181
0.6573 	-4.34606e-181
0.658 	-4.2574e-181
0.6587 	-4.16874e-181
0.6594 	-4.08007e-181
0.6601 	-3.68829e-181
0.6608 	-1.47698e-181
0.6615 	-5.49853e-183
0.6622 	-5.3762e-183
0.6629 	-5.25386e-183
0.6636 	-5.13152e-183
0.6643 	-5.00918e-183
0.665 	-4.88708e-183
0.6657 	-2.18514e-183
0.6664 	-6.19325e-185
0.6671 	-6.03921e-185
0.6678 	-5.88516e-185
0.6685 	-5.73112e-185
0.6692 	-5.57708e-185
0.6699 	-5.42304e-185
0.6706 	-2.83888e-185
0.6713 	-6.29119e-187
0.672 	-6.11552e-187
0.6727 	-5.93985e-187
0.6734 	-5.76417e-187
0.6741 	-5.5885e-187
0.6748 	-5.41283e-187
0.6755 	-3.24053e-187
0.6762 	-2.69355e-188
0.6769 	-5.54571e-189
0.6776 	-5.36569e-189
0.6783 	-5.18568e-189
0.679 	-5.00566e-189
0.6797 	-4.82565e-189
0.6804 	-3.24384e-189
0.6811 	-6.10452e-190
0.6818 	-4.4861e-191
0.6825 	-4.32154e-191
0.6832 	-4.15698e-191
0.6839 	-3.99242e-191
0.6846 	-3.82786e-191
0.6853 	-2.84579e-191
0.686 	-7.73445e-192
0.6867 	-3.24635e-193
0.6874 	-3.11271e-193
0.6881 	-2.97908e-193
0.6888 	-2.84544e-193
0.6895 	-2.7118e-193
0.6902 	-2.20129e-193
0.6909 	-7.4833e-194
0.6916 	-2.13639e-195
0.6923 	-2.03964e-195
0.693 	-1.94289e-195
0.6937 	-1.84613e-195
0.6944 	-1.74938e-195
0.6951 	-1.53507e-195
0.6958 	-6.15017e-196
0.6965 	-2.33309e-197
0.6972 	-2.26978e-197
0.6979 	-2.20647e-197
0.6986 	-2.14317e-197
0.6993 	-2.07986e-197
0.7 	-2.01675e-197
