0 	1
0.0007 	1
0.0014 	1
0.0028 	1
0.0035 	1
0.0042 	1
0.0049 	1
0.0056 	1
0.0063 	1
0.007 	1
0.0077 	1
0.0084 	1
0.0098 	1
0.0105 	1
0.0112 	1
0.0119 	1
0.0126 	1
0.0133 	1
0.014 	1
0.0147 	1
0.0154 	1
0.0161 	1
0.0168 	1
0.0175 	1
0.0182 	1
0.0189 	1
0.0196 	1
0.0203 	1
0.021 	1
0.0217 	1
0.0224 	1
0.0231 	1
0.0238 	1
0.0245 	1
0.0252 	1
0.0259 	1
0.0266 	1
0.0273 	1
0.028 	1
0.0294 	1
0.0301 	1
0.0308 	1
0.0315 	1
0.0322 	1
0.0329 	1
0.0336 	1
0.0343 	1
0.035 	1
0.0357 	1
0.0364 	1
0.0371 	1
0.0378 	1
0.0392 	1
0.0399 	1
0.0406 	1
0.0413 	1
0.042 	1
0.0427 	1
0.0434 	1
0.0441 	1
0.0448 	1
0.0455 	1
0.0462 	1
0.0469 	1
0.0476 	1
0.0483 	1
0.049 	1
0.0497 	1
0.0504 	1
0.0511 	1
0.0518 	1
0.0525 	1
0.0532 	1
0.0539 	1
0.0546 	1
0.0553 	1
0.056 	1
0.0567 	1
0.0574 	1
0.0581 	1
0.0588 	1
0.0595 	1
0.0602 	1
0.0609 	1
0.0616 	1
0.063 	1
0.0637 	1
0.0644 	1
0.0651 	1
0.0665 	1
0.0672 	1
0.0679 	1
0.0686 	1
0.0693 	1
0.07 	1
0.0707 	1
0.0714 	1
0.0721 	1
0.0728 	1
0.0735 	1
0.0742 	1
0.0749 	1
0.0756 	1
0.0763 	1
0.077 	1
0.0777 	1
0.0784 	1
0.0791 	1
0.0798 	1
0.0805 	1
0.0812 	1
0.0819 	1
0.0826 	1
0.084 	1
0.0854 	1
0.0861 	1
0.0868 	1
0.0875 	1
0.0882 	1
0.0889 	1
0.0896 	1
0.0903 	1
0.091 	1
0.0917 	1
0.0924 	1
0.0931 	1
0.0938 	1
0.0945 	1
0.0952 	1
0.0959 	1
0.0966 	1
0.0973 	1
0.098 	1
0.0987 	1
0.0994 	1
0.1001 	1
0.1008 	1
0.1015 	1
0.1022 	1
0.1029 	1
0.1036 	1
0.1043 	1
0.105 	1
0.1057 	1
0.1064 	1
0.1071 	1
0.1078 	1
0.1085 	1
0.1092 	1
0.1099 	1
0.1106 	1
0.1113 	1
0.112 	1
0.1127 	1
0.1134 	1
0.1141 	1
0.1148 	1
0.1155 	1
0.1162 	1
0.1169 	1
0.1183 	1
0.119 	1
0.1197 	1
0.1204 	1
0.1211 	1
0.1218 	1
0.1225 	1
0.1232 	1
0.1239 	1
0.1246 	1
0.1253 	1
0.126 	1
0.1267 	1
0.1274 	1
0.1281 	1
0.1288 	1
0.1295 	1
0.1302 	1
0.1309 	1
0.1316 	1
0.1323 	1
0.133 	1
0.1337 	1
0.1344 	1
0.1351 	1
0.1358 	1
0.1365 	1
0.1372 	1
0.1379 	1
0.1386 	1
0.14 	1
0.1407 	1
0.1414 	1
0.1421 	1
0.1428 	1
0.1435 	1
0.1442 	1
0.1449 	1
0.1456 	1
0.1463 	1
0.147 	1
0.1477 	1
0.1484 	1
0.1491 	1
0.1498 	1
0.1505 	1
0.1512 	1
0.1519 	1
0.1526 	1
0.1533 	1
0.154 	1
0.1547 	1
0.1554 	1
0.1561 	1
0.1568 	1
0.1575 	1
0.1582 	1
0.1589 	1
0.1596 	1
0.1603 	1
0.161 	1
0.1617 	1
0.1624 	1
0.1631 	1
0.1638 	1
0.1645 	1
0.1652 	1
0.1659 	1
0.1666 	1
0.1673 	1
0.168 	1
0.1687 	1
0.1694 	1
0.1701 	1
0.1708 	1
0.1715 	1
0.1722 	1
0.1729 	1
0.1736 	1
0.1743 	1
0.175 	1
0.1757 	1
0.1764 	1
0.1771 	1
0.1778 	1
0.1785 	1
0.1792 	1
0.1799 	1
0.1806 	1
0.1813 	1
0.182 	1
0.1827 	1
0.1834 	1
0.1841 	1
0.1848 	1
0.1855 	1
0.1862 	1
0.1869 	1
0.1876 	1
0.1883 	1
0.189 	1
0.1897 	1
0.1904 	1
0.1911 	1
0.1918 	1
0.1925 	1
0.1932 	1
0.1939 	1
0.1946 	1
0.1953 	1
0.196 	1
0.1967 	1
0.1974 	1
0.1981 	1
0.1988 	1
0.1995 	1
0.2002 	1
0.2009 	1
0.2016 	1
0.2023 	1
0.203 	1
0.2037 	1
0.2044 	1
0.2051 	1
0.2058 	1
0.2065 	1
0.2072 	1
0.2079 	1
0.2086 	1
0.2093 	1
0.21 	1
0.2107 	1
0.2114 	1
0.2128 	1
0.2135 	1
0.2142 	1
0.2149 	1
0.2156 	1
0.2163 	1
0.217 	1
0.2177 	1
0.2184 	1
0.2191 	1
0.2198 	1
0.2205 	1
0.2212 	1
0.2219 	1
0.2226 	1
0.2233 	1
0.224 	1
0.2247 	1
0.2254 	1
0.2261 	1
0.2268 	1
0.2275 	1
0.2289 	1
0.2296 	1
0.2303 	1
0.231 	1
0.2317 	0.999999
0.2324 	0.999999
0.2331 	0.999999
0.2338 	0.999998
0.2345 	0.999998
0.2352 	0.999972
0.2359 	0.999881
0.2366 	0.99979
0.2373 	0.999698
0.238 	0.999607
0.2387 	0.999516
0.2394 	0.999425
0.2401 	0.998766
0.2408 	0.994702
0.2415 	0.990638
0.2422 	0.986574
0.2429 	0.98251
0.2436 	0.978446
0.2443 	0.974382
0.245 	0.970318
0.2457 	0.936171
0.2464 	0.902024
0.2471 	0.867877
0.2478 	0.833729
0.2485 	0.799582
0.2492 	0.765435
0.2499 	0.731288
0.2506 	0.672758
0.2513 	0.610164
0.252 	0.54757
0.2527 	0.484976
0.2534 	0.422382
0.2541 	0.359788
0.2548 	0.297193
0.2555 	0.254013
0.2569 	0.183183
0.2576 	0.147768
0.2583 	0.112353
0.259 	0.0769377
0.2597 	0.0415227
0.2604 	0.0244908
0.2611 	0.0212461
0.2618 	0.0180015
0.2625 	0.014757
0.2632 	0.0115124
0.2639 	0.00826785
0.2646 	0.00502329
0.2653 	0.0030272
0.266 	0.00269574
0.2667 	0.00236429
0.2674 	0.00203284
0.2681 	0.00170139
0.2688 	0.00136994
0.2695 	0.00103849
0.2702 	0.000774346
0.2709 	0.000678458
0.2716 	0.00058257
0.2723 	0.000486683
0.273 	0.000390795
0.2737 	0.000294908
0.2744 	0.000199021
0.2751 	0.000114654
0.2758 	9.94133e-05
0.2765 	8.41724e-05
0.2772 	6.89319e-05
0.2779 	5.36915e-05
0.2786 	3.84511e-05
0.2793 	2.32106e-05
0.28 	7.97017e-06
0.2807 	6.89403e-06
0.2814 	5.81792e-06
0.2821 	4.74193e-06
0.2828 	3.66595e-06
0.2835 	2.58996e-06
0.2842 	1.51397e-06
0.2849 	4.37982e-07
0.2856 	2.50616e-07
0.2863 	2.11355e-07
0.287 	1.72101e-07
0.2877 	1.32848e-07
0.2884 	9.35953e-08
0.2891 	5.43422e-08
0.2898 	1.5089e-08
0.2905 	3.48787e-09
0.2912 	2.94746e-09
0.2919 	2.40723e-09
0.2926 	1.86701e-09
0.2933 	1.32679e-09
0.294 	7.86575e-10
0.2947 	2.46357e-10
0.2954 	1.36485e-11
0.2961 	1.1573e-11
0.2968 	9.49834e-12
0.2975 	7.42387e-12
0.2982 	5.3494e-12
0.2989 	3.27493e-12
0.2996 	1.20046e-12
0.3003 	1.41486e-14
0.301 	1.20408e-14
0.3017 	9.93381e-15
0.3024 	7.82725e-15
0.3031 	5.72068e-15
0.3038 	3.61412e-15
0.3045 	1.50755e-15
0.3052 	2.74863e-18
0.3059 	2.34763e-18
0.3066 	1.94676e-18
0.3073 	1.54602e-18
0.308 	1.14528e-18
0.3094 	3.43802e-19
0.3101 	3.05217e-22
0.3108 	2.61599e-22
0.3115 	2.1799e-22
0.3122 	1.74397e-22
0.3129 	1.30805e-22
0.3136 	8.72123e-23
0.3143 	4.36199e-23
0.315 	2.74603e-26
0.3157 	2.36145e-26
0.3164 	1.97692e-26
0.3171 	1.59256e-26
0.3178 	1.20819e-26
0.3185 	8.23827e-27
0.3192 	4.39462e-27
0.3199 	5.50969e-28
0.3206 	1.65033e-30
0.3213 	1.38769e-30
0.322 	1.12518e-30
0.3227 	8.62658e-31
0.3234 	6.00139e-31
0.3241 	3.37621e-31
0.3248 	7.51029e-32
0.3255 	8.79189e-35
0.3262 	7.42392e-35
0.3269 	6.05639e-35
0.3283 	3.32142e-35
0.329 	1.95394e-35
0.3297 	5.86451e-36
0.3304 	3.54819e-39
0.3311 	3.00819e-39
0.3318 	2.46826e-39
0.3325 	1.92835e-39
0.3332 	1.38845e-39
0.3339 	8.4854e-40
0.3346 	3.08633e-40
0.3353 	1.07826e-43
0.336 	9.17678e-44
0.3367 	7.57092e-44
0.3374 	5.96502e-44
0.3381 	4.35912e-44
0.3388 	2.75322e-44
0.3395 	1.14732e-44
0.3402 	2.44749e-48
0.3409 	2.09069e-48
0.3416 	1.73381e-48
0.3423 	1.37686e-48
0.343 	1.0199e-48
0.3437 	6.62952e-49
0.3444 	3.06001e-49
0.3451 	4.12984e-53
0.3458 	3.54026e-53
0.3465 	2.9505e-53
0.3472 	2.36041e-53
0.3479 	1.77032e-53
0.3486 	1.18023e-53
0.3493 	5.90148e-54
0.35 	6.02029e-58
0.3507 	5.17831e-58
0.3514 	4.3361e-58
0.3528 	2.64987e-58
0.3535 	1.80675e-58
0.3542 	9.63637e-59
0.3549 	1.20521e-59
0.3556 	6.70774e-63
0.3563 	5.64218e-63
0.357 	4.57475e-63
0.3577 	3.50733e-63
0.3584 	2.43991e-63
0.3591 	1.37248e-63
0.3598 	3.05061e-64
0.3605 	7.47815e-68
0.3612 	6.31726e-68
0.3619 	5.15373e-68
0.3626 	3.99e-68
0.3633 	2.82628e-68
0.364 	1.66255e-68
0.3647 	4.98821e-69
0.3654 	7.42901e-73
0.3661 	6.30127e-73
0.3668 	5.17088e-73
0.3675 	4.03977e-73
0.3682 	2.90865e-73
0.3689 	1.77754e-73
0.3696 	6.46423e-74
0.3703 	6.80438e-78
0.371 	5.79386e-78
0.3717 	4.78102e-78
0.3724 	3.76687e-78
0.3731 	2.75273e-78
0.3738 	1.73859e-78
0.3745 	7.24449e-79
0.3752 	5.92491e-83
0.3759 	5.06364e-83
0.3766 	4.20059e-83
0.3773 	3.33577e-83
0.378 	2.47096e-83
0.3787 	1.60614e-83
0.3794 	7.41323e-84
0.3801 	5.01488e-88
0.3808 	4.30099e-88
0.3815 	3.58593e-88
0.3822 	2.86876e-88
0.3829 	2.15158e-88
0.3836 	1.4344e-88
0.3843 	7.17221e-89
0.385 	4.19321e-93
0.3857 	3.6084e-93
0.3864 	3.02296e-93
0.3871 	2.43517e-93
0.3878 	1.84738e-93
0.3885 	1.25959e-93
0.3892 	6.71795e-94
0.3899 	8.40044e-95
0.3906 	3.01723e-98
0.3913 	2.53929e-98
0.3927 	1.57849e-98
0.3934 	1.09809e-98
0.3941 	6.17685e-99
0.3948 	1.37285e-99
0.3955 	2.52963e-103
0.3962 	2.13809e-103
0.3969 	1.74437e-103
0.3976 	1.35048e-103
0.3983 	9.566e-104
0.399 	5.62715e-104
0.3997 	1.68831e-104
0.4004 	2.13519e-108
0.4011 	1.81195e-108
0.4018 	1.48709e-108
0.4025 	1.16179e-108
0.4032 	8.36497e-109
0.4039 	5.112e-109
0.4046 	1.85903e-109
0.4053 	1.82121e-113
0.406 	1.55142e-113
0.4067 	1.28046e-113
0.4074 	1.00885e-113
0.4081 	7.37243e-114
0.4088 	4.65633e-114
0.4095 	1.94023e-114
0.4102 	1.57064e-118
0.4109 	1.34285e-118
0.4116 	1.11426e-118
0.4123 	8.84855e-119
0.413 	6.55452e-119
0.4137 	4.26049e-119
0.4144 	1.96645e-119
0.4151 	1.37024e-123
0.4158 	1.1756e-123
0.4165 	9.80442e-124
0.4172 	7.84356e-124
0.4179 	5.8827e-124
0.4186 	3.92184e-124
0.4193 	1.96098e-124
0.42 	1.20792e-128
0.4207 	1.03978e-128
0.4214 	8.71367e-129
0.4228 	5.32506e-129
0.4235 	3.63076e-129
0.4242 	1.93645e-129
0.4249 	2.42149e-130
0.4256 	9.2833e-134
0.4263 	7.81555e-134
0.427 	6.33695e-134
0.4277 	4.85835e-134
0.4284 	3.37975e-134
0.4291 	1.90115e-134
0.4298 	4.2255e-135
0.4305 	8.34953e-139
0.4312 	7.05955e-139
0.4319 	5.75974e-139
0.4333 	3.1586e-139
0.434 	1.85804e-139
0.4347 	5.57468e-140
0.4354 	7.55287e-144
0.4361 	6.41137e-144
0.4368 	5.26232e-144
0.4375 	4.11121e-144
0.4382 	2.9601e-144
0.4389 	1.80899e-144
0.4396 	6.57882e-145
0.4403 	9.98757e-149
0.441 	8.67872e-149
0.4417 	7.3646e-149
0.4424 	6.04755e-149
0.4431 	4.7305e-149
0.4438 	3.41346e-149
0.4445 	2.09641e-149
0.4452 	1.11603e-149
0.4459 	9.7732e-150
0.4466 	8.38443e-150
0.4473 	6.99403e-150
0.448 	5.60362e-150
0.4487 	4.21321e-150
0.4494 	2.8228e-150
0.4501 	1.60286e-150
0.4508 	1.40571e-150
0.4515 	1.20842e-150
0.4522 	1.01089e-150
0.4529 	8.13363e-151
0.4536 	6.15835e-151
0.4543 	4.18307e-151
0.455 	2.2078e-151
0.4557 	1.9363e-151
0.4564 	1.66468e-151
0.4571 	1.39261e-151
0.4578 	1.12055e-151
0.4585 	8.48487e-152
0.4599 	3.0436e-152
0.4613 	2.04025e-152
0.462 	1.70849e-152
0.4627 	1.37673e-152
0.4634 	1.04496e-152
0.4641 	7.13201e-153
0.4648 	3.81438e-153
0.4655 	2.60854e-153
0.4662 	2.24741e-153
0.4669 	1.88534e-153
0.4676 	1.5232e-153
0.4683 	1.16106e-153
0.469 	7.98923e-154
0.4697 	4.36783e-154
0.4704 	2.61135e-154
0.4711 	2.25354e-154
0.4718 	1.89485e-154
0.4725 	1.53592e-154
0.4732 	1.17698e-154
0.4739 	8.18043e-155
0.4746 	4.59107e-155
0.4753 	2.4007e-155
0.476 	2.07565e-155
0.4767 	1.74986e-155
0.4774 	1.42366e-155
0.4781 	1.09746e-155
0.4788 	7.71259e-156
0.4795 	4.45058e-156
0.4802 	2.04258e-156
0.4809 	1.7696e-156
0.4816 	1.4961e-156
0.4823 	1.22205e-156
0.483 	9.48002e-157
0.4844 	3.99908e-157
0.4851 	1.61962e-157
0.4858 	1.40615e-157
0.4865 	1.19236e-157
0.4872 	9.77963e-158
0.4879 	7.63569e-158
0.4886 	5.49175e-158
0.4893 	3.34782e-158
0.49 	1.20388e-158
0.4907 	1.04749e-158
0.4914 	8.90935e-159
0.4928 	5.76654e-159
0.4935 	4.19513e-159
0.4942 	2.62373e-159
0.4949 	1.05232e-159
0.4956 	7.35329e-160
0.4963 	6.27361e-160
0.497 	5.18865e-160
0.4977 	4.10369e-160
0.4984 	3.01872e-160
0.4991 	1.93376e-160
0.4998 	8.48803e-161
0.5005 	4.88482e-161
0.5012 	4.18017e-161
0.5019 	3.47175e-161
0.5026 	2.76304e-161
0.5033 	2.05433e-161
0.504 	1.34562e-161
0.5047 	6.36909e-162
0.5054 	3.0821e-162
0.5061 	2.6452e-162
0.5068 	2.20615e-162
0.5075 	1.7665e-162
0.5082 	1.32685e-162
0.5089 	8.87209e-163
0.5096 	4.47562e-163
0.5103 	1.85276e-163
0.511 	1.59469e-163
0.5117 	1.33549e-163
0.5124 	1.07565e-163
0.5131 	8.15818e-164
0.5138 	5.55982e-164
0.5145 	2.96146e-164
0.5152 	1.06389e-164
0.5159 	9.18279e-165
0.5166 	7.72126e-165
0.5173 	6.25431e-165
0.518 	4.78736e-165
0.5187 	3.32041e-165
0.5194 	1.85346e-165
0.5201 	5.84843e-166
0.5208 	5.06187e-166
0.5215 	4.27303e-166
0.5222 	3.4801e-166
0.5229 	2.68717e-166
0.5236 	1.89424e-166
0.5243 	1.10131e-166
0.525 	3.08377e-167
0.5257 	2.67619e-167
0.5264 	2.26785e-167
0.5271 	1.85669e-167
0.5278 	1.44553e-167
0.5292 	6.2322e-168
0.5299 	2.12064e-168
0.5306 	1.35933e-168
0.5313 	1.15625e-168
0.532 	9.51385e-169
0.5327 	7.46517e-169
0.5334 	5.41649e-169
0.5341 	3.36781e-169
0.5348 	1.31913e-169
0.5355 	6.64338e-170
0.5362 	5.67098e-170
0.5369 	4.68926e-170
0.5376 	3.70683e-170
0.5383 	2.7244e-170
0.539 	1.74197e-170
0.5397 	7.5954e-171
0.5404 	3.1284e-171
0.5411 	2.67936e-171
0.5418 	2.22639e-171
0.5425 	1.77234e-171
0.5432 	1.31829e-171
0.5439 	8.64236e-172
0.5446 	4.10186e-172
0.5453 	1.42152e-172
0.546 	1.2214e-172
0.5467 	1.01973e-172
0.5474 	8.1718e-173
0.5481 	6.14635e-173
0.5488 	4.12089e-173
0.5495 	2.09543e-173
0.5502 	6.24051e-174
0.5509 	5.3787e-174
0.5516 	4.51122e-174
0.5523 	3.63805e-174
0.553 	2.76489e-174
0.5537 	1.89172e-174
0.5544 	1.01855e-174
0.5551 	2.64995e-175
0.5558 	2.2909e-175
0.5565 	1.93001e-175
0.5579 	1.2016e-175
0.5586 	8.37399e-176
0.5593 	4.73194e-176
0.56 	1.08989e-176
0.5607 	9.44984e-177
0.5614 	7.99587e-177
0.5621 	6.52405e-177
0.5628 	5.05224e-177
0.5635 	3.58043e-177
0.5642 	2.10862e-177
0.5649 	6.36802e-178
0.5656 	3.77929e-178
0.5663 	3.21143e-178
0.567 	2.63453e-178
0.5677 	2.05763e-178
0.5684 	1.48073e-178
0.5691 	9.03827e-179
0.5698 	3.26928e-179
0.5705 	1.46706e-179
0.5712 	1.25155e-179
0.5719 	1.03227e-179
0.5726 	8.12695e-180
0.5733 	5.93124e-180
0.574 	3.73553e-180
0.5747 	1.53982e-180
0.5754 	5.53329e-181
0.5761 	4.73746e-181
0.5768 	3.92864e-181
0.5775 	3.11627e-181
0.5782 	2.30391e-181
0.5789 	1.49154e-181
0.5796 	6.7917e-182
0.5803 	2.02724e-182
0.581 	1.74173e-182
0.5817 	1.45201e-182
0.5831 	8.67855e-183
0.5838 	5.7578e-183
0.5845 	2.83705e-183
0.5852 	7.22333e-184
0.5859 	6.22709e-184
0.5866 	5.21811e-184
0.5873 	4.19638e-184
0.588 	3.17466e-184
0.5887 	2.15294e-184
0.5894 	1.13122e-184
0.5901 	2.50619e-185
0.5908 	2.16767e-185
0.5915 	1.82569e-185
0.5922 	1.47751e-185
0.5929 	1.12933e-185
0.5936 	7.81148e-186
0.595 	8.47838e-187
0.5957 	7.35679e-187
0.5964 	6.22753e-187
0.5971 	5.07012e-187
0.5978 	3.91271e-187
0.5985 	2.7553e-187
0.5999 	4.40488e-188
0.6006 	2.44013e-188
0.6013 	2.07601e-188
0.602 	1.69979e-188
0.6027 	1.32357e-188
0.6034 	9.47346e-189
0.6048 	1.94905e-189
0.6055 	7.91938e-190
0.6062 	6.76857e-190
0.6069 	5.57458e-190
0.6076 	4.37727e-190
0.6083 	3.17996e-190
0.609 	1.98265e-190
0.6097 	7.85334e-191
0.6104 	2.51789e-191
0.6111 	2.16068e-191
0.6118 	1.79066e-191
0.6125 	1.41715e-191
0.6132 	1.04364e-191
0.6139 	6.70125e-192
0.6146 	2.96613e-192
0.6153 	7.85171e-193
0.616 	6.76433e-193
0.6167 	5.64083e-193
0.6174 	4.49726e-193
0.6181 	3.35369e-193
0.6188 	2.21012e-193
0.6195 	1.06656e-193
0.6202 	2.40435e-194
0.6209 	2.07935e-194
0.6216 	1.74483e-194
0.6223 	1.40078e-194
0.623 	1.05674e-194
0.6237 	7.12692e-195
0.6244 	3.68648e-195
0.6251 	7.23883e-196
0.6258 	6.28399e-196
0.6265 	5.30646e-196
0.6272 	4.28809e-196
0.6279 	3.26971e-196
0.6286 	2.25134e-196
0.6293 	1.23296e-196
0.63 	2.14586e-197
0.6307 	1.86972e-197
0.6314 	1.5891e-197
0.6321 	1.29209e-197
0.6328 	9.9507e-198
0.6335 	6.98053e-198
0.6342 	4.01036e-198
0.6349 	1.04019e-198
0.6356 	5.48416e-199
0.6363 	4.69221e-199
0.637 	3.83752e-199
0.6377 	2.98283e-199
0.6384 	2.12814e-199
0.6391 	1.27345e-199
0.6398 	4.18758e-200
0.6405 	1.58749e-200
0.6412 	1.36613e-200
0.6419 	1.12474e-200
0.6426 	8.81822e-201
0.6433 	6.389e-201
0.644 	3.95978e-201
0.6447 	1.53056e-201
0.6454 	4.54302e-202
0.6461 	3.9277e-202
0.6468 	3.25905e-202
0.6475 	2.57586e-202
0.6482 	1.89267e-202
0.6489 	1.20948e-202
0.6496 	5.2629e-203
0.6503 	1.28644e-203
0.651 	1.11723e-203
0.6517 	9.34478e-204
0.6524 	7.44194e-204
0.6531 	5.53909e-204
0.6538 	3.63625e-204
0.6545 	1.73341e-204
0.6552 	3.61061e-205
0.6559 	3.1495e-205
0.6566 	2.65605e-205
0.6573 	2.13028e-205
0.658 	1.60451e-205
0.6587 	1.07874e-205
0.6594 	5.52965e-206
0.6601 	1.00523e-206
0.6608 	8.8059e-207
0.6615 	7.48953e-207
0.6622 	6.04724e-207
0.6629 	4.60495e-207
0.6636 	3.16267e-207
0.6643 	1.72038e-207
0.665 	2.78088e-208
0.6657 	2.44608e-208
0.6664 	2.09871e-208
0.6671 	1.70525e-208
0.6678 	1.31179e-208
0.6685 	9.18335e-209
0.6692 	5.24875e-209
0.6699 	1.31416e-209
0.6706 	6.75423e-210
0.6713 	5.84756e-210
0.672 	4.77959e-210
0.6727 	3.71161e-210
0.6734 	2.64363e-210
0.6741 	1.57566e-210
0.6748 	5.07682e-211
0.6755 	1.85561e-211
0.6762 	1.61783e-211
0.6769 	1.33279e-211
0.6776 	1.04411e-211
0.679 	4.66767e-212
0.6797 	1.78094e-212
0.6804 	5.07753e-213
0.6811 	4.4473e-213
0.6818 	3.70113e-213
0.6825 	2.92335e-213
0.6832 	2.14556e-213
0.6839 	1.36778e-213
0.6846 	5.89994e-214
0.6853 	1.38408e-214
0.686 	1.21752e-214
0.6867 	1.02374e-214
0.6874 	8.14819e-215
0.6881 	6.05903e-215
0.6888 	3.96986e-215
0.6895 	1.8807e-215
0.6902 	3.75893e-216
0.6909 	3.31985e-216
0.6916 	2.82056e-216
0.6923 	2.26106e-216
0.693 	1.70156e-216
0.6937 	1.14205e-216
0.6951 	1.01336e-217
0.6958 	8.98513e-218
0.6965 	7.72032e-218
0.6972 	6.24617e-218
0.6979 	4.77202e-218
0.6986 	3.29786e-218
0.6993 	1.82371e-218
0.7 	3.49559e-219
