0 	1
0.0007 	1
0.0014 	1
0.0021 	1
0.0028 	1
0.0035 	1
0.0042 	1
0.0049 	1
0.0056 	1
0.0063 	1
0.007 	1
0.0077 	1
0.0084 	1
0.0091 	1
0.0098 	1
0.0105 	1
0.0112 	1
0.0119 	1
0.0126 	1
0.0133 	1
0.014 	1
0.0147 	1
0.0154 	1
0.0161 	1
0.0168 	1
0.0175 	1
0.0182 	1
0.0189 	1
0.0196 	1
0.0203 	1
0.021 	1
0.0217 	1
0.0224 	1
0.0231 	1
0.0238 	1
0.0245 	1
0.0252 	1
0.0259 	1
0.0266 	1
0.0273 	1
0.028 	1
0.0287 	1
0.0294 	1
0.0301 	1
0.0308 	1
0.0315 	1
0.0322 	1
0.0329 	1
0.0336 	1
0.0343 	1
0.035 	1
0.0357 	1
0.0364 	1
0.0371 	1
0.0378 	1
0.0385 	1
0.0392 	1
0.0399 	1
0.0406 	1
0.0413 	1
0.042 	1
0.0427 	1
0.0434 	1
0.0441 	1
0.0448 	1
0.0455 	1
0.0462 	1
0.0469 	1
0.0476 	1
0.0483 	1
0.049 	1
0.0497 	1
0.0504 	1
0.0511 	1
0.0518 	1
0.0525 	1
0.0532 	1
0.0539 	1
0.0546 	1
0.0553 	1
0.056 	1
0.0567 	1
0.0574 	1
0.0581 	1
0.0588 	1
0.0595 	1
0.0602 	1
0.0609 	1
0.0616 	1
0.0623 	1
0.063 	1
0.0637 	1
0.0644 	1
0.0651 	1
0.0658 	1
0.0665 	1
0.0672 	1
0.0679 	1
0.0686 	1
0.0693 	1
0.07 	1
0.0707 	1
0.0714 	1
0.0721 	1
0.0728 	1
0.0735 	1
0.0742 	1
0.0749 	1
0.0756 	1
0.0763 	1
0.077 	1
0.0777 	1
0.0784 	1
0.0791 	1
0.0798 	1
0.0805 	1
0.0812 	1
0.0819 	1
0.0826 	1
0.0833 	1
0.084 	1
0.0847 	1
0.0854 	1
0.0861 	1
0.0868 	1
0.0875 	1
0.0882 	1
0.0889 	1
0.0896 	1
0.0903 	1
0.091 	1
0.0917 	1
0.0924 	1
0.0931 	1
0.0938 	1
0.0945 	1
0.0952 	1
0.0959 	1
0.0966 	1
0.0973 	1
0.098 	1
0.0987 	1
0.0994 	1
0.1001 	1
0.1008 	1
0.1015 	1
0.1022 	1
0.1029 	1
0.1036 	1
0.1043 	1
0.105 	1
0.1057 	1
0.1064 	1
0.1071 	1
0.1078 	1
0.1085 	1
0.1092 	1
0.1099 	1
0.1106 	1
0.1113 	1
0.112 	1
0.1127 	1
0.1134 	1
0.1141 	1
0.1148 	1
0.1155 	1
0.1162 	1
0.1169 	1
0.1176 	1
0.1183 	1
0.119 	1
0.1197 	1
0.1204 	1
0.1211 	1
0.1218 	1
0.1225 	1
0.1232 	1
0.1239 	1
0.1246 	1
0.1253 	1
0.126 	1
0.1267 	1
0.1274 	1
0.1281 	1
0.1288 	1
0.1295 	1
0.1302 	1
0.1309 	1
0.1316 	1
0.1323 	1
0.133 	1
0.1337 	1
0.1344 	1
0.1351 	1
0.1358 	1
0.1365 	1
0.1372 	1
0.1379 	1
0.1386 	1
0.1393 	1
0.14 	1
0.1407 	1
0.1414 	1
0.1421 	1
0.1428 	1
0.1435 	1
0.1442 	1
0.1449 	1
0.1456 	1
0.1463 	1
0.147 	1
0.1477 	1
0.1484 	1
0.1491 	1
0.1498 	1
0.1505 	1
0.1512 	1
0.1519 	1
0.1526 	1
0.1533 	1
0.154 	1
0.1547 	1
0.1554 	1
0.1561 	1
0.1568 	1
0.1575 	1
0.1582 	1
0.1589 	1
0.1596 	1
0.1603 	1
0.161 	1
0.1617 	1
0.1624 	1
0.1631 	1
0.1638 	1
0.1645 	1
0.1652 	1
0.1659 	1
0.1666 	1
0.1673 	1
0.168 	1
0.1687 	1
0.1694 	1
0.1701 	1
0.1708 	1
0.1715 	1
0.1722 	1
0.1729 	1
0.1736 	1
0.1743 	1
0.175 	1
0.1757 	1
0.1764 	1
0.1771 	1
0.1778 	1
0.1785 	1
0.1792 	1
0.1799 	1
0.1806 	1
0.1813 	1
0.182 	1
0.1827 	1
0.1834 	1
0.1841 	1
0.1848 	1
0.1855 	1
0.1862 	1
0.1869 	1
0.1876 	1
0.1883 	1
0.189 	1
0.1897 	1
0.1904 	1
0.1911 	1
0.1918 	1
0.1925 	1
0.1932 	1
0.1939 	1
0.1946 	1
0.1953 	1
0.196 	1
0.1967 	1
0.1974 	1
0.1981 	1
0.1988 	1
0.1995 	1
0.2002 	1
0.2009 	1
0.2016 	1
0.2023 	1
0.203 	1
0.2037 	1
0.2044 	1
0.2051 	1
0.2058 	1
0.2065 	1
0.2072 	1
0.2079 	1
0.2086 	1
0.2093 	1
0.21 	1
0.2107 	1
0.2114 	1
0.2121 	1
0.2128 	1
0.2135 	1
0.2142 	1
0.2149 	1
0.2156 	1
0.2163 	1
0.217 	1
0.2177 	1
0.2184 	1
0.2191 	1
0.2198 	1
0.2205 	1
0.2212 	1
0.2219 	1
0.2226 	1
0.2233 	1
0.224 	1
0.2247 	1
0.2254 	1
0.2261 	1
0.2268 	1
0.2275 	1
0.2282 	1
0.2289 	1
0.2296 	1
0.2303 	1
0.231 	1
0.2317 	1
0.2324 	1
0.2331 	1
0.2338 	1
0.2345 	1
0.2352 	1
0.2359 	0.999999
0.2366 	0.999999
0.2373 	0.999999
0.238 	0.999998
0.2387 	0.999998
0.2394 	0.999997
0.2401 	0.999996
0.2408 	0.999987
0.2415 	0.999979
0.2422 	0.99997
0.2429 	0.999962
0.2436 	0.999953
0.2443 	0.999944
0.245 	0.999936
0.2457 	0.999797
0.2464 	0.999659
0.2471 	0.99952
0.2478 	0.999381
0.2485 	0.999242
0.2492 	0.999104
0.2499 	0.998965
0.2506 	0.996409
0.2513 	0.993448
0.252 	0.990487
0.2527 	0.987527
0.2534 	0.984566
0.2541 	0.981605
0.2548 	0.978644
0.2555 	0.95306
0.2562 	0.918402
0.2569 	0.883745
0.2576 	0.849088
0.2583 	0.814431
0.259 	0.779774
0.2597 	0.745117
0.2604 	0.694462
0.2611 	0.631845
0.2618 	0.569228
0.2625 	0.506612
0.2632 	0.443995
0.2639 	0.381379
0.2646 	0.318762
0.2653 	0.267927
0.266 	0.232835
0.2667 	0.197744
0.2674 	0.162652
0.2681 	0.12756
0.2688 	0.0924676
0.2695 	0.0573757
0.2702 	0.0310642
0.2709 	0.0266507
0.2716 	0.0222371
0.2723 	0.0178234
0.273 	0.0134097
0.2737 	0.00899605
0.2744 	0.00458236
0.2751 	0.000785948
0.2758 	0.000674121
0.2765 	0.000562288
0.2772 	0.000450445
0.2779 	0.000338603
0.2786 	0.000226761
0.2793 	0.000114918
0.28 	3.14949e-06
0.2807 	2.70863e-06
0.2814 	2.26797e-06
0.2821 	1.82721e-06
0.2828 	1.38645e-06
0.2835 	9.45683e-07
0.2842 	5.0492e-07
0.2849 	6.41563e-08
0.2856 	1.30618e-09
0.2863 	1.09848e-09
0.287 	8.9065e-10
0.2877 	6.8282e-10
0.2884 	4.74989e-10
0.2891 	2.67159e-10
0.2898 	5.93281e-11
0.2905 	7.85081e-14
0.2912 	6.63055e-14
0.2919 	5.40916e-14
0.2926 	4.18768e-14
0.2933 	2.96619e-14
0.294 	1.74471e-14
0.2947 	5.23228e-15
0.2954 	5.11805e-18
0.2961 	4.34009e-18
0.2968 	3.56126e-18
0.2975 	2.7822e-18
0.2982 	2.00313e-18
0.2989 	1.22407e-18
0.2996 	4.45003e-19
0.3003 	3.27664e-22
0.301 	2.78934e-22
0.3017 	2.30145e-22
0.3024 	1.81324e-22
0.3031 	1.32503e-22
0.3038 	8.36817e-23
0.3045 	3.48605e-23
0.3052 	2.03434e-26
0.3059 	1.73818e-26
0.3066 	1.44169e-26
0.3073 	1.14486e-26
0.308 	8.48023e-27
0.3087 	5.51188e-27
0.3094 	2.54354e-27
0.3101 	1.23071e-30
0.3108 	1.05525e-30
0.3115 	8.79623e-31
0.3122 	7.03689e-31
0.3129 	5.27755e-31
0.3136 	3.51821e-31
0.3143 	1.75887e-31
0.315 	7.27228e-35
0.3157 	6.25604e-35
0.3164 	5.2396e-35
0.3171 	4.22074e-35
0.3178 	3.20187e-35
0.3185 	2.183e-35
0.3192 	1.16414e-35
0.3199 	1.45272e-36
0.3206 	3.61993e-39
0.3213 	3.04551e-39
0.322 	2.4693e-39
0.3227 	1.89309e-39
0.3234 	1.31688e-39
0.3241 	7.40675e-40
0.3248 	1.64466e-40
0.3255 	2.03808e-43
0.3262 	1.72199e-43
0.3269 	1.40483e-43
0.3276 	1.08759e-43
0.3283 	7.70347e-44
0.329 	4.53106e-44
0.3297 	1.35865e-44
0.3304 	1.11141e-47
0.3311 	9.42816e-48
0.3318 	7.73699e-48
0.3325 	6.0444e-48
0.3332 	4.35182e-48
0.3339 	2.65924e-48
0.3346 	9.66659e-49
0.3353 	5.84326e-52
0.336 	4.97581e-52
0.3367 	4.10606e-52
0.3374 	3.23501e-52
0.3381 	2.36397e-52
0.3388 	1.49293e-52
0.3395 	6.21888e-53
0.3402 	2.95135e-56
0.3409 	2.52239e-56
0.3416 	2.09249e-56
0.3423 	1.66165e-56
0.343 	1.23082e-56
0.3437 	7.99978e-57
0.3444 	3.69141e-57
0.3451 	1.42935e-60
0.3458 	1.22585e-60
0.3465 	1.02203e-60
0.3472 	8.17609e-61
0.3479 	6.13189e-61
0.3486 	4.08768e-61
0.3493 	2.04348e-61
0.35 	6.63545e-65
0.3507 	5.70938e-65
0.3514 	4.78278e-65
0.3521 	3.85273e-65
0.3528 	2.92267e-65
0.3535 	1.99262e-65
0.3542 	1.06257e-65
0.3549 	1.32522e-66
0.3556 	2.55053e-69
0.3563 	2.14628e-69
0.357 	1.7402e-69
0.3577 	1.33412e-69
0.3584 	9.28034e-70
0.3591 	5.21951e-70
0.3598 	1.15869e-70
0.3605 	1.09457e-73
0.3612 	9.25003e-74
0.3619 	7.54645e-74
0.3626 	5.84227e-74
0.3633 	4.13808e-74
0.364 	2.43389e-74
0.3647 	7.29701e-75
0.3654 	4.52105e-78
0.3661 	3.83589e-78
0.3668 	3.14797e-78
0.3675 	2.45929e-78
0.3682 	1.77061e-78
0.3689 	1.08193e-78
0.3696 	3.93255e-79
0.3703 	1.80055e-82
0.371 	1.53349e-82
0.3717 	1.26552e-82
0.3724 	9.97053e-83
0.3731 	7.28586e-83
0.3738 	4.6012e-83
0.3745 	1.91653e-83
0.3752 	6.92494e-87
0.3759 	5.91918e-87
0.3766 	4.91074e-87
0.3773 	3.89962e-87
0.378 	2.8885e-87
0.3787 	1.87738e-87
0.3794 	8.66255e-88
0.3801 	2.57478e-91
0.3808 	2.20843e-91
0.3815 	1.84137e-91
0.3822 	1.47303e-91
0.3829 	1.10469e-91
0.3836 	7.36348e-92
0.3843 	3.68008e-92
0.385 	-8.31075e-96
0.3857 	-1.49129e-95
0.3864 	-2.0653e-95
0.3871 	-2.32171e-95
0.3878 	-2.57812e-95
0.3885 	-2.83454e-95
0.3892 	-3.09095e-95
0.3899 	-3.34736e-95
0.3906 	-3.13755e-95
0.3913 	-2.86695e-95
0.392 	-2.81688e-95
0.3927 	-2.76681e-95
0.3934 	-2.71674e-95
0.3941 	-2.66667e-95
0.3948 	-2.6166e-95
0.3955 	-2.29831e-95
0.3962 	-1.8723e-95
0.3969 	-1.74611e-95
0.3976 	-1.643e-95
0.3983 	-1.53988e-95
0.399 	-1.43676e-95
0.3997 	-1.33365e-95
0.4004 	-1.14645e-95
0.4011 	-8.95787e-96
0.4018 	-7.9056e-96
0.4025 	-7.24998e-96
0.4032 	-6.59435e-96
0.4039 	-5.93872e-96
0.4046 	-5.2831e-96
0.4053 	-4.46583e-96
0.406 	-3.43044e-96
0.4067 	-2.87876e-96
0.4074 	-2.59579e-96
0.4081 	-2.31283e-96
0.4088 	-2.02986e-96
0.4095 	-1.7469e-96
0.4102 	-1.44744e-96
0.4109 	-1.10531e-96
0.4116 	-8.86064e-97
0.4123 	-7.89698e-97
0.413 	-6.93333e-97
0.4137 	-5.96968e-97
0.4144 	-5.00602e-97
0.4151 	-4.04465e-97
0.4158 	-3.08821e-97
0.4165 	-2.37489e-97
0.4172 	-2.09919e-97
0.4179 	-1.82349e-97
0.4186 	-1.54779e-97
0.4193 	-1.2721e-97
0.42 	-9.96635e-98
0.4207 	-7.63369e-98
0.4214 	-5.65325e-98
0.4221 	-4.9677e-98
0.4228 	-4.28215e-98
0.4235 	-3.59659e-98
0.4242 	-2.91104e-98
0.4249 	-2.22549e-98
0.4256 	-1.69374e-98
0.4263 	-1.21214e-98
0.427 	-1.06075e-98
0.4277 	-9.09369e-99
0.4284 	-7.57985e-99
0.4291 	-6.066e-99
0.4298 	-4.55216e-99
0.4305 	-3.41059e-99
0.4312 	-2.41567e-99
0.4319 	-2.06479e-99
0.4326 	-1.76345e-99
0.4333 	-1.46211e-99
0.434 	-1.16076e-99
0.4347 	-8.59424e-100
0.4354 	-6.28743e-100
0.4361 	-4.50517e-100
0.4368 	-3.69365e-100
0.4375 	-3.14688e-100
0.4382 	-2.60012e-100
0.4389 	-2.05335e-100
0.4396 	-1.50658e-100
0.4403 	-1.06873e-100
0.441 	-7.74852e-101
0.4417 	-6.11257e-101
0.4424 	-5.20041e-101
0.4431 	-4.28826e-101
0.4438 	-3.3761e-101
0.4445 	-2.46395e-101
0.4452 	-1.68498e-101
0.4459 	-1.23592e-101
0.4466 	-9.40955e-102
0.4473 	-8.00069e-102
0.448 	-6.59183e-102
0.4487 	-5.18297e-102
0.4494 	-3.77411e-102
0.4501 	-2.47648e-102
0.4508 	-1.83709e-102
0.4515 	-1.3537e-102
0.4522 	-1.15108e-102
0.4529 	-9.48456e-103
0.4536 	-7.45836e-103
0.4543 	-5.43216e-103
0.455 	-3.40745e-103
0.4557 	-2.55548e-103
0.4564 	-1.82739e-103
0.4571 	-1.55474e-103
0.4578 	-1.2821e-103
0.4585 	-1.00945e-103
0.4592 	-7.36805e-104
0.4599 	-4.64159e-104
0.4606 	-3.33914e-104
0.4613 	-2.32288e-104
0.462 	-1.97821e-104
0.4627 	-1.63354e-104
0.4634 	-1.28887e-104
0.4641 	-9.44203e-105
0.4648 	-5.99533e-105
0.4655 	-4.11202e-105
0.4662 	-2.84988e-105
0.4669 	-2.37826e-105
0.4676 	-1.96745e-105
0.4683 	-1.55664e-105
0.469 	-1.14582e-105
0.4697 	-7.35012e-106
0.4704 	-4.78651e-106
0.4711 	-3.37518e-106
0.4718 	-2.70888e-106
0.4725 	-2.24578e-106
0.4732 	-1.78268e-106
0.4739 	-1.31958e-106
0.4746 	-8.56474e-107
0.4753 	-5.28063e-107
0.476 	-3.7834e-107
0.4767 	-2.93038e-107
0.4774 	-2.43526e-107
0.4781 	-1.94014e-107
0.4788 	-1.44502e-107
0.4795 	-9.49895e-108
0.4802 	-5.53484e-108
0.4809 	-4.02425e-108
0.4816 	-3.0173e-108
0.4823 	-2.51401e-108
0.483 	-2.01071e-108
0.4837 	-1.50741e-108
0.4844 	-1.00412e-108
0.4851 	-5.52374e-109
0.4858 	-4.0711e-109
0.4865 	-2.96314e-109
0.4872 	-2.47563e-109
0.4879 	-1.98811e-109
0.4886 	-1.5006e-109
0.4893 	-1.01308e-109
0.49 	-5.259e-110
0.4907 	-3.9254e-110
0.4914 	-2.78054e-110
0.4921 	-2.32963e-110
0.4928 	-1.87872e-110
0.4935 	-1.42781e-110
0.4942 	-9.76906e-111
0.4949 	-5.25997e-111
0.4956 	-3.6145e-111
0.4963 	-2.49742e-111
0.497 	-2.09846e-111
0.4977 	-1.6995e-111
0.4984 	-1.30054e-111
0.4991 	-9.01574e-112
0.4998 	-5.02613e-112
0.5005 	-3.18411e-112
0.5012 	-2.1968e-112
0.5019 	-1.81218e-112
0.5026 	-1.47391e-112
0.5033 	-1.13565e-112
0.504 	-7.97382e-113
0.5047 	-4.59117e-113
0.5054 	-2.68797e-113
0.5061 	-1.88983e-113
0.5068 	-1.50252e-113
0.5075 	-1.22725e-113
0.5082 	-9.51984e-114
0.5089 	-6.76719e-114
0.5096 	-4.01454e-114
0.5103 	-2.17786e-114
0.511 	-1.55762e-114
0.5117 	-1.19769e-114
0.5124 	-9.82391e-115
0.5131 	-7.67089e-115
0.5138 	-5.51787e-115
0.5145 	-3.36484e-115
0.5152 	-1.69602e-115
0.5159 	-1.23206e-115
0.5166 	-9.19043e-116
0.5173 	-7.56959e-116
0.518 	-5.94875e-116
0.5187 	-4.32791e-116
0.5194 	-2.70707e-116
0.5201 	-1.27119e-116
0.5208 	-9.36712e-117
0.5215 	-6.79691e-117
0.5222 	-5.62099e-117
0.5229 	-4.44507e-117
0.5236 	-3.26915e-117
0.5243 	-2.09323e-117
0.525 	-9.18082e-118
0.5257 	-6.85487e-118
0.5264 	-4.85027e-118
0.5271 	-4.02711e-118
0.5278 	-3.20396e-118
0.5285 	-2.38081e-118
0.5292 	-1.55766e-118
0.5299 	-7.34508e-119
0.5306 	-4.83488e-119
0.5313 	-3.34321e-119
0.532 	-2.78663e-119
0.5327 	-2.23004e-119
0.5334 	-1.67345e-119
0.5341 	-1.11687e-119
0.5348 	-5.60282e-120
0.5355 	-3.29082e-120
0.5362 	-2.27476e-120
0.5369 	-1.86426e-120
0.5376 	-1.50035e-120
0.5383 	-1.13644e-120
0.539 	-7.72532e-121
0.5397 	-4.08621e-121
0.5404 	-2.16398e-121
0.5411 	-1.52488e-121
0.5418 	-1.20698e-121
0.5425 	-9.76674e-122
0.5432 	-7.4637e-122
0.5439 	-5.16065e-122
0.5446 	-2.85761e-122
0.5453 	-1.37629e-122
0.546 	-9.86805e-123
0.5467 	-7.56927e-123
0.5474 	-6.15717e-123
0.5481 	-4.74507e-123
0.5488 	-3.33297e-123
0.5495 	-1.92087e-123
0.5502 	-8.47449e-124
0.5509 	-6.17274e-124
0.5516 	-4.60206e-124
0.5523 	-3.76245e-124
0.553 	-2.92285e-124
0.5537 	-2.08324e-124
0.5544 	-1.24363e-124
0.5551 	-5.05694e-125
0.5558 	-3.7367e-125
0.5565 	-2.71494e-125
0.5572 	-2.23042e-125
0.5579 	-1.74591e-125
0.5586 	-1.2614e-125
0.5593 	-7.76883e-126
0.56 	-2.92678e-126
0.5607 	-2.19148e-126
0.5614 	-1.55534e-126
0.5621 	-1.28375e-126
0.5628 	-1.01217e-126
0.5635 	-7.40577e-127
0.5642 	-4.6899e-127
0.5649 	-1.97402e-127
0.5656 	-1.24643e-127
0.5663 	-8.65935e-128
0.567 	-7.17946e-128
0.5677 	-5.69957e-128
0.5684 	-4.21969e-128
0.5691 	-2.7398e-128
0.5698 	-1.25991e-128
0.5705 	-6.88165e-129
0.5712 	-4.78268e-129
0.5719 	-3.9043e-129
0.5726 	-3.11982e-129
0.5733 	-2.33533e-129
0.574 	-1.55084e-129
0.5747 	-7.6635e-130
0.5754 	-3.6915e-130
0.5761 	-2.61489e-130
0.5768 	-2.06609e-130
0.5775 	-1.66124e-130
0.5782 	-1.25639e-130
0.5789 	-8.51537e-131
0.5796 	-4.46686e-131
0.5803 	-1.92559e-131
0.581 	-1.38763e-131
0.5817 	-1.06466e-131
0.5824 	-8.61116e-132
0.5831 	-6.57574e-132
0.5838 	-4.54032e-132
0.5845 	-2.5049e-132
0.5852 	-9.77513e-133
0.5859 	-7.1548e-133
0.5866 	-5.34584e-133
0.5873 	-4.34825e-133
0.588 	-3.35067e-133
0.5887 	-2.35308e-133
0.5894 	-1.35549e-133
0.5901 	-4.83294e-134
0.5908 	-3.58795e-134
0.5915 	-2.61726e-134
0.5922 	-2.14032e-134
0.5929 	-1.66339e-134
0.5936 	-1.18645e-134
0.5943 	-7.09509e-135
0.595 	-2.32866e-135
0.5957 	-1.75151e-135
0.5964 	-1.25018e-135
0.5971 	-1.02762e-135
0.5978 	-8.05056e-136
0.5985 	-5.82492e-136
0.5992 	-3.59928e-136
0.5999 	-1.37364e-136
0.6006 	-8.33029e-137
0.6013 	-5.82987e-137
0.602 	-4.81552e-137
0.6027 	-3.80117e-137
0.6034 	-2.78682e-137
0.6041 	-1.77246e-137
0.6048 	-7.58113e-138
0.6055 	-3.86307e-138
0.6062 	-2.70593e-138
0.6069 	-2.20378e-138
0.6076 	-1.75202e-138
0.6083 	-1.30026e-138
0.609 	-8.48495e-139
0.6097 	-3.96732e-139
0.6104 	-1.74803e-139
0.6111 	-1.24737e-139
0.6118 	-9.85512e-140
0.6125 	-7.88785e-140
0.6132 	-5.92058e-140
0.6139 	-3.95332e-140
0.6146 	-1.98605e-140
0.6153 	-7.72349e-141
0.616 	-5.60444e-141
0.6167 	-4.30888e-141
0.6174 	-3.47081e-141
0.6181 	-2.63274e-141
0.6188 	-1.79467e-141
0.6195 	-9.56601e-142
0.6202 	-3.33438e-142
0.6209 	-2.45657e-142
0.6216 	-1.84294e-142
0.6223 	-1.49349e-142
0.623 	-1.14404e-142
0.6237 	-7.94587e-143
0.6244 	-4.45136e-143
0.6251 	-1.40743e-143
0.6258 	-1.05136e-143
0.6265 	-7.71493e-144
0.6272 	-6.288e-144
0.6279 	-4.86107e-144
0.6286 	-3.43413e-144
0.6293 	-2.0072e-144
0.63 	-5.81133e-145
0.6307 	-4.39676e-145
0.6314 	-3.16262e-145
0.6321 	-2.59175e-145
0.6328 	-2.02087e-145
0.6335 	-1.44999e-145
0.6342 	-8.79113e-146
0.6349 	-3.08235e-146
0.6356 	-1.798e-146
0.6363 	-1.2702e-146
0.637 	-1.04632e-146
0.6377 	-8.22446e-147
0.6384 	-5.98567e-147
0.6391 	-3.74688e-147
0.6398 	-1.50809e-147
0.6405 	-7.19473e-148
0.6412 	-5.08944e-148
0.6419 	-4.13954e-148
0.6426 	-3.27851e-148
0.6433 	-2.41749e-148
0.644 	-1.55646e-148
0.6447 	-6.9544e-149
0.6454 	-2.81891e-149
0.6461 	-2.03001e-149
0.6468 	-1.60568e-149
0.6475 	-1.28078e-149
0.6482 	-9.55887e-150
0.6489 	-6.3099e-150
0.6496 	-3.06093e-150
0.6503 	-1.08206e-150
0.651 	-7.91915e-151
0.6517 	-6.10933e-151
0.6524 	-4.90597e-151
0.6531 	-3.70261e-151
0.6538 	-2.49925e-151
0.6545 	-1.29589e-151
0.6552 	-4.07165e-152
0.6559 	-3.02386e-152
0.6566 	-2.28113e-152
0.6573 	-1.84346e-152
0.658 	-1.40579e-152
0.6587 	-9.68122e-153
0.6594 	-5.30452e-153
0.6601 	-1.50269e-153
0.6608 	-1.13101e-153
0.6615 	-8.36222e-154
0.6622 	-6.79843e-154
0.6629 	-5.23463e-154
0.6636 	-3.67083e-154
0.6643 	-2.10704e-154
0.665 	-5.44174e-155
0.6657 	-4.14651e-155
0.6664 	-3.01085e-155
0.6671 	-2.46173e-155
0.6678 	-1.91261e-155
0.6685 	-1.36349e-155
0.6692 	-8.14377e-156
0.6699 	-2.65259e-156
0.6706 	-1.49099e-156
0.6713 	-1.06518e-156
0.672 	-8.75615e-157
0.6727 	-6.86047e-157
0.6734 	-4.96479e-157
0.6741 	-3.06911e-157
0.6748 	-1.17343e-157
0.6755 	-5.26116e-158
0.6762 	-3.76504e-158
0.6769 	-3.06053e-158
0.6776 	-2.41691e-158
0.6783 	-1.77329e-158
0.679 	-1.12967e-158
0.6797 	-4.8605e-159
0.6804 	-1.82271e-159
0.6811 	-1.32677e-159
0.6818 	-1.05159e-159
0.6825 	-8.36609e-160
0.6832 	-6.21629e-160
0.6839 	-4.0665e-160
0.6846 	-1.91671e-160
0.6853 	-6.20253e-161
0.686 	-4.58496e-161
0.6867 	-3.553e-161
0.6874 	-2.84638e-161
0.6881 	-2.13976e-161
0.6888 	-1.43314e-161
0.6895 	-7.26522e-162
0.6902 	-2.07393e-162
0.6909 	-1.55468e-162
0.6916 	-1.18075e-162
0.6923 	-9.5214e-163
0.693 	-7.2353e-163
0.6937 	-4.94921e-163
0.6944 	-2.66312e-163
0.6951 	-6.82284e-164
0.6958 	-5.23164e-164
0.6965 	-3.9566e-164
0.6972 	-3.25064e-164
0.6979 	-2.54469e-164
0.6986 	-1.83873e-164
0.6993 	-1.13277e-164
0.7 	-4.27242e-165
