0 	1
0.0007 	1
0.0014 	1
0.0021 	1
0.0028 	1
0.0035 	1
0.0042 	1
0.0049 	1
0.0056 	1
0.0063 	1
0.007 	1
0.0077 	1
0.0084 	1
0.0091 	1
0.0098 	1
0.0105 	1
0.0112 	1
0.0119 	1
0.0126 	1
0.0133 	1
0.014 	1
0.0147 	1
0.0154 	1
0.0161 	1
0.0168 	1
0.0175 	1
0.0182 	1
0.0189 	1
0.0196 	1
0.0203 	1
0.021 	1
0.0217 	1
0.0224 	1
0.0231 	1
0.0238 	1
0.0245 	1
0.0252 	1
0.0259 	1
0.0266 	1
0.0273 	1
0.028 	1
0.0287 	1
0.0294 	1
0.0301 	1
0.0308 	1
0.0315 	1
0.0322 	1
0.0329 	1
0.0336 	1
0.0343 	1
0.035 	1
0.0357 	1
0.0364 	1
0.0371 	1
0.0378 	1
0.0385 	1
0.0392 	1
0.0399 	1
0.0406 	1
0.0413 	1
0.042 	1
0.0427 	1
0.0434 	1
0.0441 	1
0.0448 	1
0.0455 	1
0.0462 	1
0.0469 	1
0.0476 	1
0.0483 	1
0.049 	1
0.0497 	1
0.0504 	1
0.0511 	1
0.0518 	1
0.0525 	1
0.0532 	1
0.0539 	1
0.0546 	1
0.0553 	1
0.056 	1
0.0567 	1
0.0574 	1
0.0581 	1
0.0588 	1
0.0595 	1
0.0602 	1
0.0609 	1
0.0616 	1
0.0623 	1
0.063 	1
0.0637 	1
0.0644 	1
0.0651 	1
0.0658 	1
0.0665 	1
0.0672 	1
0.0679 	1
0.0686 	1
0.0693 	1
0.07 	1
0.0707 	1
0.0714 	1
0.0721 	1
0.0728 	1
0.0735 	1
0.0742 	1
0.0749 	1
0.0756 	1
0.0763 	1
0.077 	1
0.0777 	1
0.0784 	1
0.0791 	1
0.0798 	1
0.0805 	1
0.0812 	1
0.0819 	1
0.0826 	1
0.0833 	1
0.084 	1
0.0847 	1
0.0854 	1
0.0861 	1
0.0868 	1
0.0875 	1
0.0882 	1
0.0889 	1
0.0896 	1
0.0903 	1
0.091 	1
0.0917 	1
0.0924 	1
0.0931 	1
0.0938 	1
0.0945 	1
0.0952 	1
0.0959 	1
0.0966 	1
0.0973 	1
0.098 	1
0.0987 	1
0.0994 	1
0.1001 	1
0.1008 	1
0.1015 	1
0.1022 	1
0.1029 	1
0.1036 	1
0.1043 	1
0.105 	1
0.1057 	1
0.1064 	1
0.1071 	1
0.1078 	1
0.1085 	1
0.1092 	1
0.1099 	1
0.1106 	1
0.1113 	1
0.112 	1
0.1127 	1
0.1134 	1
0.1141 	1
0.1148 	1
0.1155 	1
0.1162 	1
0.1169 	1
0.1176 	1
0.1183 	1
0.119 	1
0.1197 	1
0.1204 	1
0.1211 	1
0.1218 	1
0.1225 	1
0.1232 	1
0.1239 	1
0.1246 	1
0.1253 	1
0.126 	1
0.1267 	1
0.1274 	1
0.1281 	1
0.1288 	1
0.1295 	1
0.1302 	1
0.1309 	1
0.1316 	1
0.1323 	1
0.133 	1
0.1337 	1
0.1344 	1
0.1351 	1
0.1358 	1
0.1365 	1
0.1372 	1
0.1379 	1
0.1386 	1
0.1393 	1
0.14 	1
0.1407 	1
0.1414 	1
0.1421 	1
0.1428 	1
0.1435 	1
0.1442 	1
0.1449 	1
0.1456 	1
0.1463 	1
0.147 	1
0.1477 	1
0.1484 	1
0.1491 	1
0.1498 	1
0.1505 	1
0.1512 	1
0.1519 	1
0.1526 	1
0.1533 	1
0.154 	1
0.1547 	1
0.1554 	1
0.1561 	1
0.1568 	1
0.1575 	1
0.1582 	1
0.1589 	1
0.1596 	1
0.1603 	1
0.161 	1
0.1617 	1
0.1624 	1
0.1631 	1
0.1638 	1
0.1645 	1
0.1652 	1
0.1659 	1
0.1666 	1
0.1673 	1
0.168 	1
0.1687 	1
0.1694 	1
0.1701 	1
0.1708 	1
0.1715 	1
0.1722 	1
0.1729 	1
0.1736 	1
0.1743 	1
0.175 	1
0.1757 	1
0.1764 	1
0.1771 	1
0.1778 	1
0.1785 	1
0.1792 	1
0.1799 	1
0.1806 	1
0.1813 	1
0.182 	1
0.1827 	1
0.1834 	1
0.1841 	1
0.1848 	1
0.1855 	1
0.1862 	1
0.1869 	1
0.1876 	1
0.1883 	1
0.189 	1
0.1897 	1
0.1904 	1
0.1911 	1
0.1918 	1
0.1925 	1
0.1932 	1
0.1939 	1
0.1946 	1
0.1953 	1
0.196 	1
0.1967 	1
0.1974 	1
0.1981 	1
0.1988 	1
0.1995 	1
0.2002 	1
0.2009 	1
0.2016 	1
0.2023 	1
0.203 	1
0.2037 	1
0.2044 	1
0.2051 	1
0.2058 	0.999997
0.2065 	0.999994
0.2072 	0.999991
0.2079 	0.999988
0.2086 	0.999985
0.2093 	0.999982
0.21 	0.999979
0.2107 	0.999873
0.2114 	0.999767
0.2121 	0.999661
0.2128 	0.999556
0.2135 	0.99945
0.2142 	0.999344
0.2149 	0.999238
0.2156 	0.99761
0.2163 	0.995727
0.217 	0.993845
0.2177 	0.991963
0.2184 	0.99008
0.2191 	0.988198
0.2198 	0.986315
0.2205 	0.966015
0.2212 	0.938331
0.2219 	0.910649
0.2226 	0.882967
0.2233 	0.855285
0.224 	0.827603
0.2247 	0.799921
0.2254 	0.753026
0.2261 	0.691721
0.2268 	0.630416
0.2275 	0.569112
0.2282 	0.507807
0.2289 	0.446502
0.2296 	0.385198
0.2303 	0.332154
0.231 	0.290181
0.2317 	0.248207
0.2324 	0.206232
0.2331 	0.164258
0.2338 	0.122283
0.2345 	0.0803084
0.2352 	0.0483894
0.2359 	0.0415818
0.2366 	0.034774
0.2373 	0.0279659
0.238 	0.0211578
0.2387 	0.0143496
0.2394 	0.00754152
0.2401 	0.00167488
0.2408 	0.00143743
0.2415 	0.00119998
0.2422 	0.000962503
0.2429 	0.000725027
0.2436 	0.000487551
0.2443 	0.000250076
0.245 	1.27159e-05
0.2457 	1.09551e-05
0.2464 	9.19689e-06
0.2471 	7.43845e-06
0.2478 	5.68001e-06
0.2485 	3.92157e-06
0.2492 	2.16313e-06
0.2499 	4.04695e-07
0.2506 	1.36836e-07
0.2513 	1.16421e-07
0.252 	9.60095e-08
0.2527 	7.5598e-08
0.2534 	5.51865e-08
0.2541 	3.47751e-08
0.2548 	1.43636e-08
0.2555 	7.73612e-09
0.2562 	6.6101e-09
0.2569 	5.48466e-09
0.2576 	4.35926e-09
0.2583 	3.23387e-09
0.259 	2.10847e-09
0.2597 	9.83073e-10
0.2604 	4.64188e-10
0.2611 	3.99365e-10
0.2618 	3.34594e-10
0.2625 	2.69837e-10
0.2632 	2.0508e-10
0.2639 	1.40324e-10
0.2646 	7.55669e-11
0.2653 	3.67154e-11
0.266 	3.2342e-11
0.2667 	2.79731e-11
0.2674 	2.36066e-11
0.2681 	1.92401e-11
0.2688 	1.48736e-11
0.2695 	1.05072e-11
0.2702 	7.17582e-12
0.2709 	6.42774e-12
0.2716 	5.68054e-12
0.2723 	4.93422e-12
0.273 	4.1879e-12
0.2737 	3.44159e-12
0.2744 	2.69527e-12
0.2751 	2.02711e-12
0.2758 	1.82692e-12
0.2765 	1.62696e-12
0.2772 	1.42743e-12
0.2779 	1.2279e-12
0.2786 	1.02836e-12
0.2793 	8.28827e-13
0.28 	6.29346e-13
0.2807 	5.69278e-13
0.2814 	5.09291e-13
0.2821 	4.49519e-13
0.2828 	3.89747e-13
0.2835 	3.29975e-13
0.2842 	2.70203e-13
0.2849 	2.10431e-13
0.2856 	1.85207e-13
0.2863 	1.65741e-13
0.287 	1.46385e-13
0.2877 	1.2703e-13
0.2884 	1.07674e-13
0.2891 	8.83186e-14
0.2898 	6.89632e-14
0.2905 	5.87519e-14
0.2912 	5.21951e-14
0.2919 	4.56842e-14
0.2926 	3.91769e-14
0.2933 	3.26696e-14
0.294 	2.61622e-14
0.2947 	1.96549e-14
0.2954 	1.5778e-14
0.2961 	1.38723e-14
0.2968 	1.19794e-14
0.2975 	1.00899e-14
0.2982 	8.20049e-15
0.2989 	6.31104e-15
0.2996 	4.42158e-15
0.3003 	3.17022e-15
0.301 	2.76878e-15
0.3017 	2.36969e-15
0.3024 	1.97191e-15
0.3031 	1.57414e-15
0.3038 	1.17636e-15
0.3045 	7.78587e-16
0.3052 	4.77258e-16
0.3059 	4.16654e-16
0.3066 	3.56342e-16
0.3073 	2.96324e-16
0.308 	2.36305e-16
0.3087 	1.76287e-16
0.3094 	1.16268e-16
0.3101 	6.37027e-17
0.3108 	5.57222e-17
0.3115 	4.77708e-17
0.3122 	3.98715e-17
0.3129 	3.19722e-17
0.3136 	2.40729e-17
0.3143 	1.61736e-17
0.315 	8.27747e-18
0.3157 	7.23547e-18
0.3164 	6.19643e-18
0.3171 	5.16615e-18
0.3178 	4.13587e-18
0.3185 	3.10559e-18
0.3192 	2.07531e-18
0.3199 	1.04503e-18
0.3206 	7.97945e-19
0.3213 	6.81081e-19
0.322 	5.65441e-19
0.3227 	4.498e-19
0.3234 	3.3416e-19
0.3241 	2.18519e-19
0.3248 	1.02879e-19
0.3255 	6.31951e-20
0.3262 	5.3832e-20
0.3269 	4.45716e-20
0.3276 	3.53191e-20
0.3283 	2.60666e-20
0.329 	1.68141e-20
0.3297 	7.56164e-21
0.3304 	3.3193e-21
0.3311 	2.82762e-21
0.3318 	2.34069e-21
0.3325 	1.85507e-21
0.3332 	1.36944e-21
0.3339 	8.83817e-22
0.3346 	3.98192e-22
0.3353 	1.13739e-22
0.336 	9.69913e-23
0.3367 	8.03805e-23
0.3374 	6.38458e-23
0.3381 	4.73111e-23
0.3388 	3.07764e-23
0.3395 	1.42417e-23
0.3402 	2.34171e-24
0.3409 	2.00014e-24
0.3416 	1.6608e-24
0.3423 	1.32368e-24
0.343 	9.86574e-25
0.3437 	6.49463e-25
0.3444 	3.12352e-25
0.3451 	2.30964e-26
0.3458 	1.97736e-26
0.3465 	1.64669e-26
0.3472 	1.31889e-26
0.3479 	9.911e-27
0.3486 	6.63307e-27
0.3493 	3.35514e-27
0.35 	7.89223e-29
0.3507 	6.77549e-29
0.3514 	5.66317e-29
0.3521 	4.56314e-29
0.3528 	3.46311e-29
0.3535 	2.36308e-29
0.3542 	1.26306e-29
0.3549 	1.6303e-30
0.3556 	5.67626e-32
0.3563 	4.7628e-32
0.357 	3.86182e-32
0.3577 	2.96084e-32
0.3584 	2.05986e-32
0.3591 	1.15888e-32
0.3598 	2.57904e-33
0.3605 	8.58796e-36
0.3612 	7.23471e-36
0.3619 	5.90081e-36
0.3626 	4.5684e-36
0.3633 	3.23599e-36
0.364 	1.90358e-36
0.3647 	5.71173e-37
0.3654 	7.72828e-40
0.3661 	6.53737e-40
0.3668 	5.36081e-40
0.3675 	4.18816e-40
0.3682 	3.0155e-40
0.3689 	1.84285e-40
0.3696 	6.70202e-41
0.3703 	6.86185e-44
0.371 	5.8273e-44
0.3717 	4.80289e-44
0.3724 	3.78411e-44
0.3731 	2.76534e-44
0.3738 	1.74656e-44
0.3745 	7.27782e-45
0.3752 	5.92737e-48
0.3759 	5.05259e-48
0.3766 	4.18446e-48
0.3773 	3.32296e-48
0.378 	2.46147e-48
0.3787 	1.59997e-48
0.3794 	7.38476e-49
0.3801 	4.91989e-52
0.3808 	4.20881e-52
0.3815 	3.50158e-52
0.3822 	2.80127e-52
0.3829 	2.10096e-52
0.3836 	1.40065e-52
0.3843 	7.00335e-53
0.385 	3.90808e-56
0.3857 	3.35379e-56
0.3864 	2.80233e-56
0.3871 	2.25743e-56
0.3878 	1.71254e-56
0.3885 	1.16764e-56
0.3892 	6.22746e-57
0.3899 	7.78498e-58
0.3906 	2.562e-60
0.3913 	2.14956e-60
0.392 	1.74289e-60
0.3927 	1.33622e-60
0.3934 	9.2954e-61
0.3941 	5.22866e-61
0.3948 	1.16191e-61
0.3955 	1.88613e-64
0.3962 	1.58904e-64
0.3969 	1.29606e-64
0.3976 	1.0034e-64
0.3983 	7.10742e-65
0.399 	4.18082e-65
0.3997 	1.25421e-65
0.4004 	1.34594e-68
0.4011 	1.13863e-68
0.4018 	9.33726e-69
0.4025 	7.29472e-69
0.4032 	5.25218e-69
0.4039 	3.20963e-69
0.4046 	1.16709e-69
0.4053 	9.19134e-73
0.406 	7.73623e-73
0.4067 	6.32337e-73
0.4074 	4.93398e-73
0.4081 	3.54459e-73
0.4088 	2.1552e-73
0.4095 	7.65817e-74
0.4102 	-2.68955e-74
0.4109 	-4.19971e-74
0.4116 	-4.95527e-74
0.4123 	-4.95622e-74
0.413 	-4.95717e-74
0.4137 	-4.95812e-74
0.4144 	-4.95907e-74
0.4151 	-4.96383e-74
0.4158 	-4.99149e-74
0.4165 	-5.00932e-74
0.4172 	-5.00946e-74
0.4179 	-5.0096e-74
0.4186 	-5.00974e-74
0.4193 	-5.00987e-74
0.42 	-5.01146e-74
0.4207 	-4.44158e-74
0.4214 	-3.99472e-74
0.4221 	-3.99469e-74
0.4228 	-3.99466e-74
0.4235 	-3.99463e-74
0.4242 	-3.9946e-74
0.4249 	-3.99457e-74
0.4256 	-3.41893e-74
0.4263 	-2.79495e-74
0.427 	-2.79487e-74
0.4277 	-2.7948e-74
0.4284 	-2.79472e-74
0.4291 	-2.79465e-74
0.4298 	-2.79457e-74
0.4305 	-2.39771e-74
0.4312 	-1.84173e-74
0.4319 	-1.80196e-74
0.4326 	-1.80189e-74
0.4333 	-1.80182e-74
0.434 	-1.80175e-74
0.4347 	-1.80168e-74
0.4354 	-1.5769e-74
0.4361 	-1.18324e-74
0.4368 	-1.09884e-74
0.4375 	-1.0988e-74
0.4382 	-1.09875e-74
0.4389 	-1.0987e-74
0.4396 	-1.09866e-74
0.4403 	-9.89554e-75
0.441 	-7.34739e-75
0.4417 	-6.43717e-75
0.4424 	-6.4369e-75
0.4431 	-6.43663e-75
0.4438 	-6.43636e-75
0.4445 	-6.43609e-75
0.4452 	-5.99194e-75
0.4459 	-4.43531e-75
0.4466 	-3.65692e-75
0.4473 	-3.65678e-75
0.448 	-3.65664e-75
0.4487 	-3.65649e-75
0.4494 	-3.65635e-75
0.4501 	-3.52605e-75
0.4508 	-2.61152e-75
0.4515 	-2.02358e-75
0.4522 	-2.02351e-75
0.4529 	-2.02344e-75
0.4536 	-2.02337e-75
0.4543 	-2.02329e-75
0.455 	-2.02379e-75
0.4557 	-1.5009e-75
0.4564 	-1.0903e-75
0.4571 	-1.09026e-75
0.4578 	-1.09022e-75
0.4585 	-1.09019e-75
0.4592 	-1.09015e-75
0.4599 	-1.09011e-75
0.4606 	-8.40251e-76
0.4613 	-5.69415e-76
0.462 	-5.69395e-76
0.4627 	-5.69376e-76
0.4634 	-5.69357e-76
0.4641 	-5.69338e-76
0.4648 	-5.69319e-76
0.4655 	-4.56109e-76
0.4662 	-2.97512e-76
0.4669 	-2.86175e-76
0.4676 	-2.86166e-76
0.4683 	-2.86156e-76
0.469 	-2.86147e-76
0.4697 	-2.86137e-76
0.4704 	-2.38601e-76
0.4711 	-1.55347e-76
0.4718 	-1.37503e-76
0.4725 	-1.37499e-76
0.4732 	-1.37494e-76
0.4739 	-1.37489e-76
0.4746 	-1.37485e-76
0.4753 	-1.19602e-76
0.476 	-7.78328e-77
0.4767 	-6.29139e-77
0.4774 	-6.29117e-77
0.4781 	-6.29096e-77
0.4788 	-6.29074e-77
0.4795 	-6.29052e-77
0.4802 	-5.72289e-77
0.4809 	-3.73331e-77
0.4816 	-2.73846e-77
0.4823 	-2.73836e-77
0.483 	-2.73826e-77
0.4837 	-2.73816e-77
0.4844 	-2.73806e-77
0.4851 	-2.61013e-77
0.4858 	-1.7122e-77
0.4865 	-1.13494e-77
0.4872 	-1.1349e-77
0.4879 	-1.13485e-77
0.4886 	-1.13481e-77
0.4893 	-1.13476e-77
0.49 	-1.13503e-77
0.4907 	-7.50658e-78
0.4914 	-4.48748e-78
0.4921 	-4.48727e-78
0.4928 	-4.48707e-78
0.4935 	-4.48686e-78
0.4942 	-4.48666e-78
0.4949 	-4.48645e-78
0.4956 	-3.14785e-78
0.4963 	-1.69688e-78
0.497 	-1.6968e-78
0.4977 	-1.69671e-78
0.4984 	-1.69662e-78
0.4991 	-1.69654e-78
0.4998 	-1.69645e-78
0.5005 	-1.26411e-78
0.5012 	-6.58452e-79
0.5019 	-6.15158e-79
0.5026 	-6.15123e-79
0.5033 	-6.15087e-79
0.504 	-6.15052e-79
0.5047 	-6.15017e-79
0.5054 	-4.86861e-79
0.5061 	-2.62424e-79
0.5068 	-2.14319e-79
0.5075 	-2.14305e-79
0.5082 	-2.14292e-79
0.5089 	-2.14278e-79
0.5096 	-2.14264e-79
0.5103 	-1.80121e-79
0.511 	-1.00383e-79
0.5117 	-7.19012e-80
0.5124 	-7.1896e-80
0.5131 	-7.18909e-80
0.5138 	-7.18858e-80
0.5145 	-7.18806e-80
0.5152 	-6.41108e-80
0.5159 	-3.68833e-80
0.5166 	-2.32686e-80
0.5173 	-2.32668e-80
0.518 	-2.3265e-80
0.5187 	-2.32631e-80
0.5194 	-2.32613e-80
0.5201 	-2.19849e-80
0.5208 	-1.3031e-80
0.5215 	-7.27474e-81
0.5222 	-7.27411e-81
0.5229 	-7.27348e-81
0.5236 	-7.27284e-81
0.5243 	-7.27221e-81
0.525 	-7.27353e-81
0.5257 	-4.43218e-81
0.5264 	-2.20011e-81
0.5271 	-2.1999e-81
0.5278 	-2.19969e-81
0.5285 	-2.19948e-81
0.5292 	-2.19927e-81
0.5299 	-2.19906e-81
0.5306 	-1.45302e-81
0.5313 	-6.44394e-82
0.532 	-6.44327e-82
0.5327 	-6.4426e-82
0.5334 	-6.44193e-82
0.5341 	-6.44126e-82
0.5348 	-6.44059e-82
0.5355 	-4.59687e-82
0.5362 	-2.01422e-82
0.5369 	-1.82955e-82
0.5376 	-1.82934e-82
0.5383 	-1.82914e-82
0.539 	-1.82893e-82
0.5397 	-1.82872e-82
0.5404 	-1.40504e-82
0.5411 	-6.6314e-83
0.5418 	-5.04112e-83
0.5425 	-5.04051e-83
0.5432 	-5.03989e-83
0.5439 	-5.03928e-83
0.5446 	-5.03867e-83
0.5453 	-4.15366e-83
0.546 	-2.0872e-83
0.5467 	-1.34906e-83
0.5474 	-1.34888e-83
0.5481 	-1.34871e-83
0.5488 	-1.34853e-83
0.5495 	-1.34835e-83
0.5502 	-1.18888e-83
0.5509 	-6.30254e-84
0.5516 	-3.50915e-84
0.5523 	-3.50865e-84
0.553 	-3.50816e-84
0.5537 	-3.50767e-84
0.5544 	-3.50717e-84
0.5551 	-3.29788e-84
0.5558 	-1.83095e-84
0.5565 	-8.87876e-85
0.5572 	-8.87742e-85
0.5579 	-8.87608e-85
0.5586 	-8.87475e-85
0.5593 	-8.87341e-85
0.56 	-8.8744e-85
0.5607 	-5.12902e-85
0.5614 	-2.18661e-85
0.5621 	-2.18626e-85
0.5628 	-2.1859e-85
0.5635 	-2.18555e-85
0.5642 	-2.1852e-85
0.5649 	-2.18485e-85
0.5656 	-1.38807e-85
0.5663 	-5.24467e-86
0.567 	-5.24377e-86
0.5677 	-5.24288e-86
0.5684 	-5.24198e-86
0.5691 	-5.24108e-86
0.5698 	-5.24018e-86
0.5705 	-3.63491e-86
0.5712 	-1.38643e-86
0.5719 	-1.22561e-86
0.5726 	-1.22539e-86
0.5733 	-1.22517e-86
0.574 	-1.22494e-86
0.5747 	-1.22472e-86
0.5754 	-9.22296e-87
0.5761 	-3.9279e-87
0.5768 	-2.79282e-87
0.5775 	-2.79228e-87
0.5782 	-2.79174e-87
0.5789 	-2.7912e-87
0.5796 	-2.79066e-87
0.5803 	-2.2701e-87
0.581 	-1.05484e-87
0.5817 	-6.20738e-88
0.5824 	-6.20611e-88
0.5831 	-6.20484e-88
0.5838 	-6.20357e-88
0.5845 	-6.2023e-88
0.5852 	-5.42565e-88
0.5859 	-2.70614e-88
0.5866 	-1.34625e-88
0.5873 	-1.34595e-88
0.588 	-1.34566e-88
0.5887 	-1.34537e-88
0.5894 	-1.34508e-88
0.5901 	-1.2603e-88
0.5908 	-6.66655e-89
0.5915 	-2.85004e-89
0.5922 	-2.84939e-89
0.5929 	-2.84873e-89
0.5936 	-2.84808e-89
0.5943 	-2.84743e-89
0.595 	-2.84751e-89
0.5957 	-1.58278e-89
0.5964 	-5.89158e-90
0.5971 	-5.89015e-90
0.5978 	-5.88873e-90
0.5985 	-5.88731e-90
0.5992 	-5.88588e-90
0.5999 	-5.88446e-90
0.6006 	-3.63146e-90
0.6013 	-1.18959e-90
0.602 	-1.18929e-90
0.6027 	-1.18899e-90
0.6034 	-1.18868e-90
0.6041 	-1.18838e-90
0.6048 	-1.18808e-90
0.6055 	-8.0681e-91
0.6062 	-2.72816e-91
0.6069 	-2.34615e-91
0.6076 	-2.34552e-91
0.6083 	-2.34489e-91
0.609 	-2.34426e-91
0.6097 	-2.34363e-91
0.6104 	-1.73858e-91
0.6111 	-6.79388e-92
0.6118 	-4.52316e-92
0.6125 	-4.52188e-92
0.6132 	-4.5206e-92
0.6139 	-4.51931e-92
0.6146 	-4.51803e-92
0.6153 	-3.63848e-92
0.616 	-1.58571e-92
0.6167 	-8.52417e-93
0.6174 	-8.52161e-93
0.6181 	-8.51906e-93
0.6188 	-8.51651e-93
0.6195 	-8.51396e-93
0.6202 	-7.40302e-93
0.6209 	-3.51495e-93
0.6216 	-1.57066e-93
0.6223 	-1.57017e-93
0.623 	-1.56967e-93
0.6237 	-1.56917e-93
0.6244 	-1.56868e-93
0.6251 	-1.46574e-93
0.6258 	-7.45848e-94
0.6265 	-2.83028e-94
0.6272 	-2.82934e-94
0.6279 	-2.82839e-94
0.6286 	-2.82745e-94
0.6293 	-2.82651e-94
0.63 	-2.82628e-94
0.6307 	-1.52289e-94
0.6314 	-4.98866e-95
0.6321 	-4.9869e-95
0.6328 	-4.98515e-95
0.6335 	-4.98339e-95
0.6342 	-4.98164e-95
0.6349 	-4.97988e-95
0.6356 	-3.00289e-95
0.6363 	-8.60273e-96
0.637 	-8.59953e-96
0.6377 	-8.59634e-96
0.6384 	-8.59314e-96
0.6391 	-8.58995e-96
0.6398 	-8.58675e-96
0.6405 	-5.73325e-96
0.6412 	-1.73711e-96
0.6419 	-1.45114e-96
0.6426 	-1.45057e-96
0.6433 	-1.45e-96
0.644 	-1.44943e-96
0.6447 	-1.44886e-96
0.6454 	-1.06199e-96
0.6461 	-3.84856e-97
0.6468 	-2.39678e-97
0.6475 	-2.39579e-97
0.6482 	-2.3948e-97
0.6489 	-2.3938e-97
0.6496 	-2.39281e-97
0.6503 	-1.91153e-97
0.651 	-7.88685e-98
0.6517 	-3.8756e-98
0.6524 	-3.87391e-98
0.6531 	-3.87221e-98
0.6538 	-3.87051e-98
0.6545 	-3.86882e-98
0.6552 	-3.34769e-98
0.6559 	-1.52513e-98
0.6566 	-6.13705e-99
0.6573 	-6.13422e-99
0.658 	-6.13138e-99
0.6587 	-6.12854e-99
0.6594 	-6.1257e-99
0.6601 	-5.71078e-99
0.6608 	-2.81423e-99
0.6615 	-9.51989e-100
0.6622 	-9.51524e-100
0.6629 	-9.5106e-100
0.6636 	-9.50595e-100
0.6643 	-9.5013e-100
0.665 	-9.49905e-100
0.6657 	-4.98995e-100
0.6664 	-1.44721e-100
0.6671 	-1.44647e-100
0.6678 	-1.44572e-100
0.6685 	-1.44498e-100
0.6692 	-1.44423e-100
0.6699 	-1.44349e-100
0.6706 	-8.5427e-101
0.6713 	-2.15722e-101
0.672 	-2.15605e-101
0.6727 	-2.15488e-101
0.6734 	-2.15371e-101
0.6741 	-2.15254e-101
0.6748 	-2.15136e-101
0.6755 	-1.4171e-101
0.6762 	-3.88945e-102
0.6769 	-3.15339e-102
0.6776 	-3.15158e-102
0.6783 	-3.14978e-102
0.679 	-3.14798e-102
0.6797 	-3.14617e-102
0.6804 	-2.28436e-102
0.6811 	-7.76348e-103
0.6818 	-4.52989e-103
0.6825 	-4.52717e-103
0.6832 	-4.52445e-103
0.6839 	-4.52173e-103
0.6846 	-4.519e-103
0.6853 	-3.58766e-103
0.686 	-1.41588e-103
0.6867 	-6.39986e-104
0.6874 	-6.39583e-104
0.6881 	-6.3918e-104
0.6888 	-6.38777e-104
0.6895 	-6.38374e-104
0.6902 	-5.50367e-104
0.6909 	-2.42867e-104
0.6916 	-8.90884e-105
0.6923 	-8.90298e-105
0.693 	-8.89712e-105
0.6937 	-8.89126e-105
0.6944 	-8.8854e-105
0.6951 	-8.3437e-105
0.6958 	-4.57518e-105
0.6965 	-2.15229e-105
0.6972 	-2.15156e-105
0.6979 	-2.15082e-105
0.6986 	-2.15009e-105
0.6993 	-2.14935e-105
0.7 	-2.14916e-105
