0 	1
0.0007 	1
0.0014 	1
0.0028 	1
0.0035 	1
0.0042 	1
0.0049 	1
0.0056 	1
0.0063 	1
0.007 	1
0.0077 	1
0.0084 	1
0.0091 	1
0.0098 	1
0.0105 	1
0.0112 	1
0.0119 	1
0.0126 	1
0.0133 	1
0.014 	1
0.0147 	1
0.0154 	1
0.0161 	1
0.0168 	1
0.0175 	1
0.0182 	1
0.0189 	1
0.0196 	1
0.0203 	1
0.021 	1
0.0217 	1
0.0224 	1
0.0231 	1
0.0238 	1
0.0245 	1
0.0252 	1
0.0259 	1
0.0266 	1
0.0273 	1
0.028 	1
0.0287 	1
0.0294 	1
0.0301 	1
0.0308 	1
0.0315 	1
0.0322 	1
0.0329 	1
0.0343 	1
0.035 	1
0.0357 	1
0.0364 	1
0.0371 	1
0.0378 	1
0.0385 	1
0.0392 	1
0.0399 	1
0.0406 	1
0.0413 	1
0.042 	1
0.0427 	1
0.0434 	1
0.0441 	1
0.0448 	1
0.0455 	1
0.0462 	1
0.0469 	1
0.0476 	1
0.0483 	1
0.049 	1
0.0497 	1
0.0504 	1
0.0511 	1
0.0518 	1
0.0525 	1
0.0532 	1
0.0539 	1
0.0546 	1
0.0553 	1
0.056 	1
0.0567 	1
0.0574 	1
0.0581 	1
0.0588 	1
0.0595 	1
0.0602 	1
0.0609 	1
0.0616 	1
0.0623 	1
0.063 	1
0.0637 	1
0.0644 	1
0.0651 	1
0.0658 	1
0.0665 	1
0.0672 	1
0.0679 	1
0.0686 	1
0.07 	1
0.0707 	1
0.0714 	1
0.0721 	1
0.0728 	1
0.0735 	1
0.0742 	1
0.0749 	1
0.0756 	1
0.0763 	1
0.0777 	1
0.0784 	1
0.0791 	1
0.0798 	1
0.0805 	1
0.0812 	1
0.0819 	1
0.0826 	1
0.0833 	1
0.084 	1
0.0847 	1
0.0854 	1
0.0861 	1
0.0868 	1
0.0875 	1
0.0882 	1
0.0889 	1
0.0896 	1
0.0903 	1
0.091 	1
0.0917 	1
0.0924 	1
0.0931 	1
0.0945 	1
0.0952 	1
0.0966 	1
0.0973 	1
0.098 	1
0.0994 	1
0.1001 	1
0.1008 	1
0.1015 	1
0.1022 	1
0.1029 	1
0.1036 	1
0.1043 	1
0.105 	1
0.1057 	1
0.1064 	1
0.1071 	1
0.1078 	1
0.1085 	1
0.1099 	1
0.1106 	1
0.1113 	1
0.112 	1
0.1127 	1
0.1134 	1
0.1141 	1
0.1148 	1
0.1155 	1
0.1162 	1
0.1169 	1
0.1176 	1
0.1183 	1
0.119 	1
0.1197 	1
0.1204 	1
0.1211 	1
0.1218 	1
0.1232 	1
0.1239 	1
0.1246 	1
0.1253 	1
0.126 	1
0.1267 	1
0.1274 	1
0.1281 	1
0.1288 	1
0.1295 	1
0.1302 	1
0.1309 	1
0.1316 	1
0.1323 	1
0.133 	1
0.1337 	1
0.1351 	1
0.1365 	1
0.1372 	1
0.1379 	1
0.1393 	1
0.14 	1
0.1407 	1
0.1414 	1
0.1421 	1
0.1428 	1
0.1435 	1
0.1442 	1
0.1449 	1
0.1456 	1
0.1463 	1
0.147 	1
0.1477 	1
0.1484 	1
0.1491 	1
0.1498 	1
0.1505 	1
0.1512 	1
0.1519 	1
0.1526 	1
0.1533 	1
0.154 	1
0.1547 	1
0.1554 	1
0.1561 	1
0.1568 	1
0.1575 	1
0.1582 	1
0.1589 	1
0.1596 	1
0.1603 	1
0.161 	1
0.1617 	1
0.1624 	1
0.1631 	1
0.1638 	1
0.1645 	1
0.1652 	1
0.1659 	1
0.1666 	1
0.1673 	1
0.168 	1
0.1687 	1
0.1694 	1
0.1701 	1
0.1708 	1
0.1715 	1
0.1722 	1
0.1729 	1
0.1736 	1
0.1743 	1
0.175 	1
0.1757 	1
0.1764 	1
0.1771 	1
0.1778 	1
0.1785 	1
0.1792 	1
0.1799 	1
0.1806 	1
0.1813 	1
0.182 	1
0.1827 	1
0.1841 	1
0.1848 	1
0.1855 	1
0.1862 	1
0.1869 	1
0.1876 	1
0.1883 	1
0.189 	1
0.1897 	1
0.1904 	1
0.1911 	1
0.1918 	1
0.1925 	1
0.1932 	1
0.1939 	1
0.1946 	1
0.1953 	1
0.1967 	1
0.1981 	1
0.1988 	1
0.1995 	1
0.2002 	1
0.2009 	1
0.2016 	1
0.2023 	1
0.203 	1
0.2037 	1
0.2044 	1
0.2051 	1
0.2058 	1
0.2065 	1
0.2072 	1
0.2079 	1
0.2086 	1
0.2093 	1
0.21 	1
0.2107 	1
0.2114 	1
0.2121 	1
0.2128 	1
0.2135 	1
0.2142 	1
0.2149 	1
0.2156 	1
0.2163 	1
0.217 	1
0.2177 	1
0.2191 	1
0.2198 	1
0.2205 	1
0.2212 	1
0.2219 	1
0.2226 	1
0.2233 	1
0.224 	1
0.2247 	1
0.2254 	1
0.2261 	1
0.2268 	1
0.2275 	1
0.2282 	1
0.2289 	1
0.2296 	1
0.2303 	1
0.231 	1
0.2324 	1
0.2331 	1
0.2338 	1
0.2345 	1
0.2352 	1
0.2359 	1
0.2366 	1
0.2373 	1
0.238 	1
0.2387 	1
0.2394 	1
0.2401 	1
0.2408 	1
0.2415 	1
0.2422 	1
0.2429 	1
0.2436 	1
0.2443 	1
0.245 	1
0.2457 	1
0.2464 	1
0.2471 	1
0.2478 	1
0.2485 	1
0.2492 	1
0.2499 	1
0.2506 	1
0.2513 	1
0.2527 	1
0.2534 	1
0.2541 	1
0.2548 	1
0.2555 	1
0.2562 	1
0.2569 	1
0.2576 	1
0.259 	1
0.2597 	1
0.2604 	0.999999
0.2611 	0.999999
0.2618 	0.999999
0.2625 	0.999998
0.2632 	0.999998
0.2639 	0.999998
0.2646 	0.999997
0.2653 	0.999996
0.266 	0.999994
0.2667 	0.999992
0.2674 	0.99999
0.2681 	0.999988
0.2695 	0.999983
0.2702 	0.999977
0.2716 	0.999946
0.2723 	0.99993
0.273 	0.999914
0.2737 	0.999898
0.2744 	0.999882
0.2751 	0.999849
0.2758 	0.999713
0.2765 	0.999576
0.2772 	0.99944
0.2779 	0.999304
0.2786 	0.999168
0.2793 	0.999031
0.28 	0.998895
0.2807 	0.997076
0.2814 	0.995256
0.2828 	0.991618
0.2835 	0.989798
0.2842 	0.987979
0.2849 	0.98616
0.2856 	0.964802
0.2863 	0.940189
0.287 	0.915576
0.2877 	0.890963
0.2884 	0.86635
0.2891 	0.841738
0.2898 	0.817125
0.2905 	0.768848
0.2912 	0.711105
0.2919 	0.653363
0.2926 	0.59562
0.2933 	0.537878
0.294 	0.480136
0.2947 	0.422393
0.2954 	0.37235
0.2961 	0.328082
0.2968 	0.283813
0.2975 	0.239544
0.2982 	0.195275
0.2989 	0.151005
0.2996 	0.106736
0.3003 	0.0769917
0.301 	0.0666134
0.3017 	0.0562347
0.3024 	0.0458558
0.3031 	0.0354768
0.3038 	0.0250979
0.3045 	0.014719
0.3052 	0.00702592
0.3059 	0.00604732
0.3066 	0.00506866
0.3073 	0.00408995
0.308 	0.00311124
0.3087 	0.00213253
0.3101 	0.000308751
0.3108 	0.000265516
0.3115 	0.000222278
0.3122 	0.000179035
0.3129 	0.000135792
0.3136 	9.25484e-05
0.3143 	4.93051e-05
0.315 	6.0619e-06
0.3157 	5.21953e-06
0.3164 	4.37711e-06
0.3171 	3.53448e-06
0.3178 	2.69185e-06
0.3185 	1.84923e-06
0.3192 	1.0066e-06
0.3199 	1.63976e-07
0.3206 	3.83821e-08
0.3213 	3.22929e-08
0.322 	2.62011e-08
0.3227 	2.01093e-08
0.3234 	1.40174e-08
0.3241 	7.92561e-09
0.3248 	1.83378e-09
0.3255 	8.45799e-11
0.3262 	7.24278e-11
0.3269 	6.02669e-11
0.3276 	4.81053e-11
0.3283 	3.59438e-11
0.329 	2.37822e-11
0.3297 	1.16207e-11
0.3304 	6.4342e-12
0.3311 	6.47906e-12
0.3318 	6.52371e-12
0.3325 	6.5683e-12
0.3332 	6.61289e-12
0.3339 	6.65747e-12
0.3346 	6.70206e-12
0.3353 	6.85578e-12
0.336 	7.15498e-12
0.3367 	7.45329e-12
0.3374 	7.7511e-12
0.3381 	8.04891e-12
0.3388 	8.34672e-12
0.3395 	8.64452e-12
0.3402 	9.12378e-12
0.3409 	1.00567e-11
0.3416 	1.09886e-11
0.3423 	1.19196e-11
0.343 	1.28506e-11
0.3437 	1.37817e-11
0.3444 	1.47127e-11
0.3451 	1.56484e-11
0.3458 	1.66121e-11
0.3465 	1.75762e-11
0.3479 	1.9506e-11
0.3486 	2.04709e-11
0.3493 	2.14357e-11
0.35 	2.24006e-11
0.3507 	2.24457e-11
0.3514 	2.24916e-11
0.3521 	2.25404e-11
0.3528 	2.25892e-11
0.3535 	2.26379e-11
0.3542 	2.26867e-11
0.3549 	2.27355e-11
0.3556 	2.18518e-11
0.3563 	2.08129e-11
0.357 	1.9777e-11
0.3577 	1.87412e-11
0.3584 	1.77053e-11
0.3591 	1.66694e-11
0.3598 	1.56335e-11
0.3605 	1.43502e-11
0.3612 	1.29679e-11
0.3619 	1.1585e-11
0.3626 	1.02021e-11
0.364 	7.43619e-12
0.3647 	6.05325e-12
0.3654 	5.07661e-12
0.3661 	4.40468e-12
0.3668 	3.73043e-12
0.3682 	2.38066e-12
0.3696 	1.03089e-12
0.3703 	6.07566e-13
0.371 	5.19652e-13
0.3717 	4.31151e-13
0.3724 	3.42326e-13
0.3731 	2.53501e-13
0.3738 	1.64675e-13
0.3745 	7.58497e-14
0.3752 	1.19201e-14
0.3759 	1.02301e-14
0.3766 	8.52432e-15
0.3773 	6.80268e-15
0.378 	5.08103e-15
0.3787 	3.35939e-15
0.3794 	1.63775e-15
0.3801 	1.61372e-16
0.3808 	1.56615e-16
0.3815 	1.5183e-16
0.3822 	1.46994e-16
0.3829 	1.42157e-16
0.3836 	1.3732e-16
0.385 	1.27647e-16
0.3857 	1.25402e-16
0.3864 	1.23158e-16
0.3871 	1.20913e-16
0.3878 	1.18669e-16
0.3885 	1.16424e-16
0.3892 	1.1418e-16
0.3899 	1.11935e-16
0.3906 	1.08416e-16
0.3913 	1.04685e-16
0.392 	1.00954e-16
0.3927 	9.72233e-17
0.3934 	9.34923e-17
0.3948 	8.60304e-17
0.3955 	8.13313e-17
0.3962 	7.6245e-17
0.3969 	7.11529e-17
0.3976 	6.60603e-17
0.3983 	6.09678e-17
0.399 	5.58753e-17
0.3997 	5.07827e-17
0.4004 	4.60924e-17
0.4011 	4.17038e-17
0.4018 	3.73045e-17
0.4025 	3.29023e-17
0.4032 	2.85001e-17
0.4039 	2.40978e-17
0.4046 	1.96956e-17
0.4053 	1.63211e-17
0.406 	1.43169e-17
0.4067 	1.23055e-17
0.4074 	1.029e-17
0.4081 	8.27463e-18
0.4088 	6.2592e-18
0.4095 	4.24378e-18
0.4102 	2.69793e-18
0.4109 	2.32604e-18
0.4116 	1.95242e-18
0.4123 	1.57709e-18
0.413 	1.20175e-18
0.4137 	8.2642e-19
0.4144 	4.51087e-19
0.4151 	1.26832e-19
0.4158 	1.09043e-19
0.4165 	9.11612e-20
0.4172 	7.31134e-20
0.4179 	5.50656e-20
0.4186 	3.70177e-20
0.4193 	1.89699e-20
0.42 	9.22103e-22
0.4207 	7.9514e-22
0.4214 	6.67592e-22
0.4221 	5.37896e-22
0.4228 	4.082e-22
0.4235 	2.78504e-22
0.4242 	1.48809e-22
0.4249 	1.91128e-23
0.4256 	5.16194e-25
0.4263 	4.35952e-25
0.427 	3.53479e-25
0.4277 	2.71006e-25
0.4291 	1.06059e-25
0.4305 	2.00666e-29
0.4312 	1.70391e-29
0.4319 	1.3907e-29
0.4326 	1.07668e-29
0.434 	4.4865e-30
0.4347 	1.34634e-30
0.4354 	5.1913e-34
0.4361 	4.42298e-34
0.4368 	3.6338e-34
0.4375 	2.83893e-34
0.4382 	2.04407e-34
0.4389 	1.24921e-34
0.4396 	4.54341e-35
0.4403 	1.25465e-38
0.441 	1.07266e-38
0.4417 	8.86744e-39
0.4424 	6.98653e-39
0.4431 	5.10562e-39
0.4445 	1.3438e-39
0.4452 	2.76675e-43
0.4459 	2.37363e-43
0.4466 	1.97388e-43
0.4473 	1.5675e-43
0.448 	1.16113e-43
0.4487 	7.54753e-44
0.4494 	3.48378e-44
0.4501 	5.56298e-48
0.4508 	4.78838e-48
0.4515 	4.00439e-48
0.4522 	3.20354e-48
0.4529 	2.40268e-48
0.4536 	1.60182e-48
0.4543 	8.00963e-49
0.455 	1.04612e-52
0.4557 	9.03287e-53
0.4564 	7.5942e-53
0.4571 	6.11759e-53
0.4578 	4.64097e-53
0.4585 	3.16436e-53
0.4592 	1.68774e-53
0.4599 	2.1113e-54
0.4606 	1.63278e-57
0.4613 	1.37958e-57
0.462 	1.11859e-57
0.4627 	8.5759e-58
0.4634 	5.96594e-58
0.4641 	3.35598e-58
0.4648 	7.46024e-59
0.4655 	2.89965e-62
0.4662 	2.46044e-62
0.4669 	2.00803e-62
0.4676 	1.55462e-62
0.4683 	1.10121e-62
0.469 	6.47791e-63
0.4697 	1.94376e-63
0.4704 	5.11535e-67
0.4711 	4.35636e-67
0.4718 	3.57865e-67
0.4725 	2.79584e-67
0.4732 	2.01303e-67
0.4739 	1.23022e-67
0.4746 	4.47415e-68
0.4753 	8.9509e-72
0.476 	7.64957e-72
0.4767 	6.32265e-72
0.4774 	4.98151e-72
0.4781 	3.64038e-72
0.4788 	2.29925e-72
0.4795 	9.58114e-73
0.4802 	1.54732e-76
0.4809 	1.32683e-76
0.4816 	1.10303e-76
0.4823 	8.75944e-77
0.483 	6.48855e-77
0.4837 	4.21765e-77
0.4844 	1.94675e-77
0.4851 	2.65045e-81
0.4858 	2.28012e-81
0.4865 	1.90592e-81
0.4872 	1.52475e-81
0.4879 	1.14357e-81
0.4886 	7.62397e-82
0.4893 	3.81221e-82
0.49 	4.51686e-86
0.4907 	3.89786e-86
0.4914 	3.27504e-86
0.4921 	2.63824e-86
0.4928 	2.00144e-86
0.4935 	1.36464e-86
0.4942 	7.27843e-87
0.4949 	9.10443e-88
0.4956 	6.44544e-91
0.4963 	5.44205e-91
0.497 	4.41249e-91
0.4977 	3.38294e-91
0.4984 	2.35338e-91
0.4991 	1.32383e-91
0.4998 	2.94275e-92
0.5005 	1.05151e-95
0.5012 	8.91594e-96
0.5019 	7.27612e-96
0.5026 	5.63317e-96
0.5033 	3.99022e-96
0.504 	2.34726e-96
0.5047 	7.04311e-97
0.5054 	1.73813e-100
0.5061 	1.47926e-100
0.5068 	1.21497e-100
0.5075 	9.49204e-101
0.5082 	6.83435e-101
0.5089 	4.17667e-101
0.5096 	1.51899e-101
0.5103 	2.93041e-105
0.511 	2.50281e-105
0.5117 	2.06809e-105
0.5124 	1.62941e-105
0.5131 	1.19074e-105
0.5138 	7.52066e-106
0.5145 	3.13391e-106
0.5152 	5.05054e-110
0.5159 	4.32823e-110
0.5166 	3.59683e-110
0.5173 	2.85632e-110
0.518 	2.11582e-110
0.5187 	1.37531e-110
0.5194 	6.34809e-111
0.5201 	8.93006e-115
0.5208 	7.67784e-115
0.5215 	6.41466e-115
0.5222 	5.13176e-115
0.5229 	3.84886e-115
0.5236 	2.56596e-115
0.5243 	1.28306e-115
0.525 	1.6263e-119
0.5257 	1.40262e-119
0.5264 	1.17779e-119
0.5271 	9.48784e-120
0.5278 	7.19774e-120
0.5285 	4.90765e-120
0.5292 	2.61755e-120
0.5299 	3.27457e-121
0.5306 	2.64655e-124
0.5313 	2.23299e-124
0.532 	1.81054e-124
0.5327 	1.38809e-124
0.5334 	9.65648e-125
0.5341 	5.43202e-125
0.5348 	1.20756e-125
0.5355 	5.17624e-129
0.5362 	4.38589e-129
0.5369 	3.57902e-129
0.5376 	2.77088e-129
0.5383 	1.96274e-129
0.539 	1.1546e-129
0.5397 	3.4646e-130
0.5404 	1.05296e-133
0.5411 	8.95541e-134
0.5418 	7.35413e-134
0.5425 	5.74547e-134
0.5432 	4.1368e-134
0.5439 	2.52814e-134
0.5446 	9.19475e-135
0.5453 	2.23821e-138
0.5467 	1.57818e-138
0.5474 	1.24343e-138
0.5481 	9.08672e-139
0.5488 	5.73917e-139
0.5495 	2.39163e-139
0.5502 	5.02428e-143
0.5509 	4.3033e-143
0.5516 	3.57483e-143
0.5523 	2.83888e-143
0.553 	2.10292e-143
0.5537 	1.36697e-143
0.5544 	6.3102e-144
0.5551 	2.00875e-147
0.5558 	1.79807e-147
0.5565 	1.58617e-147
0.5572 	1.37206e-147
0.5579 	1.15794e-147
0.5586 	9.43831e-148
0.5593 	7.29719e-148
0.56 	5.15606e-148
0.5607 	4.88827e-148
0.5614 	4.62041e-148
0.5621 	4.35233e-148
0.5628 	4.08424e-148
0.5635 	3.81616e-148
0.5642 	3.54807e-148
0.5649 	3.27999e-148
0.5656 	3.08785e-148
0.5663 	2.90835e-148
0.567 	2.72875e-148
0.5677 	2.54915e-148
0.5684 	2.36954e-148
0.5698 	2.01033e-148
0.5705 	1.87667e-148
0.5712 	1.76139e-148
0.5719 	1.64602e-148
0.5726 	1.53064e-148
0.5733 	1.41527e-148
0.574 	1.2999e-148
0.5747 	1.18452e-148
0.5754 	1.09458e-148
0.5761 	1.02372e-148
0.5768 	9.52807e-149
0.5775 	8.81884e-149
0.5782 	8.1096e-149
0.5789 	7.40037e-149
0.5796 	6.69114e-149
0.5803 	6.10781e-149
0.581 	5.69236e-149
0.5817 	5.27667e-149
0.5824 	4.86083e-149
0.5831 	4.445e-149
0.5838 	4.02917e-149
0.5845 	3.61333e-149
0.5852 	3.25025e-149
0.5859 	3.01904e-149
0.5866 	2.78771e-149
0.5873 	2.55627e-149
0.588 	2.32482e-149
0.5887 	2.09338e-149
0.5894 	1.86193e-149
0.5901 	1.64615e-149
0.5908 	1.52436e-149
0.5915 	1.40253e-149
0.5922 	1.28061e-149
0.5929 	1.15868e-149
0.5936 	1.03676e-149
0.5943 	9.14837e-150
0.595 	7.92914e-150
0.5957 	7.3225e-150
0.5964 	6.71571e-150
0.5971 	6.10834e-150
0.5978 	5.50097e-150
0.5985 	4.8936e-150
0.5992 	4.28623e-150
0.5999 	3.67886e-150
0.6006 	3.34712e-150
0.6013 	3.06128e-150
0.6027 	2.48891e-150
0.6041 	1.91654e-150
0.6048 	1.63036e-150
0.6055 	1.45748e-150
0.6062 	1.32992e-150
0.6069 	1.2022e-150
0.6076 	1.07447e-150
0.6083 	9.46731e-151
0.609 	8.18997e-151
0.6097 	6.91262e-151
0.6104 	6.05634e-151
0.6111 	5.51585e-151
0.6118 	4.97473e-151
0.6125 	4.43344e-151
0.6132 	3.89216e-151
0.6139 	3.35087e-151
0.6146 	2.80959e-151
0.6153 	2.40685e-151
0.616 	2.18883e-151
0.6167 	1.9706e-151
0.6174 	1.75224e-151
0.6181 	1.53389e-151
0.6188 	1.31554e-151
0.6195 	1.09719e-151
0.6202 	9.17226e-152
0.6209 	8.33243e-152
0.6216 	7.49193e-152
0.6223 	6.65074e-152
0.623 	5.80956e-152
0.6237 	4.96837e-152
0.6244 	4.12719e-152
0.6251 	3.36188e-152
0.6258 	3.05182e-152
0.6265 	2.74157e-152
0.6272 	2.43099e-152
0.6279 	2.12041e-152
0.6286 	1.80983e-152
0.6293 	1.49925e-152
0.63 	1.18867e-152
0.6307 	1.07862e-152
0.6314 	9.68528e-153
0.6321 	8.5829e-153
0.6328 	7.48052e-153
0.6335 	6.37814e-153
0.6342 	5.27576e-153
0.6349 	4.17338e-153
0.6356 	3.69274e-153
0.6363 	3.31569e-153
0.637 	2.93801e-153
0.6377 	2.56034e-153
0.6384 	2.18266e-153
0.6391 	1.80499e-153
0.6398 	1.42732e-153
0.6405 	1.22994e-153
0.6412 	1.10469e-153
0.6419 	9.79227e-154
0.6426 	8.53749e-154
0.6433 	7.28271e-154
0.644 	6.02793e-154
0.6447 	4.77316e-154
0.6454 	4.00375e-154
0.6461 	3.59838e-154
0.6468 	3.19243e-154
0.6475 	2.78633e-154
0.6482 	2.38022e-154
0.6489 	1.97412e-154
0.6496 	1.56802e-154
0.6503 	1.28088e-154
0.651 	1.15235e-154
0.6517 	1.02368e-154
0.6524 	8.94925e-155
0.6531 	7.66171e-155
0.6538 	6.37416e-155
0.6545 	5.08662e-155
0.6552 	4.05215e-155
0.6559 	3.65035e-155
0.6566 	3.2482e-155
0.6573 	2.8457e-155
0.658 	2.44319e-155
0.6587 	2.04069e-155
0.6594 	1.63819e-155
0.6601 	1.27537e-155
0.6608 	1.15071e-155
0.6615 	1.02596e-155
0.6622 	9.01081e-156
0.6629 	7.762e-156
0.6643 	5.2644e-156
0.665 	4.01559e-156
0.6657 	3.62933e-156
0.6664 	3.24294e-156
0.6671 	2.85605e-156
0.6678 	2.46917e-156
0.6685 	2.08228e-156
0.6692 	1.6954e-156
0.6699 	1.30851e-156
0.6706 	1.15027e-156
0.6713 	1.03012e-156
0.672 	9.09795e-157
0.6727 	7.89473e-157
0.6734 	6.69151e-157
0.6741 	5.48829e-157
0.6748 	4.28507e-157
0.6755 	3.6724e-157
0.6762 	3.29596e-157
0.6769 	2.91902e-157
0.6776 	2.54204e-157
0.6783 	2.16506e-157
0.679 	1.78808e-157
0.6797 	1.4111e-157
0.6804 	1.18153e-157
0.6811 	1.06252e-157
0.6818 	9.43383e-158
0.6825 	8.24212e-158
0.6832 	7.05041e-158
0.6846 	4.667e-158
0.686 	3.44281e-158
0.6874 	2.68152e-158
0.6881 	2.30079e-158
0.6895 	1.53933e-158
0.6902 	1.23188e-158
0.6909 	1.10761e-158
0.6916 	9.83277e-159
0.6923 	8.58867e-159
0.693 	7.34456e-159
0.6937 	6.10045e-159
0.6944 	4.85634e-159
0.6951 	3.73205e-159
0.6958 	3.32664e-159
0.6965 	2.93297e-159
0.6972 	2.56045e-159
0.6979 	2.18794e-159
0.6986 	1.81542e-159
0.6993 	1.4429e-159
0.7 	1.07039e-159
