0 	1
0.0007 	1
0.0014 	1
0.0028 	1
0.0035 	1
0.0042 	1
0.0049 	1
0.0056 	1
0.007 	1
0.0077 	1
0.0084 	1
0.0091 	1
0.0098 	1
0.0105 	1
0.0112 	1
0.0119 	1
0.0126 	1
0.014 	1
0.0147 	1
0.0154 	1
0.0161 	1
0.0168 	1
0.0175 	1
0.0182 	1
0.0189 	1
0.0196 	1
0.0203 	1
0.021 	1
0.0224 	1
0.0231 	1
0.0245 	1
0.0252 	1
0.0259 	1
0.0266 	1
0.0273 	1
0.028 	1
0.0287 	1
0.0294 	1
0.0301 	1
0.0308 	1
0.0315 	1
0.0322 	1
0.0329 	1
0.0336 	1
0.0343 	1
0.035 	1
0.0357 	1
0.0364 	1
0.0371 	1
0.0378 	1
0.0385 	1
0.0392 	1
0.0399 	1
0.0406 	1
0.0413 	1
0.042 	1
0.0427 	1
0.0434 	1
0.0441 	1
0.0448 	1
0.0455 	1
0.0462 	1
0.0469 	1
0.0476 	1
0.0483 	1
0.049 	1
0.0497 	1
0.0504 	1
0.0511 	1
0.0518 	1
0.0525 	1
0.0532 	1
0.0539 	1
0.0546 	1
0.0553 	1
0.0567 	1
0.0574 	1
0.0581 	1
0.0588 	1
0.0595 	1
0.0602 	1
0.0609 	1
0.0616 	1
0.063 	1
0.0637 	1
0.0644 	1
0.0651 	1
0.0658 	1
0.0665 	1
0.0672 	1
0.0679 	1
0.0686 	1
0.0693 	1
0.07 	1
0.0707 	1
0.0714 	1
0.0721 	1
0.0728 	1
0.0735 	1
0.0742 	1
0.0749 	1
0.0756 	1
0.0763 	1
0.077 	1
0.0777 	1
0.0784 	1
0.0791 	1
0.0798 	1
0.0805 	1
0.0812 	1
0.0819 	1
0.0826 	1
0.0833 	1
0.084 	1
0.0847 	1
0.0854 	1
0.0861 	1
0.0868 	1
0.0875 	1
0.0882 	1
0.0889 	1
0.0896 	1
0.0903 	1
0.091 	1
0.0917 	1
0.0924 	1
0.0931 	1
0.0938 	1
0.0945 	1
0.0952 	1
0.0959 	1
0.0966 	1
0.0973 	1
0.098 	1
0.0987 	1
0.0994 	1
0.1001 	1
0.1008 	1
0.1015 	1
0.1029 	1
0.1036 	1
0.1043 	1
0.105 	1
0.1057 	1
0.1064 	1
0.1071 	1
0.1078 	1
0.1085 	1
0.1092 	1
0.1099 	1
0.1106 	1
0.1113 	1
0.112 	1
0.1127 	1
0.1134 	1
0.1141 	1
0.1148 	1
0.1155 	1
0.1162 	1
0.1169 	1
0.1176 	1
0.1183 	1
0.119 	1
0.1197 	1
0.1204 	1
0.1211 	1
0.1218 	1
0.1225 	1
0.1232 	1
0.1239 	1
0.1246 	1
0.1253 	1
0.126 	1
0.1267 	1
0.1274 	1
0.1281 	1
0.1288 	1
0.1295 	1
0.1302 	1
0.1309 	1
0.1316 	1
0.1323 	1
0.133 	1
0.1344 	1
0.1351 	1
0.1358 	1
0.1365 	1
0.1372 	1
0.1379 	1
0.1393 	1
0.14 	1
0.1407 	1
0.1414 	1
0.1421 	1
0.1428 	1
0.1435 	1
0.1442 	1
0.1449 	1
0.1456 	1
0.1463 	1
0.147 	1
0.1477 	1
0.1484 	1
0.1491 	1
0.1498 	1
0.1505 	1
0.1512 	1
0.1519 	1
0.1526 	1
0.154 	1
0.1547 	1
0.1554 	1
0.1561 	1
0.1568 	1
0.1575 	1
0.1582 	1
0.1589 	1
0.1596 	1
0.1603 	1
0.161 	1
0.1617 	1
0.1624 	1
0.1631 	1
0.1638 	1
0.1645 	1
0.1652 	1
0.1659 	1
0.1666 	1
0.1673 	1
0.168 	1
0.1687 	1
0.1694 	1
0.1701 	1
0.1708 	1
0.1715 	1
0.1722 	1
0.1729 	1
0.1736 	1
0.1743 	1
0.175 	1
0.1757 	1
0.1764 	1
0.1771 	1
0.1778 	1
0.1785 	1
0.1792 	1
0.1799 	1
0.1806 	1
0.1813 	1
0.182 	1
0.1827 	1
0.1834 	1
0.1841 	1
0.1848 	1
0.1855 	1
0.1862 	1
0.1869 	1
0.1883 	1
0.189 	1
0.1897 	1
0.1904 	1
0.1911 	1
0.1918 	1
0.1925 	1
0.1932 	1
0.1939 	1
0.1946 	1
0.1953 	1
0.196 	1
0.1974 	1
0.1981 	1
0.1988 	1
0.1995 	1
0.2002 	1
0.2009 	1
0.2016 	1
0.2023 	1
0.203 	1
0.2037 	1
0.2044 	1
0.2051 	1
0.2058 	1
0.2065 	1
0.2072 	1
0.2079 	1
0.2086 	1
0.2093 	1
0.21 	1
0.2107 	1
0.2114 	1
0.2128 	1
0.2135 	1
0.2142 	1
0.2149 	1
0.2156 	1
0.2163 	1
0.2177 	1
0.2184 	1
0.2191 	1
0.2198 	1
0.2205 	1
0.2212 	1
0.2219 	1
0.2226 	1
0.224 	1
0.2247 	1
0.2254 	1
0.2261 	1
0.2268 	1
0.2275 	1
0.2289 	1
0.2296 	1
0.2303 	1
0.231 	1
0.2317 	1
0.2324 	1
0.2331 	1
0.2345 	1
0.2352 	1
0.2359 	1
0.2366 	1
0.2373 	1
0.238 	1
0.2387 	1
0.2394 	1
0.2401 	1
0.2408 	1
0.2415 	1
0.2429 	1
0.2436 	1
0.2443 	1
0.245 	1
0.2457 	1
0.2464 	1
0.2471 	1
0.2478 	1
0.2485 	1
0.2492 	1
0.2499 	1
0.2506 	1
0.2513 	0.999999
0.252 	0.999999
0.2527 	0.999999
0.2534 	0.999999
0.2541 	0.999998
0.2548 	0.999998
0.2555 	0.999997
0.2562 	0.999995
0.2569 	0.999993
0.2576 	0.999991
0.2583 	0.999989
0.2597 	0.999985
0.2604 	0.999974
0.2611 	0.999957
0.2618 	0.99994
0.2625 	0.999923
0.2632 	0.999905
0.2639 	0.999888
0.2646 	0.999871
0.2653 	0.999785
0.266 	0.999608
0.2667 	0.999431
0.2674 	0.999255
0.2681 	0.999078
0.2688 	0.998901
0.2695 	0.998724
0.2702 	0.997777
0.2709 	0.994906
0.2716 	0.992035
0.2723 	0.989165
0.273 	0.986295
0.2737 	0.983425
0.2744 	0.980555
0.2751 	0.973455
0.2758 	0.940982
0.2765 	0.908511
0.2772 	0.876041
0.2779 	0.843572
0.2786 	0.811103
0.2793 	0.778634
0.28 	0.746165
0.2807 	0.684697
0.2814 	0.62323
0.2821 	0.561763
0.2828 	0.500296
0.2835 	0.438828
0.2842 	0.377361
0.2849 	0.315894
0.2856 	0.275313
0.2863 	0.238214
0.287 	0.20111
0.2877 	0.164007
0.2884 	0.126904
0.2898 	0.0526975
0.2905 	0.0380673
0.2912 	0.0324263
0.2919 	0.0267842
0.2926 	0.021142
0.2933 	0.0154999
0.294 	0.00985775
0.2947 	0.0042156
0.2954 	0.00165546
0.2961 	0.00140683
0.2968 	0.00115814
0.2975 	0.000909439
0.2989 	0.000412034
0.2996 	0.000163331
0.3003 	1.99466e-05
0.301 	1.69851e-05
0.3017 	1.40228e-05
0.3024 	1.10601e-05
0.3031 	8.09735e-06
0.3038 	5.13462e-06
0.3045 	2.17188e-06
0.3052 	5.34169e-08
0.3059 	4.56354e-08
0.3066 	3.78511e-08
0.3073 	3.00641e-08
0.308 	2.2277e-08
0.3087 	1.44899e-08
0.3101 	2.78367e-11
0.3108 	2.49179e-11
0.3115 	2.19974e-11
0.3122 	1.9074e-11
0.3129 	1.61506e-11
0.3136 	1.32272e-11
0.3143 	1.03038e-11
0.315 	7.38045e-12
0.3157 	8.2068e-12
0.3164 	9.03262e-12
0.3171 	9.85651e-12
0.3178 	1.06804e-11
0.3185 	1.15043e-11
0.3192 	1.23282e-11
0.3199 	1.31521e-11
0.3206 	1.46755e-11
0.3213 	1.63155e-11
0.322 	1.79545e-11
0.3227 	1.95934e-11
0.3234 	2.12324e-11
0.3241 	2.28714e-11
0.3248 	2.45104e-11
0.3255 	2.56987e-11
0.3262 	2.67068e-11
0.3269 	2.77169e-11
0.3276 	2.87271e-11
0.3283 	2.97374e-11
0.329 	3.07477e-11
0.3297 	3.1758e-11
0.3304 	3.19463e-11
0.3311 	3.15182e-11
0.3318 	3.10928e-11
0.3325 	3.06681e-11
0.3332 	3.02435e-11
0.3339 	2.98188e-11
0.3346 	2.93942e-11
0.3353 	2.84943e-11
0.336 	2.69607e-11
0.3367 	2.54288e-11
0.3374 	2.38978e-11
0.3381 	2.23669e-11
0.3388 	2.0836e-11
0.3395 	1.93051e-11
0.3402 	1.77326e-11
0.3409 	1.60561e-11
0.3416 	1.43791e-11
0.3423 	1.27016e-11
0.343 	1.1024e-11
0.3437 	9.34642e-12
0.3444 	7.66885e-12
0.3451 	6.12528e-12
0.3458 	5.38566e-12
0.3465 	4.64519e-12
0.3472 	3.90318e-12
0.3479 	3.16118e-12
0.3486 	2.41917e-12
0.3493 	1.67717e-12
0.35 	9.3516e-13
0.3507 	8.15775e-13
0.3514 	6.96242e-13
0.3521 	5.76165e-13
0.3528 	4.56088e-13
0.3535 	3.36011e-13
0.3542 	2.15935e-13
0.3549 	9.58578e-14
0.3556 	7.02347e-14
0.3563 	6.035e-14
0.357 	5.04156e-14
0.3577 	4.04812e-14
0.3591 	2.06124e-14
0.3598 	1.06779e-14
0.3605 	7.13024e-15
0.3612 	6.13723e-15
0.3619 	5.14032e-15
0.3626 	4.14312e-15
0.3633 	3.14592e-15
0.364 	2.14871e-15
0.3647 	1.15151e-15
0.3654 	6.79706e-16
0.3661 	6.01951e-16
0.3668 	5.2385e-16
0.3675 	4.45654e-16
0.3682 	3.67459e-16
0.3689 	2.89263e-16
0.3696 	2.11068e-16
0.3703 	1.64473e-16
0.371 	1.60012e-16
0.3717 	1.55537e-16
0.3724 	1.51054e-16
0.3731 	1.4657e-16
0.3738 	1.42087e-16
0.3745 	1.37604e-16
0.3752 	1.33779e-16
0.3759 	1.31601e-16
0.3766 	1.29422e-16
0.3773 	1.27242e-16
0.378 	1.25062e-16
0.3787 	1.22883e-16
0.3794 	1.20703e-16
0.3801 	1.18387e-16
0.3808 	1.15255e-16
0.3815 	1.12123e-16
0.3829 	1.05856e-16
0.3836 	1.02723e-16
0.3843 	9.95902e-17
0.385 	9.64571e-17
0.3857 	9.20301e-17
0.3864 	8.76022e-17
0.3871 	8.3171e-17
0.3878 	7.87398e-17
0.3892 	6.98775e-17
0.3899 	6.54463e-17
0.3906 	6.08091e-17
0.3913 	5.61368e-17
0.392 	5.1456e-17
0.3927 	4.67752e-17
0.3941 	3.74136e-17
0.3948 	3.27328e-17
0.3955 	2.91639e-17
0.3962 	2.60397e-17
0.3969 	2.29057e-17
0.3976 	1.97709e-17
0.3983 	1.66361e-17
0.399 	1.35013e-17
0.3997 	1.03666e-17
0.4004 	8.39425e-18
0.4011 	7.29378e-18
0.4018 	6.18869e-18
0.4025 	5.08232e-18
0.4032 	3.97596e-18
0.4039 	2.8696e-18
0.4046 	1.76324e-18
0.4053 	1.06588e-18
0.406 	9.13856e-19
0.4067 	7.61028e-19
0.4081 	4.54476e-19
0.4095 	1.47924e-19
0.4102 	3.69262e-20
0.4109 	3.16228e-20
0.4116 	2.62867e-20
0.4123 	2.0918e-20
0.413 	1.55493e-20
0.4137 	1.01806e-20
0.4144 	4.81185e-21
0.4151 	2.05942e-22
0.4158 	1.76926e-22
0.4165 	1.47729e-22
0.4172 	1.18207e-22
0.4179 	8.86847e-23
0.4186 	5.91624e-23
0.4193 	2.96401e-23
0.42 	1.17816e-25
0.4207 	1.01608e-25
0.4214 	8.53179e-26
0.4221 	6.87294e-26
0.4228 	5.21409e-26
0.4235 	3.55524e-26
0.4242 	1.89639e-26
0.4249 	2.37535e-27
0.4256 	4.90716e-30
0.4263 	4.14192e-30
0.427 	3.35835e-30
0.4277 	2.57479e-30
0.4284 	1.79123e-30
0.4291 	1.00767e-30
0.4298 	2.2411e-31
0.4305 	2.1269e-34
0.4312 	1.80284e-34
0.4319 	1.47123e-34
0.4333 	8.06847e-35
0.434 	4.74654e-35
0.4347 	1.42462e-35
0.4354 	8.62135e-39
0.4361 	7.33633e-39
0.4368 	6.02541e-39
0.4375 	4.70742e-39
0.4382 	3.38944e-39
0.4389 	2.07146e-39
0.4396 	7.53479e-40
0.4403 	3.25771e-43
0.441 	2.78246e-43
0.4417 	2.29921e-43
0.4424 	1.81152e-43
0.4431 	1.32384e-43
0.4438 	8.36153e-44
0.4445 	3.48467e-44
0.4452 	1.1587e-47
0.4459 	9.93155e-48
0.4466 	8.25417e-48
0.4473 	6.55486e-48
0.448 	4.85556e-48
0.4487 	3.15625e-48
0.4494 	1.45695e-48
0.4501 	3.92571e-52
0.4508 	3.37609e-52
0.4515 	2.82126e-52
0.4522 	2.25703e-52
0.4529 	1.69281e-52
0.4536 	1.12858e-52
0.4543 	5.64354e-53
0.455 	1.2825e-56
0.4557 	1.10644e-56
0.4564 	9.29394e-57
0.4571 	7.48686e-57
0.4578 	5.67979e-57
0.4585 	3.87271e-57
0.4592 	2.06563e-57
0.4599 	2.58554e-58
0.4606 	3.52966e-61
0.4613 	2.97935e-61
0.462 	2.41571e-61
0.4627 	1.85207e-61
0.4634 	1.28844e-61
0.4641 	7.24798e-62
0.4648 	1.61161e-62
0.4655 	1.10114e-65
0.4662 	9.3346e-66
0.4669 	7.61765e-66
0.4676 	5.89762e-66
0.4683 	4.17759e-66
0.469 	2.45755e-66
0.4697 	7.37521e-67
0.4704 	3.35932e-70
0.4711 	2.85852e-70
0.4718 	2.34771e-70
0.4725 	1.83418e-70
0.4732 	1.32064e-70
0.4739 	8.07097e-71
0.4746 	2.93557e-71
0.4753 	1.0002e-74
0.476 	8.54176e-75
0.4767 	7.05784e-75
0.4774 	5.56079e-75
0.4781 	4.06373e-75
0.4788 	2.56668e-75
0.4795 	1.06963e-75
0.4802 	2.90353e-79
0.4809 	2.48822e-79
0.4816 	2.06771e-79
0.4823 	1.64202e-79
0.483 	1.21634e-79
0.4837 	7.90648e-80
0.4844 	3.6496e-80
0.4851 	8.23026e-84
0.4858 	7.0764e-84
0.4865 	5.91234e-84
0.4872 	4.72992e-84
0.4879 	3.5475e-84
0.4886 	2.36507e-84
0.4893 	1.18265e-84
0.49 	2.28623e-88
0.4907 	1.97194e-88
0.4914 	1.656e-88
0.4921 	1.33401e-88
0.4928 	1.01203e-88
0.4935 	6.90037e-89
0.4942 	3.68048e-89
0.4949 	4.60597e-90
0.4956 	5.40828e-93
0.4963 	4.56383e-93
0.497 	3.70043e-93
0.4977 	2.83704e-93
0.4984 	1.97364e-93
0.4991 	1.11024e-93
0.4998 	2.46847e-94
0.5005 	1.46574e-97
0.5012 	1.24219e-97
0.5019 	1.01368e-97
0.5026 	7.84795e-98
0.5033 	5.55909e-98
0.504 	3.27023e-98
0.5047 	9.81368e-99
0.5054 	3.93765e-102
0.5061 	3.34974e-102
0.5068 	2.75096e-102
0.5075 	2.14921e-102
0.5082 	1.54746e-102
0.5089 	9.45715e-103
0.5096 	3.43967e-103
0.5103 	1.05122e-106
0.511 	8.97504e-107
0.5117 	7.41496e-107
0.5124 	5.84215e-107
0.5131 	4.26934e-107
0.5138 	2.69653e-107
0.5145 	1.12373e-107
0.5152 	2.79587e-111
0.5159 	2.3953e-111
0.5166 	1.99015e-111
0.5173 	1.58043e-111
0.518 	1.17071e-111
0.5194 	3.51265e-112
0.5201 	7.43024e-116
0.5208 	6.38675e-116
0.5215 	5.33489e-116
0.5222 	4.26795e-116
0.5229 	3.20101e-116
0.5236 	2.13407e-116
0.5243 	1.06714e-116
0.525 	1.98016e-120
0.5257 	1.70747e-120
0.5264 	1.43348e-120
0.5271 	1.15476e-120
0.5278 	8.76038e-121
0.5285 	5.97315e-121
0.5292 	3.18592e-121
0.5299 	3.98697e-122
0.5306 	4.59592e-125
0.5313 	3.87695e-125
0.532 	3.1435e-125
0.5327 	2.41005e-125
0.5341 	9.43148e-126
0.5348 	2.09696e-126
0.5355 	1.25135e-129
0.5362 	1.06011e-129
0.5369 	8.65069e-130
0.5376 	6.69739e-130
0.5383 	4.74409e-130
0.539 	2.7908e-130
0.5397 	8.37503e-131
0.5404 	3.46557e-134
0.5411 	2.94708e-134
0.5418 	2.42005e-134
0.5425 	1.89069e-134
0.5432 	1.36132e-134
0.5439 	8.3196e-135
0.5446 	3.02597e-135
0.5453 	9.82898e-139
0.546 	8.38881e-139
0.5467 	6.92957e-139
0.5474 	5.45972e-139
0.5481 	3.98988e-139
0.5488 	2.52003e-139
0.5495 	1.05019e-139
0.5502 	2.87953e-143
0.5509 	2.46617e-143
0.5516 	2.04862e-143
0.5523 	1.62689e-143
0.553 	1.20515e-143
0.5537 	7.83416e-144
0.5544 	3.61682e-144
0.5551 	1.92893e-147
0.5558 	1.7508e-147
0.5565 	1.57181e-147
0.5572 	1.39125e-147
0.5579 	1.2107e-147
0.5586 	1.03015e-147
0.5593 	8.49596e-148
0.56 	6.69044e-148
0.5607 	6.3256e-148
0.5614 	5.96063e-148
0.5621 	5.59516e-148
0.5628 	5.22969e-148
0.5642 	4.49875e-148
0.5649 	4.13328e-148
0.5656 	3.8896e-148
0.5663 	3.66621e-148
0.567 	3.44266e-148
0.5677 	3.21912e-148
0.5684 	2.99557e-148
0.5691 	2.77202e-148
0.5698 	2.54847e-148
0.5705 	2.38194e-148
0.5712 	2.23822e-148
0.5719 	2.09439e-148
0.5726 	1.95056e-148
0.5733 	1.80672e-148
0.574 	1.66288e-148
0.5747 	1.51905e-148
0.5754 	1.40639e-148
0.5761 	1.31712e-148
0.5768 	1.22778e-148
0.5775 	1.13843e-148
0.5782 	1.04908e-148
0.5789 	9.59728e-149
0.5796 	8.70377e-149
0.5803 	7.9656e-149
0.581 	7.43455e-149
0.5817 	6.90318e-149
0.5824 	6.37162e-149
0.5831 	5.84006e-149
0.5838 	5.30851e-149
0.5845 	4.77695e-149
0.5852 	4.31134e-149
0.5859 	4.01058e-149
0.5866 	3.70966e-149
0.5873 	3.40858e-149
0.588 	3.10751e-149
0.5887 	2.80643e-149
0.5894 	2.50536e-149
0.5901 	2.22421e-149
0.5908 	2.06265e-149
0.5915 	1.90102e-149
0.5922 	1.73927e-149
0.5929 	1.57753e-149
0.5936 	1.41578e-149
0.5943 	1.25403e-149
0.595 	1.09228e-149
0.5957 	1.01012e-149
0.5964 	9.27931e-150
0.5971 	8.45664e-150
0.5978 	7.63397e-150
0.5985 	6.8113e-150
0.5992 	5.98864e-150
0.5999 	5.16597e-150
0.6006 	4.70945e-150
0.6013 	4.31392e-150
0.602 	3.91789e-150
0.6027 	3.52187e-150
0.6041 	2.72983e-150
0.6048 	2.33381e-150
0.6055 	2.09184e-150
0.6062 	1.91149e-150
0.6069 	1.73089e-150
0.6076 	1.55029e-150
0.6083 	1.36968e-150
0.609 	1.18907e-150
0.6097 	1.00846e-150
0.6104 	8.8645e-151
0.6111 	8.0839e-151
0.6118 	7.30237e-151
0.6125 	6.52058e-151
0.6132 	5.7388e-151
0.6139 	4.95701e-151
0.6146 	4.17523e-151
0.6153 	3.59073e-151
0.616 	3.26927e-151
0.6167 	2.94749e-151
0.6174 	2.62552e-151
0.6181 	2.30355e-151
0.6188 	1.98158e-151
0.6195 	1.65961e-151
0.6202 	1.39355e-151
0.6209 	1.26725e-151
0.6216 	1.14084e-151
0.6223 	1.01433e-151
0.623 	8.87814e-152
0.6237 	7.61301e-152
0.6244 	6.34789e-152
0.6251 	5.19564e-152
0.6258 	4.72071e-152
0.6265 	4.24547e-152
0.6272 	3.76971e-152
0.6279 	3.29395e-152
0.6286 	2.81819e-152
0.6293 	2.34243e-152
0.63 	1.86667e-152
0.6307 	1.69516e-152
0.6314 	1.5236e-152
0.6321 	1.35179e-152
0.6328 	1.17998e-152
0.6335 	1.00817e-152
0.6342 	8.3636e-153
0.6349 	6.64551e-153
0.6356 	5.8884e-153
0.6363 	5.29138e-153
0.6377 	4.09531e-153
0.6384 	3.49727e-153
0.6391 	2.89923e-153
0.6398 	2.3012e-153
0.6405 	1.98667e-153
0.6412 	1.78555e-153
0.6419 	1.58409e-153
0.6426 	1.38259e-153
0.6433 	1.1811e-153
0.644 	9.79602e-154
0.6447 	7.78108e-154
0.6454 	6.54093e-154
0.6461 	5.88187e-154
0.6468 	5.22184e-154
0.6475 	4.56155e-154
0.6482 	3.90125e-154
0.6496 	2.58066e-154
0.6503 	2.11284e-154
0.651 	1.90163e-154
0.6517 	1.69016e-154
0.6524 	1.47856e-154
0.6531 	1.26695e-154
0.6538 	1.05535e-154
0.6545 	8.43741e-155
0.6552 	6.73565e-155
0.6559 	6.06963e-155
0.6566 	5.40299e-155
0.6573 	4.73574e-155
0.658 	4.0685e-155
0.6587 	3.40125e-155
0.6594 	2.734e-155
0.6601 	2.13236e-155
0.6608 	1.92435e-155
0.6615 	1.7162e-155
0.6622 	1.50782e-155
0.6629 	1.29944e-155
0.6636 	1.09106e-155
0.6643 	8.82673e-156
0.665 	6.74291e-156
0.6657 	6.0953e-156
0.6664 	5.44745e-156
0.6671 	4.79873e-156
0.6678 	4.15001e-156
0.6685 	3.50129e-156
0.6692 	2.85256e-156
0.6699 	2.20384e-156
0.6706 	1.93791e-156
0.6713 	1.73576e-156
0.672 	1.5333e-156
0.6727 	1.33084e-156
0.6734 	1.12838e-156
0.6741 	9.25924e-157
0.6748 	7.23465e-157
0.6755 	6.20261e-157
0.6762 	5.56759e-157
0.6769 	4.93167e-157
0.6776 	4.29568e-157
0.6783 	3.65969e-157
0.679 	3.0237e-157
0.6797 	2.38771e-157
0.6804 	2.00018e-157
0.6811 	1.79901e-157
0.6818 	1.5976e-157
0.6825 	1.39614e-157
0.6832 	1.19468e-157
0.6839 	9.93213e-158
0.6846 	7.91749e-158
0.6853 	6.49096e-158
0.686 	5.84858e-158
0.6867 	5.20564e-158
0.6874 	4.56239e-158
0.6881 	3.91914e-158
0.6888 	3.27589e-158
0.6895 	2.63264e-158
0.6902 	2.11424e-158
0.6909 	1.90797e-158
0.6916 	1.70156e-158
0.6923 	1.49502e-158
0.693 	1.28848e-158
0.6937 	1.08194e-158
0.6944 	8.75401e-159
0.6951 	6.91192e-159
0.6958 	6.40964e-159
0.6965 	5.90714e-159
0.6972 	5.40424e-159
0.6979 	4.90134e-159
0.6986 	4.39844e-159
0.6993 	3.89555e-159
0.7 	3.39265e-159
