0 	1
0.0007 	1
0.0014 	1
0.0021 	1
0.0028 	1
0.0035 	1
0.0042 	1
0.0049 	1
0.0056 	1
0.0063 	1
0.007 	1
0.0077 	1
0.0084 	1
0.0091 	1
0.0098 	1
0.0105 	1
0.0112 	1
0.0119 	1
0.0126 	1
0.0133 	1
0.014 	1
0.0147 	1
0.0154 	1
0.0161 	1
0.0168 	1
0.0175 	1
0.0182 	1
0.0189 	1
0.0196 	1
0.0203 	1
0.021 	1
0.0217 	1
0.0224 	1
0.0231 	1
0.0238 	1
0.0245 	1
0.0252 	1
0.0259 	1
0.0266 	1
0.0273 	1
0.028 	1
0.0287 	1
0.0294 	1
0.0301 	1
0.0308 	1
0.0315 	1
0.0322 	1
0.0329 	1
0.0336 	1
0.0343 	1
0.035 	1
0.0357 	1
0.0364 	1
0.0371 	1
0.0378 	1
0.0385 	1
0.0392 	1
0.0399 	1
0.0406 	1
0.0413 	1
0.042 	1
0.0427 	1
0.0434 	1
0.0441 	1
0.0448 	1
0.0455 	1
0.0462 	1
0.0469 	1
0.0476 	1
0.0483 	1
0.049 	1
0.0497 	1
0.0504 	1
0.0511 	1
0.0518 	1
0.0525 	1
0.0532 	1
0.0539 	1
0.0546 	1
0.0553 	1
0.056 	1
0.0567 	1
0.0581 	1
0.0588 	1
0.0595 	1
0.0602 	1
0.0609 	1
0.0616 	1
0.0623 	1
0.063 	1
0.0637 	1
0.0644 	1
0.0651 	1
0.0658 	1
0.0665 	1
0.0672 	1
0.0679 	1
0.0686 	1
0.0693 	1
0.07 	1
0.0707 	1
0.0721 	1
0.0728 	1
0.0735 	1
0.0742 	1
0.0749 	1
0.0756 	1
0.0763 	1
0.0777 	1
0.0784 	1
0.0791 	1
0.0798 	1
0.0805 	1
0.0812 	1
0.0819 	1
0.0826 	1
0.0833 	1
0.084 	1
0.0847 	1
0.0854 	1
0.0868 	1
0.0875 	1
0.0882 	1
0.0889 	1
0.0896 	1
0.0903 	1
0.091 	1
0.0917 	1
0.0924 	1
0.0931 	1
0.0938 	1
0.0945 	1
0.0952 	1
0.0959 	1
0.0966 	1
0.0973 	1
0.098 	1
0.0987 	1
0.0994 	1
0.1001 	1
0.1015 	1
0.1022 	1
0.1029 	1
0.1036 	1
0.1043 	1
0.105 	1
0.1057 	1
0.1064 	1
0.1071 	1
0.1078 	1
0.1085 	1
0.1092 	1
0.1099 	1
0.1106 	1
0.1113 	1
0.112 	1
0.1127 	1
0.1134 	1
0.1141 	1
0.1148 	1
0.1155 	1
0.1162 	1
0.1169 	1
0.1176 	1
0.1183 	1
0.119 	1
0.1197 	1
0.1204 	1
0.1211 	1
0.1218 	1
0.1225 	1
0.1232 	1
0.1239 	1
0.1246 	1
0.1253 	1
0.126 	1
0.1267 	1
0.1274 	1
0.1281 	1
0.1288 	1
0.1295 	1
0.1302 	1
0.1309 	1
0.1316 	1
0.1323 	1
0.133 	1
0.1337 	1
0.1344 	1
0.1351 	1
0.1358 	1
0.1365 	1
0.1372 	1
0.1379 	1
0.1386 	1
0.1393 	1
0.14 	1
0.1407 	1
0.1414 	1
0.1421 	1
0.1428 	1
0.1435 	1
0.1442 	1
0.1449 	1
0.1456 	1
0.1463 	1
0.147 	1
0.1477 	1
0.1484 	1
0.1491 	1
0.1498 	1
0.1505 	1
0.1512 	1
0.1519 	1
0.1526 	1
0.1533 	1
0.154 	1
0.1547 	1
0.1554 	1
0.1561 	1
0.1568 	1
0.1575 	1
0.1582 	1
0.1589 	1
0.1596 	1
0.1603 	1
0.1617 	1
0.1624 	1
0.1631 	1
0.1638 	1
0.1645 	1
0.1652 	1
0.1659 	1
0.1666 	1
0.1673 	1
0.168 	1
0.1687 	1
0.1694 	1
0.1701 	1
0.1708 	1
0.1715 	1
0.1722 	1
0.1729 	1
0.1736 	1
0.1743 	1
0.175 	1
0.1757 	1
0.1764 	1
0.1771 	1
0.1778 	1
0.1785 	1
0.1792 	1
0.1799 	1
0.1806 	1
0.1813 	1
0.182 	1
0.1827 	1
0.1834 	1
0.1841 	1
0.1848 	1
0.1855 	1
0.1862 	1
0.1876 	1
0.1883 	1
0.189 	1
0.1897 	1
0.1904 	1
0.1918 	1
0.1925 	1
0.1932 	1
0.1939 	1
0.1946 	1
0.1953 	1
0.196 	1
0.1974 	1
0.1981 	1
0.1988 	1
0.1995 	1
0.2002 	1
0.2016 	1
0.2023 	1
0.203 	1
0.2037 	1
0.2044 	1
0.2051 	1
0.2058 	1
0.2065 	1
0.2072 	1
0.2079 	1
0.2086 	1
0.2093 	1
0.21 	1
0.2107 	1
0.2114 	1
0.2121 	1
0.2128 	1
0.2135 	1
0.2142 	1
0.2149 	1
0.2156 	1
0.2163 	1
0.217 	1
0.2177 	1
0.2184 	1
0.2191 	1
0.2198 	1
0.2205 	1
0.2212 	1
0.2226 	1
0.2233 	1
0.224 	1
0.2247 	1
0.2254 	1
0.2268 	1
0.2275 	1
0.2282 	1
0.2289 	1
0.2296 	1
0.2303 	1
0.231 	1
0.2324 	1
0.2331 	1
0.2338 	1
0.2345 	1
0.2352 	1
0.2359 	1
0.2366 	1
0.2373 	1
0.238 	1
0.2387 	1
0.2394 	1
0.2401 	0.999964
0.2408 	0.999715
0.2415 	0.999452
0.2422 	0.999165
0.2429 	0.998877
0.2436 	0.998589
0.2443 	0.998301
0.245 	0.998014
0.2457 	0.928223
0.2464 	0.858438
0.2471 	0.788675
0.2478 	0.718911
0.2485 	0.649147
0.2492 	0.579384
0.2499 	0.50962
0.2506 	0.439867
0.2513 	0.370119
0.252 	0.300407
0.2527 	0.230695
0.2534 	0.160983
0.2541 	0.0912704
0.2548 	0.0215581
0.2555 	0.00149067
0.2569 	0.0010467
0.2576 	0.000810346
0.2583 	0.000573996
0.259 	0.000337646
0.2597 	0.000101295
0.2604 	2.1376e-09
0.2611 	1.87605e-09
0.2618 	1.55307e-09
0.2625 	1.21333e-09
0.2632 	8.736e-10
0.2639 	5.33867e-10
0.2646 	1.94134e-10
0.2653 	5.89289e-16
0.2667 	4.38225e-16
0.2681 	2.52311e-16
0.2688 	1.59355e-16
0.2695 	6.63978e-17
0.2702 	2.01451e-22
0.2709 	1.79904e-22
0.2716 	1.53345e-22
0.2723 	1.21774e-22
0.273 	9.02028e-23
0.2737 	5.86318e-23
0.2744 	2.70609e-23
0.2751 	7.56582e-29
0.2758 	6.80359e-29
0.2765 	5.89269e-29
0.2772 	4.71415e-29
0.2779 	3.53561e-29
0.2786 	2.35708e-29
0.2793 	1.17854e-29
0.28 	3.28153e-35
0.2814 	2.61244e-35
0.2828 	1.59649e-35
0.2835 	1.08852e-35
0.2842 	5.80544e-36
0.2849 	7.25694e-37
0.2856 	1.4711e-41
0.2863 	1.3155e-41
0.287 	1.06662e-41
0.2877 	8.17744e-42
0.2884 	5.68866e-42
0.2891 	3.19988e-42
0.2898 	7.11091e-43
0.2905 	8.74738e-48
0.2912 	7.83137e-48
0.2919 	6.41984e-48
0.2926 	4.9702e-48
0.2933 	3.52056e-48
0.294 	2.07092e-48
0.2947 	6.21285e-49
0.2954 	1.02193e-53
0.2961 	9.19151e-54
0.2975 	5.98085e-54
0.2982 	4.30621e-54
0.2989 	2.63158e-54
0.2996 	9.56946e-55
0.3003 	1.25028e-59
0.301 	1.13039e-59
0.3017 	9.57065e-60
0.3024 	7.54051e-60
0.3031 	5.51038e-60
0.3038 	3.48025e-60
0.3045 	1.45011e-60
0.3052 	1.40814e-65
0.3059 	1.27848e-65
0.3066 	1.10038e-65
0.3073 	8.73833e-66
0.308 	6.47284e-66
0.3087 	4.20735e-66
0.3094 	1.94186e-66
0.3101 	1.43007e-71
0.3108 	1.30285e-71
0.3115 	1.13966e-71
0.3122 	9.11725e-72
0.3129 	6.83794e-72
0.3136 	4.55863e-72
0.3143 	2.27932e-72
0.315 	1.29967e-77
0.3157 	1.1874e-77
0.3171 	8.50046e-78
0.3178 	6.44863e-78
0.3185 	4.3968e-78
0.3192 	2.34496e-78
0.3199 	2.93129e-79
0.3206 	9.64385e-84
0.3213 	8.70306e-84
0.322 	7.05653e-84
0.3227 	5.41001e-84
0.3234 	3.76349e-84
0.3241 	2.11696e-84
0.3248 	4.70442e-85
0.3255 	6.96691e-90
0.3262 	6.34214e-90
0.3269 	5.20595e-90
0.3276 	4.03041e-90
0.3283 	2.85488e-90
0.329 	1.67934e-90
0.3297 	5.03806e-91
0.3304 	4.47281e-96
0.3318 	3.41028e-96
0.3325 	2.66428e-96
0.3332 	1.91828e-96
0.3339 	1.17228e-96
0.3346 	4.26287e-97
0.3353 	2.55128e-102
0.336 	2.33194e-102
0.3367 	1.98317e-102
0.3381 	1.14183e-102
0.3388 	7.21153e-103
0.3395 	3.00481e-103
0.3402 	1.29316e-108
0.3409 	1.184e-108
0.3416 	1.02401e-108
0.3423 	8.13182e-109
0.343 	6.02357e-109
0.3437 	3.91532e-109
0.3444 	1.80707e-109
0.3451 	5.82742e-115
0.3458 	5.34378e-115
0.3465 	4.69735e-115
0.3472 	3.75788e-115
0.3479 	2.81841e-115
0.3486 	1.87894e-115
0.3493 	9.39472e-116
0.35 	2.33637e-121
0.3507 	2.14551e-121
0.3514 	1.91573e-121
0.3521 	1.54323e-121
0.3528 	1.17072e-121
0.3535 	7.98222e-122
0.3542 	4.25719e-122
0.3549 	5.32155e-123
0.3556 	7.6707e-128
0.3563 	6.95332e-128
0.357 	5.63782e-128
0.3577 	4.32233e-128
0.3584 	3.00684e-128
0.3591 	1.69135e-128
0.3598 	3.75857e-129
0.3605 	2.44505e-134
0.3612 	2.23431e-134
0.3619 	1.83459e-134
0.3626 	1.42033e-134
0.3633 	1.00606e-134
0.364 	5.91803e-135
0.3647 	1.77541e-135
0.3654 	6.95811e-141
0.3661 	6.3671e-141
0.3668 	5.32519e-141
0.3675 	4.1603e-141
0.3682 	2.99542e-141
0.3689 	1.83053e-141
0.3696 	6.6565e-142
0.3703 	2.49976e-147
0.371 	2.2382e-147
0.3717 	1.88779e-147
0.3724 	1.48803e-147
0.3731 	1.08826e-147
0.3738 	6.88502e-148
0.3745 	2.8874e-148
0.3752 	3.09766e-150
0.3759 	2.75394e-150
0.3766 	2.34146e-150
0.3773 	1.86022e-150
0.378 	1.37899e-150
0.3787 	8.97752e-151
0.3794 	4.16518e-151
0.3801 	3.97447e-153
0.3808 	3.5778e-153
0.3815 	3.10154e-153
0.3822 	2.48202e-153
0.3836 	1.24297e-153
0.3843 	6.23448e-154
0.385 	3.92514e-156
0.3857 	3.56959e-156
0.3864 	3.15873e-156
0.3871 	2.54509e-156
0.3878 	1.93146e-156
0.3885 	1.31783e-156
0.3892 	7.04192e-157
0.3899 	9.05584e-158
0.3906 	2.68275e-159
0.3913 	2.41864e-159
0.392 	1.96138e-159
0.3927 	1.50411e-159
0.3934 	1.04685e-159
0.3941 	5.89581e-160
0.3948 	1.32315e-160
0.3955 	1.56849e-162
0.3962 	1.42901e-162
0.3969 	1.17321e-162
0.3976 	9.08467e-163
0.3983 	6.43723e-163
0.399 	3.78979e-163
0.3997 	1.14235e-163
0.4004 	7.36624e-166
0.4011 	6.72993e-166
0.4018 	5.62695e-166
0.4025 	4.3967e-166
0.4032 	3.16645e-166
0.4039 	1.93621e-166
0.4046 	7.05957e-167
0.4053 	2.85417e-169
0.406 	2.61271e-169
0.4067 	2.22341e-169
0.4074 	1.75198e-169
0.4081 	1.28055e-169
0.4088 	8.09121e-170
0.4095 	3.37691e-170
0.4102 	9.33235e-173
0.4109 	8.55557e-173
0.4116 	7.40516e-173
0.4123 	5.88111e-173
0.413 	4.35707e-173
0.4137 	2.83303e-173
0.4144 	1.30898e-173
0.4151 	2.62722e-176
0.4158 	2.41149e-176
0.4165 	2.12134e-176
0.4172 	1.6972e-176
0.4179 	1.27306e-176
0.4186 	8.48924e-177
0.4193 	4.24787e-177
0.42 	6.48863e-180
0.4207 	5.96222e-180
0.4214 	5.32671e-180
0.4221 	4.29124e-180
0.4228 	3.25576e-180
0.4235 	2.22029e-180
0.4242 	1.18481e-180
0.4249 	1.4934e-181
0.4256 	1.31677e-183
0.4263 	1.19398e-183
0.427 	9.68147e-184
0.4277 	7.42312e-184
0.4284 	5.16476e-184
0.4291 	2.90641e-184
0.4298 	6.48051e-185
0.4305 	2.6432e-187
0.4312 	2.41529e-187
0.4319 	1.98327e-187
0.4326 	1.53555e-187
0.4333 	1.08783e-187
0.434 	6.40113e-188
0.4347 	1.92393e-188
0.4354 	4.8976e-191
0.4361 	4.48018e-191
0.4368 	3.74688e-191
0.4375 	2.92745e-191
0.4382 	2.10801e-191
0.4389 	1.28857e-191
0.4396 	4.69129e-192
0.4403 	8.47771e-195
0.441 	7.7637e-195
0.4417 	6.60782e-195
0.4424 	5.20646e-195
0.4431 	3.8051e-195
0.4438 	2.40374e-195
0.4445 	1.00238e-195
0.4452 	1.38074e-198
0.4459 	1.26588e-198
0.4466 	1.09568e-198
0.4473 	8.70139e-199
0.448 	6.44603e-199
0.4487 	4.19067e-199
0.4494 	1.93531e-199
0.4501 	2.12025e-202
0.4508 	1.9461e-202
0.4515 	1.71189e-202
0.4522 	1.36957e-202
0.4529 	1.02726e-202
0.4536 	6.8494e-203
0.4543 	3.42623e-203
0.455 	3.06441e-206
0.4557 	2.81597e-206
0.4564 	2.51595e-206
0.4571 	2.02682e-206
0.4578 	1.53768e-206
0.4585 	1.04855e-206
0.4592 	5.59419e-207
0.4599 	7.02867e-208
0.4606 	3.82117e-210
0.4613 	3.46571e-210
0.462 	2.81013e-210
0.4627 	2.15456e-210
0.4634 	1.49898e-210
0.4641 	8.434e-211
0.4648 	1.87822e-211
0.4655 	4.84411e-214
0.4662 	4.42863e-214
0.4669 	3.63657e-214
0.4676 	2.81555e-214
0.4683 	1.99452e-214
0.469 	1.17349e-214
0.4697 	3.52468e-215
0.4704 	5.71983e-218
0.4718 	4.37963e-218
0.4732 	2.46383e-218
0.4739 	1.50593e-218
0.4746 	5.48023e-219
0.4753 	6.27934e-222
0.476 	5.75521e-222
0.4767 	4.89994e-222
0.4774 	3.8607e-222
0.4781 	2.82146e-222
0.4788 	1.78222e-222
0.4795 	7.42972e-223
0.4802 	6.4045e-226
0.4809 	5.87688e-226
0.4816 	5.08924e-226
0.4823 	4.04158e-226
0.483 	2.99392e-226
0.4837 	1.94627e-226
0.4844 	8.98607e-227
0.4851 	6.06946e-230
0.4858 	5.57577e-230
0.4865 	4.90787e-230
0.4872 	3.9264e-230
0.4879 	2.94493e-230
0.4886 	1.96347e-230
0.4893 	9.82001e-231
0.49 	5.34835e-234
0.4907 	4.91868e-234
0.4914 	4.39785e-234
0.4921 	3.5428e-234
0.4928 	2.68775e-234
0.4935 	1.83269e-234
0.4942 	9.77638e-235
0.4949 	1.22584e-235
0.4956 	4.0389e-238
0.4963 	3.66603e-238
0.497 	2.97252e-238
0.4977 	2.27901e-238
0.4984 	1.5855e-238
0.4991 	8.91986e-239
0.4998 	1.98474e-239
0.5005 	3.09127e-242
0.5012 	2.82817e-242
0.5019 	2.32246e-242
0.5026 	1.79809e-242
0.5033 	1.27371e-242
0.504 	7.49338e-243
0.5047 	2.24963e-243
0.5054 	2.20859e-246
0.5061 	2.02297e-246
0.5068 	1.69235e-246
0.5075 	1.32218e-246
0.5082 	9.52011e-247
0.5089 	5.81844e-247
0.5096 	2.11677e-247
0.5103 	1.47526e-250
0.511 	1.35279e-250
0.5117 	1.15198e-250
0.5124 	9.0764e-251
0.5131 	6.63301e-251
0.5138 	4.18962e-251
0.5145 	1.74622e-251
0.5152 	9.22743e-255
0.5159 	8.47064e-255
0.5166 	7.33702e-255
0.5173 	5.82657e-255
0.518 	4.31612e-255
0.5187 	2.80567e-255
0.5194 	1.29522e-255
0.5201 	5.41292e-259
0.5208 	4.97424e-259
0.5215 	4.37943e-259
0.5229 	2.62778e-259
0.5236 	1.75195e-259
0.5243 	8.76125e-260
0.525 	2.98262e-263
0.5257 	2.74371e-263
0.5264 	2.45377e-263
0.5271 	1.97668e-263
0.5278 	1.49958e-263
0.5285 	1.02249e-263
0.5292 	5.45401e-264
0.5299 	6.83089e-265
0.5306 	1.42372e-267
0.5313 	1.29258e-267
0.532 	1.04805e-267
0.5327 	8.03521e-268
0.5334 	5.58994e-268
0.5341 	3.14466e-268
0.5348 	6.99388e-269
0.5355 	6.96065e-272
0.5362 	6.36947e-272
0.5369 	5.23058e-272
0.5383 	2.86853e-272
0.539 	1.68751e-272
0.5397 	5.06489e-273
0.5404 	3.21125e-276
0.5411 	2.94181e-276
0.5418 	2.4611e-276
0.5425 	1.92277e-276
0.5432 	1.38443e-276
0.5439 	8.46098e-277
0.5446 	3.07764e-277
0.5453 	1.40009e-280
0.5467 	1.09346e-280
0.5474 	8.61529e-281
0.5481 	6.29595e-281
0.5488 	3.97661e-281
0.5495 	1.65726e-281
0.5502 	5.7776e-285
0.5509 	5.30427e-285
0.5516 	4.59465e-285
0.553 	2.70283e-285
0.5537 	1.75692e-285
0.5544 	8.11008e-286
0.5551 	2.25994e-289
0.5565 	1.8287e-289
0.5572 	1.46297e-289
0.5579 	1.09725e-289
0.5586 	7.31529e-290
0.5593 	3.65806e-290
0.56 	8.3915e-294
0.5607 	7.71982e-294
0.5614 	6.9044e-294
0.5621 	5.56194e-294
0.5628 	4.21947e-294
0.5635 	2.87701e-294
0.5642 	1.53454e-294
0.5649 	1.92074e-295
0.5656 	2.72761e-298
0.5663 	2.47649e-298
0.567 	2.00798e-298
0.5677 	1.53948e-298
0.5684 	1.07097e-298
0.5691 	6.02463e-299
0.5698 	1.33956e-299
0.5705 	9.17333e-303
0.5712 	8.39463e-303
0.5719 	6.89363e-303
0.5726 	5.33707e-303
0.5733 	3.78052e-303
0.574 	2.22396e-303
0.5747 	6.67404e-304
0.5754 	2.94013e-307
0.5761 	2.69355e-307
0.5768 	2.25342e-307
0.5775 	1.7605e-307
0.5782 	1.26759e-307
0.5789 	7.74674e-308
0.5796 	2.81759e-308
0.5803 	8.98983e-312
0.581 	8.24483e-312
0.5817 	7.02134e-312
0.5824 	5.53202e-312
0.5831 	4.0427e-312
0.5838 	2.55338e-312
0.5845 	1.06407e-312
0.5852 	2.62517e-316
0.5866 	2.08779e-316
0.5873 	1.65796e-316
0.588 	1.22813e-316
0.5887 	7.98296e-317
0.5894 	3.68464e-317
0.5901 	3.67585e-321
0.5908 	3.37941e-321
0.5915 	2.97428e-321
0.5922 	2.3814e-321
0.5929 	1.78358e-321
0.5936 	1.1907e-321
0.5943 	5.92879e-322
0.595 	0
0.5957 	0
0.5964 	0
0.5971 	0
0.5978 	0
0.5985 	0
0.5992 	0
0.5999 	0
0.6006 	0
0.6013 	0
0.602 	0
0.6027 	0
0.6034 	0
0.6041 	0
0.6048 	0
0.6055 	0
0.6062 	0
0.6069 	0
0.6076 	0
0.6083 	0
0.609 	0
0.6097 	0
0.6104 	0
0.6111 	0
0.6118 	0
0.6125 	0
0.6132 	0
0.6139 	0
0.6146 	0
0.6153 	0
0.616 	0
0.6167 	0
0.6174 	0
0.6181 	0
0.6188 	0
0.6195 	0
0.6202 	0
0.6209 	0
0.6216 	0
0.6223 	0
0.6237 	0
0.6244 	0
0.6251 	0
0.6258 	0
0.6265 	0
0.6272 	0
0.6279 	0
0.6286 	0
0.6293 	0
0.63 	0
0.6307 	0
0.6314 	0
0.6321 	0
0.6328 	0
0.6335 	0
0.6342 	0
0.6349 	0
0.6356 	0
0.6363 	0
0.637 	0
0.6377 	0
0.6384 	0
0.6391 	0
0.6398 	0
0.6405 	0
0.6412 	0
0.6419 	0
0.6426 	0
0.6433 	0
0.644 	0
0.6447 	0
0.6454 	0
0.6461 	0
0.6468 	0
0.6475 	0
0.6482 	0
0.6489 	0
0.6496 	0
0.6503 	0
0.651 	0
0.6517 	0
0.6531 	0
0.6538 	0
0.6545 	0
0.6552 	0
0.6559 	0
0.6566 	0
0.6573 	0
0.658 	0
0.6587 	0
0.6594 	0
0.6601 	0
0.6608 	0
0.6615 	0
0.6622 	0
0.6629 	0
0.6636 	0
0.6643 	0
0.665 	0
0.6657 	0
0.6664 	0
0.6671 	0
0.6678 	0
0.6685 	0
0.6692 	0
0.6699 	0
0.6706 	0
0.6713 	0
0.672 	0
0.6727 	0
0.6734 	0
0.6741 	0
0.6748 	0
0.6755 	0
0.6762 	0
0.6769 	0
0.6776 	0
0.6783 	0
0.679 	0
0.6797 	0
0.6804 	0
0.6811 	0
0.6818 	0
0.6825 	0
0.6832 	0
0.6839 	0
0.6846 	0
0.6853 	0
0.686 	0
0.6867 	0
0.6874 	0
0.6881 	0
0.6888 	0
0.6895 	0
0.6902 	0
0.6916 	0
0.693 	0
0.6937 	0
0.6944 	0
0.6951 	0
0.6958 	0
0.6965 	0
0.6972 	0
0.6979 	0
0.6986 	0
0.6993 	0
0.7 	0
