0 	1
0.0007 	1
0.0014 	1
0.0021 	1
0.0028 	1
0.0035 	1
0.0042 	1
0.0049 	1
0.0056 	1
0.0063 	1
0.007 	1
0.0077 	1
0.0084 	1
0.0091 	1
0.0098 	1
0.0105 	1
0.0112 	1
0.0119 	1
0.0126 	1
0.0133 	1
0.014 	1
0.0147 	1
0.0154 	1
0.0161 	1
0.0168 	1
0.0175 	1
0.0182 	1
0.0189 	1
0.0196 	1
0.0203 	1
0.021 	1
0.0217 	1
0.0224 	1
0.0231 	1
0.0238 	1
0.0245 	1
0.0252 	1
0.0259 	1
0.0266 	1
0.0273 	1
0.028 	1
0.0287 	1
0.0294 	1
0.0301 	1
0.0308 	1
0.0315 	1
0.0322 	1
0.0329 	1
0.0336 	1
0.0343 	1
0.035 	1
0.0357 	1
0.0364 	1
0.0371 	1
0.0378 	1
0.0385 	1
0.0392 	1
0.0399 	1
0.0406 	1
0.0413 	1
0.042 	1
0.0427 	1
0.0434 	1
0.0441 	1
0.0448 	1
0.0455 	1
0.0462 	1
0.0469 	1
0.0476 	1
0.0483 	1
0.049 	1
0.0497 	1
0.0504 	1
0.0511 	1
0.0518 	1
0.0525 	1
0.0532 	1
0.0539 	1
0.0546 	1
0.0553 	1
0.056 	1
0.0567 	1
0.0574 	1
0.0581 	1
0.0588 	1
0.0595 	1
0.0602 	1
0.0609 	1
0.0616 	1
0.0623 	1
0.063 	1
0.0637 	1
0.0644 	1
0.0651 	1
0.0658 	1
0.0665 	1
0.0672 	1
0.0679 	1
0.0686 	1
0.0693 	1
0.07 	1
0.0707 	1
0.0714 	1
0.0721 	1
0.0728 	1
0.0735 	1
0.0742 	1
0.0749 	1
0.0756 	1
0.0763 	1
0.077 	1
0.0777 	1
0.0784 	1
0.0791 	1
0.0798 	1
0.0805 	1
0.0812 	1
0.0819 	1
0.0826 	1
0.0833 	1
0.084 	1
0.0847 	1
0.0854 	1
0.0861 	1
0.0868 	1
0.0875 	1
0.0882 	1
0.0889 	1
0.0896 	1
0.0903 	1
0.091 	1
0.0917 	1
0.0924 	1
0.0931 	1
0.0938 	1
0.0945 	1
0.0952 	1
0.0959 	1
0.0966 	1
0.0973 	1
0.098 	1
0.0987 	1
0.0994 	1
0.1001 	1
0.1008 	1
0.1015 	1
0.1022 	1
0.1029 	1
0.1036 	1
0.1043 	1
0.105 	1
0.1057 	1
0.1064 	1
0.1071 	1
0.1078 	1
0.1085 	1
0.1092 	1
0.1099 	1
0.1106 	1
0.1113 	1
0.112 	1
0.1127 	1
0.1134 	1
0.1141 	1
0.1148 	1
0.1155 	1
0.1162 	1
0.1169 	1
0.1176 	1
0.1183 	1
0.119 	1
0.1197 	1
0.1204 	1
0.1211 	1
0.1218 	1
0.1225 	1
0.1232 	1
0.1239 	1
0.1246 	1
0.1253 	1
0.126 	1
0.1267 	1
0.1274 	1
0.1281 	1
0.1288 	1
0.1295 	1
0.1302 	1
0.1309 	1
0.1316 	1
0.1323 	1
0.133 	1
0.1337 	1
0.1344 	1
0.1351 	1
0.1358 	1
0.1365 	1
0.1372 	1
0.1379 	1
0.1386 	1
0.1393 	1
0.14 	1
0.1407 	1
0.1414 	1
0.1421 	1
0.1428 	1
0.1435 	1
0.1442 	1
0.1449 	1
0.1456 	1
0.1463 	1
0.147 	1
0.1477 	1
0.1484 	1
0.1491 	1
0.1498 	1
0.1505 	0.999999
0.1512 	0.999999
0.1519 	0.999999
0.1526 	0.999999
0.1533 	0.999999
0.154 	0.999999
0.1547 	0.999999
0.1554 	0.999999
0.1561 	0.999999
0.1568 	0.999999
0.1575 	0.999999
0.1582 	0.999999
0.1589 	0.999999
0.1596 	0.999999
0.1603 	0.999999
0.161 	0.999999
0.1617 	0.999999
0.1624 	0.999999
0.1631 	0.999999
0.1638 	0.999999
0.1645 	1
0.1652 	1
0.1659 	1
0.1666 	1
0.1673 	1
0.168 	1
0.1687 	1
0.1694 	1
0.1701 	1
0.1708 	1
0.1715 	1
0.1722 	1
0.1729 	1
0.1736 	1
0.1743 	1
0.175 	1
0.1757 	1
0.1764 	1
0.1771 	1
0.1778 	1
0.1785 	1
0.1792 	1
0.1799 	1
0.1806 	1
0.1813 	1
0.182 	1
0.1827 	1
0.1834 	1
0.1841 	1
0.1848 	1
0.1855 	1
0.1862 	1
0.1869 	1
0.1876 	1
0.1883 	1
0.189 	1
0.1897 	1
0.1904 	0.999999
0.1911 	0.999999
0.1918 	0.999998
0.1925 	0.999997
0.1932 	0.999997
0.1939 	0.999996
0.1946 	0.999995
0.1953 	0.999994
0.196 	0.999994
0.1967 	0.999993
0.1974 	0.999993
0.1981 	0.999993
0.1988 	0.999994
0.1995 	0.999994
0.2002 	0.999992
0.2009 	0.999988
0.2023 	0.99537
0.2037 	0.748385
0.2051 	0.348821
0.2065 	0.117873
0.2072 	0.0533558
0.2086 	0.00837082
0.21 	0.00135073
0.2114 	0.000257681
0.2128 	3.52831e-05
0.2142 	7.79263e-06
0.2156 	6.49015e-06
0.217 	4.78956e-05
0.2184 	0.00018398
0.2198 	0.000265613
0.2212 	0.000154083
0.2226 	3.2993e-05
0.2233 	1.45437e-05
0.224 	2.19461e-06
0.2254 	2.05907e-07
0.2268 	8.88961e-08
0.2282 	6.8054e-07
0.2296 	6.42667e-06
0.2303 	1.1502e-05
0.231 	1.7551e-05
0.2317 	1.9244e-05
0.2324 	1.85155e-05
0.2331 	1.31482e-05
0.2338 	7.18898e-06
0.2352 	8.95883e-07
0.2359 	4.85668e-07
0.2366 	6.83816e-07
0.238 	2.20734e-06
0.2394 	2.38189e-06
0.2408 	9.77998e-07
0.2415 	3.85982e-07
0.2429 	1.62931e-08
0.2443 	3.08083e-10
0.2457 	2.16358e-10
0.2471 	2.11899e-09
0.2485 	4.14644e-08
0.2499 	3.83214e-07
0.2513 	1.13516e-06
0.2527 	1.15975e-06
0.2534 	8.00046e-07
0.2548 	2.19116e-07
0.2562 	1.75206e-07
0.2576 	2.89888e-06
0.259 	1.40696e-05
0.2604 	3.13222e-05
0.2611 	4.00544e-05
0.2625 	4.25336e-05
0.2639 	2.78951e-05
0.2653 	1.22615e-05
0.266 	6.29038e-06
0.2667 	3.24832e-06
0.2681 	1.52576e-06
0.2695 	1.76585e-06
0.2709 	3.10738e-06
0.2716 	3.97203e-06
0.273 	5.29979e-06
0.2744 	6.13341e-06
0.2758 	7.02004e-06
0.2772 	6.26691e-06
0.2786 	4.52248e-06
0.28 	2.64632e-06
0.2814 	9.80862e-07
0.2828 	1.62202e-06
0.2835 	2.97498e-06
0.2849 	5.67758e-06
0.2863 	6.47679e-06
0.2877 	5.12838e-06
0.2891 	2.22927e-06
0.2898 	9.66886e-07
0.2912 	8.46552e-08
0.2919 	4.34674e-08
0.2933 	2.20918e-08
0.294 	2.25369e-08
0.2947 	2.92218e-08
0.2961 	2.23355e-07
0.2975 	2.43312e-06
0.2989 	7.67317e-06
0.3003 	1.07157e-05
0.301 	1.08469e-05
0.3017 	1.01812e-05
0.3024 	9.07189e-06
0.3038 	4.92136e-06
0.3052 	1.44599e-06
0.3066 	4.09337e-07
0.308 	5.24397e-07
0.3094 	5.13165e-07
0.3108 	2.46402e-07
0.3115 	1.19113e-07
0.3129 	1.86797e-08
0.3143 	1.90753e-08
0.3157 	2.84778e-07
0.3171 	1.14153e-06
0.3185 	1.85375e-06
0.3192 	1.74618e-06
0.3206 	9.40192e-07
0.3213 	4.52477e-07
0.3227 	8.01366e-08
0.3234 	9.02306e-08
0.3241 	2.34616e-07
0.3248 	5.13407e-07
0.3262 	1.35122e-06
0.3276 	1.69428e-06
0.3283 	1.51748e-06
0.329 	1.25517e-06
0.3304 	4.88294e-07
0.3318 	7.15003e-08
0.3332 	3.23882e-09
0.3346 	7.31016e-10
0.336 	9.03394e-10
0.3374 	3.87906e-09
0.3388 	3.26767e-08
0.3402 	1.36422e-07
0.3416 	2.11032e-07
0.343 	1.94559e-07
0.3437 	1.75652e-07
0.3451 	1.03271e-07
0.3465 	2.54906e-08
0.3472 	1.09151e-08
0.3486 	4.37336e-09
0.35 	5.88615e-09
0.3507 	5.77407e-09
0.3521 	4.32721e-09
0.3528 	3.19963e-09
0.3535 	2.06134e-09
0.3542 	1.1806e-09
0.3549 	4.4357e-10
0.3563 	3.64002e-11
0.3577 	2.45175e-11
0.3591 	2.35523e-11
0.3605 	1.82999e-11
0.3619 	9.63985e-12
0.3626 	5.36221e-12
0.3633 	2.86376e-12
0.3647 	4.3128e-13
0.3661 	6.15251e-14
0.3668 	3.78485e-14
0.3675 	2.66233e-14
0.3682 	2.01964e-14
0.3689 	1.4248e-14
0.3703 	6.73396e-15
0.3717 	3.01094e-15
0.3724 	1.85058e-15
0.3731 	1.15616e-15
0.3745 	3.17151e-16
0.3759 	5.38245e-17
0.3773 	4.35006e-18
0.378 	7.78491e-19
0.3794 	2.39331e-20
0.3808 	1.33522e-20
0.3822 	1.04796e-20
0.3836 	6.95349e-21
0.3843 	5.20828e-21
0.3857 	2.28463e-21
0.3871 	6.45541e-22
0.3878 	2.50365e-22
0.3892 	2.30299e-23
0.3906 	6.25824e-25
0.392 	3.81894e-27
0.3934 	8.75398e-28
0.3948 	1.45748e-27
0.3962 	3.87252e-27
0.3976 	1.30421e-26
0.399 	4.13894e-26
0.3997 	6.86456e-26
0.4004 	1.1287e-25
0.4018 	2.55474e-25
0.4025 	3.48989e-25
0.4032 	4.44232e-25
0.4039 	5.28797e-25
0.4053 	6.01745e-25
0.4067 	5.96307e-25
0.4074 	5.80731e-25
0.4088 	4.91867e-25
0.4102 	3.23918e-25
0.4116 	1.44823e-25
0.413 	3.80159e-26
0.4137 	1.21299e-26
0.4151 	2.36069e-27
0.4165 	1.45132e-27
0.4179 	1.01924e-27
0.4193 	6.1907e-28
0.4207 	3.06873e-28
0.4221 	1.34853e-28
0.4235 	6.28453e-29
0.4242 	4.52288e-29
0.4256 	2.36186e-29
0.427 	1.08827e-29
0.4284 	3.88789e-30
0.4298 	9.68633e-31
0.4312 	1.56583e-31
0.4326 	2.43169e-32
0.434 	4.8657e-33
0.4354 	1.08271e-33
0.4368 	2.20449e-34
0.4382 	3.43883e-35
0.4389 	8.79432e-36
0.4396 	4.63e-36
0.441 	1.8555e-36
0.4424 	1.74901e-36
0.4431 	1.75396e-36
0.4445 	1.7843e-36
0.4452 	1.81524e-36
0.4459 	1.86695e-36
0.4466 	1.92631e-36
0.4473 	1.99328e-36
0.448 	2.04192e-36
0.4487 	2.08324e-36
0.4501 	2.08463e-36
0.4508 	2.04746e-36
0.4522 	1.88006e-36
0.4536 	1.51487e-36
0.455 	9.6912e-37
0.4564 	4.4708e-37
0.4578 	1.48058e-37
0.4585 	8.16033e-38
0.4592 	4.76228e-38
0.4599 	3.16578e-38
0.4613 	2.11641e-38
0.4627 	1.50875e-38
0.4641 	9.5283e-39
0.4655 	5.11242e-39
0.4669 	2.37113e-39
0.4683 	1.0303e-39
0.4697 	4.60949e-40
0.4711 	2.14958e-40
0.4725 	9.83572e-41
0.4739 	4.48452e-41
0.4746 	3.05699e-41
0.4753 	1.94973e-41
0.4767 	8.26089e-42
0.4781 	3.49044e-42
0.4795 	1.49819e-42
0.4802 	9.58489e-43
0.4816 	4.49501e-43
0.483 	2.21792e-43
0.4844 	1.13288e-43
0.4851 	7.8532e-44
0.4865 	3.94138e-44
0.4879 	1.77268e-44
0.4886 	1.07337e-44
0.4893 	6.52136e-45
0.4907 	1.74794e-45
0.4914 	6.42514e-46
0.4928 	9.44178e-47
0.4942 	1.73486e-47
0.4956 	5.9882e-48
0.4963 	3.56733e-48
0.4977 	1.37258e-48
0.4984 	7.97374e-49
0.4991 	3.97332e-49
0.5005 	6.98091e-50
0.5012 	1.5214e-50
0.5026 	4.22748e-52
0.504 	7.39221e-53
0.5047 	7.23661e-53
0.5054 	7.19668e-53
0.5068 	7.42613e-53
0.5082 	8.42628e-53
0.5096 	1.17748e-52
0.5103 	1.53643e-52
0.511 	2.07368e-52
0.5117 	2.89276e-52
0.5124 	3.86841e-52
0.5138 	5.93375e-52
0.5152 	6.83499e-52
0.5166 	6.83465e-52
0.518 	6.33955e-52
0.5187 	5.89191e-52
0.5194 	5.03006e-52
0.5201 	4.10224e-52
0.5215 	1.9351e-52
0.5222 	1.08016e-52
0.5236 	1.79293e-53
0.525 	4.58611e-55
0.5257 	2.03363e-55
0.5264 	2.55851e-57
0.5278 	4.45858e-60
0.5292 	2.95121e-60
0.5299 	2.73818e-60
0.5313 	2.15711e-60
0.532 	1.84179e-60
0.5327 	1.54318e-60
0.5334 	1.28639e-60
0.5348 	8.71806e-61
0.5362 	5.51879e-61
0.5376 	2.90694e-61
0.539 	1.12194e-61
0.5397 	6.11718e-62
0.5404 	2.9888e-62
0.5411 	1.34083e-62
0.5425 	3.45769e-63
0.5439 	1.40899e-63
0.5453 	4.81254e-64
0.5467 	1.1182e-64
0.5481 	1.55888e-65
0.5488 	2.90952e-66
0.5502 	3.91262e-67
0.5516 	1.1166e-67
0.5523 	6.43399e-68
0.5537 	1.83106e-68
0.5551 	4.12054e-69
0.5565 	6.87743e-70
0.5579 	7.63471e-71
0.5593 	6.25312e-72
0.56 	2.48602e-72
0.5607 	2.34783e-72
0.5614 	2.24784e-72
0.5628 	2.51605e-72
0.5642 	4.27943e-72
0.5656 	1.06711e-71
0.567 	3.02845e-71
0.5684 	8.22902e-71
0.5698 	1.94537e-70
0.5712 	3.56476e-70
0.5726 	4.6423e-70
0.5733 	4.76971e-70
0.5747 	4.74664e-70
0.5761 	4.24188e-70
0.5775 	3.00848e-70
0.5782 	2.14709e-70
0.5796 	7.27498e-71
0.581 	1.0083e-71
0.5824 	7.50093e-75
0.5831 	-5.66914e-73
0.5838 	-9.14567e-73
0.5852 	-1.53318e-72
0.5859 	-1.80738e-72
0.5866 	-2.05947e-72
0.5873 	-2.28946e-72
0.5887 	-2.67732e-72
0.5901 	-2.97619e-72
0.5915 	-3.20365e-72
0.5929 	-3.37554e-72
0.5936 	-3.44615e-72
0.595 	-3.55577e-72
0.5964 	-3.62844e-72
0.5978 	-3.67124e-72
0.5985 	-3.68246e-72
0.5999 	-3.68381e-72
0.6013 	-3.65564e-72
0.602 	-3.62809e-72
0.6034 	-3.55648e-72
0.6048 	-3.45714e-72
0.6062 	-3.33187e-72
0.6076 	-3.18212e-72
0.6083 	-3.09864e-72
0.609 	-3.01258e-72
0.6097 	-2.92187e-72
0.6104 	-2.82801e-72
0.6111 	-2.73179e-72
0.6125 	-2.53258e-72
0.6139 	-2.32813e-72
0.6153 	-2.12289e-72
0.6167 	-1.92006e-72
0.6174 	-1.81996e-72
0.6188 	-1.62557e-72
0.6195 	-1.53229e-72
0.6202 	-1.4403e-72
0.6216 	-1.26535e-72
0.6223 	-1.18169e-72
0.623 	-1.10196e-72
0.6237 	-1.0238e-72
0.6251 	-8.79499e-73
0.6258 	-8.13075e-73
0.6265 	-7.48794e-73
0.6272 	-6.88367e-73
0.6279 	-6.3134e-73
0.6286 	-5.76862e-73
0.6293 	-5.26951e-73
0.63 	-4.78283e-73
0.6307 	-4.35208e-73
0.6314 	-3.93272e-73
0.6328 	-3.19874e-73
0.6335 	-2.87084e-73
0.6349 	-2.2906e-73
0.6363 	-1.80744e-73
0.637 	-1.60531e-73
0.6377 	-1.4128e-73
0.6391 	-1.09061e-73
0.6398 	-9.51661e-74
0.6412 	-7.17661e-74
0.6426 	-5.35886e-74
0.6433 	-4.62968e-74
0.6447 	-3.38079e-74
0.6461 	-2.43065e-74
0.6475 	-1.71908e-74
0.6489 	-1.20882e-74
0.6496 	-1.01198e-74
0.651 	-6.90999e-75
0.6524 	-4.63396e-75
0.6538 	-3.06435e-75
0.6552 	-2.01125e-75
0.6566 	-1.29738e-75
0.658 	-8.21874e-76
0.6587 	-6.38631e-76
0.6594 	-5.10881e-76
0.6601 	-3.93312e-76
0.6608 	-3.11288e-76
0.6615 	-2.3939e-76
0.6622 	-1.85707e-76
0.6636 	-1.08309e-76
0.665 	-6.16449e-77
0.6664 	-3.52887e-77
0.6678 	-1.97942e-77
0.6692 	-1.08697e-77
0.6699 	-7.81178e-78
0.6706 	-5.83693e-78
0.672 	-3.06114e-78
0.6727 	-2.1533e-78
0.6741 	-1.10707e-78
0.6748 	-7.78723e-79
0.6755 	-5.5615e-79
0.6762 	-3.75886e-79
0.6769 	-2.7267e-79
0.6783 	-1.30262e-79
0.679 	-8.74557e-80
0.6804 	-4.10891e-80
0.6811 	-2.72785e-80
0.6825 	-1.18869e-80
0.6839 	-5.36247e-81
0.6853 	-2.3707e-81
0.686 	-1.56251e-81
0.6874 	-6.45831e-82
0.6888 	-2.66634e-82
0.6902 	-1.14575e-82
0.6916 	-4.93101e-83
0.693 	-2.14784e-83
0.6944 	-9.59473e-84
0.6958 	-4.51518e-84
0.6965 	-3.35271e-84
0.6979 	-3.4066e-84
0.6993 	-4.49131e-84
0.7 	-5.0049e-84
