0 	1
0.0007 	1
0.0014 	1
0.0021 	1
0.0028 	1
0.0035 	1
0.0042 	1
0.0049 	1
0.0056 	1
0.0063 	1
0.007 	1
0.0077 	1
0.0084 	1
0.0091 	1
0.0098 	1
0.0105 	1
0.0112 	1
0.0119 	1
0.0126 	1
0.0133 	1
0.014 	1
0.0147 	1
0.0154 	1
0.0161 	1
0.0168 	1
0.0175 	1
0.0182 	1
0.0189 	1
0.0196 	1
0.0203 	1
0.021 	1
0.0217 	1
0.0224 	1
0.0231 	1
0.0238 	1
0.0245 	1
0.0252 	1
0.0259 	1
0.0266 	1
0.0273 	1
0.028 	1
0.0287 	1
0.0294 	1
0.0301 	1
0.0308 	1
0.0315 	1
0.0322 	1
0.0329 	1
0.0336 	1
0.0343 	1
0.035 	1
0.0357 	1
0.0364 	1
0.0371 	1
0.0378 	1
0.0385 	1
0.0392 	1
0.0399 	1
0.0406 	1
0.0413 	1
0.042 	1
0.0427 	1
0.0434 	1
0.0441 	1
0.0448 	1
0.0455 	1
0.0462 	1
0.0469 	1
0.0476 	1
0.0483 	1
0.049 	1
0.0497 	1
0.0504 	1
0.0511 	1
0.0518 	1
0.0525 	1
0.0532 	1
0.0539 	1
0.0546 	1
0.0553 	1
0.056 	1
0.0567 	1
0.0574 	1
0.0581 	1
0.0588 	1
0.0595 	1
0.0602 	1
0.0609 	1
0.0616 	1
0.0623 	1
0.063 	1
0.0637 	1
0.0644 	1
0.0651 	1
0.0658 	1
0.0665 	1
0.0672 	1
0.0679 	1
0.0686 	1
0.0693 	1
0.07 	1
0.0707 	1
0.0714 	1
0.0721 	1
0.0728 	1
0.0735 	1
0.0742 	1
0.0749 	1
0.0756 	1
0.0763 	1
0.077 	1
0.0777 	1
0.0784 	1
0.0791 	1
0.0798 	1
0.0805 	1
0.0812 	1
0.0819 	1
0.0826 	1
0.0833 	1
0.084 	1
0.0847 	1
0.0854 	1
0.0861 	1
0.0868 	1
0.0875 	1
0.0882 	1
0.0889 	1
0.0896 	1
0.0903 	1
0.091 	1
0.0917 	1
0.0924 	1
0.0931 	1
0.0938 	1
0.0945 	1
0.0952 	1
0.0959 	1
0.0966 	1
0.0973 	1
0.098 	1
0.0987 	1
0.0994 	1
0.1001 	1
0.1008 	1
0.1015 	1
0.1022 	1
0.1029 	1
0.1036 	1
0.1043 	1
0.105 	1
0.1057 	1
0.1064 	1
0.1071 	1
0.1078 	1
0.1085 	1
0.1092 	1
0.1099 	1
0.1106 	1
0.1113 	1
0.112 	1
0.1127 	1
0.1134 	1
0.1141 	1
0.1148 	1
0.1155 	1
0.1162 	1
0.1169 	1
0.1176 	1
0.1183 	1
0.119 	1
0.1197 	1
0.1204 	1
0.1211 	1
0.1218 	1
0.1225 	1
0.1232 	1
0.1239 	1
0.1246 	1
0.1253 	1
0.126 	1
0.1267 	1
0.1274 	1
0.1281 	1
0.1288 	1
0.1295 	1
0.1302 	1
0.1309 	1
0.1316 	1
0.1323 	1
0.133 	1
0.1337 	1
0.1344 	1
0.1351 	1
0.1358 	1
0.1365 	1
0.1372 	1
0.1379 	1
0.1386 	1
0.1393 	1
0.14 	1
0.1407 	1
0.1414 	1
0.1421 	1
0.1428 	1
0.1435 	1
0.1442 	1
0.1449 	1
0.1456 	1
0.1463 	1
0.147 	1
0.1477 	1
0.1484 	1
0.1491 	1
0.1498 	1
0.1505 	1
0.1512 	1
0.1519 	1
0.1526 	1
0.1533 	1
0.154 	1
0.1547 	1
0.1554 	1
0.1561 	1
0.1568 	1
0.1575 	1
0.1582 	1
0.1589 	1
0.1596 	1
0.1603 	1
0.161 	1
0.1617 	1
0.1624 	1
0.1631 	1
0.1638 	1
0.1645 	1
0.1652 	1
0.1659 	1
0.1666 	1
0.1673 	1
0.168 	1
0.1687 	1
0.1694 	1
0.1701 	1
0.1708 	1
0.1715 	1
0.1722 	1
0.1729 	1
0.1736 	1
0.1743 	1
0.175 	1
0.1757 	1
0.1764 	1
0.1771 	1
0.1778 	1
0.1785 	1
0.1792 	1
0.1799 	1
0.1806 	1
0.1813 	1
0.182 	1
0.1827 	1
0.1834 	1
0.1841 	1
0.1848 	1
0.1855 	1
0.1862 	1
0.1869 	1
0.1876 	1
0.1883 	1
0.189 	1
0.1897 	1
0.1904 	1
0.1911 	1
0.1918 	1
0.1925 	1
0.1932 	1
0.1939 	1
0.1946 	1
0.1953 	1
0.196 	1
0.1967 	1
0.1974 	1
0.1981 	1
0.1988 	1
0.1995 	1
0.2002 	1
0.2009 	1
0.2016 	1
0.2023 	1
0.203 	1
0.2037 	1
0.2044 	1
0.2051 	1
0.2058 	1
0.2065 	1
0.2072 	1
0.2079 	1
0.2086 	1
0.2093 	1
0.21 	1
0.2107 	1
0.2114 	1
0.2121 	1
0.2128 	1
0.2135 	0.999999
0.2142 	0.999999
0.2149 	0.999999
0.2156 	0.999956
0.2163 	0.999906
0.217 	0.999856
0.2177 	0.999805
0.2184 	0.999755
0.2191 	0.999705
0.2198 	0.999655
0.2205 	0.997594
0.2212 	0.994729
0.2219 	0.991865
0.2226 	0.989001
0.2233 	0.986136
0.224 	0.983272
0.2247 	0.980407
0.2254 	0.962505
0.2261 	0.933322
0.2268 	0.904141
0.2275 	0.87496
0.2282 	0.845779
0.2289 	0.816598
0.2296 	0.787417
0.2303 	0.743778
0.231 	0.680863
0.2317 	0.617948
0.2324 	0.555033
0.2331 	0.492118
0.2338 	0.429203
0.2345 	0.366289
0.2352 	0.309744
0.2359 	0.26913
0.2366 	0.228515
0.2373 	0.187899
0.238 	0.147283
0.2387 	0.106667
0.2394 	0.0660507
0.2401 	0.0306365
0.2408 	0.0264241
0.2415 	0.0222116
0.2422 	0.0179986
0.2429 	0.0137856
0.2436 	0.00957268
0.2443 	0.00535972
0.245 	0.00114692
0.2457 	0.000994473
0.2464 	0.000842021
0.2471 	0.000689553
0.2478 	0.000537085
0.2485 	0.000384617
0.2492 	0.00023215
0.2499 	7.96817e-05
0.2506 	5.12986e-05
0.2513 	4.35895e-05
0.252 	3.58796e-05
0.2527 	2.81696e-05
0.2534 	2.04597e-05
0.2541 	1.27498e-05
0.2548 	5.03984e-06
0.2555 	2.56646e-06
0.2562 	2.18728e-06
0.2569 	1.8081e-06
0.2576 	1.42891e-06
0.2583 	1.04973e-06
0.259 	6.70542e-07
0.2597 	2.91357e-07
0.2604 	1.18994e-07
0.2611 	1.0172e-07
0.2618 	8.44505e-08
0.2625 	6.71814e-08
0.2632 	4.99123e-08
0.2639 	3.26432e-08
0.2646 	1.53742e-08
0.2653 	5.19069e-09
0.266 	4.45312e-09
0.2667 	3.71587e-09
0.2674 	2.9788e-09
0.2681 	2.24173e-09
0.2688 	1.50466e-09
0.2695 	7.67588e-10
0.2702 	2.32276e-10
0.2709 	2.01255e-10
0.2716 	1.70253e-10
0.2723 	1.3927e-10
0.273 	1.08287e-10
0.2737 	7.73046e-11
0.2744 	4.6322e-11
0.2751 	1.94827e-11
0.2758 	1.74955e-11
0.2765 	1.55094e-11
0.2772 	1.35254e-11
0.2779 	1.15413e-11
0.2786 	9.55723e-12
0.2793 	7.57316e-12
0.28 	5.58915e-12
0.2807 	5.17455e-12
0.2814 	4.76012e-12
0.2821 	4.34634e-12
0.2828 	3.93256e-12
0.2835 	3.51878e-12
0.2842 	3.105e-12
0.2849 	2.69122e-12
0.2856 	2.46711e-12
0.2863 	2.27465e-12
0.287 	2.08279e-12
0.2877 	1.89093e-12
0.2884 	1.69907e-12
0.2891 	1.50722e-12
0.2898 	1.31536e-12
0.2905 	1.18208e-12
0.2912 	1.07222e-12
0.2919 	9.62862e-13
0.2926 	8.53538e-13
0.2933 	7.44214e-13
0.294 	6.34891e-13
0.2947 	5.25567e-13
0.2954 	4.51391e-13
0.2961 	4.03573e-13
0.2968 	3.55977e-13
0.2975 	3.0844e-13
0.2982 	2.60903e-13
0.2989 	2.13367e-13
0.2996 	1.6583e-13
0.3003 	1.32411e-13
0.301 	1.17812e-13
0.3017 	1.03276e-13
0.3024 	8.87751e-14
0.3031 	7.42738e-14
0.3038 	5.97725e-14
0.3045 	4.52712e-14
0.3052 	3.38416e-14
0.3059 	3.00902e-14
0.3066 	2.63524e-14
0.3073 	2.26282e-14
0.308 	1.8904e-14
0.3087 	1.51797e-14
0.3094 	1.14555e-14
0.3101 	8.13158e-15
0.3108 	7.20866e-15
0.3115 	6.2883e-15
0.3122 	5.37257e-15
0.3129 	4.45684e-15
0.3136 	3.54112e-15
0.3143 	2.62539e-15
0.315 	1.70968e-15
0.3157 	1.50914e-15
0.3164 	1.30896e-15
0.3171 	1.11009e-15
0.3178 	9.11227e-16
0.3185 	7.12362e-16
0.3192 	5.13498e-16
0.3199 	3.14633e-16
0.3206 	2.56379e-16
0.3213 	2.21576e-16
0.322 	1.87062e-16
0.3227 	1.52548e-16
0.3234 	1.18034e-16
0.3241 	8.352e-17
0.3248 	4.90059e-17
0.3255 	3.56435e-17
0.3262 	3.07401e-17
0.3269 	2.58799e-17
0.3276 	2.1023e-17
0.3283 	1.61661e-17
0.329 	1.13091e-17
0.3297 	6.45222e-18
0.3304 	4.0495e-18
0.3311 	3.48713e-18
0.3318 	2.92917e-18
0.3325 	2.3724e-18
0.3332 	1.81563e-18
0.3339 	1.25886e-18
0.3346 	7.02093e-19
0.3353 	3.62275e-19
0.336 	3.11676e-19
0.3367 	2.61417e-19
0.3374 	2.11347e-19
0.3381 	1.61278e-19
0.3388 	1.11208e-19
0.3395 	6.11377e-20
0.3402 	2.44004e-20
0.3409 	2.09878e-20
0.3416 	1.75941e-20
0.3423 	1.42192e-20
0.343 	1.08442e-20
0.3437 	7.46929e-21
0.3444 	4.09436e-21
0.3451 	1.17826e-21
0.3458 	1.01421e-21
0.3465 	8.50845e-22
0.3472 	6.88727e-22
0.3479 	5.26609e-22
0.3486 	3.64491e-22
0.3493 	2.02374e-22
0.35 	4.02628e-23
0.3507 	3.47542e-23
0.3514 	2.92612e-23
0.3521 	2.38245e-23
0.3528 	1.83879e-23
0.3535 	1.29512e-23
0.3542 	7.5146e-24
0.3549 	2.07795e-24
0.3556 	1.15268e-24
0.3563 	9.79222e-25
0.357 	8.08109e-25
0.3577 	6.36997e-25
0.3584 	4.65885e-25
0.3591 	2.94773e-25
0.3598 	1.2366e-25
0.3605 	6.765e-26
0.3612 	5.76705e-26
0.3619 	4.78193e-26
0.3626 	3.79779e-26
0.3633 	2.81365e-26
0.364 	1.82951e-26
0.3647 	8.45368e-27
0.3654 	3.90472e-27
0.3661 	3.32439e-27
0.3668 	2.74965e-27
0.3675 	2.17645e-27
0.3682 	1.60324e-27
0.3689 	1.03004e-27
0.3696 	4.56831e-28
0.3703 	1.21613e-28
0.371 	1.03653e-28
0.3717 	8.58216e-29
0.3724 	6.80604e-29
0.3731 	5.02991e-29
0.3738 	3.25378e-29
0.3745 	1.47766e-29
0.3752 	2.00699e-30
0.3759 	1.71386e-30
0.3766 	1.42205e-30
0.3773 	1.13156e-30
0.378 	8.41074e-31
0.3787 	5.50583e-31
0.3794 	2.60093e-31
0.3801 	1.08918e-32
0.3808 	9.33038e-33
0.3815 	7.77214e-33
0.3822 	6.2196e-33
0.3829 	4.66706e-33
0.3836 	3.11452e-33
0.3843 	1.56198e-33
0.385 	9.51151e-36
0.3857 	8.17874e-36
0.3864 	6.84639e-36
0.3871 	5.51544e-36
0.3878 	4.18449e-36
0.3885 	2.85354e-36
0.3892 	1.5226e-36
0.3899 	1.9165e-37
0.3906 	1.38506e-39
0.3913 	1.16395e-39
0.392 	9.46082e-40
0.3927 	7.28218e-40
0.3934 	5.10353e-40
0.3941 	2.92489e-40
0.3948 	7.46245e-41
0.3955 	1.11256e-41
0.3962 	9.35944e-42
0.3969 	7.65517e-42
0.3976 	5.95566e-42
0.3983 	4.25615e-42
0.399 	2.55664e-42
0.3997 	8.57131e-43
0.4004 	1.18264e-43
0.4011 	9.97494e-44
0.4018 	8.18047e-44
0.4025 	6.40155e-44
0.4032 	4.62263e-44
0.4039 	2.84371e-44
0.4046 	1.06479e-44
0.4053 	4.53552e-46
0.406 	3.83951e-46
0.4067 	3.16042e-46
0.4074 	2.49074e-46
0.4081 	1.82106e-46
0.4088 	1.15138e-46
0.4095 	4.81705e-47
0.4102 	3.25292e-49
0.4109 	2.76543e-49
0.4116 	2.28636e-49
0.4123 	1.81569e-49
0.413 	1.34503e-49
0.4137 	8.74364e-50
0.4144 	4.03699e-50
0.4151 	2.8705e-53
0.4158 	2.45042e-53
0.4165 	2.03503e-53
0.4172 	1.62806e-53
0.4179 	1.22109e-53
0.4186 	8.14122e-54
0.4193 	4.07153e-54
0.42 	2.02149e-57
0.4207 	1.73153e-57
0.4214 	1.44358e-57
0.4221 	1.16291e-57
0.4228 	8.82235e-58
0.4235 	6.01563e-58
0.4242 	3.20892e-58
0.4249 	4.02207e-59
0.4256 	1.20367e-61
0.4263 	1.00809e-61
0.427 	8.17407e-62
0.4277 	6.26728e-62
0.4284 	4.3605e-62
0.4291 	2.45371e-62
0.4298 	5.46919e-63
0.4305 	2.14571e-65
0.4312 	2.06075e-65
0.4319 	2.02033e-65
0.4326 	1.98334e-65
0.4333 	1.94634e-65
0.434 	1.90935e-65
0.4347 	1.87235e-65
0.4354 	1.88398e-65
0.4361 	1.93204e-65
0.4368 	2.01752e-65
0.4375 	2.11321e-65
0.4382 	2.2089e-65
0.4389 	2.30459e-65
0.4396 	2.40028e-65
0.4403 	2.46354e-65
0.441 	2.48352e-65
0.4417 	2.51636e-65
0.4424 	2.55634e-65
0.4431 	2.59632e-65
0.4438 	2.6363e-65
0.4445 	2.67628e-65
0.4452 	2.70611e-65
0.4459 	2.71058e-65
0.4466 	2.71744e-65
0.4473 	2.72671e-65
0.448 	2.73598e-65
0.4487 	2.74525e-65
0.4494 	2.75452e-65
0.4501 	2.76011e-65
0.4508 	2.7436e-65
0.4515 	2.72144e-65
0.4522 	2.68908e-65
0.4529 	2.65673e-65
0.4536 	2.62438e-65
0.4543 	2.59202e-65
0.455 	2.62062e-65
0.4557 	2.50774e-65
0.4564 	2.44486e-65
0.4571 	2.34184e-65
0.4578 	2.23882e-65
0.4585 	2.1358e-65
0.4592 	2.03278e-65
0.4599 	1.92976e-65
0.4606 	1.85765e-65
0.4613 	1.78599e-65
0.462 	1.65292e-65
0.4627 	1.51986e-65
0.4634 	1.38679e-65
0.4641 	1.25372e-65
0.4648 	1.12065e-65
0.4655 	1.04807e-65
0.4662 	9.99705e-66
0.4669 	9.07002e-66
0.4676 	8.10889e-66
0.4683 	7.14775e-66
0.469 	6.18661e-66
0.4697 	5.22548e-66
0.4704 	4.67312e-66
0.4711 	4.42745e-66
0.4718 	3.99158e-66
0.4725 	3.50384e-66
0.4732 	3.0161e-66
0.4739 	2.52836e-66
0.4746 	2.04062e-66
0.4753 	1.71987e-66
0.476 	1.62183e-66
0.4767 	1.46177e-66
0.4774 	1.26726e-66
0.4781 	1.07275e-66
0.4788 	8.78245e-67
0.4795 	6.83735e-67
0.4802 	5.3558e-67
0.4809 	5.03335e-67
0.4816 	4.55241e-67
0.4823 	3.91298e-67
0.483 	3.27355e-67
0.4837 	2.63412e-67
0.4844 	1.99468e-67
0.4851 	1.43378e-67
0.4858 	1.34414e-67
0.4865 	1.22305e-67
0.4872 	1.04537e-67
0.4879 	8.67697e-68
0.4886 	6.90019e-68
0.4893 	5.12341e-68
0.49 	3.35275e-68
0.4907 	3.13105e-68
0.4914 	2.8702e-68
0.4921 	2.44325e-68
0.4928 	2.0163e-68
0.4935 	1.58935e-68
0.4942 	1.1624e-68
0.4949 	7.3545e-69
0.4956 	6.35496e-69
0.4963 	5.86875e-69
0.497 	4.96994e-69
0.4977 	4.07112e-69
0.4984 	3.17231e-69
0.4991 	2.2735e-69
0.4998 	1.37469e-69
0.5005 	1.06156e-69
0.5012 	9.82707e-70
0.5019 	8.32648e-70
0.5026 	6.77112e-70
0.5033 	5.21575e-70
0.504 	3.66039e-70
0.5047 	2.10503e-70
0.5054 	1.37733e-70
0.5061 	1.27036e-70
0.5068 	1.08236e-70
0.5075 	8.72254e-71
0.5082 	6.62148e-71
0.5089 	4.52041e-71
0.5096 	2.41935e-71
0.5103 	1.17844e-71
0.511 	1.08433e-71
0.5117 	9.32952e-72
0.5124 	7.49755e-72
0.5131 	5.66557e-72
0.5138 	3.8336e-72
0.5145 	2.00163e-72
0.5152 	6.77308e-73
0.5159 	6.21974e-73
0.5166 	5.40362e-73
0.5173 	4.32474e-73
0.518 	3.24585e-73
0.5187 	2.16697e-73
0.5194 	1.08808e-73
0.5201 	1.61466e-74
0.5208 	1.48188e-74
0.5215 	1.30606e-74
0.5222 	1.05278e-74
0.5229 	7.99492e-75
0.5236 	5.46205e-75
0.5243 	2.92919e-75
0.525 	3.96414e-76
0.5257 	3.64261e-76
0.5264 	3.25463e-76
0.5271 	2.62273e-76
0.5278 	1.99084e-76
0.5285 	1.35894e-76
0.5292 	7.27045e-77
0.5299 	9.51482e-78
0.5306 	6.13582e-79
0.5313 	7.11278e-79
0.532 	2.07535e-79
0.5327 	-2.96208e-79
0.5334 	-7.99951e-79
0.5341 	-1.30369e-78
0.5348 	-1.80744e-78
0.5355 	-1.6579e-78
0.5362 	-1.24706e-78
0.5369 	-1.22959e-78
0.5376 	-1.24238e-78
0.5383 	-1.25517e-78
0.539 	-1.26795e-78
0.5397 	-1.28074e-78
0.5404 	-1.11653e-78
0.5411 	-8.1955e-79
0.5418 	-7.58176e-79
0.5425 	-7.61058e-79
0.5432 	-7.6394e-79
0.5439 	-7.66822e-79
0.5446 	-7.69704e-79
0.5453 	-6.89228e-79
0.546 	-4.97588e-79
0.5467 	-4.29496e-79
0.5474 	-4.30042e-79
0.5481 	-4.30587e-79
0.5488 	-4.31133e-79
0.5495 	-4.31678e-79
0.5502 	-3.99445e-79
0.5509 	-2.85248e-79
0.5516 	-2.28185e-79
0.5523 	-2.28257e-79
0.553 	-2.28328e-79
0.5537 	-2.284e-79
0.5544 	-2.28471e-79
0.5551 	-2.19446e-79
0.5558 	-1.55825e-79
0.5565 	-1.14928e-79
0.5572 	-1.14936e-79
0.5579 	-1.14943e-79
0.5586 	-1.14951e-79
0.5593 	-1.14958e-79
0.56 	-1.14968e-79
0.5607 	-8.15362e-80
0.5614 	-5.52691e-80
0.5621 	-5.52694e-80
0.5628 	-5.52697e-80
0.5635 	-5.527e-80
0.5642 	-5.52704e-80
0.5649 	-5.52707e-80
0.5656 	-4.09764e-80
0.5663 	-2.54902e-80
0.567 	-2.54899e-80
0.5677 	-2.54896e-80
0.5684 	-2.54893e-80
0.5691 	-2.5489e-80
0.5698 	-2.54887e-80
0.5705 	-1.98179e-80
0.5712 	-1.18785e-80
0.5719 	-1.13112e-80
0.5726 	-1.13109e-80
0.5733 	-1.13106e-80
0.574 	-1.13103e-80
0.5747 	-1.131e-80
0.5754 	-9.24034e-81
0.5761 	-5.61839e-81
0.5768 	-4.84212e-81
0.5775 	-4.84195e-81
0.5782 	-4.84177e-81
0.5789 	-4.8416e-81
0.5796 	-4.84142e-81
0.5803 	-4.16045e-81
0.581 	-2.5716e-81
0.5817 	-2.00409e-81
0.5824 	-2.004e-81
0.5831 	-2.00391e-81
0.5838 	-2.00382e-81
0.5845 	-2.00373e-81
0.5852 	-1.81166e-81
0.5859 	-1.13954e-81
0.5866 	-8.03463e-82
0.5873 	-8.0342e-82
0.588 	-8.03376e-82
0.5887 	-8.03333e-82
0.5894 	-8.03289e-82
0.5901 	-7.64004e-82
0.5908 	-4.8919e-82
0.5915 	-3.12517e-82
0.5922 	-3.12497e-82
0.5929 	-3.12477e-82
0.5936 	-3.12457e-82
0.5943 	-3.12437e-82
0.595 	-3.12424e-82
0.5957 	-2.036e-82
0.5964 	-1.18095e-82
0.5971 	-1.18087e-82
0.5978 	-1.18078e-82
0.5985 	-1.18069e-82
0.5992 	-1.1806e-82
0.5999 	-1.18051e-82
0.6006 	-8.22223e-83
0.6013 	-4.3407e-83
0.602 	-4.34033e-83
0.6027 	-4.33995e-83
0.6034 	-4.33958e-83
0.6041 	-4.3392e-83
0.6048 	-4.33883e-83
0.6055 	-3.22467e-83
0.6062 	-1.6649e-83
0.6069 	-1.55335e-83
0.6076 	-1.5532e-83
0.6083 	-1.55304e-83
0.609 	-1.55289e-83
0.6097 	-1.55274e-83
0.6104 	-1.22923e-83
0.6111 	-6.63163e-84
0.6118 	-5.41816e-84
0.6125 	-5.41756e-84
0.6132 	-5.41695e-84
0.6139 	-5.41635e-84
0.6146 	-5.41575e-84
0.6153 	-4.55824e-84
0.616 	-2.55802e-84
0.6167 	-1.84351e-84
0.6174 	-1.84328e-84
0.6181 	-1.84305e-84
0.6188 	-1.84282e-84
0.6195 	-1.84259e-84
0.6202 	-1.64565e-84
0.6209 	-9.56811e-85
0.6216 	-6.12351e-85
0.6223 	-6.12266e-85
0.623 	-6.12181e-85
0.6237 	-6.12097e-85
0.6244 	-6.12012e-85
0.6251 	-5.78892e-85
0.6258 	-3.4749e-85
0.6265 	-1.98721e-85
0.6272 	-1.98691e-85
0.6279 	-1.98661e-85
0.6286 	-1.98631e-85
0.6293 	-1.98601e-85
0.63 	-1.98575e-85
0.6307 	-1.22682e-85
0.6314 	-6.30516e-86
0.6321 	-6.30412e-86
0.6328 	-6.30307e-86
0.6335 	-6.30203e-86
0.6342 	-6.30098e-86
0.6349 	-6.29994e-86
0.6356 	-4.21546e-86
0.6363 	-1.95732e-86
0.637 	-1.95696e-86
0.6377 	-1.95661e-86
0.6384 	-1.95626e-86
0.6391 	-1.95591e-86
0.6398 	-1.95556e-86
0.6405 	-1.41124e-86
0.6412 	-6.49298e-87
0.6419 	-5.94767e-87
0.6426 	-5.94652e-87
0.6433 	-5.94537e-87
0.644 	-5.94422e-87
0.6447 	-5.94307e-87
0.6454 	-4.60778e-87
0.6461 	-2.27172e-87
0.6468 	-1.77085e-87
0.6475 	-1.77048e-87
0.6482 	-1.77012e-87
0.6489 	-1.76975e-87
0.6496 	-1.76939e-87
0.6503 	-1.46863e-87
0.651 	-7.67307e-88
0.6517 	-5.1676e-88
0.6524 	-5.16647e-88
0.6531 	-5.16533e-88
0.6538 	-5.1642e-88
0.6545 	-5.16307e-88
0.6552 	-4.57287e-88
0.6559 	-2.50975e-88
0.6566 	-1.47801e-88
0.6573 	-1.47767e-88
0.658 	-1.47733e-88
0.6587 	-1.47699e-88
0.6594 	-1.47665e-88
0.6601 	-1.39138e-88
0.6608 	-7.9637e-89
0.6615 	-4.1383e-89
0.6622 	-4.1373e-89
0.6629 	-4.1363e-89
0.6636 	-4.1353e-89
0.6643 	-4.1343e-89
0.665 	-4.13338e-89
0.6657 	-2.45114e-89
0.6664 	-1.12933e-89
0.6671 	-1.12905e-89
0.6678 	-1.12876e-89
0.6685 	-1.12848e-89
0.6692 	-1.12819e-89
0.6699 	-1.12791e-89
0.6706 	-7.29064e-90
0.6713 	-2.97005e-90
0.672 	-2.96926e-90
0.6727 	-2.96848e-90
0.6734 	-2.9677e-90
0.6741 	-2.96691e-90
0.6748 	-2.96613e-90
0.6755 	-2.07345e-90
0.6762 	-8.23948e-91
0.6769 	-7.34506e-91
0.6776 	-7.343e-91
0.6783 	-7.34094e-91
0.679 	-7.33888e-91
0.6797 	-7.33683e-91
0.6804 	-5.51142e-91
0.6811 	-2.3183e-91
0.6818 	-1.63366e-91
0.6825 	-1.63315e-91
0.6832 	-1.63265e-91
0.6839 	-1.63214e-91
0.6846 	-1.63164e-91
0.6853 	-1.31245e-91
0.686 	-5.68279e-92
0.6867 	-3.02433e-92
0.6874 	-3.02323e-92
0.6881 	-3.02212e-92
0.6888 	-3.02101e-92
0.6895 	-3.0199e-92
0.6902 	-2.60121e-92
0.6909 	-1.13836e-92
0.6916 	-4.06833e-93
0.6923 	-4.06633e-93
0.693 	-4.06433e-93
0.6937 	-4.06233e-93
0.6944 	-4.06032e-93
0.6951 	-3.73412e-93
0.6958 	-1.46208e-93
0.6965 	-1.39407e-96
0.6972 	-1.1371e-96
0.6979 	-8.80133e-97
0.6986 	-6.23165e-97
0.6993 	-3.66196e-97
0.7 	-1.09238e-97
