0 	1
0.0007 	1
0.0014 	1
0.0021 	1
0.0028 	1
0.0035 	1
0.0042 	1
0.0049 	1
0.0056 	1
0.0063 	1
0.007 	1
0.0077 	1
0.0084 	1
0.0091 	1
0.0098 	1
0.0105 	1
0.0112 	1
0.0119 	1
0.0126 	1
0.0133 	1
0.014 	1
0.0147 	1
0.0154 	1
0.0161 	1
0.0168 	1
0.0175 	1
0.0182 	1
0.0189 	1
0.0196 	1
0.0203 	1
0.021 	1
0.0217 	1
0.0224 	1
0.0231 	1
0.0238 	1
0.0245 	1
0.0252 	1
0.0259 	1
0.0266 	1
0.0273 	1
0.028 	1
0.0287 	1
0.0294 	1
0.0301 	1
0.0308 	1
0.0315 	1
0.0322 	1
0.0329 	1
0.0336 	1
0.0343 	1
0.035 	1
0.0357 	1
0.0364 	1
0.0371 	1
0.0378 	1
0.0385 	1
0.0392 	1
0.0399 	1
0.0406 	1
0.0413 	1
0.042 	1
0.0427 	1
0.0434 	1
0.0441 	1
0.0448 	1
0.0455 	1
0.0462 	1
0.0469 	1
0.0476 	1
0.0483 	1
0.049 	1
0.0497 	1
0.0504 	1
0.0511 	1
0.0518 	1
0.0525 	1
0.0532 	1
0.0539 	1
0.0546 	1
0.0553 	1
0.056 	1
0.0567 	1
0.0574 	1
0.0581 	1
0.0588 	1
0.0595 	1
0.0602 	1
0.0609 	1
0.0616 	1
0.0623 	1
0.063 	1
0.0637 	1
0.0644 	1
0.0651 	1
0.0658 	1
0.0665 	1
0.0672 	1
0.0679 	1
0.0686 	1
0.0693 	1
0.07 	1
0.0707 	1
0.0714 	1
0.0721 	1
0.0728 	1
0.0735 	1
0.0742 	1
0.0749 	1
0.0756 	1
0.0763 	1
0.077 	1
0.0777 	1
0.0784 	1
0.0791 	1
0.0798 	1
0.0805 	1
0.0812 	1
0.0819 	1
0.0826 	1
0.0833 	1
0.084 	1
0.0847 	1
0.0854 	1
0.0861 	1
0.0868 	1
0.0875 	1
0.0882 	1
0.0889 	1
0.0896 	1
0.0903 	1
0.091 	1
0.0917 	1
0.0924 	1
0.0931 	1
0.0938 	1
0.0945 	1
0.0952 	1
0.0959 	1
0.0966 	1
0.0973 	1
0.098 	1
0.0987 	1
0.0994 	1
0.1001 	1
0.1008 	1
0.1015 	1
0.1022 	1
0.1029 	1
0.1036 	1
0.1043 	1
0.105 	1
0.1057 	1
0.1064 	1
0.1071 	1
0.1078 	1
0.1085 	1
0.1092 	1
0.1099 	1
0.1106 	1
0.1113 	1
0.112 	1
0.1127 	1
0.1134 	1
0.1141 	1
0.1148 	1
0.1155 	1
0.1162 	1
0.1169 	1
0.1176 	1
0.1183 	1
0.119 	1
0.1197 	1
0.1204 	1
0.1211 	1
0.1218 	1
0.1225 	1
0.1232 	1
0.1239 	1
0.1246 	1
0.1253 	1
0.126 	1
0.1267 	1
0.1274 	1
0.1281 	1
0.1288 	1
0.1295 	1
0.1302 	1
0.1309 	1
0.1316 	1
0.1323 	1
0.133 	1
0.1337 	1
0.1344 	1
0.1351 	1
0.1358 	1
0.1365 	1
0.1372 	1
0.1379 	1
0.1386 	1
0.1393 	1
0.14 	1
0.1407 	1
0.1414 	1
0.1421 	1
0.1428 	1
0.1435 	1
0.1442 	1
0.1449 	1
0.1456 	1
0.1463 	1
0.147 	1
0.1477 	1
0.1484 	1
0.1491 	1
0.1498 	1
0.1505 	1
0.1512 	1
0.1519 	1
0.1526 	1
0.1533 	1
0.154 	1
0.1547 	1
0.1554 	1
0.1561 	1
0.1568 	1
0.1575 	1
0.1582 	1
0.1589 	1
0.1596 	1
0.1603 	1
0.161 	1
0.1617 	1
0.1624 	1
0.1631 	1
0.1638 	1
0.1645 	1
0.1652 	1
0.1659 	1
0.1666 	1
0.1673 	1
0.168 	1
0.1687 	1
0.1694 	1
0.1701 	1
0.1708 	1
0.1715 	1
0.1722 	1
0.1729 	1
0.1736 	1
0.1743 	1
0.175 	1
0.1757 	1
0.1764 	1
0.1771 	1
0.1778 	1
0.1785 	1
0.1792 	1
0.1799 	1
0.1806 	1
0.1813 	1
0.182 	1
0.1827 	1
0.1834 	1
0.1841 	1
0.1848 	1
0.1855 	1
0.1862 	1
0.1869 	1
0.1876 	1
0.1883 	1
0.189 	1
0.1897 	1
0.1904 	1
0.1911 	1
0.1918 	1
0.1925 	1
0.1932 	1
0.1939 	1
0.1946 	1
0.1953 	1
0.196 	1
0.1967 	1
0.1974 	1
0.1981 	1
0.1988 	1
0.1995 	1
0.2002 	1
0.2009 	1
0.2016 	1
0.2023 	1
0.203 	1
0.2037 	1
0.2044 	1
0.2051 	1
0.2058 	1
0.2065 	1
0.2072 	1
0.2079 	1
0.2086 	1
0.2093 	1
0.21 	1
0.2107 	1
0.2114 	1
0.2121 	1
0.2128 	1
0.2135 	1
0.2142 	1
0.2149 	1
0.2156 	1
0.2163 	1
0.217 	1
0.2177 	1
0.2184 	1
0.2191 	1
0.2198 	1
0.2205 	1
0.2212 	1
0.2219 	1
0.2226 	1
0.2233 	1
0.224 	1
0.2247 	1
0.2254 	1
0.2261 	1
0.2268 	1
0.2275 	1
0.2282 	1
0.2289 	1
0.2296 	1
0.2303 	1
0.231 	1
0.2317 	1
0.2324 	1
0.2331 	1
0.2338 	1
0.2345 	1
0.2352 	1
0.2359 	1
0.2366 	1
0.2373 	1
0.238 	1
0.2387 	1
0.2394 	1
0.2401 	1
0.2408 	1
0.2415 	1
0.2422 	1
0.2429 	1
0.2436 	1
0.2443 	1
0.245 	1
0.2457 	0.930192
0.2464 	0.860382
0.2471 	0.790567
0.2478 	0.720751
0.2485 	0.650936
0.2492 	0.581121
0.2499 	0.511306
0.2506 	0.441332
0.2513 	0.371332
0.252 	0.301332
0.2527 	0.231332
0.2534 	0.161332
0.2541 	0.0913321
0.2548 	0.0213321
0.2555 	0.00119537
0.2562 	0.0010038
0.2569 	0.0008185
0.2576 	0.000633678
0.2583 	0.000448856
0.259 	0.000264034
0.2597 	7.92114e-05
0.2604 	1.86636e-09
0.2611 	1.46166e-09
0.2618 	1.17328e-09
0.2625 	9.16629e-10
0.2632 	6.59973e-10
0.2639 	4.03317e-10
0.2646 	1.46661e-10
0.2653 	3.95241e-16
0.266 	2.68805e-16
0.2667 	1.96811e-16
0.2674 	1.55064e-16
0.2681 	1.13316e-16
0.2688 	7.15678e-17
0.2695 	2.982e-17
0.2702 	9.49243e-23
0.2709 	5.89967e-23
0.2716 	3.72031e-23
0.2723 	2.95437e-23
0.273 	2.18842e-23
0.2737 	1.42247e-23
0.2744 	6.56527e-24
0.2751 	2.38748e-29
0.2758 	1.51798e-29
0.2765 	8.95073e-30
0.2772 	7.16058e-30
0.2779 	5.37044e-30
0.2786 	3.58029e-30
0.2793 	1.79015e-30
0.28 	5.72724e-36
0.2807 	3.95378e-36
0.2814 	2.45794e-36
0.2821 	1.98001e-36
0.2828 	1.50208e-36
0.2835 	1.02414e-36
0.2842 	5.4621e-37
0.2849 	6.82768e-38
0.2856 	1.00161e-42
0.2863 	6.99496e-43
0.287 	5.67159e-43
0.2877 	4.34822e-43
0.2884 	3.02485e-43
0.2891 	1.70148e-43
0.2898 	3.78107e-44
0.2905 	2.47925e-49
0.2912 	1.95986e-49
0.2919 	1.58948e-49
0.2926 	1.23057e-49
0.2933 	8.71653e-50
0.294 	5.12737e-50
0.2947 	1.53821e-50
0.2954 	5.98196e-56
0.2961 	5.12327e-56
0.2968 	4.21484e-56
0.2975 	3.29284e-56
0.2982 	2.37085e-56
0.2989 	1.44885e-56
0.2996 	5.26855e-57
0.3003 	1.38155e-62
0.301 	1.23113e-62
0.3017 	1.03612e-62
0.3024 	8.16335e-63
0.3031 	5.96553e-63
0.3038 	3.7677e-63
0.3045 	1.56988e-63
0.3052 	2.98673e-69
0.3059 	2.71019e-69
0.3066 	2.33187e-69
0.3073 	1.85178e-69
0.308 	1.37169e-69
0.3087 	8.91599e-70
0.3094 	4.11507e-70
0.3101 	5.94042e-76
0.3108 	5.43422e-76
0.3115 	4.76822e-76
0.3122 	3.81458e-76
0.3129 	2.86093e-76
0.3136 	1.90729e-76
0.3143 	9.53645e-77
0.315 	1.07563e-82
0.3157 	9.87751e-83
0.3164 	8.81955e-83
0.3171 	7.10464e-83
0.3178 	5.38973e-83
0.3185 	3.67481e-83
0.3192 	1.9599e-83
0.3199 	2.44987e-84
0.3206 	1.62287e-89
0.3213 	1.47233e-89
0.322 	1.19378e-89
0.3227 	9.15235e-90
0.3234 	6.36685e-90
0.3241 	3.58135e-90
0.3248 	7.95855e-91
0.3255 	2.40672e-96
0.3262 	2.20174e-96
0.3269 	1.808e-96
0.3276 	1.39974e-96
0.3283 	9.91486e-97
0.329 	5.83227e-97
0.3297 	1.74968e-97
0.3304 	3.22081e-103
0.3311 	2.95038e-103
0.3318 	2.46821e-103
0.3325 	1.92829e-103
0.3332 	1.38837e-103
0.3339 	8.48446e-104
0.3346 	3.08526e-104
0.3353 	3.89152e-110
0.336 	3.56893e-110
0.3367 	3.03928e-110
0.3374 	2.39458e-110
0.3381 	1.74989e-110
0.3388 	1.10519e-110
0.3395 	4.60496e-111
0.3402 	4.24972e-117
0.3409 	3.90169e-117
0.3416 	3.37975e-117
0.3423 	2.68392e-117
0.343 	1.98809e-117
0.3437 	1.29226e-117
0.3444 	5.96427e-118
0.3451 	4.20137e-124
0.3458 	3.86133e-124
0.3465 	3.39988e-124
0.3472 	2.71991e-124
0.3479 	2.03993e-124
0.3486 	1.35995e-124
0.3493 	6.79977e-125
0.35 	3.76356e-131
0.3507 	3.46246e-131
0.3514 	3.09684e-131
0.3521 	2.49468e-131
0.3528 	1.89252e-131
0.3535 	1.29035e-131
0.3542 	6.88187e-132
0.3549 	8.60229e-133
0.3556 	2.81699e-138
0.3563 	2.55775e-138
0.357 	2.07385e-138
0.3577 	1.58995e-138
0.3584 	1.10605e-138
0.3591 	6.22155e-139
0.3598 	1.38256e-139
0.3605 	2.08783e-145
0.3612 	1.91034e-145
0.3619 	1.56879e-145
0.3626 	1.21461e-145
0.3633 	8.60433e-146
0.364 	5.06256e-146
0.3647 	1.52079e-146
0.3654 	2.75524e-149
0.3661 	2.52353e-149
0.3668 	2.1111e-149
0.3675 	1.64939e-149
0.3682 	1.18767e-149
0.3689 	7.25955e-150
0.3696 	2.6424e-150
0.3703 	3.89496e-153
0.371 	3.57138e-153
0.3717 	3.04119e-153
0.3724 	2.39623e-153
0.3731 	1.75126e-153
0.3738 	1.10629e-153
0.3745 	4.61329e-154
0.3752 	6.25798e-157
0.3759 	5.7448e-157
0.3766 	4.9761e-157
0.3773 	3.95186e-157
0.378 	2.92762e-157
0.3787 	1.90338e-157
0.3794 	8.79139e-158
0.3801 	1.20739e-160
0.3808 	1.10963e-160
0.3815 	9.77011e-161
0.3822 	7.81658e-161
0.3829 	5.86304e-161
0.3836 	3.90951e-161
0.3843 	1.95598e-161
0.385 	2.44701e-164
0.3857 	2.25123e-164
0.3864 	2.01352e-164
0.3871 	1.62209e-164
0.3878 	1.23066e-164
0.3885 	8.3923e-165
0.3892 	4.47798e-165
0.3899 	5.63671e-166
0.3906 	4.18129e-168
0.3913 	3.79653e-168
0.392 	3.0784e-168
0.3927 	2.36027e-168
0.3934 	1.64215e-168
0.3941 	9.24018e-169
0.3948 	2.05891e-169
0.3955 	6.71646e-172
0.3962 	6.14662e-172
0.3969 	5.04772e-172
0.3976 	3.90813e-172
0.3983 	2.76854e-172
0.399 	1.62895e-172
0.3997 	4.89361e-173
0.4004 	9.22577e-176
0.4011 	8.45241e-176
0.4018 	7.07147e-176
0.4025 	5.52483e-176
0.4032 	3.97819e-176
0.4039 	2.43156e-176
0.4046 	8.84918e-177
0.4053 	1.08887e-179
0.406 	9.9867e-180
0.4067 	8.50496e-180
0.4074 	6.70112e-180
0.4081 	4.89728e-180
0.4088 	3.09344e-180
0.4095 	1.2896e-180
0.4102 	1.11484e-183
0.4109 	1.02357e-183
0.4116 	8.86676e-184
0.4123 	7.04146e-184
0.413 	5.21615e-184
0.4137 	3.39085e-184
0.4144 	1.56555e-184
0.4151 	1.0011e-187
0.4158 	9.20089e-188
0.4165 	8.1015e-188
0.4172 	6.48136e-188
0.4179 	4.86122e-188
0.4186 	3.24108e-188
0.4193 	1.62094e-188
0.42 	7.97617e-192
0.4207 	7.33811e-192
0.4214 	6.56333e-192
0.4221 	5.28723e-192
0.4228 	4.01114e-192
0.4235 	2.73505e-192
0.4242 	1.45895e-192
0.4249 	1.82861e-193
0.4256 	5.2566e-196
0.4263 	4.77289e-196
0.427 	3.86998e-196
0.4277 	2.96707e-196
0.4284 	2.06416e-196
0.4291 	1.16125e-196
0.4298 	2.58336e-197
0.4305 	3.42634e-200
0.4312 	3.13563e-200
0.4319 	2.575e-200
0.4326 	1.99359e-200
0.4333 	1.41219e-200
0.434 	8.30789e-201
0.4347 	2.49387e-201
0.4354 	2.05938e-204
0.4361 	1.88675e-204
0.4368 	1.57848e-204
0.4375 	1.23321e-204
0.4382 	8.87945e-205
0.4389 	5.4268e-205
0.4396 	1.97414e-205
0.4403 	1.15565e-208
0.441 	1.05992e-208
0.4417 	9.02654e-209
0.4424 	7.11195e-209
0.4431 	5.19736e-209
0.4438 	3.28277e-209
0.4445 	1.36819e-209
0.4452 	6.114e-213
0.4459 	5.61346e-213
0.4466 	4.86266e-213
0.4473 	3.86159e-213
0.448 	2.86051e-213
0.4487 	1.85944e-213
0.4494 	8.5837e-214
0.4501 	3.06562e-217
0.4508 	2.81755e-217
0.4515 	2.48088e-217
0.4522 	1.98473e-217
0.4529 	1.48858e-217
0.4536 	9.92437e-218
0.4543 	4.96291e-218
0.455 	1.45713e-221
0.4557 	1.34057e-221
0.4564 	1.19902e-221
0.4571 	9.65893e-222
0.4578 	7.32762e-222
0.4585 	4.99631e-222
0.4592 	2.665e-222
0.4599 	3.33688e-223
0.4606 	6.02304e-226
0.4613 	5.46879e-226
0.462 	4.43421e-226
0.4627 	3.39962e-226
0.4634 	2.36504e-226
0.4641 	1.33045e-226
0.4648 	2.95864e-227
0.4655 	2.54024e-230
0.4662 	2.32471e-230
0.4669 	1.90905e-230
0.4676 	1.478e-230
0.4683 	1.04695e-230
0.469 	6.15894e-231
0.4697 	1.84841e-231
0.4704 	9.99525e-235
0.4711 	9.15735e-235
0.4718 	7.66112e-235
0.4725 	5.98533e-235
0.4732 	4.30954e-235
0.4739 	2.63375e-235
0.4746 	9.57968e-236
0.4753 	3.65011e-239
0.476 	3.34774e-239
0.4767 	2.851e-239
0.4774 	2.24627e-239
0.4781 	1.64154e-239
0.4788 	1.03681e-239
0.4795 	4.32076e-240
0.4802 	1.23232e-243
0.4809 	1.13143e-243
0.4816 	9.80097e-244
0.4823 	7.78321e-244
0.483 	5.76544e-244
0.4837 	3.74767e-244
0.4844 	1.7299e-244
0.4851 	3.83627e-248
0.4858 	3.52583e-248
0.4865 	3.10452e-248
0.4872 	2.48364e-248
0.4879 	1.86276e-248
0.4886 	1.24187e-248
0.4893 	6.20991e-249
0.49 	1.09946e-252
0.4907 	1.0115e-252
0.4914 	9.047e-253
0.4921 	7.28792e-253
0.4928 	5.52883e-253
0.4935 	3.76975e-253
0.4942 	2.01067e-253
0.4949 	2.51582e-254
0.4956 	2.66926e-257
0.4963 	2.42363e-257
0.497 	1.96512e-257
0.4977 	1.5066e-257
0.4984 	1.04809e-257
0.4991 	5.89582e-258
0.4998 	1.31071e-258
0.5005 	6.47781e-262
0.5012 	5.92819e-262
0.5019 	4.86821e-262
0.5026 	3.76897e-262
0.5033 	2.66973e-262
0.504 	1.57049e-262
0.5047 	4.71253e-263
0.5054 	1.446e-266
0.5061 	1.32478e-266
0.5068 	1.10832e-266
0.5075 	8.65881e-267
0.5082 	6.23443e-267
0.5089 	3.81005e-267
0.5096 	1.38566e-267
0.5103 	2.97075e-271
0.511 	2.72466e-271
0.5117 	2.32036e-271
0.5124 	1.82818e-271
0.5131 	1.33599e-271
0.5138 	8.43804e-272
0.5145 	3.51618e-272
0.5152 	5.62266e-276
0.5159 	5.16233e-276
0.5166 	4.47184e-276
0.5173 	3.55119e-276
0.518 	2.63054e-276
0.5187 	1.70988e-276
0.5194 	7.89229e-277
0.5201 	9.81729e-281
0.5208 	9.02284e-281
0.5215 	7.94466e-281
0.5222 	6.35576e-281
0.5229 	4.76686e-281
0.5236 	3.17796e-281
0.5243 	1.58906e-281
0.525 	1.58418e-285
0.5257 	1.45744e-285
0.5264 	1.30355e-285
0.5271 	1.05009e-285
0.5278 	7.96626e-286
0.5285 	5.43161e-286
0.5292 	2.89697e-286
0.5299 	3.62323e-287
0.5306 	2.18057e-290
0.5313 	1.97991e-290
0.532 	1.60534e-290
0.5327 	1.23077e-290
0.5334 	8.56195e-291
0.5341 	4.81624e-291
0.5348 	1.07052e-291
0.5355 	3.0298e-295
0.5362 	2.77273e-295
0.5369 	2.27695e-295
0.5376 	1.76281e-295
0.5383 	1.24867e-295
0.539 	7.34527e-296
0.5397 	2.20386e-296
0.5404 	3.92021e-300
0.5411 	3.59158e-300
0.5418 	3.00472e-300
0.5425 	2.34745e-300
0.5432 	1.69018e-300
0.5439 	1.03291e-300
0.5446 	3.75633e-301
0.5453 	4.7351e-305
0.546 	4.34284e-305
0.5467 	3.69843e-305
0.5474 	2.91393e-305
0.5481 	2.12942e-305
0.5488 	1.34492e-305
0.5495 	5.60414e-306
0.5502 	5.34783e-310
0.5509 	4.91e-310
0.5516 	4.25325e-310
0.5523 	3.3776e-310
0.553 	2.50194e-310
0.5537 	1.62628e-310
0.5544 	7.5062e-311
0.5551 	5.6487e-315
0.5558 	5.19158e-315
0.5565 	4.57121e-315
0.5572 	3.65697e-315
0.5579 	2.74274e-315
0.5586 	1.8285e-315
0.5593 	9.1427e-316
0.56 	3.65806e-320
0.5607 	3.36508e-320
0.5614 	3.00985e-320
0.5621 	2.42438e-320
0.5628 	1.83941e-320
0.5635 	1.25394e-320
0.5642 	6.68965e-321
0.5649 	8.34971e-322
0.5656 	0
0.5663 	0
0.567 	0
0.5677 	0
0.5684 	0
0.5691 	0
0.5698 	0
0.5705 	0
0.5712 	0
0.5719 	0
0.5726 	0
0.5733 	0
0.574 	0
0.5747 	0
0.5754 	0
0.5761 	0
0.5768 	0
0.5775 	0
0.5782 	0
0.5789 	0
0.5796 	0
0.5803 	0
0.581 	0
0.5817 	0
0.5824 	0
0.5831 	0
0.5838 	0
0.5845 	0
0.5852 	0
0.5859 	0
0.5866 	0
0.5873 	0
0.588 	0
0.5887 	0
0.5894 	0
0.5901 	0
0.5908 	0
0.5915 	0
0.5922 	0
0.5929 	0
0.5936 	0
0.5943 	0
0.595 	0
0.5957 	0
0.5964 	0
0.5971 	0
0.5978 	0
0.5985 	0
0.5992 	0
0.5999 	0
0.6006 	0
0.6013 	0
0.602 	0
0.6027 	0
0.6034 	0
0.6041 	0
0.6048 	0
0.6055 	0
0.6062 	0
0.6069 	0
0.6076 	0
0.6083 	0
0.609 	0
0.6097 	0
0.6104 	0
0.6111 	0
0.6118 	0
0.6125 	0
0.6132 	0
0.6139 	0
0.6146 	0
0.6153 	0
0.616 	0
0.6167 	0
0.6174 	0
0.6181 	0
0.6188 	0
0.6195 	0
0.6202 	0
0.6209 	0
0.6216 	0
0.6223 	0
0.623 	0
0.6237 	0
0.6244 	0
0.6251 	0
0.6258 	0
0.6265 	0
0.6272 	0
0.6279 	0
0.6286 	0
0.6293 	0
0.63 	0
0.6307 	0
0.6314 	0
0.6321 	0
0.6328 	0
0.6335 	0
0.6342 	0
0.6349 	0
0.6356 	0
0.6363 	0
0.637 	0
0.6377 	0
0.6384 	0
0.6391 	0
0.6398 	0
0.6405 	0
0.6412 	0
0.6419 	0
0.6426 	0
0.6433 	0
0.644 	0
0.6447 	0
0.6454 	0
0.6461 	0
0.6468 	0
0.6475 	0
0.6482 	0
0.6489 	0
0.6496 	0
0.6503 	0
0.651 	0
0.6517 	0
0.6524 	0
0.6531 	0
0.6538 	0
0.6545 	0
0.6552 	0
0.6559 	0
0.6566 	0
0.6573 	0
0.658 	0
0.6587 	0
0.6594 	0
0.6601 	0
0.6608 	0
0.6615 	0
0.6622 	0
0.6629 	0
0.6636 	0
0.6643 	0
0.665 	0
0.6657 	0
0.6664 	0
0.6671 	0
0.6678 	0
0.6685 	0
0.6692 	0
0.6699 	0
0.6706 	0
0.6713 	0
0.672 	0
0.6727 	0
0.6734 	0
0.6741 	0
0.6748 	0
0.6755 	0
0.6762 	0
0.6769 	0
0.6776 	0
0.6783 	0
0.679 	0
0.6797 	0
0.6804 	0
0.6811 	0
0.6818 	0
0.6825 	0
0.6832 	0
0.6839 	0
0.6846 	0
0.6853 	0
0.686 	0
0.6867 	0
0.6874 	0
0.6881 	0
0.6888 	0
0.6895 	0
0.6902 	0
0.6909 	0
0.6916 	0
0.6923 	0
0.693 	0
0.6937 	0
0.6944 	0
0.6951 	0
0.6958 	0
0.6965 	0
0.6972 	0
0.6979 	0
0.6986 	0
0.6993 	0
0.7 	0
