0 	1
0.0007 	1
0.0014 	1
0.0021 	1
0.0028 	1
0.0035 	1
0.0042 	1
0.0049 	1
0.0056 	1
0.0063 	1
0.007 	1
0.0077 	1
0.0084 	1
0.0091 	1
0.0098 	1
0.0105 	1
0.0112 	1
0.0119 	1
0.0126 	1
0.0133 	1
0.014 	1
0.0147 	1
0.0154 	1
0.0161 	1
0.0168 	1
0.0175 	1
0.0182 	1
0.0189 	1
0.0196 	1
0.0203 	1
0.021 	1
0.0217 	1
0.0224 	1
0.0231 	1
0.0238 	1
0.0245 	1
0.0252 	1
0.0259 	1
0.0266 	1
0.0273 	1
0.028 	1
0.0287 	1
0.0294 	1
0.0301 	1
0.0308 	1
0.0315 	1
0.0322 	1
0.0329 	1
0.0336 	1
0.0343 	1
0.035 	1
0.0357 	1
0.0364 	1
0.0371 	1
0.0378 	1
0.0385 	1
0.0392 	1
0.0399 	1
0.0406 	1
0.0413 	1
0.042 	1
0.0427 	1
0.0434 	1
0.0441 	1
0.0448 	1
0.0455 	1
0.0462 	1
0.0469 	1
0.0476 	1
0.0483 	1
0.049 	1
0.0497 	1
0.0504 	1
0.0511 	1
0.0518 	1
0.0525 	1
0.0532 	1
0.0539 	1
0.0546 	1
0.0553 	1
0.056 	1
0.0567 	1
0.0574 	1
0.0581 	1
0.0588 	1
0.0595 	1
0.0602 	1
0.0609 	1
0.0616 	1
0.0623 	1
0.063 	1
0.0637 	1
0.0644 	1
0.0651 	1
0.0658 	1
0.0665 	1
0.0672 	1
0.0679 	1
0.0686 	1
0.0693 	1
0.07 	1
0.0707 	1
0.0714 	1
0.0721 	1
0.0728 	1
0.0735 	1
0.0742 	1
0.0749 	1
0.0756 	1
0.0763 	1
0.077 	1
0.0777 	1
0.0784 	1
0.0791 	1
0.0798 	1
0.0805 	1
0.0812 	1
0.0819 	1
0.0826 	1
0.0833 	1
0.084 	1
0.0847 	1
0.0854 	1
0.0861 	1
0.0868 	1
0.0875 	1
0.0882 	1
0.0889 	1
0.0896 	1
0.0903 	1
0.091 	1
0.0917 	1
0.0924 	1
0.0931 	1
0.0938 	1
0.0945 	1
0.0952 	1
0.0959 	1
0.0966 	1
0.0973 	1
0.098 	1
0.0987 	1
0.0994 	1
0.1001 	1
0.1008 	1
0.1015 	1
0.1022 	1
0.1029 	1
0.1036 	1
0.1043 	1
0.105 	1
0.1057 	1
0.1064 	1
0.1071 	1
0.1078 	1
0.1085 	1
0.1092 	1
0.1099 	1
0.1106 	1
0.1113 	1
0.112 	1
0.1127 	1
0.1134 	1
0.1141 	1
0.1148 	1
0.1155 	1
0.1162 	1
0.1169 	1
0.1176 	1
0.1183 	1
0.119 	1
0.1197 	1
0.1204 	1
0.1211 	1
0.1218 	1
0.1225 	1
0.1232 	1
0.1239 	1
0.1246 	1
0.1253 	1
0.126 	1
0.1267 	1
0.1274 	1
0.1281 	1
0.1288 	1
0.1295 	1
0.1302 	1
0.1309 	1
0.1316 	1
0.1323 	1
0.133 	1
0.1337 	1
0.1344 	1
0.1351 	1
0.1358 	1
0.1365 	1
0.1372 	1
0.1379 	1
0.1386 	1
0.1393 	1
0.14 	1
0.1407 	1
0.1414 	1
0.1421 	1
0.1428 	1
0.1435 	1
0.1442 	1
0.1449 	1
0.1456 	1
0.1463 	1
0.147 	1
0.1477 	1
0.1484 	1
0.1491 	1
0.1498 	1
0.1505 	1
0.1512 	1
0.1519 	1
0.1526 	1
0.1533 	1
0.154 	1
0.1547 	1
0.1554 	1
0.1561 	1
0.1568 	1
0.1575 	1
0.1582 	1
0.1589 	1
0.1596 	1
0.1603 	1
0.161 	1
0.1617 	1
0.1624 	1
0.1631 	1
0.1638 	1
0.1645 	1
0.1652 	1
0.1659 	1
0.1666 	1
0.1673 	1
0.168 	1
0.1687 	1
0.1694 	1
0.1701 	1
0.1708 	1
0.1715 	1
0.1722 	1
0.1729 	1
0.1736 	1
0.1743 	1
0.175 	1
0.1757 	1
0.1764 	1
0.1771 	1
0.1778 	1
0.1785 	1
0.1792 	1
0.1799 	1
0.1806 	1
0.1813 	1
0.182 	1
0.1827 	1
0.1834 	1
0.1841 	1
0.1848 	1
0.1855 	1
0.1862 	1
0.1869 	1
0.1876 	1
0.1883 	1
0.189 	1
0.1897 	1
0.1904 	1
0.1911 	1
0.1918 	1
0.1925 	1
0.1932 	1
0.1939 	1
0.1946 	1
0.1953 	1
0.196 	1
0.1967 	1
0.1974 	1
0.1981 	1
0.1988 	1
0.1995 	1
0.2002 	1
0.2009 	1
0.2016 	1
0.2023 	1
0.203 	1
0.2037 	1
0.2044 	1
0.2051 	1
0.2058 	1
0.2065 	1
0.2072 	1
0.2079 	1
0.2086 	1
0.2093 	1
0.21 	1
0.2107 	1
0.2114 	1
0.2121 	1
0.2128 	1
0.2135 	1
0.2142 	1
0.2149 	1
0.2156 	1
0.2163 	1
0.217 	1
0.2177 	1
0.2184 	1
0.2191 	1
0.2198 	1
0.2205 	1
0.2212 	1
0.2219 	1
0.2226 	1
0.2233 	1
0.224 	1
0.2247 	1
0.2254 	1
0.2261 	1
0.2268 	1
0.2275 	1
0.2282 	1
0.2289 	1
0.2296 	1
0.2303 	1
0.231 	1
0.2317 	1
0.2324 	1
0.2331 	1
0.2338 	1
0.2345 	1
0.2352 	1
0.2359 	1
0.2366 	1
0.2373 	1
0.238 	1
0.2387 	1
0.2394 	1
0.2401 	0.999996
0.2408 	0.999969
0.2415 	0.999934
0.2422 	0.999886
0.2429 	0.999837
0.2436 	0.999789
0.2443 	0.99974
0.245 	0.999692
0.2457 	0.929736
0.2464 	0.859783
0.2471 	0.789841
0.2478 	0.719898
0.2485 	0.649956
0.2492 	0.580013
0.2499 	0.510071
0.2506 	0.440102
0.2513 	0.370131
0.252 	0.30018
0.2527 	0.230228
0.2534 	0.160277
0.2541 	0.0903252
0.2548 	0.0203737
0.2555 	0.000355819
0.2562 	0.000311387
0.2569 	0.000254789
0.2576 	0.000197256
0.2583 	0.000139723
0.259 	8.21901e-05
0.2597 	2.46571e-05
0.2604 	4.67775e-11
0.2611 	4.03555e-11
0.2618 	3.32624e-11
0.2625 	2.59863e-11
0.2632 	1.87101e-11
0.2639 	1.1434e-11
0.2646 	4.15781e-12
0.2653 	3.4564e-18
0.266 	2.90746e-18
0.2667 	2.38604e-18
0.2674 	1.87991e-18
0.2681 	1.37378e-18
0.2688 	8.67651e-19
0.2695 	3.61522e-19
0.2702 	2.10602e-25
0.2709 	1.77178e-25
0.2716 	1.4549e-25
0.2723 	1.15536e-25
0.273 	8.55822e-26
0.2737 	5.56284e-26
0.2744 	2.56747e-26
0.2751 	1.3306e-32
0.2758 	1.17123e-32
0.2765 	9.97532e-33
0.2772 	7.98026e-33
0.2779 	5.98519e-33
0.2786 	3.99013e-33
0.2793 	1.99506e-33
0.28 	8.99421e-40
0.2807 	8.1991e-40
0.2814 	7.27139e-40
0.2821 	5.85751e-40
0.2828 	4.44363e-40
0.2835 	3.02975e-40
0.2842 	1.61587e-40
0.2849 	2.01984e-41
0.2856 	6.49708e-47
0.2863 	5.89502e-47
0.287 	4.77975e-47
0.2877 	3.66447e-47
0.2884 	2.5492e-47
0.2891 	1.43392e-47
0.2898 	3.1865e-48
0.2905 	5.66695e-54
0.2912 	5.18605e-54
0.2919 	4.25874e-54
0.2926 	3.29709e-54
0.2933 	2.33544e-54
0.294 	1.37379e-54
0.2947 	4.12136e-55
0.2954 	5.49417e-61
0.2961 	5.03358e-61
0.2968 	4.2111e-61
0.2975 	3.28992e-61
0.2982 	2.36874e-61
0.2989 	1.44757e-61
0.2996 	5.26388e-62
0.3003 	6.08211e-68
0.301 	5.57827e-68
0.3017 	4.75053e-68
0.3024 	3.74284e-68
0.3031 	2.73515e-68
0.3038 	1.72746e-68
0.3045 	7.19777e-69
0.3052 	7.8845e-75
0.3059 	7.23899e-75
0.3066 	6.27072e-75
0.3073 	4.97969e-75
0.308 	3.68866e-75
0.3087 	2.39763e-75
0.3094 	1.1066e-75
0.3101 	9.27028e-82
0.3108 	8.52008e-82
0.3115 	7.50196e-82
0.3122 	6.00157e-82
0.3129 	4.50118e-82
0.3136 	3.00078e-82
0.3143 	1.50039e-82
0.315 	9.65881e-89
0.3157 	8.88611e-89
0.3164 	7.94782e-89
0.3171 	6.40241e-89
0.3178 	4.857e-89
0.3185 	3.31159e-89
0.3192 	1.76618e-89
0.3199 	2.20773e-90
0.3206 	8.19268e-96
0.3213 	7.43876e-96
0.322 	6.03142e-96
0.3227 	4.62409e-96
0.3234 	3.21676e-96
0.3241 	1.80943e-96
0.3248 	4.02095e-97
0.3255 	6.67317e-103
0.3262 	6.10696e-103
0.3269 	5.01499e-103
0.3276 	3.88257e-103
0.3283 	2.75015e-103
0.329 	1.61774e-103
0.3297 	4.85322e-104
0.3304 	4.80296e-110
0.3311 	4.40031e-110
0.3318 	3.68131e-110
0.3325 	2.87602e-110
0.3332 	2.07074e-110
0.3339 	1.26545e-110
0.3346 	4.60164e-111
0.3353 	3.05675e-117
0.336 	2.80352e-117
0.3367 	2.38752e-117
0.3374 	1.88107e-117
0.3381 	1.37463e-117
0.3388 	8.68188e-118
0.3395 	3.61745e-118
0.3402 	1.72206e-124
0.3409 	1.58107e-124
0.3416 	1.36959e-124
0.3423 	1.08761e-124
0.343 	8.0564e-125
0.3437 	5.23666e-125
0.3444 	2.41692e-125
0.3451 	8.59923e-132
0.3458 	7.90334e-132
0.3465 	6.95892e-132
0.3472 	5.56713e-132
0.3479 	4.17535e-132
0.3486 	2.78357e-132
0.3493 	1.39178e-132
0.35 	3.81226e-139
0.3507 	3.50728e-139
0.3514 	3.13695e-139
0.3521 	2.52699e-139
0.3528 	1.91702e-139
0.3535 	1.30706e-139
0.3542 	6.971e-140
0.3549 	8.71375e-141
0.3556 	1.43185e-146
0.3563 	1.30007e-146
0.357 	1.05413e-146
0.3577 	8.08199e-147
0.3584 	5.62266e-147
0.3591 	3.16333e-147
0.3598 	7.03993e-148
0.3605 	1.25125e-150
0.3612 	1.14509e-150
0.3619 	9.40364e-151
0.3626 	7.28057e-151
0.3633 	5.1575e-151
0.364 	3.03443e-151
0.3647 	9.1136e-152
0.3654 	1.40545e-154
0.3661 	1.28764e-154
0.3668 	1.07727e-154
0.3675 	8.41658e-155
0.3682 	6.06046e-155
0.3689 	3.70434e-155
0.3696 	1.34821e-155
0.3703 	1.79442e-158
0.371 	1.64578e-158
0.3717 	1.4016e-158
0.3724 	1.10434e-158
0.3731 	8.07073e-159
0.3738 	5.09809e-159
0.3745 	2.12544e-159
0.3752 	2.08108e-162
0.3759 	1.91072e-162
0.3766 	1.65517e-162
0.3773 	1.31444e-162
0.378 	9.73714e-163
0.3787 	6.32985e-163
0.3794 	2.92256e-163
0.3801 	2.00221e-166
0.3808 	1.84019e-166
0.3815 	1.62032e-166
0.3822 	1.29628e-166
0.3829 	9.72253e-167
0.3836 	6.48221e-167
0.3843 	3.2419e-167
0.385 	1.57996e-170
0.3857 	1.45357e-170
0.3864 	1.3001e-170
0.3871 	1.04732e-170
0.3878 	7.94545e-171
0.3885 	5.41768e-171
0.3892 	2.8899e-171
0.3899 	3.62132e-172
0.3906 	9.52124e-175
0.3913 	8.6451e-175
0.392 	7.00965e-175
0.3927 	5.37419e-175
0.3934 	3.73874e-175
0.3941 	2.10328e-175
0.3948 	4.67829e-176
0.3955 	5.24916e-179
0.3962 	4.8038e-179
0.3969 	3.94489e-179
0.3976 	3.05416e-179
0.3983 	2.16344e-179
0.399 	1.27272e-179
0.3997 	3.81997e-180
0.4004 	2.47048e-183
0.4011 	2.26338e-183
0.4018 	1.89357e-183
0.4025 	1.47937e-183
0.4032 	1.06518e-183
0.4039 	6.50982e-184
0.4046 	2.36787e-184
0.4053 	1.00533e-187
0.406 	9.22047e-188
0.4067 	7.85232e-188
0.4074 	6.18676e-188
0.4081 	4.52119e-188
0.4088 	2.85562e-188
0.4095 	1.19006e-188
0.4102 	3.57828e-192
0.4109 	3.28533e-192
0.4116 	2.8459e-192
0.4123 	2.26001e-192
0.413 	1.67411e-192
0.4137 	1.08821e-192
0.4144 	5.02312e-193
0.4151 	1.12603e-196
0.4158 	1.03491e-196
0.4165 	9.11245e-197
0.4172 	7.29002e-197
0.4179 	5.4676e-197
0.4186 	3.64517e-197
0.4193 	1.82274e-197
0.42 	3.16561e-201
0.4207 	2.91237e-201
0.4214 	2.60486e-201
0.4221 	2.09838e-201
0.4228 	1.59189e-201
0.4235 	1.0854e-201
0.4242 	5.7892e-202
0.4249 	7.24344e-203
0.4256 	7.39882e-206
0.4263 	6.71797e-206
0.427 	5.44703e-206
0.4277 	4.1761e-206
0.4284 	2.90517e-206
0.4291 	1.63424e-206
0.4298 	3.63305e-207
0.4305 	1.71535e-210
0.4312 	1.56981e-210
0.4319 	1.28912e-210
0.4326 	9.98038e-211
0.4333 	7.06955e-211
0.434 	4.15872e-211
0.4347 	1.24788e-211
0.4354 	3.67008e-215
0.4361 	3.36241e-215
0.4368 	2.81301e-215
0.4375 	2.19768e-215
0.4382 	1.58235e-215
0.4389 	9.67022e-216
0.4396 	3.51693e-216
0.4403 	7.32755e-220
0.441 	6.72054e-220
0.4417 	5.72332e-220
0.4424 	4.50931e-220
0.4431 	3.29531e-220
0.4438 	2.0813e-220
0.4445 	8.6729e-221
0.4452 	1.37907e-224
0.4459 	1.26617e-224
0.4466 	1.09681e-224
0.4473 	8.71004e-225
0.448 	6.45194e-225
0.4487 	4.19385e-225
0.4494 	1.93576e-225
0.4501 	2.46565e-229
0.4508 	2.26612e-229
0.4515 	1.99533e-229
0.4522 	1.59628e-229
0.4529 	1.19722e-229
0.4536 	7.98159e-230
0.4543 	3.991e-230
0.455 	4.20581e-234
0.4557 	3.86935e-234
0.4564 	3.46079e-234
0.4571 	2.78787e-234
0.4578 	2.11495e-234
0.4585 	1.44204e-234
0.4592 	7.69117e-235
0.4599 	9.61988e-236
0.4606 	6.30598e-239
0.4613 	5.72569e-239
0.462 	4.64247e-239
0.4627 	3.55925e-239
0.4634 	2.47603e-239
0.4641 	1.39281e-239
0.4648 	3.09595e-240
0.4655 	9.78277e-244
0.4662 	8.95273e-244
0.4669 	7.35193e-244
0.4676 	5.69185e-244
0.4683 	4.03177e-244
0.469 	2.37169e-244
0.4697 	7.11613e-245
0.4704 	1.43817e-248
0.4711 	1.3176e-248
0.4718 	1.10231e-248
0.4725 	8.61186e-249
0.4732 	6.2006e-249
0.4739 	3.78933e-249
0.4746 	1.37807e-249
0.4753 	1.99358e-253
0.476 	1.82843e-253
0.4767 	1.55712e-253
0.4774 	1.22683e-253
0.4781 	8.96535e-254
0.4788 	5.66242e-254
0.4795 	2.3595e-254
0.4802 	2.59394e-258
0.4809 	2.38157e-258
0.4816 	2.06302e-258
0.4823 	1.63829e-258
0.483 	1.21356e-258
0.4837 	7.88823e-259
0.4844 	3.64089e-259
0.4851 	3.15629e-263
0.4858 	2.90087e-263
0.4865 	2.55423e-263
0.4872 	2.04339e-263
0.4879 	1.53255e-263
0.4886 	1.02171e-263
0.4893 	5.10875e-264
0.49 	3.58142e-268
0.4907 	3.29491e-268
0.4914 	2.94701e-268
0.4921 	2.37398e-268
0.4928 	1.80096e-268
0.4935 	1.22794e-268
0.4942 	6.54919e-269
0.4949 	8.18975e-270
0.4956 	3.48255e-273
0.4963 	3.16207e-273
0.497 	2.56385e-273
0.4977 	1.96563e-273
0.4984 	1.3674e-273
0.4991 	7.6918e-274
0.4998 	1.70957e-274
0.5005 	3.41987e-278
0.5012 	3.1297e-278
0.5019 	2.57009e-278
0.5026 	1.98976e-278
0.5033 	1.40942e-278
0.504 	8.29085e-279
0.5047 	2.48748e-279
0.5054 	3.11642e-283
0.5061 	2.85516e-283
0.5068 	2.38864e-283
0.5075 	1.86613e-283
0.5082 	1.34362e-283
0.5089 	8.21112e-284
0.5096 	2.98604e-284
0.5103 	2.63266e-288
0.511 	2.41457e-288
0.5117 	2.05629e-288
0.5124 	1.62011e-288
0.5131 	1.18393e-288
0.5138 	7.47754e-289
0.5145 	3.11576e-289
0.5152 	2.05983e-293
0.5159 	1.89119e-293
0.5166 	1.63823e-293
0.5173 	1.30095e-293
0.518 	9.63673e-294
0.5187 	6.26392e-294
0.5194 	2.89112e-294
0.5201 	1.49135e-298
0.5208 	1.37067e-298
0.5215 	1.20688e-298
0.5222 	9.65505e-299
0.5229 	7.24131e-299
0.5236 	4.82757e-299
0.5243 	2.41384e-299
0.525 	9.98284e-304
0.5257 	9.18422e-304
0.5264 	8.21447e-304
0.5271 	6.61722e-304
0.5278 	5.01997e-304
0.5285 	3.42273e-304
0.5292 	1.82548e-304
0.5299 	2.28239e-305
0.5306 	5.68425e-309
0.5313 	5.16116e-309
0.532 	4.18473e-309
0.5327 	3.2083e-309
0.5334 	2.23187e-309
0.5341 	1.25544e-309
0.5348 	2.79014e-310
0.5355 	3.2467e-314
0.5362 	2.97122e-314
0.5369 	2.43995e-314
0.5376 	1.88899e-314
0.5383 	1.33804e-314
0.539 	7.87087e-315
0.5397 	2.36135e-315
0.5404 	1.17958e-319
0.5411 	1.08072e-319
0.5418 	9.0414e-320
0.5425 	7.06316e-320
0.5432 	5.08542e-320
0.5439 	3.10767e-320
0.5446 	1.12993e-320
0.5453 	0
0.546 	0
0.5467 	0
0.5474 	0
0.5481 	0
0.5488 	0
0.5495 	0
0.5502 	0
0.5509 	0
0.5516 	0
0.5523 	0
0.553 	0
0.5537 	0
0.5544 	0
0.5551 	0
0.5558 	0
0.5565 	0
0.5572 	0
0.5579 	0
0.5586 	0
0.5593 	0
0.56 	0
0.5607 	0
0.5614 	0
0.5621 	0
0.5628 	0
0.5635 	0
0.5642 	0
0.5649 	0
0.5656 	0
0.5663 	0
0.567 	0
0.5677 	0
0.5684 	0
0.5691 	0
0.5698 	0
0.5705 	0
0.5712 	0
0.5719 	0
0.5726 	0
0.5733 	0
0.574 	0
0.5747 	0
0.5754 	0
0.5761 	0
0.5768 	0
0.5775 	0
0.5782 	0
0.5789 	0
0.5796 	0
0.5803 	0
0.581 	0
0.5817 	0
0.5824 	0
0.5831 	0
0.5838 	0
0.5845 	0
0.5852 	0
0.5859 	0
0.5866 	0
0.5873 	0
0.588 	0
0.5887 	0
0.5894 	0
0.5901 	0
0.5908 	0
0.5915 	0
0.5922 	0
0.5929 	0
0.5936 	0
0.5943 	0
0.595 	0
0.5957 	0
0.5964 	0
0.5971 	0
0.5978 	0
0.5985 	0
0.5992 	0
0.5999 	0
0.6006 	0
0.6013 	0
0.602 	0
0.6027 	0
0.6034 	0
0.6041 	0
0.6048 	0
0.6055 	0
0.6062 	0
0.6069 	0
0.6076 	0
0.6083 	0
0.609 	0
0.6097 	0
0.6104 	0
0.6111 	0
0.6118 	0
0.6125 	0
0.6132 	0
0.6139 	0
0.6146 	0
0.6153 	0
0.616 	0
0.6167 	0
0.6174 	0
0.6181 	0
0.6188 	0
0.6195 	0
0.6202 	0
0.6209 	0
0.6216 	0
0.6223 	0
0.623 	0
0.6237 	0
0.6244 	0
0.6251 	0
0.6258 	0
0.6265 	0
0.6272 	0
0.6279 	0
0.6286 	0
0.6293 	0
0.63 	0
0.6307 	0
0.6314 	0
0.6321 	0
0.6328 	0
0.6335 	0
0.6342 	0
0.6349 	0
0.6356 	0
0.6363 	0
0.637 	0
0.6377 	0
0.6384 	0
0.6391 	0
0.6398 	0
0.6405 	0
0.6412 	0
0.6419 	0
0.6426 	0
0.6433 	0
0.644 	0
0.6447 	0
0.6454 	0
0.6461 	0
0.6468 	0
0.6475 	0
0.6482 	0
0.6489 	0
0.6496 	0
0.6503 	0
0.651 	0
0.6517 	0
0.6524 	0
0.6531 	0
0.6538 	0
0.6545 	0
0.6552 	0
0.6559 	0
0.6566 	0
0.6573 	0
0.658 	0
0.6587 	0
0.6594 	0
0.6601 	0
0.6608 	0
0.6615 	0
0.6622 	0
0.6629 	0
0.6636 	0
0.6643 	0
0.665 	0
0.6657 	0
0.6664 	0
0.6671 	0
0.6678 	0
0.6685 	0
0.6692 	0
0.6699 	0
0.6706 	0
0.6713 	0
0.672 	0
0.6727 	0
0.6734 	0
0.6741 	0
0.6748 	0
0.6755 	0
0.6762 	0
0.6769 	0
0.6776 	0
0.6783 	0
0.679 	0
0.6797 	0
0.6804 	0
0.6811 	0
0.6818 	0
0.6825 	0
0.6832 	0
0.6839 	0
0.6846 	0
0.6853 	0
0.686 	0
0.6867 	0
0.6874 	0
0.6881 	0
0.6888 	0
0.6895 	0
0.6902 	0
0.6909 	0
0.6916 	0
0.6923 	0
0.693 	0
0.6937 	0
0.6944 	0
0.6951 	0
0.6958 	0
0.6965 	0
0.6972 	0
0.6979 	0
0.6986 	0
0.6993 	0
0.7 	0
