0 	1
0.0007 	1
0.0014 	1
0.0021 	1
0.0028 	1
0.0035 	1
0.0042 	1
0.0049 	1
0.0056 	1
0.0063 	1
0.007 	1
0.0077 	1
0.0084 	1
0.0091 	1
0.0098 	1
0.0105 	1
0.0112 	1
0.0119 	1
0.0126 	1
0.0133 	1
0.014 	1
0.0147 	1
0.0154 	1
0.0161 	1
0.0168 	1
0.0175 	1
0.0182 	1
0.0189 	1
0.0196 	1
0.0203 	1
0.021 	1
0.0217 	1
0.0224 	1
0.0231 	1
0.0238 	1
0.0245 	1
0.0252 	1
0.0259 	1
0.0266 	1
0.0273 	1
0.028 	1
0.0287 	1
0.0294 	1
0.0301 	1
0.0308 	1
0.0315 	1
0.0322 	1
0.0329 	1
0.0336 	1
0.0343 	1
0.035 	1
0.0357 	1
0.0364 	1
0.0371 	1
0.0378 	1
0.0385 	1
0.0392 	1
0.0399 	1
0.0406 	1
0.0413 	1
0.042 	1
0.0427 	1
0.0434 	1
0.0441 	1
0.0448 	1
0.0455 	1
0.0462 	1
0.0469 	1
0.0476 	1
0.0483 	1
0.049 	1
0.0497 	1
0.0504 	1
0.0511 	1
0.0518 	1
0.0525 	1
0.0532 	1
0.0539 	1
0.0546 	1
0.0553 	1
0.056 	1
0.0567 	1
0.0574 	1
0.0581 	1
0.0588 	1
0.0595 	1
0.0602 	1
0.0609 	1
0.0616 	1
0.0623 	1
0.063 	1
0.0637 	1
0.0644 	1
0.0651 	1
0.0658 	1
0.0665 	1
0.0672 	1
0.0679 	1
0.0686 	1
0.0693 	1
0.07 	1
0.0707 	1
0.0714 	1
0.0721 	1
0.0728 	1
0.0735 	1
0.0742 	1
0.0749 	1
0.0756 	1
0.0763 	1
0.077 	1
0.0777 	1
0.0784 	1
0.0791 	1
0.0798 	1
0.0805 	1
0.0812 	1
0.0819 	1
0.0826 	1
0.0833 	1
0.084 	1
0.0847 	1
0.0854 	1
0.0861 	1
0.0868 	1
0.0875 	1
0.0882 	1
0.0889 	1
0.0896 	1
0.0903 	1
0.091 	1
0.0917 	1
0.0924 	1
0.0931 	1
0.0938 	1
0.0945 	1
0.0952 	1
0.0959 	1
0.0966 	1
0.0973 	1
0.098 	1
0.0987 	1
0.0994 	1
0.1001 	1
0.1008 	1
0.1015 	1
0.1022 	1
0.1029 	1
0.1036 	1
0.1043 	1
0.105 	1
0.1057 	1
0.1064 	1
0.1071 	1
0.1078 	1
0.1085 	1
0.1092 	1
0.1099 	1
0.1106 	1
0.1113 	1
0.112 	1
0.1127 	1
0.1134 	1
0.1141 	1
0.1148 	1
0.1155 	1
0.1162 	1
0.1169 	1
0.1176 	1
0.1183 	1
0.119 	1
0.1197 	1
0.1204 	1
0.1211 	1
0.1218 	1
0.1225 	1
0.1232 	1
0.1239 	1
0.1246 	1
0.1253 	1
0.126 	1
0.1267 	1
0.1274 	1
0.1281 	1
0.1288 	1
0.1295 	1
0.1302 	1
0.1309 	1
0.1316 	1
0.1323 	1
0.133 	1
0.1337 	1
0.1344 	1
0.1351 	1
0.1358 	1
0.1365 	1
0.1372 	1
0.1379 	1
0.1386 	1
0.1393 	1
0.14 	1
0.1407 	1
0.1414 	1
0.1421 	1
0.1428 	1
0.1435 	1
0.1442 	1
0.1449 	1
0.1456 	1
0.1463 	1
0.147 	1
0.1477 	1
0.1484 	1
0.1491 	1
0.1498 	1
0.1505 	1
0.1512 	1
0.1519 	1
0.1526 	1
0.1533 	1
0.154 	1
0.1547 	1
0.1554 	1
0.1561 	1
0.1568 	1
0.1575 	1
0.1582 	1
0.1589 	1
0.1596 	1
0.1603 	1
0.161 	1
0.1617 	1
0.1624 	1
0.1631 	1
0.1638 	1
0.1645 	1
0.1652 	1
0.1659 	1
0.1666 	1
0.1673 	1
0.168 	1
0.1687 	1
0.1694 	1
0.1701 	1
0.1708 	1
0.1715 	1
0.1722 	1
0.1729 	1
0.1736 	1
0.1743 	1
0.175 	1
0.1757 	1
0.1764 	1
0.1771 	1
0.1778 	1
0.1785 	1
0.1792 	1
0.1799 	1
0.1806 	1
0.1813 	1
0.182 	1
0.1827 	1
0.1834 	1
0.1841 	1
0.1848 	1
0.1855 	1
0.1862 	1
0.1869 	1
0.1876 	1
0.1883 	1
0.189 	1
0.1897 	1
0.1904 	1
0.1911 	1
0.1918 	1
0.1925 	1
0.1932 	1
0.1939 	1
0.1946 	1
0.1953 	1
0.196 	1
0.1967 	1
0.1974 	1
0.1981 	1
0.1988 	1
0.1995 	1
0.2002 	1
0.2009 	1
0.2016 	1
0.2023 	1
0.203 	1
0.2037 	1
0.2044 	1
0.2051 	1
0.2058 	1
0.2065 	1
0.2072 	1
0.2079 	1
0.2086 	1
0.2093 	1
0.21 	1
0.2107 	1
0.2114 	1
0.2121 	1
0.2128 	1
0.2135 	1
0.2142 	1
0.2149 	1
0.2156 	1
0.2163 	1
0.217 	1
0.2177 	1
0.2184 	1
0.2191 	1
0.2198 	1
0.2205 	1
0.2212 	1
0.2219 	1
0.2226 	1
0.2233 	1
0.224 	1
0.2247 	1
0.2254 	1
0.2261 	1
0.2268 	1
0.2275 	1
0.2282 	1
0.2289 	1
0.2296 	1
0.2303 	1
0.231 	1
0.2317 	1
0.2324 	1
0.2331 	1
0.2338 	1
0.2345 	1
0.2352 	1
0.2359 	1
0.2366 	1
0.2373 	1
0.238 	1
0.2387 	1
0.2394 	1
0.2401 	0.999998
0.2408 	0.999987
0.2415 	0.999976
0.2422 	0.999964
0.2429 	0.999953
0.2436 	0.999942
0.2443 	0.999931
0.245 	0.999919
0.2457 	0.99884
0.2464 	0.997761
0.2471 	0.996681
0.2478 	0.995601
0.2485 	0.994521
0.2492 	0.993441
0.2499 	0.992362
0.2506 	0.977412
0.2513 	0.960143
0.252 	0.942872
0.2527 	0.925602
0.2534 	0.908331
0.2541 	0.891061
0.2548 	0.87379
0.2555 	0.827171
0.2562 	0.768799
0.2569 	0.710426
0.2576 	0.652053
0.2583 	0.59368
0.259 	0.535307
0.2597 	0.476934
0.2604 	0.42199
0.2611 	0.369669
0.2618 	0.317348
0.2625 	0.265029
0.2632 	0.212709
0.2639 	0.160389
0.2646 	0.108069
0.2653 	0.0736655
0.266 	0.0631372
0.2667 	0.0526094
0.2674 	0.0420821
0.2681 	0.0315548
0.2688 	0.0210275
0.2695 	0.0105001
0.2702 	0.00287155
0.2709 	0.00247439
0.2716 	0.00207725
0.2723 	0.00168013
0.273 	0.001283
0.2737 	0.000885879
0.2744 	0.000488754
0.2751 	0.00014571
0.2758 	0.00012604
0.2765 	0.00010637
0.2772 	8.67e-05
0.2779 	6.703e-05
0.2786 	4.736e-05
0.2793 	2.769e-05
0.28 	8.02854e-06
0.2807 	6.95317e-06
0.2814 	5.87863e-06
0.2821 	4.80408e-06
0.2828 	3.72953e-06
0.2835 	2.65498e-06
0.2842 	1.58043e-06
0.2849 	5.05885e-07
0.2856 	3.11153e-07
0.2863 	2.62549e-07
0.287 	2.13947e-07
0.2877 	1.65346e-07
0.2884 	1.16744e-07
0.2891 	6.81425e-08
0.2898 	1.9541e-08
0.2905 	5.11115e-09
0.2912 	4.31848e-09
0.2919 	3.52611e-09
0.2926 	2.73375e-09
0.2933 	1.9414e-09
0.294 	1.14904e-09
0.2947 	3.56685e-10
0.2954 	1.64197e-11
0.2961 	1.45379e-11
0.2968 	1.26571e-11
0.2975 	1.07765e-11
0.2982 	8.89591e-12
0.2989 	7.01533e-12
0.2996 	5.13474e-12
0.3003 	4.03813e-12
0.301 	3.98401e-12
0.3017 	3.9296e-12
0.3024 	3.87501e-12
0.3031 	3.82043e-12
0.3038 	3.76585e-12
0.3045 	3.71127e-12
0.3052 	3.58909e-12
0.3059 	3.29839e-12
0.3066 	3.00791e-12
0.3073 	2.71764e-12
0.308 	2.42737e-12
0.3087 	2.1371e-12
0.3094 	1.84683e-12
0.3101 	1.57453e-12
0.3108 	1.41043e-12
0.3115 	1.24653e-12
0.3122 	1.08298e-12
0.3129 	9.19431e-13
0.3136 	7.55883e-13
0.3143 	5.92336e-13
0.315 	4.28831e-13
0.3157 	3.82431e-13
0.3164 	3.36088e-13
0.3171 	2.89888e-13
0.3178 	2.43687e-13
0.3185 	1.97487e-13
0.3192 	1.51287e-13
0.3199 	1.05086e-13
0.3206 	8.84117e-14
0.3213 	7.66542e-14
0.322 	6.49445e-14
0.3227 	5.32349e-14
0.3234 	4.15253e-14
0.3241 	2.98157e-14
0.3248 	1.8106e-14
0.3255 	1.34166e-14
0.3262 	1.15313e-14
0.3269 	9.65469e-15
0.3276 	7.77876e-15
0.3283 	5.90284e-15
0.329 	4.02692e-15
0.3297 	2.151e-15
0.3304 	1.24447e-15
0.3311 	1.06387e-15
0.3318 	8.84049e-16
0.3325 	7.04446e-16
0.3332 	5.24843e-16
0.3339 	3.4524e-16
0.3346 	1.65637e-16
0.3353 	5.93399e-17
0.336 	5.06087e-17
0.3367 	4.19117e-17
0.3374 	3.32336e-17
0.3381 	2.45556e-17
0.3388 	1.58775e-17
0.3395 	7.19944e-18
0.3402 	9.64657e-19
0.3409 	8.23648e-19
0.3416 	6.83113e-19
0.3423 	5.4305e-19
0.343 	4.02987e-19
0.3437 	2.62924e-19
0.3444 	1.22861e-19
0.3451 	2.81938e-21
0.3458 	2.41443e-21
0.3465 	2.01055e-21
0.3472 	1.60857e-21
0.3479 	1.20659e-21
0.3486 	8.0461e-22
0.3493 	4.02631e-22
0.35 	8.54256e-25
0.3507 	7.33864e-25
0.3514 	6.13775e-25
0.3521 	4.94427e-25
0.3528 	3.75079e-25
0.3535 	2.55732e-25
0.3542 	1.36384e-25
0.3549 	1.70358e-26
0.3556 	4.07947e-29
0.3563 	3.42659e-29
0.357 	2.7783e-29
0.3577 	2.13001e-29
0.3584 	1.48172e-29
0.3591 	8.33431e-30
0.3598 	1.85141e-30
0.3605 	2.18852e-33
0.3612 	1.84599e-33
0.3619 	1.50578e-33
0.3626 	1.16576e-33
0.3633 	8.25731e-34
0.364 	4.85704e-34
0.3647 	1.45677e-34
0.3654 	1.12867e-37
0.3661 	9.55916e-38
0.3668 	7.84122e-38
0.3675 	6.1259e-38
0.3682 	4.41057e-38
0.3689 	2.69525e-38
0.3696 	9.7992e-39
0.3703 	5.6249e-42
0.371 	4.78253e-42
0.3717 	3.94387e-42
0.3724 	3.10726e-42
0.3731 	2.27065e-42
0.3738 	1.43405e-42
0.3745 	5.9744e-43
0.3752 	2.73271e-46
0.3759 	2.33211e-46
0.3766 	1.93283e-46
0.3773 	1.53488e-46
0.378 	1.13693e-46
0.3787 	7.38984e-47
0.3794 	3.41033e-47
0.3801 	1.30057e-50
0.3808 	1.11385e-50
0.3815 	9.2756e-51
0.3822 	7.42042e-51
0.3829 	5.56523e-51
0.3836 	3.71005e-51
0.3843 	1.85486e-51
0.385 	6.08364e-55
0.3857 	5.22732e-55
0.3864 	4.37282e-55
0.3871 	3.52252e-55
0.3878 	2.67222e-55
0.3885 	1.82192e-55
0.3892 	9.71619e-56
0.3899 	1.2132e-56
0.3906 	2.40829e-59
0.3913 	2.0233e-59
0.392 	1.6405e-59
0.3927 	1.2577e-59
0.3934 	8.74901e-60
0.3941 	4.92101e-60
0.3948 	1.09301e-60
0.3955 	1.08678e-63
0.3962 	9.16865e-64
0.3969 	7.47904e-64
0.3976 	5.79015e-64
0.3983 	4.10126e-64
0.399 	2.41238e-64
0.3997 	7.23489e-65
0.4004 	4.80243e-68
0.4011 	4.06803e-68
0.4018 	3.33707e-68
0.4025 	2.60705e-68
0.4032 	1.87704e-68
0.4039 	1.14702e-68
0.4046 	4.17009e-69
0.4053 	2.07543e-72
0.406 	1.76473e-72
0.4067 	1.45524e-72
0.4074 	1.14642e-72
0.4081 	8.37606e-73
0.4088 	5.2879e-73
0.4095 	2.19973e-73
0.4102 	-4.6382e-76
0.4109 	-4.89217e-76
0.4116 	-5.0831e-76
0.4123 	-5.211e-76
0.413 	-5.33891e-76
0.4137 	-5.46681e-76
0.4144 	-5.59472e-76
0.4151 	-5.64859e-76
0.4158 	-5.25736e-76
0.4165 	-5.00585e-76
0.4172 	-5.00584e-76
0.4179 	-5.00582e-76
0.4186 	-5.00581e-76
0.4193 	-5.00579e-76
0.42 	-5.00594e-76
0.4207 	-4.42255e-76
0.4214 	-3.96406e-76
0.4221 	-3.96403e-76
0.4228 	-3.964e-76
0.4235 	-3.96397e-76
0.4242 	-3.96393e-76
0.4249 	-3.9639e-76
0.4256 	-3.45415e-76
0.4263 	-2.90162e-76
0.427 	-2.90159e-76
0.4277 	-2.90156e-76
0.4284 	-2.90153e-76
0.4291 	-2.9015e-76
0.4298 	-2.90147e-76
0.4305 	-2.53464e-76
0.4312 	-2.02074e-76
0.4319 	-1.98401e-76
0.4326 	-1.98398e-76
0.4333 	-1.98396e-76
0.434 	-1.98394e-76
0.4347 	-1.98391e-76
0.4354 	-1.7571e-76
0.4361 	-1.35987e-76
0.4368 	-1.27473e-76
0.4375 	-1.27471e-76
0.4382 	-1.27469e-76
0.4389 	-1.27468e-76
0.4396 	-1.27466e-76
0.4403 	-1.15425e-76
0.441 	-8.73008e-77
0.4417 	-7.72556e-77
0.4424 	-7.72543e-77
0.4431 	-7.72531e-77
0.4438 	-7.72519e-77
0.4445 	-7.72506e-77
0.4452 	-7.19841e-77
0.4459 	-5.35229e-77
0.4466 	-4.42918e-77
0.4473 	-4.4291e-77
0.448 	-4.42902e-77
0.4487 	-4.42894e-77
0.4494 	-4.42886e-77
0.4501 	-4.26762e-77
0.4508 	-3.13555e-77
0.4515 	-2.40778e-77
0.4522 	-2.40773e-77
0.4529 	-2.40768e-77
0.4536 	-2.40763e-77
0.4543 	-2.40758e-77
0.455 	-2.40761e-77
0.4557 	-1.75589e-77
0.4564 	-1.24363e-77
0.4571 	-1.2436e-77
0.4578 	-1.24357e-77
0.4585 	-1.24354e-77
0.4592 	-1.24351e-77
0.4599 	-1.24348e-77
0.4606 	-9.40184e-78
0.4613 	-6.1143e-78
0.462 	-6.11413e-78
0.4627 	-6.11396e-78
0.4634 	-6.11378e-78
0.4641 	-6.11361e-78
0.4648 	-6.11343e-78
0.4655 	-4.81505e-78
0.4662 	-2.99615e-78
0.4669 	-2.86614e-78
0.4676 	-2.86605e-78
0.4683 	-2.86595e-78
0.469 	-2.86585e-78
0.4697 	-2.86576e-78
0.4704 	-2.35956e-78
0.4711 	-1.47304e-78
0.4718 	-1.28304e-78
0.4725 	-1.28299e-78
0.4732 	-1.28294e-78
0.4739 	-1.28289e-78
0.4746 	-1.28284e-78
0.4753 	-1.10691e-78
0.476 	-6.96018e-79
0.4767 	-5.49255e-79
0.4774 	-5.49229e-79
0.4781 	-5.49204e-79
0.4788 	-5.49178e-79
0.4795 	-5.49153e-79
0.4802 	-4.97371e-79
0.4809 	-3.15898e-79
0.4816 	-2.25155e-79
0.4823 	-2.25142e-79
0.483 	-2.2513e-79
0.4837 	-2.25118e-79
0.4844 	-2.25106e-79
0.4851 	-2.14201e-79
0.4858 	-1.37685e-79
0.4865 	-8.84944e-80
0.4872 	-8.84888e-80
0.4879 	-8.84833e-80
0.4886 	-8.84777e-80
0.4893 	-8.84721e-80
0.49 	-8.84695e-80
0.4907 	-5.763e-80
0.4914 	-3.33893e-80
0.4921 	-3.33869e-80
0.4928 	-3.33845e-80
0.4935 	-3.33821e-80
0.4942 	-3.33797e-80
0.4949 	-3.33773e-80
0.4956 	-2.31705e-80
0.4963 	-1.21074e-80
0.497 	-1.21064e-80
0.4977 	-1.21054e-80
0.4984 	-1.21044e-80
0.4991 	-1.21034e-80
0.4998 	-1.21024e-80
0.5005 	-8.95202e-81
0.5012 	-4.53892e-81
0.5019 	-4.22334e-81
0.5026 	-4.22296e-81
0.5033 	-4.22257e-81
0.504 	-4.22219e-81
0.5047 	-4.2218e-81
0.5054 	-3.32529e-81
0.5061 	-1.75539e-81
0.5068 	-1.41887e-81
0.5075 	-1.41873e-81
0.5082 	-1.41859e-81
0.5089 	-1.41844e-81
0.5096 	-1.4183e-81
0.5103 	-1.18833e-81
0.511 	-6.51336e-82
0.5117 	-4.5952e-82
0.5124 	-4.59469e-82
0.5131 	-4.59418e-82
0.5138 	-4.59367e-82
0.5145 	-4.59316e-82
0.5152 	-4.08841e-82
0.5159 	-2.32019e-82
0.5166 	-1.436e-82
0.5173 	-1.43582e-82
0.518 	-1.43565e-82
0.5187 	-1.43548e-82
0.5194 	-1.4353e-82
0.5201 	-1.35526e-82
0.5208 	-7.94146e-83
0.5215 	-4.33413e-83
0.5222 	-4.33356e-83
0.5229 	-4.33299e-83
0.5236 	-4.33243e-83
0.5243 	-4.33186e-83
0.525 	-4.33144e-83
0.5257 	-2.61427e-83
0.5264 	-1.26452e-83
0.5271 	-1.26434e-83
0.5278 	-1.26416e-83
0.5285 	-1.26398e-83
0.5292 	-1.2638e-83
0.5299 	-1.26363e-83
0.5306 	-8.2851e-84
0.5313 	-3.56904e-84
0.532 	-3.56851e-84
0.5327 	-3.56797e-84
0.5334 	-3.56743e-84
0.5341 	-3.5669e-84
0.5348 	-3.56636e-84
0.5355 	-2.53023e-84
0.5362 	-1.07894e-84
0.5369 	-9.7513e-85
0.5376 	-9.74975e-85
0.5383 	-9.74819e-85
0.539 	-9.74663e-85
0.5397 	-9.74507e-85
0.5404 	-7.45372e-85
0.5411 	-3.44183e-85
0.5418 	-2.5818e-85
0.5425 	-2.58136e-85
0.5432 	-2.58092e-85
0.5439 	-2.58049e-85
0.5446 	-2.58005e-85
0.5453 	-2.12011e-85
0.546 	-1.04636e-85
0.5467 	-6.62797e-86
0.5474 	-6.62679e-86
0.5481 	-6.6256e-86
0.5488 	-6.62442e-86
0.5495 	-6.62323e-86
0.5502 	-5.82805e-86
0.5509 	-3.04347e-86
0.5516 	-1.65103e-86
0.5523 	-1.65072e-86
0.553 	-1.65041e-86
0.5537 	-1.6501e-86
0.5544 	-1.64979e-86
0.5551 	-1.5498e-86
0.5558 	-8.49548e-87
0.5565 	-3.99357e-87
0.5572 	-3.99278e-87
0.5579 	-3.99199e-87
0.5586 	-3.9912e-87
0.5593 	-3.99042e-87
0.56 	-3.98976e-87
0.5607 	-2.28143e-87
0.5614 	-9.38625e-88
0.5621 	-9.38431e-88
0.5628 	-9.38237e-88
0.5635 	-9.38042e-88
0.5642 	-9.37848e-88
0.5649 	-9.37654e-88
0.5656 	-5.90612e-88
0.5663 	-2.14479e-88
0.567 	-2.14432e-88
0.5677 	-2.14386e-88
0.5684 	-2.1434e-88
0.5691 	-2.14293e-88
0.5698 	-2.14247e-88
0.5705 	-1.47636e-88
0.5712 	-5.434e-89
0.5719 	-4.7666e-89
0.5726 	-4.76552e-89
0.5733 	-4.76444e-89
0.574 	-4.76336e-89
0.5747 	-4.76229e-89
0.5754 	-3.56877e-89
0.5761 	-1.47931e-89
0.5768 	-1.03137e-89
0.5775 	-1.03113e-89
0.5782 	-1.03088e-89
0.5789 	-1.03064e-89
0.5796 	-1.0304e-89
0.5803 	-8.35321e-90
0.581 	-3.79995e-90
0.5817 	-2.17344e-90
0.5824 	-2.17291e-90
0.5831 	-2.17237e-90
0.5838 	-2.17184e-90
0.5845 	-2.1713e-90
0.5852 	-1.89535e-90
0.5859 	-9.29369e-91
0.5866 	-4.4632e-91
0.5873 	-4.46206e-91
0.588 	-4.46091e-91
0.5887 	-4.45977e-91
0.5894 	-4.45863e-91
0.5901 	-4.17334e-91
0.5908 	-2.17703e-91
0.5915 	-8.93603e-92
0.5922 	-8.93364e-92
0.5929 	-8.93125e-92
0.5936 	-8.92886e-92
0.5943 	-8.92648e-92
0.595 	-8.92438e-92
0.5957 	-4.90482e-92
0.5964 	-1.74532e-92
0.5971 	-1.74483e-92
0.5978 	-1.74435e-92
0.5985 	-1.74386e-92
0.5992 	-1.74338e-92
0.5999 	-1.74289e-92
0.6006 	-1.06616e-92
0.6013 	-3.32718e-93
0.602 	-3.32622e-93
0.6027 	-3.32525e-93
0.6034 	-3.32429e-93
0.6041 	-3.32333e-93
0.6048 	-3.32236e-93
0.6055 	-2.2414e-93
0.6062 	-7.27507e-94
0.6069 	-6.19199e-94
0.6076 	-6.19012e-94
0.6083 	-6.18825e-94
0.609 	-6.18638e-94
0.6097 	-6.18451e-94
0.6104 	-4.5662e-94
0.6111 	-1.73337e-94
0.6118 	-1.12606e-94
0.6125 	-1.1257e-94
0.6132 	-1.12535e-94
0.6139 	-1.125e-94
0.6146 	-1.12464e-94
0.6153 	-9.0279e-95
0.616 	-3.8508e-95
0.6167 	-2.00142e-95
0.6174 	-2.00076e-95
0.6181 	-2.00011e-95
0.6188 	-1.99945e-95
0.6195 	-1.9988e-95
0.6202 	-1.7346e-95
0.6209 	-8.10119e-96
0.6216 	-3.4782e-96
0.6223 	-3.47701e-96
0.623 	-3.47583e-96
0.6237 	-3.47464e-96
0.6244 	-3.47345e-96
0.6251 	-3.2426e-96
0.6258 	-1.6288e-96
0.6265 	-5.91284e-97
0.6272 	-5.91074e-97
0.6279 	-5.90864e-97
0.6286 	-5.90653e-97
0.6293 	-5.90443e-97
0.63 	-5.90251e-97
0.6307 	-3.14844e-97
0.6314 	-9.83649e-98
0.6321 	-9.83284e-98
0.6328 	-9.82919e-98
0.6335 	-9.82555e-98
0.6342 	-9.8219e-98
0.6349 	-9.81825e-98
0.6356 	-5.87522e-98
0.6363 	-1.60196e-98
0.637 	-1.60134e-98
0.6377 	-1.60072e-98
0.6384 	-1.6001e-98
0.6391 	-1.59948e-98
0.6398 	-1.59886e-98
0.6405 	-1.0616e-98
0.6412 	-3.09233e-99
0.6419 	-2.55397e-99
0.6426 	-2.55294e-99
0.6433 	-2.55191e-99
0.644 	-2.55087e-99
0.6447 	-2.54984e-99
0.6454 	-1.86169e-99
0.6461 	-6.57275e-100
0.6468 	-3.99054e-100
0.6475 	-3.98886e-100
0.6482 	-3.98718e-100
0.6489 	-3.9855e-100
0.6496 	-3.98382e-100
0.6503 	-3.17429e-100
0.651 	-1.28572e-100
0.6517 	-6.11055e-101
0.6524 	-6.10786e-101
0.6531 	-6.10517e-101
0.6538 	-6.10248e-101
0.6545 	-6.09979e-101
0.6552 	-5.27006e-101
0.6559 	-2.36835e-101
0.6566 	-9.17276e-102
0.6573 	-9.16854e-102
0.658 	-9.16432e-102
0.6587 	-9.1601e-102
0.6594 	-9.15589e-102
0.6601 	-8.52987e-102
0.6608 	-4.15982e-102
0.6615 	-1.35028e-102
0.6622 	-1.34963e-102
0.6629 	-1.34898e-102
0.6636 	-1.34833e-102
0.6643 	-1.34768e-102
0.665 	-1.34708e-102
0.6657 	-7.02014e-103
0.6664 	-1.94973e-103
0.6671 	-1.94875e-103
0.6678 	-1.94777e-103
0.6685 	-1.94679e-103
0.6692 	-1.94581e-103
0.6699 	-1.94483e-103
0.6706 	-1.14405e-103
0.6713 	-2.76228e-104
0.672 	-2.76084e-104
0.6727 	-2.75939e-104
0.6734 	-2.75794e-104
0.6741 	-2.75649e-104
0.6748 	-2.75504e-104
0.6755 	-1.80674e-104
0.6762 	-4.78885e-105
0.6769 	-3.83843e-105
0.6776 	-3.83633e-105
0.6783 	-3.83423e-105
0.679 	-3.83213e-105
0.6797 	-3.83003e-105
0.6804 	-2.77193e-105
0.6811 	-9.2044e-106
0.6818 	-5.23458e-106
0.6825 	-5.2316e-106
0.6832 	-5.22861e-106
0.6839 	-5.22563e-106
0.6846 	-5.22265e-106
0.6853 	-4.13572e-106
0.686 	-1.60101e-106
0.6867 	-6.95483e-107
0.6874 	-6.95068e-107
0.6881 	-6.94654e-107
0.6888 	-6.9424e-107
0.6895 	-6.93825e-107
0.6902 	-5.96415e-107
0.6909 	-2.56e-107
0.6916 	-8.57653e-108
0.6923 	-8.57092e-108
0.693 	-8.56532e-108
0.6937 	-8.55972e-108
0.6944 	-8.55411e-108
0.6951 	-7.8676e-108
0.6958 	-3.08118e-108
0.6965 	-3.93872e-111
0.6972 	-3.23524e-111
0.6979 	-2.53176e-111
0.6986 	-1.82828e-111
0.6993 	-1.1248e-111
0.7 	-4.21628e-112
