0 	1
0.0007 	1
0.0014 	1
0.0021 	1
0.0028 	1
0.0035 	1
0.0042 	1
0.0049 	1
0.0056 	1
0.0063 	1
0.007 	1
0.0077 	1
0.0084 	1
0.0091 	1
0.0098 	1
0.0105 	1
0.0112 	1
0.0119 	1
0.0126 	1
0.0133 	1
0.014 	1
0.0147 	1
0.0154 	1
0.0161 	1
0.0168 	1
0.0175 	1
0.0182 	1
0.0189 	1
0.0196 	1
0.0203 	1
0.021 	1
0.0217 	1
0.0224 	1
0.0231 	1
0.0238 	1
0.0245 	1
0.0252 	1
0.0259 	1
0.0266 	1
0.0273 	1
0.028 	1
0.0287 	1
0.0294 	1
0.0301 	1
0.0308 	1
0.0315 	1
0.0322 	1
0.0329 	1
0.0336 	1
0.0343 	1
0.035 	1
0.0357 	1
0.0364 	1
0.0371 	1
0.0378 	1
0.0385 	1
0.0392 	1
0.0399 	1
0.0406 	1
0.0413 	1
0.042 	1
0.0427 	1
0.0434 	1
0.0441 	1
0.0448 	1
0.0455 	1
0.0462 	1
0.0469 	1
0.0476 	1
0.0483 	1
0.049 	1
0.0497 	1
0.0504 	1
0.0511 	1
0.0518 	1
0.0525 	1
0.0532 	1
0.0539 	1
0.0546 	1
0.0553 	1
0.056 	1
0.0567 	1
0.0574 	1
0.0581 	1
0.0588 	1
0.0595 	1
0.0602 	1
0.0609 	1
0.0616 	1
0.0623 	1
0.063 	1
0.0637 	1
0.0644 	1
0.0651 	1
0.0658 	1
0.0665 	1
0.0672 	1
0.0679 	1
0.0686 	1
0.0693 	1
0.07 	1
0.0707 	1
0.0714 	1
0.0721 	1
0.0728 	1
0.0735 	1
0.0742 	1
0.0749 	1
0.0756 	1
0.0763 	1
0.077 	1
0.0777 	1
0.0784 	1
0.0791 	1
0.0798 	1
0.0805 	1
0.0812 	1
0.0819 	1
0.0826 	1
0.0833 	1
0.084 	1
0.0847 	1
0.0854 	1
0.0861 	1
0.0868 	1
0.0875 	1
0.0882 	1
0.0889 	1
0.0896 	1
0.0903 	1
0.091 	1
0.0917 	1
0.0924 	1
0.0931 	1
0.0938 	1
0.0945 	1
0.0952 	1
0.0959 	1
0.0966 	1
0.0973 	1
0.098 	1
0.0987 	1
0.0994 	1
0.1001 	1
0.1008 	1
0.1015 	1
0.1022 	1
0.1029 	1
0.1036 	1
0.1043 	1
0.105 	1
0.1057 	1
0.1064 	1
0.1071 	1
0.1078 	1
0.1085 	1
0.1092 	1
0.1099 	1
0.1106 	1
0.1113 	1
0.112 	1
0.1127 	1
0.1134 	1
0.1141 	1
0.1148 	1
0.1155 	1
0.1162 	1
0.1169 	1
0.1176 	1
0.1183 	1
0.119 	1
0.1197 	1
0.1204 	1
0.1211 	1
0.1218 	1
0.1225 	1
0.1232 	1
0.1239 	1
0.1246 	1
0.1253 	1
0.126 	1
0.1267 	1
0.1274 	1
0.1281 	1
0.1288 	1
0.1295 	1
0.1302 	1
0.1309 	1
0.1316 	1
0.1323 	1
0.133 	1
0.1337 	1
0.1344 	1
0.1351 	1
0.1358 	1
0.1365 	1
0.1372 	1
0.1379 	1
0.1386 	1
0.1393 	1
0.14 	1
0.1407 	1
0.1414 	1
0.1421 	1
0.1428 	1
0.1435 	1
0.1442 	1
0.1449 	1
0.1456 	1
0.1463 	1
0.147 	1
0.1477 	1
0.1484 	1
0.1491 	1
0.1498 	1
0.1505 	1
0.1512 	1
0.1519 	1
0.1526 	1
0.1533 	1
0.154 	1
0.1547 	1
0.1554 	1
0.1561 	1
0.1568 	1
0.1575 	1
0.1582 	1
0.1589 	1
0.1596 	1
0.1603 	1
0.161 	1
0.1617 	1
0.1624 	1
0.1631 	1
0.1638 	1
0.1645 	1
0.1652 	1
0.1659 	1
0.1666 	1
0.1673 	1
0.168 	1
0.1687 	1
0.1694 	1
0.1701 	1
0.1708 	1
0.1715 	1
0.1722 	1
0.1729 	1
0.1736 	1
0.1743 	1
0.175 	1
0.1757 	1
0.1764 	1
0.1771 	1
0.1778 	1
0.1785 	1
0.1792 	1
0.1799 	1
0.1806 	1
0.1813 	1
0.182 	1
0.1827 	1
0.1834 	1
0.1841 	1
0.1848 	1
0.1855 	1
0.1862 	1
0.1869 	1
0.1876 	1
0.1883 	1
0.189 	1
0.1897 	1
0.1904 	1
0.1911 	1
0.1918 	1
0.1925 	1
0.1932 	1
0.1939 	1
0.1946 	1
0.1953 	1
0.196 	1
0.1967 	1
0.1974 	1
0.1981 	1
0.1988 	1
0.1995 	1
0.2002 	1
0.2009 	1
0.2016 	1
0.2023 	1
0.203 	1
0.2037 	1
0.2044 	1
0.2051 	1
0.2058 	1
0.2065 	1
0.2072 	1
0.2079 	1
0.2086 	1
0.2093 	1
0.21 	1
0.2107 	1
0.2114 	1
0.2121 	1
0.2128 	1
0.2135 	1
0.2142 	1
0.2149 	1
0.2156 	1
0.2163 	1
0.217 	1
0.2177 	1
0.2184 	1
0.2191 	1
0.2198 	1
0.2205 	1
0.2212 	1
0.2219 	1
0.2226 	1
0.2233 	1
0.224 	1
0.2247 	1
0.2254 	1
0.2261 	1
0.2268 	1
0.2275 	1
0.2282 	1
0.2289 	1
0.2296 	1
0.2303 	1
0.231 	1
0.2317 	1
0.2324 	1
0.2331 	1
0.2338 	1
0.2345 	1
0.2352 	1
0.2359 	1
0.2366 	1
0.2373 	1
0.238 	1
0.2387 	1
0.2394 	1
0.2401 	1
0.2408 	1
0.2415 	1
0.2422 	1
0.2429 	1
0.2436 	1
0.2443 	1
0.245 	1
0.2457 	1
0.2464 	1
0.2471 	1
0.2478 	1
0.2485 	1
0.2492 	1
0.2499 	1
0.2506 	1
0.2513 	1
0.252 	0.999999
0.2527 	0.999999
0.2534 	0.999999
0.2541 	0.999999
0.2548 	0.999999
0.2555 	0.999997
0.2562 	0.999995
0.2569 	0.999993
0.2576 	0.999991
0.2583 	0.999989
0.259 	0.999987
0.2597 	0.999986
0.2604 	0.999964
0.2611 	0.999928
0.2618 	0.999893
0.2625 	0.999857
0.2632 	0.999821
0.2639 	0.999785
0.2646 	0.999749
0.2653 	0.9991
0.266 	0.997632
0.2667 	0.996164
0.2674 	0.994696
0.2681 	0.993227
0.2688 	0.991759
0.2695 	0.990291
0.2702 	0.983234
0.2709 	0.962198
0.2716 	0.94116
0.2723 	0.920121
0.273 	0.899083
0.2737 	0.878044
0.2744 	0.857005
0.2751 	0.830219
0.2758 	0.768934
0.2765 	0.707649
0.2772 	0.646364
0.2779 	0.585079
0.2786 	0.523794
0.2793 	0.462508
0.28 	0.40122
0.2807 	0.352657
0.2814 	0.3041
0.2821 	0.255544
0.2828 	0.206989
0.2835 	0.158434
0.2842 	0.109878
0.2849 	0.0613228
0.2856 	0.0481831
0.2863 	0.0409428
0.287 	0.0337032
0.2877 	0.0264637
0.2884 	0.0192241
0.2891 	0.0119845
0.2898 	0.00474499
0.2905 	0.00241322
0.2912 	0.00204347
0.2919 	0.00167371
0.2926 	0.00130395
0.2933 	0.000934182
0.294 	0.000564419
0.2947 	0.000194656
0.2954 	3.3341e-05
0.2961 	2.82771e-05
0.2968 	2.32132e-05
0.2975 	1.81492e-05
0.2982 	1.30853e-05
0.2989 	8.02133e-06
0.2996 	2.95739e-06
0.3003 	6.05389e-08
0.301 	5.15253e-08
0.3017 	4.25114e-08
0.3024 	3.34974e-08
0.3031 	2.44833e-08
0.3038 	1.54693e-08
0.3045 	6.4552e-09
0.3052 	1.74074e-11
0.3059 	1.58125e-11
0.3066 	1.42174e-11
0.3073 	1.26222e-11
0.308 	1.10269e-11
0.3087 	9.43169e-12
0.3094 	7.83644e-12
0.3101 	6.47999e-12
0.3108 	6.55446e-12
0.3115 	6.629e-12
0.3122 	6.70364e-12
0.3129 	6.77829e-12
0.3136 	6.85294e-12
0.3143 	6.92758e-12
0.315 	7.00221e-12
0.3157 	6.83869e-12
0.3164 	6.67525e-12
0.3171 	6.51215e-12
0.3178 	6.34904e-12
0.3185 	6.18594e-12
0.3192 	6.02284e-12
0.3199 	5.85973e-12
0.3206 	5.54316e-12
0.3213 	5.20102e-12
0.322 	4.85912e-12
0.3227 	4.51721e-12
0.3234 	4.17531e-12
0.3241 	3.8334e-12
0.3248 	3.4915e-12
0.3255 	3.16975e-12
0.3262 	2.8561e-12
0.3269 	2.54217e-12
0.3276 	2.22821e-12
0.3283 	1.91425e-12
0.329 	1.6003e-12
0.3297 	1.28634e-12
0.3304 	1.07406e-12
0.3311 	9.38051e-13
0.3318 	8.0172e-13
0.3325 	6.653e-13
0.3332 	5.28881e-13
0.3339 	3.92462e-13
0.3346 	2.56042e-13
0.3353 	1.67949e-13
0.336 	1.44268e-13
0.3367 	1.20498e-13
0.3374 	9.66784e-14
0.3381 	7.28589e-14
0.3388 	4.90394e-14
0.3395 	2.52199e-14
0.3402 	7.88576e-15
0.3409 	6.75428e-15
0.3416 	5.61708e-15
0.3423 	4.47418e-15
0.343 	3.33127e-15
0.3437 	2.18836e-15
0.3444 	1.04546e-15
0.3451 	6.46916e-17
0.3458 	5.55688e-17
0.3465 	4.63944e-17
0.3472 	3.7127e-17
0.3479 	2.78596e-17
0.3486 	1.85922e-17
0.3493 	9.3248e-18
0.35 	5.88361e-20
0.3507 	5.07373e-20
0.3514 	4.26006e-20
0.3521 	3.43177e-20
0.3528 	2.60349e-20
0.3535 	1.7752e-20
0.3542 	9.46912e-21
0.3549 	1.18624e-21
0.3556 	3.77591e-24
0.3563 	3.18902e-24
0.357 	2.58571e-24
0.3577 	1.9824e-24
0.3584 	1.37909e-24
0.3591 	7.75779e-25
0.3598 	1.7247e-25
0.3605 	1.72899e-28
0.3612 	1.46647e-28
0.3619 	1.19679e-28
0.3626 	9.26554e-29
0.3633 	6.56322e-29
0.364 	3.8609e-29
0.3647 	1.15858e-29
0.3654 	8.06981e-33
0.3661 	6.86991e-33
0.3668 	5.64294e-33
0.3675 	4.40859e-33
0.3682 	3.17424e-33
0.3689 	1.93989e-33
0.3696 	7.05538e-34
0.3703 	3.71191e-37
0.371 	3.17147e-37
0.3717 	2.62105e-37
0.3724 	2.06509e-37
0.3731 	1.50912e-37
0.3738 	9.53161e-38
0.3745 	3.97197e-38
0.3752 	1.64773e-41
0.3759 	1.4128e-41
0.3766 	1.17444e-41
0.3773 	9.32649e-42
0.378 	6.9086e-42
0.3787 	4.4907e-42
0.3794 	2.0728e-42
0.3801 	7.01238e-46
0.3808 	6.033e-46
0.3815 	5.04318e-46
0.3822 	4.03457e-46
0.3829 	3.02596e-46
0.3836 	2.01734e-46
0.3843 	1.00873e-46
0.385 	2.86245e-50
0.3857 	2.47055e-50
0.3864 	2.0762e-50
0.3871 	1.6725e-50
0.3878 	1.26881e-50
0.3885 	8.65109e-51
0.3892 	4.61411e-51
0.3899 	5.7714e-52
0.3906 	9.7569e-55
0.3913 	8.24107e-55
0.392 	6.68198e-55
0.3927 	5.12289e-55
0.3934 	3.56379e-55
0.3941 	2.0047e-55
0.3948 	4.45606e-56
0.3955 	3.73409e-59
0.3962 	3.16785e-59
0.3969 	2.58533e-59
0.3976 	2.00156e-59
0.3983 	1.41779e-59
0.399 	8.34013e-60
0.3997 	2.5024e-60
0.4004 	1.39241e-63
0.4011 	1.18575e-63
0.4018 	9.74057e-64
0.4025 	7.60986e-64
0.4032 	5.47915e-64
0.4039 	3.34844e-64
0.4046 	1.21772e-64
0.4053 	5.07529e-68
0.406 	4.33762e-68
0.4067 	3.58527e-68
0.4074 	2.82477e-68
0.4081 	2.06427e-68
0.4088 	1.30377e-68
0.4095 	5.43271e-69
0.4102 	1.81161e-72
0.4109 	1.55363e-72
0.4116 	1.29167e-72
0.4123 	1.02574e-72
0.413 	7.59814e-73
0.4137 	4.93885e-73
0.4144 	2.27957e-73
0.4151 	6.33644e-77
0.4158 	5.45196e-77
0.4165 	4.55781e-77
0.4172 	3.64626e-77
0.4179 	2.73471e-77
0.4186 	1.82316e-77
0.4193 	9.11609e-78
0.42 	2.17029e-81
0.4207 	1.87317e-81
0.4214 	1.57418e-81
0.4221 	1.2681e-81
0.4228 	9.62008e-82
0.4235 	6.5592e-82
0.4242 	3.49832e-82
0.4249 	4.37443e-83
0.4256 	6.29943e-86
0.4263 	5.32033e-86
0.427 	4.31379e-86
0.4277 	3.30725e-86
0.4284 	2.30071e-86
0.4291 	1.29417e-86
0.4298 	2.87634e-87
0.4305 	2.07119e-90
0.4312 	1.75689e-90
0.4319 	1.43381e-90
0.4326 	1.11005e-90
0.4333 	7.86288e-91
0.434 	4.62528e-91
0.4347 	1.38769e-91
0.4354 	6.66014e-95
0.4361 	5.67081e-95
0.4368 	4.65819e-95
0.4375 	3.63922e-95
0.4382 	2.62025e-95
0.4389 	1.60128e-95
0.4396 	5.82308e-96
0.4403 	2.09216e-99
0.441 	1.78745e-99
0.4417 	1.47706e-99
0.4424 	1.16351e-99
0.4431 	8.49965e-100
0.4438 	5.36416e-100
0.4445 	2.22867e-100
0.4452 	-1.21499e-102
0.4459 	-1.82885e-102
0.4466 	-2.14051e-102
0.4473 	-2.14996e-102
0.448 	-2.15941e-102
0.4487 	-2.16887e-102
0.4494 	-2.17832e-102
0.4501 	-2.17739e-102
0.4508 	-2.11409e-102
0.4515 	-2.0734e-102
0.4522 	-2.07341e-102
0.4529 	-2.07343e-102
0.4536 	-2.07345e-102
0.4543 	-2.07347e-102
0.455 	-2.0735e-102
0.4557 	-1.79683e-102
0.4564 	-1.57942e-102
0.4571 	-1.57941e-102
0.4578 	-1.57941e-102
0.4585 	-1.57941e-102
0.4592 	-1.57941e-102
0.4599 	-1.57941e-102
0.4606 	-1.33275e-102
0.4613 	-1.06547e-102
0.462 	-1.06546e-102
0.4627 	-1.06546e-102
0.4634 	-1.06545e-102
0.4641 	-1.06544e-102
0.4648 	-1.06543e-102
0.4655 	-9.0169e-103
0.4662 	-6.72394e-103
0.4669 	-6.56008e-103
0.4676 	-6.56e-103
0.4683 	-6.55991e-103
0.469 	-6.55983e-103
0.4697 	-6.55975e-103
0.4704 	-5.65632e-103
0.4711 	-4.07486e-103
0.4718 	-3.73592e-103
0.4725 	-3.73586e-103
0.4732 	-3.73579e-103
0.4739 	-3.73573e-103
0.4746 	-3.73566e-103
0.4753 	-3.31521e-103
0.476 	-2.33381e-103
0.4767 	-1.98328e-103
0.4774 	-1.98324e-103
0.4781 	-1.98319e-103
0.4788 	-1.98314e-103
0.4795 	-1.9831e-103
0.4802 	-1.82375e-103
0.4809 	-1.26576e-103
0.4816 	-9.8675e-104
0.4823 	-9.86722e-104
0.483 	-9.86694e-104
0.4837 	-9.86666e-104
0.4844 	-9.86638e-104
0.4851 	-9.44704e-104
0.4858 	-6.50942e-104
0.4865 	-4.62089e-104
0.4872 	-4.62073e-104
0.4879 	-4.62058e-104
0.4886 	-4.62042e-104
0.4893 	-4.62026e-104
0.49 	-4.62015e-104
0.4907 	-3.17768e-104
0.4914 	-2.04411e-104
0.4921 	-2.04403e-104
0.4928 	-2.04395e-104
0.4935 	-2.04386e-104
0.4942 	-2.04378e-104
0.4949 	-2.0437e-104
0.4956 	-1.47403e-104
0.4963 	-8.56764e-105
0.497 	-8.56724e-105
0.4977 	-8.56684e-105
0.4984 	-8.56644e-105
0.4991 	-8.56604e-105
0.4998 	-8.56564e-105
0.5005 	-6.50447e-105
0.5012 	-3.61822e-105
0.5019 	-3.41189e-105
0.5026 	-3.41171e-105
0.5033 	-3.41153e-105
0.504 	-3.41135e-105
0.5047 	-3.41116e-105
0.5054 	-2.73384e-105
0.5061 	-1.54826e-105
0.5068 	-1.29414e-105
0.5075 	-1.29407e-105
0.5082 	-1.29399e-105
0.5089 	-1.29391e-105
0.5096 	-1.29383e-105
0.5103 	-1.0958e-105
0.511 	-6.33629e-106
0.5117 	-4.68547e-106
0.5124 	-4.68515e-106
0.5131 	-4.68484e-106
0.5138 	-4.68452e-106
0.5145 	-4.6842e-106
0.5152 	-4.19446e-106
0.5159 	-2.47997e-106
0.5166 	-1.62267e-106
0.5173 	-1.62255e-106
0.518 	-1.62243e-106
0.5187 	-1.62231e-106
0.5194 	-1.62219e-106
0.5201 	-1.5355e-106
0.5208 	-9.28608e-107
0.5215 	-5.38448e-107
0.5222 	-5.38403e-107
0.5229 	-5.38358e-107
0.5236 	-5.38314e-107
0.5243 	-5.38269e-107
0.525 	-5.3823e-107
0.5257 	-3.32872e-107
0.5264 	-1.71488e-107
0.5271 	-1.71473e-107
0.5278 	-1.71457e-107
0.5285 	-1.71441e-107
0.5292 	-1.71426e-107
0.5299 	-1.7141e-107
0.5306 	-1.14343e-107
0.5313 	-5.25078e-108
0.532 	-5.25026e-108
0.5327 	-5.24974e-108
0.5334 	-5.24922e-108
0.5341 	-5.2487e-108
0.5348 	-5.24818e-108
0.5355 	-3.76811e-108
0.5362 	-1.69565e-108
0.5369 	-1.54746e-108
0.5376 	-1.54729e-108
0.5383 	-1.54713e-108
0.539 	-1.54696e-108
0.5397 	-1.54679e-108
0.5404 	-1.19255e-108
0.5411 	-5.7254e-109
0.5418 	-4.3964e-109
0.5425 	-4.39589e-109
0.5432 	-4.39538e-109
0.5439 	-4.39487e-109
0.5446 	-4.39436e-109
0.5453 	-3.62914e-109
0.546 	-1.84348e-109
0.5467 	-1.20565e-109
0.5474 	-1.2055e-109
0.5481 	-1.20535e-109
0.5488 	-1.2052e-109
0.5495 	-1.20505e-109
0.5502 	-1.06335e-109
0.5509 	-5.67437e-110
0.5516 	-3.1946e-110
0.5523 	-3.19418e-110
0.553 	-3.19375e-110
0.5537 	-3.19332e-110
0.5544 	-3.1929e-110
0.5551 	-3.00288e-110
0.5558 	-1.67345e-110
0.5565 	-8.1877e-111
0.5572 	-8.18653e-111
0.5579 	-8.18536e-111
0.5586 	-8.18419e-111
0.5593 	-8.18302e-111
0.56 	-8.18194e-111
0.5607 	-4.73831e-111
0.5614 	-2.03207e-111
0.5621 	-2.03176e-111
0.5628 	-2.03146e-111
0.5635 	-2.03115e-111
0.5642 	-2.03084e-111
0.5649 	-2.03053e-111
0.5656 	-1.29058e-111
0.5663 	-4.8883e-112
0.567 	-4.88751e-112
0.5677 	-4.88672e-112
0.5684 	-4.88594e-112
0.5691 	-4.88515e-112
0.5698 	-4.88436e-112
0.5705 	-3.38701e-112
0.5712 	-1.29044e-112
0.5719 	-1.14051e-112
0.5726 	-1.14031e-112
0.5733 	-1.14012e-112
0.574 	-1.13993e-112
0.5747 	-1.13973e-112
0.5754 	-8.57727e-113
0.5761 	-3.64191e-113
0.5768 	-2.58397e-113
0.5775 	-2.58351e-113
0.5782 	-2.58304e-113
0.5789 	-2.58258e-113
0.5796 	-2.58211e-113
0.5803 	-2.09894e-113
0.581 	-9.7161e-114
0.5817 	-5.68925e-114
0.5824 	-5.68817e-114
0.5831 	-5.6871e-114
0.5838 	-5.68602e-114
0.5845 	-5.68494e-114
0.5852 	-4.97006e-114
0.5859 	-2.46888e-114
0.5866 	-1.21818e-114
0.5873 	-1.21793e-114
0.588 	-1.21769e-114
0.5887 	-1.21745e-114
0.5894 	-1.21721e-114
0.5901 	-1.14005e-114
0.5908 	-6.00624e-115
0.5915 	-2.53832e-115
0.5922 	-2.53779e-115
0.5929 	-2.53726e-115
0.5936 	-2.53673e-115
0.5943 	-2.5362e-115
0.595 	-2.5357e-115
0.5957 	-1.40425e-115
0.5964 	-5.15076e-116
0.5971 	-5.14964e-116
0.5978 	-5.14851e-116
0.5985 	-5.14739e-116
0.5992 	-5.14627e-116
0.5999 	-5.14514e-116
0.6006 	-3.16455e-116
0.6013 	-1.01855e-116
0.602 	-1.01832e-116
0.6027 	-1.01809e-116
0.6034 	-1.01786e-116
0.6041 	-1.01762e-116
0.6048 	-1.01739e-116
0.6055 	-6.89024e-117
0.6062 	-2.29272e-117
0.6069 	-1.96389e-117
0.6076 	-1.96343e-117
0.6083 	-1.96296e-117
0.609 	-1.96249e-117
0.6097 	-1.96202e-117
0.6104 	-1.45244e-117
0.6111 	-5.60711e-118
0.6118 	-3.69553e-118
0.6125 	-3.69462e-118
0.6132 	-3.6937e-118
0.6139 	-3.69279e-118
0.6146 	-3.69187e-118
0.6153 	-2.96865e-118
0.616 	-1.28156e-118
0.6167 	-6.7892e-119
0.6174 	-6.78745e-119
0.6181 	-6.7857e-119
0.6188 	-6.78395e-119
0.6195 	-6.7822e-119
0.6202 	-5.89151e-119
0.6209 	-2.77622e-119
0.6216 	-1.21841e-119
0.6223 	-1.21808e-119
0.623 	-1.21776e-119
0.6237 	-1.21743e-119
0.6244 	-1.21711e-119
0.6251 	-1.13669e-119
0.6258 	-5.74892e-120
0.6265 	-2.13718e-120
0.6272 	-2.13659e-120
0.6279 	-2.13599e-120
0.6286 	-2.1354e-120
0.6293 	-2.13481e-120
0.63 	-2.13424e-120
0.6307 	-1.14445e-120
0.6314 	-3.66605e-121
0.6321 	-3.66499e-121
0.6328 	-3.66394e-121
0.6335 	-3.66288e-121
0.6342 	-3.66183e-121
0.6349 	-3.66077e-121
0.6356 	-2.19909e-121
0.6363 	-6.15366e-122
0.637 	-6.15183e-122
0.6377 	-6.15e-122
0.6384 	-6.14817e-122
0.6391 	-6.14633e-122
0.6398 	-6.1445e-122
0.6405 	-4.09119e-122
0.6412 	-1.21645e-122
0.6419 	-1.01082e-122
0.6426 	-1.01051e-122
0.6433 	-1.0102e-122
0.644 	-1.00989e-122
0.6447 	-1.00958e-122
0.6454 	-7.38554e-123
0.6461 	-2.64325e-123
0.6468 	-1.62664e-123
0.6475 	-1.62613e-123
0.6482 	-1.62561e-123
0.6489 	-1.62509e-123
0.6496 	-1.62457e-123
0.6503 	-1.29614e-123
0.651 	-5.30116e-124
0.6517 	-2.56482e-124
0.6524 	-2.56398e-124
0.6531 	-2.56313e-124
0.6538 	-2.56229e-124
0.6545 	-2.56145e-124
0.6552 	-2.21476e-124
0.6559 	-1.00258e-124
0.6566 	-3.96421e-125
0.6573 	-3.96287e-125
0.658 	-3.96153e-125
0.6587 	-3.96019e-125
0.6594 	-3.95885e-125
0.6601 	-3.68951e-125
0.6608 	-1.80951e-125
0.6615 	-6.00855e-126
0.6622 	-6.00646e-126
0.6629 	-6.00436e-126
0.6636 	-6.00227e-126
0.6643 	-6.00017e-126
0.665 	-5.99815e-126
0.6657 	-3.13976e-126
0.6664 	-8.93414e-127
0.6671 	-8.93093e-127
0.6678 	-8.92773e-127
0.6685 	-8.92452e-127
0.6692 	-8.92131e-127
0.6699 	-8.91811e-127
0.6706 	-5.26337e-127
0.6713 	-1.30358e-127
0.672 	-1.3031e-127
0.6727 	-1.30262e-127
0.6734 	-1.30214e-127
0.6741 	-1.30166e-127
0.6748 	-1.30117e-127
0.6755 	-8.55374e-128
0.6762 	-2.31266e-128
0.6769 	-1.86621e-128
0.6776 	-1.8655e-128
0.6783 	-1.86479e-128
0.679 	-1.86408e-128
0.6797 	-1.86337e-128
0.6804 	-1.351e-128
0.6811 	-4.54542e-129
0.6818 	-2.62364e-129
0.6825 	-2.62261e-129
0.6832 	-2.62159e-129
0.6839 	-2.62056e-129
0.6846 	-2.61954e-129
0.6853 	-2.07753e-129
0.686 	-8.136e-130
0.6867 	-3.62102e-130
0.6874 	-3.61957e-130
0.6881 	-3.61811e-130
0.6888 	-3.61666e-130
0.6895 	-3.6152e-130
0.6902 	-3.11472e-130
0.6909 	-1.36539e-130
0.6916 	-4.90624e-131
0.6923 	-4.90421e-131
0.693 	-4.90217e-131
0.6937 	-4.90014e-131
0.6944 	-4.89811e-131
0.6951 	-4.51389e-131
0.6958 	-1.83268e-131
0.6965 	-1.08942e-132
0.6972 	-1.08667e-132
0.6979 	-1.08392e-132
0.6986 	-1.08117e-132
0.6993 	-1.07842e-132
0.7 	-1.0758e-132
