0 	1
0.0007 	1
0.0014 	1
0.0021 	1
0.0028 	1
0.0035 	1
0.0042 	1
0.0049 	1
0.0056 	1
0.0063 	1
0.007 	1
0.0077 	1
0.0084 	1
0.0091 	1
0.0098 	1
0.0105 	1
0.0112 	1
0.0119 	1
0.0126 	1
0.0133 	1
0.014 	1
0.0147 	1
0.0154 	1
0.0161 	1
0.0168 	1
0.0175 	1
0.0182 	1
0.0189 	1
0.0196 	1
0.0203 	1
0.021 	1
0.0217 	1
0.0224 	1
0.0231 	1
0.0238 	1
0.0245 	1
0.0252 	1
0.0259 	1
0.0266 	1
0.0273 	1
0.028 	1
0.0287 	1
0.0294 	1
0.0301 	1
0.0308 	1
0.0315 	1
0.0322 	1
0.0329 	1
0.0336 	1
0.0343 	1
0.035 	1
0.0357 	1
0.0364 	1
0.0371 	1
0.0378 	1
0.0385 	1
0.0392 	1
0.0399 	1
0.0406 	1
0.0413 	1
0.042 	1
0.0427 	1
0.0434 	1
0.0441 	1
0.0448 	1
0.0455 	1
0.0462 	1
0.0469 	1
0.0476 	1
0.0483 	1
0.049 	1
0.0497 	1
0.0504 	1
0.0511 	1
0.0518 	1
0.0525 	1
0.0532 	1
0.0539 	1
0.0546 	1
0.0553 	1
0.056 	1
0.0567 	1
0.0574 	1
0.0581 	1
0.0588 	1
0.0595 	1
0.0602 	1
0.0609 	1
0.0616 	1
0.0623 	1
0.063 	1
0.0637 	1
0.0644 	1
0.0651 	1
0.0658 	1
0.0665 	1
0.0672 	1
0.0679 	1
0.0686 	1
0.0693 	1
0.07 	1
0.0707 	1
0.0714 	1
0.0721 	1
0.0728 	1
0.0735 	1
0.0742 	1
0.0749 	1
0.0756 	1
0.0763 	1
0.077 	1
0.0777 	1
0.0784 	1
0.0791 	1
0.0798 	1
0.0805 	1
0.0812 	1
0.0819 	1
0.0826 	1
0.0833 	1
0.084 	1
0.0847 	1
0.0854 	1
0.0861 	1
0.0868 	1
0.0875 	1
0.0882 	1
0.0889 	1
0.0896 	1
0.0903 	1
0.091 	1
0.0917 	1
0.0924 	1
0.0931 	1
0.0938 	1
0.0945 	1
0.0952 	1
0.0959 	1
0.0966 	1
0.0973 	1
0.098 	1
0.0987 	1
0.0994 	1
0.1001 	1
0.1008 	1
0.1015 	1
0.1022 	1
0.1029 	1
0.1036 	1
0.1043 	1
0.105 	1
0.1057 	1
0.1064 	1
0.1071 	1
0.1078 	1
0.1085 	1
0.1092 	1
0.1099 	1
0.1106 	1
0.1113 	1
0.112 	1
0.1127 	1
0.1134 	1
0.1141 	1
0.1148 	1
0.1155 	1
0.1162 	1
0.1169 	1
0.1176 	1
0.1183 	1
0.119 	1
0.1197 	1
0.1204 	1
0.1211 	1
0.1218 	1
0.1225 	1
0.1232 	1
0.1239 	1
0.1246 	1
0.1253 	1
0.126 	1
0.1267 	1
0.1274 	1
0.1281 	1
0.1288 	1
0.1295 	1
0.1302 	1
0.1309 	1
0.1316 	1
0.1323 	1
0.133 	1
0.1337 	1
0.1344 	1
0.1351 	1
0.1358 	1
0.1365 	1
0.1372 	1
0.1379 	1
0.1386 	1
0.1393 	1
0.14 	1
0.1407 	1
0.1414 	1
0.1421 	1
0.1428 	1
0.1435 	1
0.1442 	1
0.1449 	1
0.1456 	1
0.1463 	1
0.147 	1
0.1477 	1
0.1484 	1
0.1491 	1
0.1498 	1
0.1505 	1
0.1512 	1
0.1519 	1
0.1526 	1
0.1533 	1
0.154 	1
0.1547 	1
0.1554 	1
0.1561 	1
0.1568 	1
0.1575 	1
0.1582 	1
0.1589 	1
0.1596 	1
0.1603 	1
0.161 	1
0.1617 	1
0.1624 	1
0.1631 	1
0.1638 	1
0.1645 	1
0.1652 	1
0.1659 	1
0.1666 	1
0.1673 	1
0.168 	1
0.1687 	1
0.1694 	1
0.1701 	1
0.1708 	1
0.1715 	1
0.1722 	1
0.1729 	1
0.1736 	1
0.1743 	1
0.175 	1
0.1757 	1
0.1764 	1
0.1771 	1
0.1778 	1
0.1785 	1
0.1792 	1
0.1799 	1
0.1806 	1
0.1813 	1
0.182 	1
0.1827 	1
0.1834 	1
0.1841 	1
0.1848 	1
0.1855 	1
0.1862 	1
0.1869 	1
0.1876 	1
0.1883 	1
0.189 	1
0.1897 	1
0.1904 	1
0.1911 	1
0.1918 	1
0.1925 	1
0.1932 	1
0.1939 	1
0.1946 	1
0.1953 	1
0.196 	1
0.1967 	1
0.1974 	1
0.1981 	1
0.1988 	1
0.1995 	1
0.2002 	1
0.2009 	1
0.2016 	1
0.2023 	1
0.203 	1
0.2037 	1
0.2044 	1
0.2051 	1
0.2058 	1
0.2065 	1
0.2072 	1
0.2079 	1
0.2086 	1
0.2093 	1
0.21 	1
0.2107 	0.99999
0.2114 	0.99998
0.2121 	0.999969
0.2128 	0.999959
0.2135 	0.999949
0.2142 	0.999939
0.2149 	0.999929
0.2156 	0.999118
0.2163 	0.998174
0.217 	0.99723
0.2177 	0.996286
0.2184 	0.995342
0.2191 	0.994398
0.2198 	0.993454
0.2205 	0.981914
0.2212 	0.966124
0.2219 	0.950333
0.2226 	0.934543
0.2233 	0.918753
0.224 	0.902963
0.2247 	0.887173
0.2254 	0.847372
0.2261 	0.789548
0.2268 	0.731723
0.2275 	0.673899
0.2282 	0.616074
0.2289 	0.55825
0.2296 	0.500425
0.2303 	0.444317
0.231 	0.390582
0.2317 	0.336848
0.2324 	0.283113
0.2331 	0.229379
0.2338 	0.175644
0.2345 	0.12191
0.2352 	0.0803369
0.2359 	0.0691235
0.2366 	0.0579102
0.2373 	0.0466969
0.238 	0.0354836
0.2387 	0.0242703
0.2394 	0.013057
0.2401 	0.00338525
0.2408 	0.00292095
0.2415 	0.00245665
0.2422 	0.00199234
0.2429 	0.00152804
0.2436 	0.00106374
0.2443 	0.000599432
0.245 	0.000135394
0.2457 	0.000117351
0.2464 	9.93181e-05
0.2471 	8.12855e-05
0.2478 	6.32529e-05
0.2485 	4.52203e-05
0.2492 	2.71877e-05
0.2499 	9.1551e-06
0.2506 	5.8351e-06
0.2513 	4.9559e-06
0.252 	4.07672e-06
0.2527 	3.19755e-06
0.2534 	2.31838e-06
0.2541 	1.43921e-06
0.2548 	5.60032e-07
0.2555 	2.79743e-07
0.2562 	2.38338e-07
0.2569 	1.96944e-07
0.2576 	1.55551e-07
0.2583 	1.14158e-07
0.259 	7.27647e-08
0.2597 	3.13717e-08
0.2604 	1.26056e-08
0.2611 	1.07695e-08
0.2618 	8.93484e-09
0.2625 	7.10049e-09
0.2632 	5.26613e-09
0.2639 	3.43178e-09
0.2646 	1.59742e-09
0.2653 	5.18406e-10
0.266 	4.44105e-10
0.2667 	3.69888e-10
0.2674 	2.95719e-10
0.2681 	2.2155e-10
0.2688 	1.4738e-10
0.2695 	7.32106e-11
0.2702 	1.949e-11
0.2709 	1.67435e-11
0.2716 	1.40005e-11
0.2723 	1.12612e-11
0.273 	8.52191e-12
0.2737 	5.7826e-12
0.2744 	3.04329e-12
0.2751 	6.8306e-13
0.2758 	5.86315e-13
0.2765 	4.89683e-13
0.2772 	3.93252e-13
0.2779 	2.96821e-13
0.2786 	2.00391e-13
0.2793 	1.0396e-13
0.28 	7.59005e-15
0.2807 	6.52574e-15
0.2814 	5.46309e-15
0.2821 	4.40372e-15
0.2828 	3.34436e-15
0.2835 	2.285e-15
0.2842 	1.22564e-15
0.2849 	1.66275e-16
0.2856 	1.37378e-17
0.2863 	1.15453e-17
0.287 	9.36194e-18
0.2877 	7.17863e-18
0.2884 	4.99531e-18
0.2891 	2.812e-18
0.2898 	6.28684e-19
0.2905 	5.662e-21
0.2912 	4.77803e-21
0.2919 	3.89802e-21
0.2926 	3.01832e-21
0.2933 	2.13862e-21
0.294 	1.25892e-21
0.2947 	3.79219e-22
0.2954 	2.55308e-24
0.2961 	2.16314e-24
0.2968 	1.77458e-24
0.2975 	1.3864e-24
0.2982 	9.98209e-25
0.2989 	6.10023e-25
0.2996 	2.21837e-25
0.3003 	2.53108e-28
0.301 	2.15276e-28
0.3017 	1.77552e-28
0.3024 	1.39888e-28
0.3031 	1.02225e-28
0.3038 	6.45616e-29
0.3045 	2.68981e-29
0.3052 	1.94604e-32
0.3059 	1.66131e-32
0.3066 	1.37717e-32
0.3073 	1.09363e-32
0.308 	8.10084e-33
0.3087 	5.2654e-33
0.3094 	2.42996e-33
0.3101 	1.41797e-36
0.3108 	1.21482e-36
0.3115 	1.01194e-36
0.3122 	8.09542e-37
0.3129 	6.07148e-37
0.3136 	4.04755e-37
0.3143 	2.02362e-37
0.315 	1.00973e-40
0.3157 	8.67924e-41
0.3164 	7.26334e-41
0.3171 	5.85098e-41
0.3178 	4.43862e-41
0.3185 	3.02625e-41
0.3192 	1.61389e-41
0.3199 	2.01527e-42
0.3206 	6.05824e-45
0.3213 	5.09245e-45
0.322 	4.12898e-45
0.3227 	3.16551e-45
0.3234 	2.20204e-45
0.3241 	1.23857e-45
0.3248 	2.751e-46
0.3255 	4.10836e-49
0.3262 	3.46819e-49
0.3269 	2.82922e-49
0.3276 	2.19033e-49
0.3283 	1.55145e-49
0.329 	9.12564e-50
0.3297 	2.7368e-50
0.3304 	2.69152e-53
0.3311 	2.28145e-53
0.3318 	1.87184e-53
0.3325 	1.46236e-53
0.3332 	1.05287e-53
0.3339 	6.43386e-54
0.3346 	2.33902e-54
0.3353 	1.69542e-57
0.336 	1.44273e-57
0.3367 	1.19017e-57
0.3374 	9.377e-58
0.3381 	6.85226e-58
0.3388 	4.32753e-58
0.3395 	1.80279e-58
0.3402 	1.02313e-61
0.3409 	8.73879e-62
0.3416 	7.24652e-62
0.3423 	5.75451e-62
0.343 	4.2625e-62
0.3437 	2.77049e-62
0.3444 	1.27848e-62
0.3451 	5.90204e-66
0.3458 	5.05893e-66
0.3465 	4.21579e-66
0.3472 	3.37259e-66
0.3479 	2.52938e-66
0.3486 	1.68618e-66
0.3493 	8.42975e-67
0.35 	3.25247e-70
0.3507 	2.79692e-70
0.3514 	2.34175e-70
0.3521 	1.88639e-70
0.3528 	1.43102e-70
0.3535 	9.75653e-71
0.3542 	5.20287e-71
0.3549 	6.49206e-72
0.3556 	1.47747e-74
0.3563 	1.24258e-74
0.357 	1.00748e-74
0.3577 	7.72386e-75
0.3584 	5.3729e-75
0.3591 	3.02193e-75
0.3598 	6.70974e-76
0.3605 	7.28463e-79
0.3612 	6.04691e-79
0.3619 	4.87958e-79
0.3626 	3.71767e-79
0.3633 	2.55575e-79
0.364 	1.39384e-79
0.3647 	2.31926e-80
0.3654 	-2.5465e-80
0.3661 	-2.36036e-80
0.3668 	-2.32091e-80
0.3675 	-2.32146e-80
0.3682 	-2.32201e-80
0.3689 	-2.32255e-80
0.3696 	-2.3231e-80
0.3703 	-1.93581e-80
0.371 	-1.03e-80
0.3717 	-7.06497e-81
0.3724 	-7.0649e-81
0.3731 	-7.06483e-81
0.3738 	-7.06476e-81
0.3745 	-7.06469e-81
0.3752 	-6.1644e-81
0.3759 	-3.00628e-81
0.3766 	-1.42713e-81
0.3773 	-1.42694e-81
0.378 	-1.42675e-81
0.3787 	-1.42657e-81
0.3794 	-1.42638e-81
0.3801 	-1.33067e-81
0.3808 	-6.58766e-82
0.3815 	-2.26807e-82
0.3822 	-2.26746e-82
0.3829 	-2.26685e-82
0.3836 	-2.26625e-82
0.3843 	-2.26564e-82
0.385 	-2.26586e-82
0.3857 	-1.16773e-82
0.3864 	-3.04969e-83
0.3871 	-3.0484e-83
0.3878 	-3.04711e-83
0.3885 	-3.04582e-83
0.3892 	-3.04453e-83
0.3899 	-3.04324e-83
0.3906 	-1.75589e-83
0.3913 	-3.60385e-84
0.392 	-3.6017e-84
0.3927 	-3.59956e-84
0.3934 	-3.59741e-84
0.3941 	-3.59526e-84
0.3948 	-3.59311e-84
0.3955 	-2.30933e-84
0.3962 	-5.11266e-85
0.3969 	-3.82552e-85
0.3976 	-3.8225e-85
0.3983 	-3.81948e-85
0.399 	-3.81645e-85
0.3997 	-3.81343e-85
0.4004 	-2.71184e-85
0.4011 	-7.84131e-86
0.4018 	-3.70757e-86
0.4025 	-3.70384e-86
0.4032 	-3.70011e-86
0.4039 	-3.69638e-86
0.4046 	-3.69265e-86
0.4053 	-2.88531e-86
0.406 	-1.00366e-86
0.4067 	-3.31371e-87
0.4074 	-3.30957e-87
0.4081 	-3.30543e-87
0.4088 	-3.30129e-87
0.4095 	-3.29715e-87
0.4102 	-2.81213e-87
0.4109 	-1.12108e-87
0.4116 	-2.75351e-88
0.4123 	-2.74931e-88
0.413 	-2.74511e-88
0.4137 	-2.74091e-88
0.4144 	-2.73671e-88
0.4151 	-2.53244e-88
0.4158 	-1.12138e-88
0.4165 	-2.14129e-89
0.4172 	-2.13735e-89
0.4179 	-2.13341e-89
0.4186 	-2.12948e-89
0.4193 	-2.12554e-89
0.42 	-2.12238e-89
0.4207 	-1.02163e-89
0.4214 	-1.5674e-90
0.4221 	-1.56394e-90
0.4228 	-1.56048e-90
0.4235 	-1.55703e-90
0.4242 	-1.55357e-90
0.4249 	-1.55011e-90
0.4256 	-8.58193e-91
0.4263 	-1.08566e-91
0.427 	-1.08279e-91
0.4277 	-1.07993e-91
0.4284 	-1.07707e-91
0.4291 	-1.0742e-91
0.4298 	-1.07134e-91
0.4305 	-6.71128e-92
0.4312 	-1.11482e-92
0.4319 	-7.12969e-93
0.4326 	-7.10705e-93
0.4333 	-7.08441e-93
0.434 	-7.06177e-93
0.4347 	-7.03913e-93
0.4354 	-4.92565e-93
0.4361 	-1.23993e-93
0.4368 	-4.48773e-94
0.4375 	-4.47047e-94
0.4382 	-4.45321e-94
0.4389 	-4.43595e-94
0.4396 	-4.41868e-94
0.4403 	-3.41718e-94
0.441 	-1.0999e-94
0.4417 	-2.71477e-95
0.4424 	-2.7019e-95
0.4431 	-2.68903e-95
0.4438 	-2.67616e-95
0.4445 	-2.66329e-95
0.4452 	-2.25566e-95
0.4459 	-8.58029e-96
0.4466 	-1.58736e-96
0.4473 	-1.57781e-96
0.448 	-1.56825e-96
0.4487 	-1.5587e-96
0.4494 	-1.54915e-96
0.4501 	-1.42541e-96
0.4508 	-6.12881e-97
0.4515 	-9.02865e-98
0.4522 	-8.95674e-98
0.4529 	-8.88483e-98
0.4536 	-8.81291e-98
0.4543 	-8.741e-98
0.455 	-8.67242e-98
0.4557 	-4.09823e-98
0.4564 	-5.03363e-99
0.4571 	-4.97775e-99
0.4578 	-4.92187e-99
0.4585 	-4.86599e-99
0.4592 	-4.81011e-99
0.4599 	-4.75423e-99
0.4606 	-2.60237e-99
0.4613 	-2.77788e-100
0.462 	-2.73268e-100
0.4627 	-2.68748e-100
0.4634 	-2.64229e-100
0.4641 	-2.59709e-100
0.4648 	-2.5519e-100
0.4655 	-1.5853e-100
0.4662 	-2.48971e-101
0.4669 	-1.49998e-101
0.4676 	-1.46207e-101
0.4683 	-1.42417e-101
0.469 	-1.38626e-101
0.4697 	-1.34835e-101
0.4704 	-9.33732e-102
0.4711 	-2.35803e-102
0.4718 	-8.36913e-103
0.4725 	-8.04386e-103
0.4732 	-7.71858e-103
0.4739 	-7.39331e-103
0.4746 	-7.06803e-103
0.4753 	-5.35274e-103
0.476 	-1.77874e-103
0.4767 	-4.8426e-104
0.4774 	-4.56181e-104
0.4781 	-4.28103e-104
0.4788 	-4.00025e-104
0.4795 	-3.71947e-104
0.4802 	-3.00616e-104
0.4809 	-1.20742e-104
0.4816 	-2.96032e-105
0.4823 	-2.72007e-105
0.483 	-2.47982e-105
0.4837 	-2.23957e-105
0.4844 	-1.99932e-105
0.4851 	-1.66648e-105
0.4858 	-7.73847e-106
0.4865 	-1.9281e-106
0.4872 	-1.7265e-106
0.4879 	-1.52491e-106
0.4886 	-1.32332e-106
0.4893 	-1.12173e-106
0.49 	-9.20916e-107
0.4907 	-4.81373e-107
0.4914 	-1.32851e-107
0.4921 	-1.16376e-107
0.4928 	-9.98999e-108
0.4935 	-8.34242e-108
0.4942 	-6.69485e-108
0.4949 	-5.04728e-108
0.4956 	-2.96366e-108
0.4963 	-9.50148e-109
0.497 	-8.19517e-109
0.4977 	-6.88886e-109
0.4984 	-5.58255e-109
0.4991 	-4.27624e-109
0.4998 	-2.96993e-109
0.5005 	-1.83178e-109
0.5012 	-7.59482e-110
0.5019 	-5.8978e-110
0.5026 	-4.89507e-110
0.5033 	-3.89235e-110
0.504 	-2.88963e-110
0.5047 	-1.88691e-110
0.5054 	-1.1461e-110
0.5061 	-6.0067e-111
0.5068 	-4.25297e-111
0.5075 	-3.5085e-111
0.5082 	-2.76403e-111
0.5089 	-2.01956e-111
0.5096 	-1.27509e-111
0.5103 	-7.27016e-112
0.511 	-4.3989e-112
0.5117 	-3.02985e-112
0.5124 	-2.49536e-112
0.5131 	-1.96087e-112
0.5138 	-1.42638e-112
0.5145 	-8.91894e-113
0.5152 	-4.65497e-113
0.5159 	-3.08441e-113
0.5166 	-2.11357e-113
0.5173 	-1.74245e-113
0.518 	-1.37133e-113
0.5187 	-1.00022e-113
0.5194 	-6.29098e-114
0.5201 	-2.98474e-114
0.5208 	-2.09645e-114
0.5215 	-1.43637e-114
0.5222 	-1.18708e-114
0.5229 	-9.37781e-115
0.5236 	-6.88486e-115
0.5243 	-4.39192e-115
0.525 	-1.90506e-115
0.5257 	-1.38659e-115
0.5264 	-9.48413e-116
0.5271 	-7.86331e-116
0.5278 	-6.24248e-116
0.5285 	-4.62166e-116
0.5292 	-3.00083e-116
0.5299 	-1.38001e-116
0.5306 	-8.92727e-117
0.5313 	-6.07641e-117
0.532 	-5.05596e-117
0.5327 	-4.0355e-117
0.5334 	-3.01505e-117
0.5341 	-1.99459e-117
0.5348 	-9.7414e-118
0.5355 	-5.5906e-118
0.5362 	-3.8552e-118
0.5369 	-3.15326e-118
0.5376 	-2.53081e-118
0.5383 	-1.90836e-118
0.539 	-1.28591e-118
0.5397 	-6.63462e-119
0.5404 	-3.40219e-119
0.5411 	-2.40915e-119
0.5418 	-1.90719e-119
0.5425 	-1.53916e-119
0.5432 	-1.17113e-119
0.5439 	-8.03102e-120
0.5446 	-4.35073e-120
0.5453 	-2.01053e-120
0.546 	-1.45342e-120
0.5467 	-1.1188e-120
0.5474 	-9.0777e-121
0.5481 	-6.96744e-121
0.5488 	-4.85718e-121
0.5495 	-2.74692e-121
0.5502 	-1.15328e-121
0.5509 	-8.48033e-122
0.5516 	-6.36711e-122
0.5523 	-5.19311e-122
0.553 	-4.01911e-122
0.5537 	-2.84511e-122
0.5544 	-1.67111e-122
0.5551 	-6.42048e-123
0.5558 	-4.79064e-123
0.5565 	-3.51646e-123
0.5572 	-2.8825e-123
0.5579 	-2.24854e-123
0.5586 	-1.61457e-123
0.5593 	-9.80609e-124
0.56 	-3.48152e-124
0.5607 	-2.62215e-124
0.5614 	-1.88536e-124
0.5621 	-1.55293e-124
0.5628 	-1.2205e-124
0.5635 	-8.88063e-125
0.5642 	-5.5563e-125
0.5649 	-2.23197e-125
0.5656 	-1.39143e-125
0.5663 	-9.81661e-126
0.567 	-8.12323e-126
0.5677 	-6.42985e-126
0.5684 	-4.73647e-126
0.5691 	-3.04309e-126
0.5698 	-1.34971e-126
0.5705 	-7.16202e-127
0.5712 	-5.056e-127
0.5719 	-4.12719e-127
0.5726 	-3.28894e-127
0.5733 	-2.4507e-127
0.574 	-1.61245e-127
0.5747 	-7.74196e-128
0.5754 	-3.57754e-128
0.5761 	-2.57021e-128
0.5768 	-2.03741e-128
0.5775 	-1.63404e-128
0.5782 	-1.23066e-128
0.5789 	-8.27286e-129
0.5796 	-4.2391e-129
0.5803 	-1.73501e-129
0.581 	-1.2663e-129
0.5817 	-9.77563e-130
0.5824 	-7.88806e-130
0.5831 	-6.00048e-130
0.5838 	-4.11291e-130
0.5845 	-2.22533e-130
0.5852 	-8.17277e-131
0.5859 	-6.05081e-131
0.5866 	-4.56024e-131
0.5873 	-3.70105e-131
0.588 	-2.84187e-131
0.5887 	-1.98268e-131
0.5894 	-1.12349e-131
0.5901 	-3.74075e-132
0.5908 	-2.80582e-132
0.5915 	-2.06888e-132
0.5922 	-1.68836e-132
0.5929 	-1.30783e-132
0.5936 	-9.27309e-133
0.5943 	-5.46784e-133
0.595 	-1.67167e-133
0.5957 	-1.2633e-133
0.5964 	-9.1309e-134
0.5971 	-7.49065e-134
0.5978 	-5.85041e-134
0.5985 	-4.21016e-134
0.5992 	-2.56991e-134
0.5999 	-9.29666e-135
0.6006 	-5.52547e-135
0.6013 	-3.92135e-135
0.602 	-3.23305e-135
0.6027 	-2.54475e-135
0.6034 	-1.85646e-135
0.6041 	-1.16816e-135
0.6048 	-4.79867e-136
0.6055 	-2.34874e-136
0.6062 	-1.66767e-136
0.6069 	-1.35787e-136
0.6076 	-1.07663e-136
0.6083 	-7.95382e-137
0.609 	-5.14138e-137
0.6097 	-2.32893e-137
0.6104 	-9.70687e-138
0.6111 	-7.00858e-138
0.6118 	-5.55095e-138
0.6125 	-4.43168e-138
0.6132 	-3.31242e-138
0.6139 	-2.19315e-138
0.6146 	-1.07389e-138
0.6153 	-3.90175e-139
0.616 	-2.86017e-139
0.6167 	-2.20923e-139
0.6174 	-1.77531e-139
0.6181 	-1.34138e-139
0.6188 	-9.07457e-140
0.6195 	-4.73532e-140
0.6202 	-1.52589e-140
0.6209 	-1.13407e-140
0.6216 	-8.56202e-141
0.6223 	-6.92289e-141
0.623 	-5.28376e-141
0.6237 	-3.64464e-141
0.6244 	-2.00551e-141
0.6251 	-5.8077e-142
0.6258 	-4.37102e-142
0.6265 	-3.23194e-142
0.6272 	-2.62854e-142
0.6279 	-2.02513e-142
0.6286 	-1.42173e-142
0.6293 	-8.18322e-143
0.63 	-2.16383e-143
0.6307 	-1.63838e-143
0.6314 	-1.18848e-143
0.6321 	-9.71967e-144
0.6328 	-7.55455e-144
0.6335 	-5.38943e-144
0.6342 	-3.22431e-144
0.6349 	-1.05919e-144
0.6356 	-5.97457e-145
0.6363 	-4.25837e-145
0.637 	-3.50101e-145
0.6377 	-2.74364e-145
0.6384 	-1.98627e-145
0.6391 	-1.22891e-145
0.6398 	-4.71539e-146
0.6405 	-2.1204e-146
0.6412 	-1.51198e-146
0.6419 	-1.22866e-146
0.6426 	-9.70339e-147
0.6433 	-7.1202e-147
0.644 	-4.53701e-147
0.6447 	-1.95382e-147
0.6454 	-7.32664e-148
0.6461 	-5.30943e-148
0.6468 	-4.20206e-148
0.6475 	-3.34282e-148
0.6482 	-2.48358e-148
0.6489 	-1.62435e-148
0.6496 	-7.65112e-149
0.6503 	-2.46557e-149
0.651 	-1.81308e-149
0.6517 	-1.40084e-149
0.6524 	-1.12206e-149
0.6531 	-8.43278e-150
0.6538 	-5.64499e-150
0.6545 	-2.8572e-150
0.6552 	-8.08376e-151
0.6559 	-6.02426e-151
0.6566 	-4.55328e-151
0.6573 	-3.6708e-151
0.658 	-2.78833e-151
0.6587 	-1.90586e-151
0.6594 	-1.02338e-151
0.6601 	-2.58326e-152
0.6608 	-1.94874e-152
0.6615 	-1.44348e-152
0.6622 	-1.17086e-152
0.6629 	-8.98234e-153
0.6636 	-6.25613e-153
0.6643 	-3.52991e-153
0.665 	-8.1043e-154
0.6657 	-6.14097e-154
0.6664 	-4.46497e-154
0.6671 	-3.64274e-154
0.6678 	-2.82051e-154
0.6685 	-1.99828e-154
0.6692 	-1.17604e-154
0.6699 	-3.53812e-155
0.6706 	-1.88653e-155
0.6713 	-1.34831e-155
0.672 	-1.10608e-155
0.6727 	-8.63848e-156
0.6734 	-6.21618e-156
0.6741 	-3.79389e-156
0.6748 	-1.37159e-156
0.6755 	-5.65518e-157
0.6762 	-4.04334e-157
0.6769 	-3.28046e-157
0.6776 	-2.58289e-157
0.6783 	-1.88532e-157
0.679 	-1.18775e-157
0.6797 	-4.90176e-158
0.6804 	-1.65646e-158
0.6811 	-1.20317e-158
0.6818 	-9.51555e-159
0.6825 	-7.54947e-159
0.6832 	-5.58339e-159
0.6839 	-3.61731e-159
0.6846 	-1.65123e-159
0.6853 	-4.75108e-160
0.686 	-3.50093e-160
0.6867 	-2.70511e-160
0.6874 	-2.1617e-160
0.6881 	-1.61829e-160
0.6888 	-1.07488e-160
0.6895 	-5.31469e-161
0.6902 	-1.33887e-161
0.6909 	-9.99674e-162
0.6916 	-7.56196e-162
0.6923 	-6.08432e-162
0.693 	-4.60669e-162
0.6937 	-3.12905e-162
0.6944 	-1.65142e-162
0.6951 	-3.72921e-163
0.6958 	-2.84305e-163
0.6965 	-2.1352e-163
0.6972 	-1.74828e-163
0.6979 	-1.36137e-163
0.6986 	-9.74455e-164
0.6993 	-5.87541e-164
0.7 	-2.02397e-164
