0 	1
0.0007 	1
0.0014 	1
0.0021 	1
0.0028 	1
0.0035 	1
0.0042 	1
0.0049 	1
0.0056 	1
0.0063 	1
0.007 	1
0.0077 	1
0.0084 	1
0.0091 	1
0.0098 	1
0.0105 	1
0.0112 	1
0.0119 	1
0.0126 	1
0.0133 	1
0.014 	1
0.0147 	1
0.0154 	1
0.0161 	1
0.0168 	1
0.0175 	1
0.0182 	1
0.0189 	1
0.0196 	1
0.0203 	1
0.021 	1
0.0217 	1
0.0224 	1
0.0231 	1
0.0238 	1
0.0245 	1
0.0252 	1
0.0259 	1
0.0266 	1
0.0273 	1
0.028 	1
0.0287 	1
0.0294 	1
0.0301 	1
0.0308 	1
0.0315 	1
0.0322 	1
0.0329 	1
0.0336 	1
0.0343 	1
0.035 	1
0.0357 	1
0.0364 	1
0.0371 	1
0.0378 	1
0.0385 	1
0.0392 	1
0.0399 	1
0.0406 	1
0.0413 	1
0.042 	1
0.0427 	1
0.0434 	1
0.0441 	1
0.0448 	1
0.0455 	1
0.0462 	1
0.0469 	1
0.0476 	1
0.0483 	1
0.049 	1
0.0497 	1
0.0504 	1
0.0511 	1
0.0518 	1
0.0525 	1
0.0532 	1
0.0539 	1
0.0546 	1
0.0553 	1
0.056 	1
0.0567 	1
0.0574 	1
0.0581 	1
0.0588 	1
0.0595 	1
0.0602 	1
0.0609 	1
0.0616 	1
0.0623 	1
0.063 	1
0.0637 	1
0.0644 	1
0.0651 	1
0.0658 	1
0.0665 	1
0.0672 	1
0.0679 	1
0.0686 	1
0.0693 	1
0.07 	1
0.0707 	1
0.0714 	1
0.0721 	1
0.0728 	1
0.0735 	1
0.0742 	1
0.0749 	1
0.0756 	1
0.0763 	1
0.077 	1
0.0777 	1
0.0784 	1
0.0791 	1
0.0798 	1
0.0805 	1
0.0812 	1
0.0819 	1
0.0826 	1
0.0833 	1
0.084 	1
0.0847 	1
0.0854 	1
0.0861 	1
0.0868 	1
0.0875 	1
0.0882 	1
0.0889 	1
0.0896 	1
0.0903 	1
0.091 	1
0.0917 	1
0.0924 	1
0.0931 	1
0.0938 	1
0.0945 	1
0.0952 	1
0.0959 	1
0.0966 	1
0.0973 	1
0.098 	1
0.0987 	1
0.0994 	1
0.1001 	1
0.1008 	1
0.1015 	1
0.1022 	1
0.1029 	1
0.1036 	1
0.1043 	1
0.105 	1
0.1057 	1
0.1064 	1
0.1071 	1
0.1078 	1
0.1085 	1
0.1092 	1
0.1099 	1
0.1106 	1
0.1113 	1
0.112 	1
0.1127 	1
0.1134 	1
0.1141 	1
0.1148 	1
0.1155 	1
0.1162 	1
0.1169 	1
0.1176 	1
0.1183 	1
0.119 	1
0.1197 	1
0.1204 	1
0.1211 	1
0.1218 	1
0.1225 	1
0.1232 	1
0.1239 	1
0.1246 	1
0.1253 	1
0.126 	1
0.1267 	1
0.1274 	1
0.1281 	1
0.1288 	1
0.1295 	1
0.1302 	1
0.1309 	1
0.1316 	1
0.1323 	1
0.133 	1
0.1337 	1
0.1344 	1
0.1351 	1
0.1358 	1
0.1365 	1
0.1372 	1
0.1379 	1
0.1386 	1
0.1393 	1
0.14 	1
0.1407 	1
0.1414 	1
0.1421 	1
0.1428 	1
0.1435 	1
0.1442 	1
0.1449 	1
0.1456 	1
0.1463 	1
0.147 	1
0.1477 	1
0.1484 	1
0.1491 	1
0.1498 	1
0.1505 	1
0.1512 	1
0.1519 	1
0.1526 	1
0.1533 	1
0.154 	1
0.1547 	1
0.1554 	1
0.1561 	1
0.1568 	1
0.1575 	1
0.1582 	1
0.1589 	1
0.1596 	1
0.1603 	1
0.161 	1
0.1617 	1
0.1624 	1
0.1631 	1
0.1638 	1
0.1645 	1
0.1652 	1
0.1659 	1
0.1666 	1
0.1673 	1
0.168 	1
0.1687 	1
0.1694 	1
0.1701 	1
0.1708 	1
0.1715 	1
0.1722 	1
0.1729 	1
0.1736 	1
0.1743 	1
0.175 	1
0.1757 	1
0.1764 	1
0.1771 	1
0.1778 	1
0.1785 	1
0.1792 	1
0.1799 	1
0.1806 	1
0.1813 	1
0.182 	1
0.1827 	1
0.1834 	1
0.1841 	1
0.1848 	1
0.1855 	1
0.1862 	1
0.1869 	1
0.1876 	1
0.1883 	1
0.189 	1
0.1897 	1
0.1904 	1
0.1911 	1
0.1918 	1
0.1925 	1
0.1932 	1
0.1939 	1
0.1946 	1
0.1953 	1
0.196 	1
0.1967 	1
0.1974 	1
0.1981 	1
0.1988 	1
0.1995 	1
0.2002 	1
0.2009 	1
0.2016 	1
0.2023 	1
0.203 	1
0.2037 	1
0.2044 	1
0.2051 	1
0.2058 	1
0.2065 	1
0.2072 	1
0.2079 	1
0.2086 	1
0.2093 	1
0.21 	1
0.2107 	1
0.2114 	1
0.2121 	1
0.2128 	1
0.2135 	1
0.2142 	1
0.2149 	1
0.2156 	0.999999
0.2163 	0.999999
0.217 	0.999998
0.2177 	0.999998
0.2184 	0.999997
0.2191 	0.999996
0.2198 	0.999996
0.2205 	0.999882
0.2212 	0.999723
0.2219 	0.999564
0.2226 	0.999405
0.2233 	0.999246
0.224 	0.999088
0.2247 	0.998929
0.2254 	0.99555
0.2261 	0.989754
0.2268 	0.983959
0.2275 	0.978164
0.2282 	0.972369
0.2289 	0.966573
0.2296 	0.960778
0.2303 	0.940275
0.231 	0.900155
0.2317 	0.860035
0.2324 	0.819915
0.2331 	0.779794
0.2338 	0.739674
0.2345 	0.699554
0.2352 	0.653106
0.2359 	0.590857
0.2366 	0.528608
0.2373 	0.466359
0.238 	0.40411
0.2387 	0.341861
0.2394 	0.279612
0.2401 	0.222019
0.2408 	0.192378
0.2415 	0.162737
0.2422 	0.133096
0.2429 	0.103455
0.2436 	0.0738139
0.2443 	0.0441728
0.245 	0.0145356
0.2457 	0.0125845
0.2464 	0.0106336
0.2471 	0.00868261
0.2478 	0.00673168
0.2485 	0.00478074
0.2492 	0.0028298
0.2499 	0.000878856
0.2506 	0.000532159
0.2513 	0.000452523
0.252 	0.000372886
0.2527 	0.00029325
0.2534 	0.000213613
0.2541 	0.000133977
0.2548 	5.43406e-05
0.2555 	2.8597e-05
0.2562 	2.43952e-05
0.2569 	2.01938e-05
0.2576 	1.59923e-05
0.2583 	1.17909e-05
0.259 	7.58942e-06
0.2597 	3.38796e-06
0.2604 	1.46679e-06
0.2611 	1.25479e-06
0.2618 	1.04284e-06
0.2625 	8.30887e-07
0.2632 	6.18938e-07
0.2639 	4.06989e-07
0.2646 	1.9504e-07
0.2653 	6.96763e-08
0.266 	5.96907e-08
0.2667 	4.97075e-08
0.2674 	3.97256e-08
0.2681 	2.97438e-08
0.2688 	1.97619e-08
0.2695 	9.78007e-09
0.2702 	2.54729e-09
0.2709 	2.18206e-09
0.2716 	1.81694e-09
0.2723 	1.45193e-09
0.273 	1.08692e-09
0.2737 	7.21911e-10
0.2744 	3.56901e-10
0.2751 	4.32152e-11
0.2758 	3.70676e-11
0.2765 	3.09219e-11
0.2772 	2.47797e-11
0.2779 	1.86374e-11
0.2786 	1.24952e-11
0.2793 	6.35289e-12
0.28 	2.11643e-13
0.2807 	1.82036e-13
0.2814 	1.5244e-13
0.2821 	1.22864e-13
0.2828 	9.32881e-14
0.2835 	6.37123e-14
0.2842 	3.41365e-14
0.2849 	4.56077e-15
0.2856 	2.99736e-16
0.2863 	2.52048e-16
0.287 	2.04388e-16
0.2877 	1.56729e-16
0.2884 	1.09069e-16
0.2891 	6.14097e-17
0.2898 	1.375e-17
0.2905 	1.27022e-19
0.2912 	1.07264e-19
0.2919 	8.75161e-20
0.2926 	6.77687e-20
0.2933 	4.80213e-20
0.294 	2.82739e-20
0.2947 	8.52645e-21
0.2954 	6.13468e-23
0.2961 	5.20134e-23
0.2968 	4.26786e-23
0.2975 	3.33433e-23
0.2982 	2.40081e-23
0.2989 	1.46728e-23
0.2996 	5.33758e-24
0.3003 	4.49622e-27
0.301 	3.82704e-27
0.3017 	3.1575e-27
0.3024 	2.48777e-27
0.3031 	1.81804e-27
0.3038 	1.14831e-27
0.3045 	4.7858e-28
0.3052 	3.07231e-31
0.3059 	2.62478e-31
0.3066 	2.17694e-31
0.3073 	1.72877e-31
0.308 	1.2806e-31
0.3087 	8.32438e-32
0.3094 	3.84272e-32
0.3101 	2.05422e-35
0.3108 	1.76123e-35
0.3115 	1.46803e-35
0.3122 	1.17444e-35
0.3129 	8.80851e-36
0.3136 	5.87261e-36
0.3143 	2.93671e-36
0.315 	1.33727e-39
0.3157 	1.15041e-39
0.3164 	9.63464e-40
0.3171 	7.76133e-40
0.3178 	5.88802e-40
0.3185 	4.01471e-40
0.3192 	2.14141e-40
0.3199 	2.68098e-41
0.3206 	7.27359e-44
0.3213 	6.11937e-44
0.322 	4.96171e-44
0.3227 	3.80404e-44
0.3234 	2.64637e-44
0.3241 	1.48871e-44
0.3248 	3.31038e-45
0.3255 	4.42387e-48
0.3262 	3.73789e-48
0.3269 	3.04951e-48
0.3276 	2.36095e-48
0.3283 	1.67238e-48
0.329 	9.83815e-49
0.3297 	2.9525e-49
0.3304 	2.57185e-52
0.3311 	2.18185e-52
0.3318 	1.79055e-52
0.3325 	1.39888e-52
0.3332 	1.00722e-52
0.3339 	6.1555e-53
0.3346 	2.23885e-53
0.3353 	1.42147e-56
0.336 	1.21057e-56
0.3367 	9.99022e-57
0.3374 	7.87116e-57
0.3381 	5.7521e-57
0.3388 	3.63304e-57
0.3395 	1.51398e-57
0.3402 	7.44328e-61
0.3409 	6.36222e-61
0.3416 	5.27835e-61
0.3423 	4.19166e-61
0.343 	3.10498e-61
0.3437 	2.01829e-61
0.3444 	9.3161e-62
0.3451 	3.68777e-65
0.3458 	3.16319e-65
0.3465 	2.63758e-65
0.3472 	2.11007e-65
0.3479 	1.58257e-65
0.3486 	1.05507e-65
0.3493 	5.27571e-66
0.35 	1.72968e-69
0.3507 	1.48857e-69
0.3514 	1.24719e-69
0.3521 	1.00469e-69
0.3528 	7.62182e-70
0.3535 	5.19678e-70
0.3542 	2.77175e-70
0.3549 	3.46709e-71
0.3556 	6.64446e-74
0.3563 	5.59249e-74
0.357 	4.53447e-74
0.3577 	3.47645e-74
0.3584 	2.41843e-74
0.3591 	1.36041e-74
0.3598 	3.02394e-75
0.3605 	2.82057e-78
0.3612 	2.38416e-78
0.3619 	1.94515e-78
0.3626 	1.50593e-78
0.3633 	1.06671e-78
0.364 	6.27491e-79
0.3647 	1.88272e-79
0.3654 	1.14214e-82
0.3661 	9.69277e-83
0.3668 	7.95508e-83
0.3675 	6.21493e-83
0.3682 	4.47479e-83
0.3689 	2.73464e-83
0.3696 	9.94488e-84
0.3703 	4.42388e-87
0.371 	3.76857e-87
0.3717 	3.11039e-87
0.3724 	2.45062e-87
0.3731 	1.79085e-87
0.3738 	1.13107e-87
0.3745 	4.71302e-88
0.3752 	1.64326e-91
0.3759 	1.4049e-91
0.3766 	1.16573e-91
0.3773 	9.25728e-92
0.378 	6.85727e-92
0.3787 	4.45726e-92
0.3794 	2.05725e-92
0.3801 	5.86672e-96
0.3808 	5.03309e-96
0.3815 	4.19738e-96
0.3822 	3.35791e-96
0.3829 	2.51844e-96
0.3836 	1.67897e-96
0.3843 	8.39497e-97
0.385 	2.01516e-100
0.3857 	1.73448e-100
0.3864 	1.45343e-100
0.3871 	1.17082e-100
0.3878 	8.88212e-101
0.3885 	6.05601e-101
0.3892 	3.2299e-101
0.3899 	4.0379e-102
0.3906 	5.75518e-105
0.3913 	4.84466e-105
0.392 	3.9281e-105
0.3927 	3.01155e-105
0.3934 	2.09499e-105
0.3941 	1.17844e-105
0.3948 	2.61883e-106
0.3955 	1.83989e-109
0.3962 	1.55539e-109
0.3969 	1.26899e-109
0.3976 	9.82445e-110
0.3983 	6.95899e-110
0.399 	4.09352e-110
0.3997 	1.22806e-110
0.4004 	5.66998e-114
0.4011 	4.8122e-114
0.4018 	3.94955e-114
0.4025 	3.08559e-114
0.4032 	2.22162e-114
0.4039 	1.35765e-114
0.4046 	4.93688e-115
0.4053 	1.68453e-118
0.406 	1.43509e-118
0.4067 	1.18448e-118
0.4074 	9.33224e-119
0.4081 	6.8197e-119
0.4088 	4.30716e-119
0.4095 	1.79463e-119
0.4102 	4.82535e-123
0.4109 	4.12563e-123
0.4116 	3.42336e-123
0.4123 	2.71855e-123
0.413 	2.01374e-123
0.4137 	1.30892e-123
0.4144 	6.04108e-124
0.4151 	1.33285e-127
0.4158 	1.1435e-127
0.4165 	9.53655e-128
0.4172 	7.62923e-128
0.4179 	5.72191e-128
0.4186 	3.81458e-128
0.4193 	1.90726e-128
0.42 	3.55213e-132
0.4207 	3.05746e-132
0.4214 	2.5621e-132
0.4221 	2.06391e-132
0.4228 	1.56572e-132
0.4235 	1.06753e-132
0.4242 	5.6934e-133
0.4249 	7.11493e-134
0.4256 	7.87248e-137
0.4263 	6.63432e-137
0.427 	5.3768e-137
0.4277 	4.11929e-137
0.4284 	2.86177e-137
0.4291 	1.60425e-137
0.4298 	3.46737e-138
0.4305 	-1.00802e-139
0.4312 	-7.00983e-140
0.4319 	-5.98401e-140
0.4326 	-5.11546e-140
0.4333 	-4.24692e-140
0.434 	-3.37837e-140
0.4347 	-2.50983e-140
0.4354 	-1.83332e-140
0.4361 	-1.3007e-140
0.4368 	-1.06386e-140
0.4375 	-9.07691e-141
0.4382 	-7.51518e-141
0.4389 	-5.95346e-141
0.4396 	-4.39174e-141
0.4403 	-3.12387e-141
0.441 	-2.24746e-141
0.4417 	-1.76816e-141
0.4424 	-1.50949e-141
0.4431 	-1.25081e-141
0.4438 	-9.92137e-142
0.4445 	-7.33461e-142
0.4452 	-5.09254e-142
0.4459 	-3.71128e-142
0.4466 	-2.8154e-142
0.4473 	-2.40491e-142
0.448 	-1.99442e-142
0.4487 	-1.58393e-142
0.4494 	-1.17344e-142
0.4501 	-7.91941e-143
0.4508 	-5.84088e-143
0.4515 	-4.2825e-143
0.4522 	-3.66037e-143
0.4529 	-3.03825e-143
0.4536 	-2.41612e-143
0.4543 	-1.79399e-143
0.455 	-1.17418e-143
0.4557 	-8.74072e-144
0.4564 	-6.20793e-144
0.4571 	-5.30986e-144
0.4578 	-4.4118e-144
0.4585 	-3.51373e-144
0.4592 	-2.61566e-144
0.4599 	-1.71759e-144
0.4606 	-1.24163e-144
0.4613 	-8.5609e-145
0.462 	-7.32856e-145
0.4627 	-6.09623e-145
0.4634 	-4.86389e-145
0.4641 	-3.63156e-145
0.4648 	-2.39922e-145
0.4655 	-1.67251e-145
0.4662 	-1.14784e-145
0.4669 	-9.61295e-146
0.4676 	-8.00754e-146
0.4683 	-6.40213e-146
0.469 	-4.79672e-146
0.4697 	-3.19131e-146
0.4704 	-2.13556e-146
0.4711 	-1.49172e-146
0.4718 	-1.19783e-146
0.4725 	-9.99386e-147
0.4732 	-8.00938e-147
0.4739 	-6.02489e-147
0.4746 	-4.0404e-147
0.4753 	-2.5853e-147
0.476 	-1.83545e-147
0.4767 	-1.418e-147
0.4774 	-1.18522e-147
0.4781 	-9.52435e-148
0.4788 	-7.19652e-148
0.4795 	-4.86868e-148
0.4802 	-2.96928e-148
0.4809 	-2.13991e-148
0.4816 	-1.59559e-148
0.4823 	-1.33632e-148
0.483 	-1.07704e-148
0.4837 	-8.17772e-149
0.4844 	-5.58499e-149
0.4851 	-3.23843e-149
0.4858 	-2.36648e-149
0.4865 	-1.70792e-149
0.4872 	-1.43348e-149
0.4879 	-1.15903e-149
0.4886 	-8.84594e-150
0.4893 	-6.10153e-150
0.49 	-3.36247e-150
0.4907 	-2.48522e-150
0.4914 	-1.74064e-150
0.4921 	-1.46429e-150
0.4928 	-1.18794e-150
0.4935 	-9.11586e-151
0.4942 	-6.35234e-151
0.4949 	-3.58882e-151
0.4956 	-2.48187e-151
0.4963 	-1.69099e-151
0.497 	-1.42593e-151
0.4977 	-1.16088e-151
0.4984 	-8.95822e-152
0.4991 	-6.30767e-152
0.4998 	-3.65711e-152
0.5005 	-2.36033e-152
0.5012 	-1.6045e-152
0.5019 	-1.32536e-152
0.5026 	-1.08289e-152
0.5033 	-8.40425e-153
0.504 	-5.97956e-153
0.5047 	-3.55488e-153
0.5054 	-2.14096e-153
0.5061 	-1.48446e-153
0.5068 	-1.17733e-153
0.5075 	-9.65471e-154
0.5082 	-7.53616e-154
0.5089 	-5.41761e-154
0.5096 	-3.29907e-154
0.5103 	-1.855e-154
0.511 	-1.30946e-154
0.5117 	-1.00081e-154
0.5124 	-8.23751e-155
0.5131 	-6.46694e-155
0.5138 	-4.69637e-155
0.5145 	-2.9258e-155
0.5152 	-1.53732e-155
0.5159 	-1.10308e-155
0.5166 	-8.15097e-156
0.5173 	-6.73378e-156
0.518 	-5.3166e-156
0.5187 	-3.89941e-156
0.5194 	-2.48223e-156
0.5201 	-1.22037e-156
0.5208 	-8.88816e-157
0.5215 	-6.36825e-157
0.5222 	-5.28041e-157
0.5229 	-4.19257e-157
0.5236 	-3.10473e-157
0.5243 	-2.01689e-157
0.525 	-9.30403e-158
0.5257 	-6.86096e-158
0.5264 	-4.77882e-158
0.5271 	-3.97696e-158
0.5278 	-3.1751e-158
0.5285 	-2.37324e-158
0.5292 	-1.57138e-158
0.5299 	-7.69514e-159
0.5306 	-5.08135e-159
0.5313 	-3.44865e-159
0.532 	-2.88033e-159
0.5327 	-2.31202e-159
0.5334 	-1.7437e-159
0.5341 	-1.17538e-159
0.5348 	-6.0706e-160
0.5355 	-3.61614e-160
0.5362 	-2.45181e-160
0.5369 	-2.00853e-160
0.5376 	-1.62072e-160
0.5383 	-1.23291e-160
0.539 	-8.45095e-161
0.5397 	-4.57283e-161
0.5404 	-2.47591e-161
0.5411 	-1.71369e-161
0.5418 	-1.34995e-161
0.5425 	-1.09487e-161
0.5432 	-8.398e-162
0.5439 	-5.84727e-162
0.5446 	-3.29654e-162
0.5453 	-1.63305e-162
0.546 	-1.15149e-162
0.5467 	-8.7544e-163
0.5474 	-7.13553e-163
0.5481 	-5.51665e-163
0.5488 	-3.89778e-163
0.5495 	-2.2789e-163
0.5502 	-1.03888e-163
0.5509 	-7.44948e-164
0.5516 	-5.48357e-164
0.5523 	-4.49106e-164
0.553 	-3.49855e-164
0.5537 	-2.50604e-164
0.5544 	-1.51353e-164
0.5551 	-6.38196e-165
0.5558 	-4.64678e-165
0.5565 	-3.32115e-165
0.5572 	-2.73271e-165
0.5579 	-2.14426e-165
0.5586 	-1.55581e-165
0.5593 	-9.67358e-166
0.56 	-3.79452e-166
0.5607 	-2.79846e-166
0.5614 	-1.94688e-166
0.5621 	-1.60914e-166
0.5628 	-1.2714e-166
0.5635 	-9.33668e-167
0.5642 	-5.95931e-167
0.5649 	-2.58195e-167
0.5656 	-1.62925e-167
0.5663 	-1.10574e-167
0.567 	-9.17895e-168
0.5677 	-7.30051e-168
0.5684 	-5.42207e-168
0.5691 	-3.54363e-168
0.5698 	-1.66519e-168
0.5705 	-9.18021e-169
0.5712 	-6.22853e-169
0.5719 	-5.07672e-169
0.5726 	-4.06335e-169
0.5733 	-3.04999e-169
0.574 	-2.03663e-169
0.5747 	-1.02327e-169
0.5754 	-5.0117e-170
0.5761 	-3.47184e-170
0.5768 	-2.72487e-170
0.5775 	-2.19415e-170
0.5782 	-1.66342e-170
0.5789 	-1.1327e-170
0.5796 	-6.01974e-171
0.5803 	-2.65352e-171
0.581 	-1.87292e-171
0.5817 	-1.42051e-171
0.5824 	-1.15045e-171
0.5831 	-8.80383e-172
0.5838 	-6.10317e-172
0.5845 	-3.40251e-172
0.5852 	-1.36404e-172
0.5859 	-9.79165e-173
0.5866 	-7.19903e-173
0.5873 	-5.86254e-173
0.588 	-4.52604e-173
0.5887 	-3.18954e-173
0.5894 	-1.85304e-173
0.5901 	-6.81353e-174
0.5908 	-4.9666e-174
0.5915 	-3.5494e-174
0.5922 	-2.9057e-174
0.5929 	-2.26201e-174
0.5936 	-1.61831e-174
0.5943 	-9.74617e-175
0.595 	-3.31401e-175
0.5957 	-2.44709e-175
0.5964 	-1.70398e-175
0.5971 	-1.40199e-175
0.5978 	-1.1e-175
0.5985 	-7.98014e-176
0.5992 	-4.96025e-176
0.5999 	-1.94036e-176
0.6006 	-1.1723e-176
0.6013 	-7.97077e-177
0.602 	-6.58978e-177
0.6027 	-5.20879e-177
0.6034 	-3.8278e-177
0.6041 	-2.44682e-177
0.6048 	-1.06583e-177
0.6055 	-5.46594e-178
0.6062 	-3.71672e-178
0.6069 	-3.01973e-178
0.6076 	-2.40368e-178
0.6083 	-1.78763e-178
0.609 	-1.17158e-178
0.6097 	-5.55533e-179
0.6104 	-2.48258e-179
0.6111 	-1.72343e-179
0.6118 	-1.34998e-179
0.6125 	-1.08172e-179
0.6132 	-8.13466e-180
0.6139 	-5.45209e-180
0.6146 	-2.76952e-180
0.6153 	-1.09925e-180
0.616 	-7.77434e-181
0.6167 	-5.89152e-181
0.6174 	-4.75057e-181
0.6181 	-3.60962e-181
0.6188 	-2.46867e-181
0.6195 	-1.32772e-181
0.6202 	-4.74893e-182
0.6209 	-3.41547e-182
0.6216 	-2.5116e-182
0.6223 	-2.03732e-182
0.623 	-1.56304e-182
0.6237 	-1.08876e-182
0.6244 	-6.14481e-183
0.6251 	-2.00333e-183
0.6258 	-1.46292e-183
0.6265 	-1.04665e-183
0.6272 	-8.53826e-184
0.6279 	-6.61004e-184
0.6286 	-4.68181e-184
0.6293 	-2.75359e-184
0.63 	-8.26584e-185
0.6307 	-6.11437e-185
0.6314 	-4.266e-185
0.6321 	-3.49887e-185
0.6328 	-2.73174e-185
0.6335 	-1.96462e-185
0.6342 	-1.19749e-185
0.6349 	-4.30368e-186
0.6356 	-2.49596e-186
0.6363 	-1.70172e-186
0.637 	-1.40289e-186
0.6377 	-1.10405e-186
0.6384 	-8.05218e-187
0.6391 	-5.06384e-187
0.6398 	-2.0755e-187
0.6405 	-9.96064e-188
0.6412 	-6.79312e-188
0.6419 	-5.50768e-188
0.6426 	-4.36701e-188
0.6433 	-3.22635e-188
0.644 	-2.08569e-188
0.6447 	-9.45022e-189
0.6454 	-3.88878e-189
0.6461 	-2.707e-189
0.6468 	-2.11838e-189
0.6475 	-1.69154e-189
0.6482 	-1.26469e-189
0.6489 	-8.37847e-190
0.6496 	-4.11002e-190
0.6503 	-1.48646e-190
0.651 	-1.05393e-190
0.6517 	-7.98728e-191
0.6524 	-6.42045e-191
0.6531 	-4.85362e-191
0.6538 	-3.28679e-191
0.6545 	-1.71995e-191
0.6552 	-5.56729e-192
0.6559 	-4.0134e-192
0.6566 	-2.95419e-192
0.6573 	-2.38966e-192
0.658 	-1.82513e-192
0.6587 	-1.2606e-192
0.6594 	-6.96077e-193
0.6601 	-2.04483e-193
0.6608 	-1.49647e-193
0.6615 	-1.0726e-193
0.6622 	-8.72808e-194
0.6629 	-6.7302e-194
0.6636 	-4.73231e-194
0.6643 	-2.73443e-194
0.665 	-7.37667e-195
0.6657 	-5.46798e-195
0.6664 	-3.82484e-195
0.6671 	-3.13e-195
0.6678 	-2.43516e-195
0.6685 	-1.74032e-195
0.6692 	-1.04548e-195
0.6699 	-3.5064e-196
0.6706 	-1.95942e-196
0.6713 	-1.34028e-196
0.672 	-1.10268e-196
0.6727 	-8.65078e-197
0.6734 	-6.27479e-197
0.6741 	-3.8988e-197
0.6748 	-1.52281e-197
0.6755 	-6.89092e-198
0.6762 	-4.71563e-198
0.6769 	-3.81814e-198
0.6776 	-3.01894e-198
0.6783 	-2.21974e-198
0.679 	-1.42055e-198
0.6797 	-6.21352e-199
0.6804 	-2.37981e-199
0.6811 	-1.66174e-199
0.6818 	-1.30001e-199
0.6825 	-1.03547e-199
0.6832 	-7.70934e-200
0.6839 	-5.06396e-200
0.6846 	-2.41857e-200
0.6853 	-8.07496e-201
0.686 	-5.74146e-201
0.6867 	-4.35394e-201
0.6874 	-3.49196e-201
0.6881 	-2.62998e-201
0.6888 	-1.76799e-201
0.6895 	-9.06008e-202
0.6902 	-2.69165e-202
0.6909 	-1.94511e-202
0.6916 	-1.43358e-202
0.6923 	-1.15708e-202
0.693 	-8.80571e-203
0.6937 	-6.04064e-203
0.6944 	-3.27557e-203
0.6951 	-8.71829e-204
0.6958 	-6.31806e-204
0.6965 	-4.46653e-204
0.6972 	-3.6027e-204
0.6979 	-2.73886e-204
0.6986 	-1.87503e-204
0.6993 	-1.01119e-204
0.7 	-1.47779e-205
