0 	1
0.0007 	1
0.0014 	1
0.0021 	1
0.0028 	1
0.0035 	1
0.0042 	1
0.0049 	1
0.0056 	1
0.0063 	1
0.007 	1
0.0077 	1
0.0084 	1
0.0091 	1
0.0098 	1
0.0105 	1
0.0112 	1
0.0119 	1
0.0126 	1
0.0133 	1
0.014 	1
0.0147 	1
0.0154 	1
0.0161 	1
0.0168 	1
0.0175 	1
0.0182 	1
0.0189 	1
0.0196 	1
0.0203 	1
0.021 	1
0.0217 	1
0.0224 	1
0.0231 	1
0.0238 	1
0.0245 	1
0.0252 	1
0.0259 	1
0.0266 	1
0.0273 	1
0.028 	1
0.0287 	1
0.0294 	1
0.0301 	1
0.0308 	1
0.0315 	1
0.0322 	1
0.0329 	1
0.0336 	1
0.0343 	1
0.035 	1
0.0357 	1
0.0364 	1
0.0371 	1
0.0378 	1
0.0385 	1
0.0392 	1
0.0399 	1
0.0406 	1
0.0413 	1
0.042 	1
0.0427 	1
0.0434 	1
0.0441 	1
0.0448 	1
0.0455 	1
0.0462 	1
0.0469 	1
0.0476 	1
0.0483 	1
0.049 	1
0.0497 	1
0.0504 	1
0.0511 	1
0.0518 	1
0.0525 	1
0.0532 	1
0.0539 	1
0.0546 	1
0.0553 	1
0.056 	1
0.0567 	1
0.0574 	1
0.0581 	1
0.0588 	1
0.0595 	1
0.0602 	1
0.0609 	1
0.0616 	1
0.0623 	1
0.063 	1
0.0637 	1
0.0644 	1
0.0651 	1
0.0658 	1
0.0665 	1
0.0672 	1
0.0679 	1
0.0686 	1
0.0693 	1
0.07 	1
0.0707 	1
0.0714 	1
0.0721 	1
0.0728 	1
0.0735 	1
0.0742 	1
0.0749 	1
0.0756 	1
0.0763 	1
0.077 	1
0.0777 	1
0.0784 	1
0.0791 	1
0.0798 	1
0.0805 	1
0.0812 	1
0.0819 	1
0.0826 	1
0.0833 	1
0.084 	1
0.0847 	1
0.0854 	1
0.0861 	1
0.0868 	1
0.0875 	1
0.0882 	1
0.0889 	1
0.0896 	1
0.0903 	1
0.091 	1
0.0917 	1
0.0924 	1
0.0931 	1
0.0938 	1
0.0945 	1
0.0952 	1
0.0959 	1
0.0966 	1
0.0973 	1
0.098 	1
0.0987 	1
0.0994 	1
0.1001 	1
0.1008 	1
0.1015 	1
0.1022 	1
0.1029 	1
0.1036 	1
0.1043 	1
0.105 	1
0.1057 	1
0.1064 	1
0.1071 	1
0.1078 	1
0.1085 	1
0.1092 	1
0.1099 	1
0.1106 	1
0.1113 	1
0.112 	1
0.1127 	1
0.1134 	1
0.1141 	1
0.1148 	1
0.1155 	1
0.1162 	1
0.1169 	1
0.1176 	1
0.1183 	1
0.119 	1
0.1197 	1
0.1204 	1
0.1211 	1
0.1218 	1
0.1225 	1
0.1232 	1
0.1239 	1
0.1246 	1
0.1253 	1
0.126 	1
0.1267 	1
0.1274 	1
0.1281 	1
0.1288 	1
0.1295 	1
0.1302 	1
0.1309 	1
0.1316 	1
0.1323 	1
0.133 	1
0.1337 	1
0.1344 	1
0.1351 	1
0.1358 	1
0.1365 	1
0.1372 	1
0.1379 	1
0.1386 	1
0.1393 	1
0.14 	1
0.1407 	1
0.1414 	1
0.1421 	1
0.1428 	1
0.1435 	1
0.1442 	1
0.1449 	1
0.1456 	1
0.1463 	1
0.147 	1
0.1477 	1
0.1484 	1
0.1491 	1
0.1498 	1
0.1505 	1
0.1512 	1
0.1519 	1
0.1526 	1
0.1533 	1
0.154 	1
0.1547 	1
0.1554 	1
0.1561 	1
0.1568 	1
0.1575 	1
0.1582 	1
0.1589 	1
0.1596 	1
0.1603 	1
0.161 	1
0.1617 	1
0.1624 	1
0.1631 	1
0.1638 	1
0.1645 	1
0.1652 	1
0.1659 	1
0.1666 	1
0.1673 	1
0.168 	1
0.1687 	1
0.1694 	1
0.1701 	1
0.1708 	1
0.1715 	1
0.1722 	1
0.1729 	1
0.1736 	1
0.1743 	1
0.175 	1
0.1757 	1
0.1764 	1
0.1771 	1
0.1778 	1
0.1785 	1
0.1792 	1
0.1799 	1
0.1806 	1
0.1813 	1
0.182 	1
0.1827 	1
0.1834 	1
0.1841 	1
0.1848 	1
0.1855 	1
0.1862 	1
0.1869 	1
0.1876 	1
0.1883 	1
0.189 	1
0.1897 	1
0.1904 	1
0.1911 	1
0.1918 	1
0.1925 	1
0.1932 	1
0.1939 	1
0.1946 	1
0.1953 	1
0.196 	1
0.1967 	1
0.1974 	1
0.1981 	1
0.1988 	1
0.1995 	1
0.2002 	1
0.2009 	1
0.2016 	0.999999
0.2023 	0.999999
0.203 	0.999999
0.2037 	0.999999
0.2044 	0.999999
0.2051 	0.999998
0.2058 	0.999997
0.2065 	0.999995
0.2072 	0.999994
0.2079 	0.999992
0.2086 	0.99999
0.2093 	0.999989
0.21 	0.999987
0.2107 	0.999966
0.2114 	0.999945
0.2121 	0.999924
0.2128 	0.999903
0.2135 	0.999882
0.2142 	0.999861
0.2149 	0.99984
0.2156 	0.999481
0.2163 	0.999056
0.217 	0.998631
0.2177 	0.998207
0.2184 	0.997782
0.2191 	0.997357
0.2198 	0.996932
0.2205 	0.989427
0.2212 	0.97882
0.2219 	0.968212
0.2226 	0.957604
0.2233 	0.946997
0.224 	0.936389
0.2247 	0.925781
0.2254 	0.893007
0.2261 	0.84384
0.2268 	0.79467
0.2275 	0.745501
0.2282 	0.696331
0.2289 	0.647161
0.2296 	0.597991
0.2303 	0.543972
0.231 	0.486301
0.2317 	0.42863
0.2324 	0.370961
0.2331 	0.313291
0.2338 	0.255621
0.2345 	0.197951
0.2352 	0.151599
0.2359 	0.131224
0.2366 	0.11085
0.2373 	0.0904765
0.238 	0.0701035
0.2387 	0.0497304
0.2394 	0.0293573
0.2401 	0.0120212
0.2408 	0.0103272
0.2415 	0.00863331
0.2422 	0.00693967
0.2429 	0.00524603
0.2436 	0.00355238
0.2443 	0.00185874
0.245 	0.000194778
0.2457 	0.00016747
0.2464 	0.000140202
0.2471 	0.000112941
0.2478 	8.5679e-05
0.2485 	5.84174e-05
0.2492 	3.11557e-05
0.2499 	3.89407e-06
0.2506 	3.89544e-07
0.2513 	3.27425e-07
0.252 	2.65323e-07
0.2527 	2.03221e-07
0.2534 	1.41119e-07
0.2541 	7.90173e-08
0.2548 	1.69155e-08
0.2555 	9.70773e-11
0.2562 	8.30866e-11
0.2569 	6.90995e-11
0.2576 	5.51128e-11
0.2583 	4.11261e-11
0.259 	2.71393e-11
0.2597 	1.31526e-11
0.2604 	7.34832e-12
0.2611 	7.34088e-12
0.2618 	7.33326e-12
0.2625 	7.32558e-12
0.2632 	7.3179e-12
0.2639 	7.31022e-12
0.2646 	7.30255e-12
0.2653 	7.2664e-12
0.266 	7.19195e-12
0.2667 	7.11716e-12
0.2674 	7.04217e-12
0.2681 	6.96718e-12
0.2688 	6.89219e-12
0.2695 	6.81719e-12
0.2702 	6.70715e-12
0.2709 	6.51074e-12
0.2716 	6.31401e-12
0.2723 	6.11694e-12
0.273 	5.91988e-12
0.2737 	5.72281e-12
0.2744 	5.52575e-12
0.2751 	5.31417e-12
0.2758 	5.02167e-12
0.2765 	4.72913e-12
0.2772 	4.4365e-12
0.2779 	4.14387e-12
0.2786 	3.85124e-12
0.2793 	3.55862e-12
0.28 	3.26596e-12
0.2807 	3.00391e-12
0.2814 	2.74243e-12
0.2821 	2.48141e-12
0.2828 	2.22039e-12
0.2835 	1.95938e-12
0.2842 	1.69836e-12
0.2849 	1.43734e-12
0.2856 	1.28047e-12
0.2863 	1.14062e-12
0.287 	1.00146e-12
0.2877 	8.62302e-13
0.2884 	7.23142e-13
0.2891 	5.83981e-13
0.2898 	4.4482e-13
0.2905 	3.73427e-13
0.2912 	3.2858e-13
0.2919 	2.84085e-13
0.2926 	2.39617e-13
0.2933 	1.95149e-13
0.294 	1.50681e-13
0.2947 	1.06213e-13
0.2954 	8.17331e-14
0.2961 	7.20014e-14
0.2968 	6.2351e-14
0.2975 	5.27227e-14
0.2982 	4.30945e-14
0.2989 	3.34662e-14
0.2996 	2.3838e-14
0.3003 	1.75249e-14
0.301 	1.55748e-14
0.3017 	1.36377e-14
0.3024 	1.17078e-14
0.3031 	9.7779e-15
0.3038 	7.84797e-15
0.3045 	5.91805e-15
0.3052 	4.41027e-15
0.3059 	3.94626e-15
0.3066 	3.48436e-15
0.3073 	3.02457e-15
0.308 	2.56479e-15
0.3087 	2.105e-15
0.3094 	1.64521e-15
0.3101 	1.23302e-15
0.3108 	1.10364e-15
0.3115 	9.74658e-16
0.3122 	8.46393e-16
0.3129 	7.18129e-16
0.3136 	5.89864e-16
0.3143 	4.61599e-16
0.315 	3.33348e-16
0.3157 	2.97042e-16
0.3164 	2.608e-16
0.3171 	2.24807e-16
0.3178 	1.88814e-16
0.3185 	1.52821e-16
0.3192 	1.16828e-16
0.3199 	8.08345e-17
0.3206 	6.82174e-17
0.3213 	5.94919e-17
0.322 	5.08386e-17
0.3227 	4.21853e-17
0.3234 	3.3532e-17
0.3241 	2.48787e-17
0.3248 	1.62255e-17
0.3255 	1.25866e-17
0.3262 	1.09434e-17
0.3269 	9.3145e-18
0.3276 	7.68669e-18
0.3283 	6.05888e-18
0.329 	4.43107e-18
0.3297 	2.80326e-18
0.3304 	1.96327e-18
0.3311 	1.70938e-18
0.3318 	1.45751e-18
0.3325 	1.20621e-18
0.3332 	9.549e-19
0.3339 	7.03593e-19
0.3346 	4.52286e-19
0.3353 	2.93257e-19
0.336 	2.55836e-19
0.3367 	2.18682e-19
0.3374 	1.81676e-19
0.3381 	1.44669e-19
0.3388 	1.07662e-19
0.3395 	7.0656e-20
0.3402 	4.27727e-20
0.3409 	3.72986e-20
0.3416 	3.18555e-20
0.3423 	2.64435e-20
0.343 	2.10314e-20
0.3437 	1.56194e-20
0.3444 	1.02074e-20
0.3451 	5.48914e-21
0.3458 	4.78016e-21
0.3465 	4.07403e-21
0.3472 	3.37305e-21
0.3479 	2.67207e-21
0.3486 	1.97109e-21
0.3493 	1.27011e-21
0.35 	5.74211e-22
0.3507 	4.98917e-22
0.3514 	4.25054e-22
0.3521 	3.51862e-22
0.3528 	2.7867e-22
0.3535 	2.05478e-22
0.3542 	1.32285e-22
0.3549 	5.90933e-23
0.3556 	4.36493e-23
0.3563 	3.72416e-23
0.357 	3.09079e-23
0.3577 	2.45742e-23
0.3584 	1.82405e-23
0.3591 	1.19068e-23
0.3598 	5.57305e-24
0.3605 	3.45723e-24
0.3612 	2.95522e-24
0.3619 	2.45953e-24
0.3626 	1.96433e-24
0.3633 	1.46913e-24
0.364 	9.73926e-25
0.3647 	4.78725e-25
0.3654 	2.50701e-25
0.3661 	2.14723e-25
0.3668 	1.79144e-25
0.3675 	1.43674e-25
0.3682 	1.08204e-25
0.3689 	7.27345e-26
0.3696 	3.72646e-26
0.3703 	1.64113e-26
0.371 	1.41162e-26
0.3717 	1.18409e-26
0.3724 	9.57655e-27
0.3731 	7.31223e-27
0.3738 	5.04792e-27
0.3745 	2.7836e-27
0.3752 	1.15301e-27
0.3759 	1.00378e-27
0.3766 	8.55318e-28
0.3773 	7.07629e-28
0.378 	5.59939e-28
0.3787 	4.1225e-28
0.3794 	2.6456e-28
0.3801 	1.37917e-28
0.3808 	1.22492e-28
0.3815 	1.07091e-28
0.3822 	9.17337e-29
0.3829 	7.63763e-29
0.3836 	6.10188e-29
0.3843 	4.56614e-29
0.385 	3.05649e-29
0.3857 	2.7414e-29
0.3864 	2.42776e-29
0.3871 	2.11394e-29
0.3878 	1.80012e-29
0.3885 	1.4863e-29
0.3892 	1.17248e-29
0.3899 	8.5866e-30
0.3906 	7.43777e-30
0.3913 	6.55845e-30
0.392 	5.67715e-30
0.3927 	4.79584e-30
0.3934 	3.91453e-30
0.3941 	3.03323e-30
0.3948 	2.15192e-30
0.3955 	1.75311e-30
0.3962 	1.52705e-30
0.3969 	1.30074e-30
0.3976 	1.07442e-30
0.3983 	8.4809e-31
0.399 	6.21764e-31
0.3997 	3.95438e-31
0.4004 	2.79803e-31
0.4011 	2.40835e-31
0.4018 	2.01941e-31
0.4025 	1.63066e-31
0.4032 	1.24192e-31
0.4039 	8.53177e-32
0.4046 	4.64435e-32
0.4053 	2.34625e-32
0.406 	2.00576e-32
0.4067 	1.66692e-32
0.4074 	1.32899e-32
0.4081 	9.91058e-33
0.4088 	6.53128e-33
0.4095 	3.15198e-33
0.4102 	7.78074e-34
0.4109 	6.64176e-34
0.4116 	5.51027e-34
0.4123 	4.38627e-34
0.413 	3.26226e-34
0.4137 	2.13826e-34
0.4144 	1.01425e-34
0.4151 	7.71283e-36
0.4158 	6.59534e-36
0.4165 	5.48511e-36
0.4172 	4.38796e-36
0.4179 	3.29081e-36
0.4186 	2.19367e-36
0.4193 	1.09652e-36
0.42 	2.95766e-38
0.4207 	2.50058e-38
0.4214 	2.09588e-38
0.4221 	1.69522e-38
0.4228 	1.29457e-38
0.4235 	8.93916e-39
0.4242 	4.93263e-39
0.4249 	9.261e-40
0.4256 	4.14196e-40
0.4263 	3.50483e-40
0.427 	2.86406e-40
0.4277 	2.22329e-40
0.4284 	1.58251e-40
0.4291 	9.41741e-41
0.4298 	3.00968e-41
0.4305 	1.23706e-41
0.4312 	1.04748e-41
0.4319 	8.56872e-42
0.4326 	6.66184e-42
0.4333 	4.75495e-42
0.434 	2.84807e-42
0.4347 	9.41181e-43
0.4354 	1.68751e-43
0.4361 	1.42994e-43
0.4368 	1.17282e-43
0.4375 	9.15813e-44
0.4382 	6.58809e-44
0.4389 	4.01805e-44
0.4396 	1.44801e-44
0.4403 	5.88844e-46
0.441 	4.99775e-46
0.4417 	4.11499e-46
0.4424 	3.23663e-46
0.4431 	2.35827e-46
0.4438 	1.47992e-46
0.4445 	6.01559e-47
0.4452 	3.63328e-49
0.4459 	3.08992e-49
0.4466 	2.55351e-49
0.4473 	2.02404e-49
0.448 	1.49458e-49
0.4487 	9.65108e-50
0.4494 	4.3564e-50
0.4501 	3.52888e-53
0.4508 	3.01026e-53
0.4515 	2.4972e-53
0.4522 	1.99416e-53
0.4529 	1.49111e-53
0.4536 	9.88065e-54
0.4543 	4.85019e-54
0.455 	2.33863e-57
0.4557 	1.99006e-57
0.4564 	1.6573e-57
0.4571 	1.33271e-57
0.4578 	1.00812e-57
0.4585 	6.83524e-58
0.4592 	3.58932e-58
0.4599 	3.43403e-59
0.4606 	1.38893e-61
0.4613 	1.16109e-61
0.462 	9.39818e-62
0.4627 	7.18552e-62
0.4634 	4.97285e-62
0.4641 	2.76018e-62
0.4648 	5.47514e-63
0.4655 	1.04159e-65
0.4662 	8.74371e-66
0.4669 	7.1183e-66
0.4676 	5.4965e-66
0.4683 	3.87469e-66
0.469 	2.25288e-66
0.4697 	6.31079e-67
0.4704 	8.62361e-70
0.4711 	7.27237e-70
0.4718 	5.95085e-70
0.4725 	4.63744e-70
0.4732 	3.32403e-70
0.4739 	2.01062e-70
0.4746 	6.97214e-71
0.4753 	8.27066e-74
0.476 	7.01373e-74
0.4767 	5.76797e-74
0.4774 	4.52841e-74
0.4781 	3.28885e-74
0.4788 	2.04929e-74
0.4795 	8.09728e-75
0.4802 	-3.35035e-76
0.4809 	-7.62278e-76
0.4816 	-9.77761e-76
0.4823 	-9.81484e-76
0.483 	-9.85208e-76
0.4837 	-9.88931e-76
0.4844 	-9.92655e-76
0.4851 	-1.05788e-75
0.4858 	-1.68507e-75
0.4865 	-2.08828e-75
0.4872 	-2.08835e-75
0.4879 	-2.08841e-75
0.4886 	-2.08847e-75
0.4893 	-2.08854e-75
0.49 	-2.1424e-75
0.4907 	-2.7375e-75
0.4914 	-3.27133e-75
0.4921 	-3.27143e-75
0.4928 	-3.27153e-75
0.4935 	-3.27163e-75
0.4942 	-3.27173e-75
0.4949 	-3.27183e-75
0.4956 	-3.72865e-75
0.4963 	-4.25164e-75
0.497 	-4.25168e-75
0.4977 	-4.25173e-75
0.4984 	-4.25177e-75
0.4991 	-4.25182e-75
0.4998 	-4.25186e-75
0.5005 	-4.47717e-75
0.5012 	-4.81492e-75
0.5019 	-4.83896e-75
0.5026 	-4.83886e-75
0.5033 	-4.83877e-75
0.504 	-4.83868e-75
0.5047 	-4.83859e-75
0.5054 	-4.88875e-75
0.5061 	-4.98475e-75
0.5068 	-5.00512e-75
0.5075 	-5.00487e-75
0.5082 	-5.00462e-75
0.5089 	-5.00436e-75
0.5096 	-5.00411e-75
0.5103 	-4.96817e-75
0.511 	-4.87377e-75
0.5117 	-4.83982e-75
0.5124 	-4.83944e-75
0.5131 	-4.83906e-75
0.5138 	-4.83868e-75
0.5145 	-4.8383e-75
0.5152 	-4.78811e-75
0.5159 	-4.57575e-75
0.5166 	-4.46935e-75
0.5173 	-4.46891e-75
0.518 	-4.46848e-75
0.5187 	-4.46804e-75
0.5194 	-4.46761e-75
0.5201 	-4.4427e-75
0.5208 	-4.17339e-75
0.5215 	-4.00011e-75
0.5222 	-3.99968e-75
0.5229 	-3.99925e-75
0.5236 	-3.99882e-75
0.5243 	-3.99838e-75
0.525 	-4.11976e-75
0.5257 	-3.72703e-75
0.5264 	-3.50219e-75
0.5271 	-3.50179e-75
0.5278 	-3.50139e-75
0.5285 	-3.501e-75
0.5292 	-3.5006e-75
0.5299 	-3.5002e-75
0.5306 	-3.27587e-75
0.5313 	-3.01655e-75
0.532 	-3.0162e-75
0.5327 	-3.01585e-75
0.5334 	-3.01549e-75
0.5341 	-3.01514e-75
0.5348 	-3.01478e-75
0.5355 	-2.8441e-75
0.5362 	-2.58532e-75
0.5369 	-2.56655e-75
0.5376 	-2.56623e-75
0.5383 	-2.56592e-75
0.539 	-2.5656e-75
0.5397 	-2.56529e-75
0.5404 	-2.44654e-75
0.5411 	-2.21636e-75
0.5418 	-2.16682e-75
0.5425 	-2.16655e-75
0.5432 	-2.16627e-75
0.5439 	-2.166e-75
0.5446 	-2.16573e-75
0.5453 	-2.09204e-75
0.546 	-1.89403e-75
0.5467 	-1.82317e-75
0.5474 	-1.82294e-75
0.5481 	-1.82271e-75
0.5488 	-1.82248e-75
0.5495 	-1.82226e-75
0.5502 	-1.78413e-75
0.5509 	-1.61724e-75
0.5516 	-1.5337e-75
0.5523 	-1.53352e-75
0.553 	-1.53334e-75
0.5537 	-1.53316e-75
0.5544 	-1.53298e-75
0.5551 	-1.5211e-75
0.5558 	-1.38075e-75
0.5565 	-1.29049e-75
0.5572 	-1.29037e-75
0.5579 	-1.29025e-75
0.5586 	-1.29014e-75
0.5593 	-1.29002e-75
0.56 	-1.33475e-75
0.5607 	-1.17725e-75
0.5614 	-1.08305e-75
0.5621 	-1.08302e-75
0.5628 	-1.08299e-75
0.5635 	-1.08296e-75
0.5642 	-1.08293e-75
0.5649 	-1.08289e-75
0.5656 	-9.99248e-76
0.5663 	-9.01659e-76
0.567 	-9.0172e-76
0.5677 	-9.0178e-76
0.5684 	-9.0184e-76
0.5691 	-9.01901e-76
0.5698 	-9.01961e-76
0.5705 	-8.40511e-76
0.5712 	-7.46237e-76
0.5719 	-7.39617e-76
0.5726 	-7.3974e-76
0.5733 	-7.39864e-76
0.574 	-7.39987e-76
0.5747 	-7.4011e-76
0.5754 	-6.9688e-76
0.5761 	-6.1171e-76
0.5768 	-5.93556e-76
0.5775 	-5.93678e-76
0.5782 	-5.938e-76
0.5789 	-5.93922e-76
0.5796 	-5.94045e-76
0.5803 	-5.66453e-76
0.581 	-4.90551e-76
0.5817 	-4.63473e-76
0.5824 	-4.63521e-76
0.5831 	-4.63568e-76
0.5838 	-4.63615e-76
0.5845 	-4.63663e-76
0.5852 	-4.49228e-76
0.5859 	-3.83663e-76
0.5866 	-3.50844e-76
0.5873 	-3.5077e-76
0.588 	-3.50695e-76
0.5887 	-3.50621e-76
0.5894 	-3.50547e-76
0.5901 	-3.46307e-76
0.5908 	-2.92004e-76
0.5915 	-2.57025e-76
0.5922 	-2.5683e-76
0.5929 	-2.56634e-76
0.5936 	-2.56439e-76
0.5943 	-2.56243e-76
0.595 	-2.65623e-76
0.5957 	-2.15986e-76
0.5964 	-1.82194e-76
0.5971 	-1.81916e-76
0.5978 	-1.81638e-76
0.5985 	-1.8136e-76
0.5992 	-1.81082e-76
0.5999 	-1.80805e-76
0.6006 	-1.55188e-76
0.6013 	-1.25078e-76
0.602 	-1.24772e-76
0.6027 	-1.24466e-76
0.6034 	-1.2416e-76
0.6041 	-1.23854e-76
0.6048 	-1.23548e-76
0.6055 	-1.0835e-76
0.6062 	-8.49422e-77
0.6069 	-8.30029e-77
0.6076 	-8.2715e-77
0.6083 	-8.24272e-77
0.609 	-8.21393e-77
0.6097 	-8.18514e-77
0.6104 	-7.35766e-77
0.6111 	-5.73297e-77
0.6118 	-5.36582e-77
0.6125 	-5.34163e-77
0.6132 	-5.31744e-77
0.6139 	-5.29326e-77
0.6146 	-5.26907e-77
0.6153 	-4.86588e-77
0.616 	-3.77803e-77
0.6167 	-3.37753e-77
0.6174 	-3.35888e-77
0.6181 	-3.34023e-77
0.6188 	-3.32159e-77
0.6195 	-3.30294e-77
0.6202 	-3.13858e-77
0.6209 	-2.43325e-77
0.6216 	-2.07387e-77
0.6223 	-2.06044e-77
0.623 	-2.047e-77
0.6237 	-2.03356e-77
0.6244 	-2.02012e-77
0.6251 	-1.97733e-77
0.6258 	-1.53307e-77
0.6265 	-1.2442e-77
0.6272 	-1.23503e-77
0.6279 	-1.22586e-77
0.6286 	-1.21668e-77
0.6293 	-1.20751e-77
0.63 	-1.24553e-77
0.6307 	-9.45766e-78
0.6314 	-7.30331e-78
0.6321 	-7.24341e-78
0.6328 	-7.1835e-78
0.6335 	-7.1236e-78
0.6342 	-7.06369e-78
0.6349 	-7.00379e-78
0.6356 	-5.71726e-78
0.6363 	-4.19897e-78
0.637 	-4.16128e-78
0.6377 	-4.12358e-78
0.6384 	-4.08589e-78
0.6391 	-4.04819e-78
0.6398 	-4.01049e-78
0.6405 	-3.38878e-78
0.6412 	-2.43317e-78
0.6419 	-2.34358e-78
0.6426 	-2.3206e-78
0.6433 	-2.29762e-78
0.644 	-2.27464e-78
0.6447 	-2.25166e-78
0.6454 	-1.97033e-78
0.6461 	-1.42265e-78
0.6468 	-1.29459e-78
0.6475 	-1.28096e-78
0.6482 	-1.26734e-78
0.6489 	-1.25372e-78
0.6496 	-1.2401e-78
0.6503 	-1.12403e-78
0.651 	-8.16487e-79
0.6517 	-7.01588e-79
0.6524 	-6.93716e-79
0.6531 	-6.85843e-79
0.6538 	-6.77971e-79
0.6545 	-6.70098e-79
0.6552 	-6.29169e-79
0.6559 	-4.59866e-79
0.6566 	-3.72992e-79
0.6573 	-3.68548e-79
0.658 	-3.64104e-79
0.6587 	-3.5966e-79
0.6594 	-3.55216e-79
0.6601 	-3.45466e-79
0.6608 	-2.54075e-79
0.6615 	-1.94447e-79
0.6622 	-1.91994e-79
0.6629 	-1.89542e-79
0.6636 	-1.87089e-79
0.6643 	-1.84637e-79
0.665 	-1.89757e-79
0.6657 	-1.37612e-79
0.6664 	-9.93238e-80
0.6671 	-9.80002e-80
0.6678 	-9.66766e-80
0.6685 	-9.53529e-80
0.6692 	-9.40293e-80
0.6699 	-9.27056e-80
0.6706 	-7.29989e-80
0.6713 	-4.96556e-80
0.672 	-4.89573e-80
0.6727 	-4.82589e-80
0.6734 	-4.75605e-80
0.6741 	-4.68622e-80
0.6748 	-4.61638e-80
0.6755 	-3.78814e-80
0.6762 	-2.51454e-80
0.6769 	-2.39014e-80
0.6776 	-2.35415e-80
0.6783 	-2.31816e-80
0.679 	-2.28217e-80
0.6797 	-2.24618e-80
0.6804 	-1.92021e-80
0.6811 	-1.28806e-80
0.6818 	-1.13839e-80
0.6825 	-1.12029e-80
0.6832 	-1.1022e-80
0.6839 	-1.08411e-80
0.6846 	-1.06602e-80
0.6853 	-9.49144e-81
0.686 	-6.42955e-81
0.6867 	-5.2791e-81
0.6874 	-5.19055e-81
0.6881 	-5.10201e-81
0.6888 	-5.01347e-81
0.6895 	-4.92493e-81
0.6902 	-4.56602e-81
0.6909 	-3.12174e-81
0.6916 	-2.37855e-81
0.6923 	-2.33644e-81
0.693 	-2.29433e-81
0.6937 	-2.25222e-81
0.6944 	-2.2101e-81
0.6951 	-2.14628e-81
0.6958 	-1.68938e-81
0.6965 	-1.39089e-81
0.6972 	-1.3775e-81
0.6979 	-1.36412e-81
0.6986 	-1.35073e-81
0.6993 	-1.33735e-81
0.7 	-1.38047e-81
