0 	1
0.0007 	1
0.0014 	1
0.0021 	1
0.0028 	1
0.0035 	1
0.0042 	1
0.0049 	1
0.0056 	1
0.0063 	1
0.007 	1
0.0077 	1
0.0084 	1
0.0091 	1
0.0098 	1
0.0105 	1
0.0112 	1
0.0119 	1
0.0126 	1
0.0133 	1
0.014 	1
0.0147 	1
0.0154 	1
0.0161 	1
0.0168 	1
0.0175 	1
0.0182 	1
0.0189 	1
0.0196 	1
0.0203 	1
0.021 	1
0.0217 	1
0.0224 	1
0.0231 	1
0.0238 	1
0.0245 	1
0.0252 	1
0.0259 	1
0.0266 	1
0.0273 	1
0.028 	1
0.0287 	1
0.0294 	1
0.0301 	1
0.0308 	1
0.0315 	1
0.0322 	1
0.0329 	1
0.0336 	1
0.0343 	1
0.035 	1
0.0357 	1
0.0364 	1
0.0371 	1
0.0378 	1
0.0385 	1
0.0392 	1
0.0399 	1
0.0406 	1
0.0413 	1
0.042 	1
0.0427 	1
0.0434 	1
0.0441 	1
0.0448 	1
0.0455 	1
0.0462 	1
0.0469 	1
0.0476 	1
0.0483 	1
0.049 	1
0.0497 	1
0.0504 	1
0.0511 	1
0.0518 	1
0.0525 	1
0.0532 	1
0.0539 	1
0.0546 	1
0.0553 	1
0.056 	1
0.0567 	1
0.0574 	1
0.0581 	1
0.0588 	1
0.0595 	1
0.0602 	1
0.0609 	1
0.0616 	1
0.0623 	1
0.063 	1
0.0637 	1
0.0644 	1
0.0651 	1
0.0658 	1
0.0665 	1
0.0672 	1
0.0679 	1
0.0686 	1
0.0693 	1
0.07 	1
0.0707 	1
0.0714 	1
0.0721 	1
0.0728 	1
0.0735 	1
0.0742 	1
0.0749 	1
0.0756 	1
0.0763 	1
0.077 	1
0.0777 	1
0.0784 	1
0.0791 	1
0.0798 	1
0.0805 	1
0.0812 	1
0.0819 	1
0.0826 	1
0.0833 	1
0.084 	1
0.0847 	1
0.0854 	1
0.0861 	1
0.0868 	1
0.0875 	1
0.0882 	1
0.0889 	1
0.0896 	1
0.0903 	1
0.091 	1
0.0917 	1
0.0924 	1
0.0931 	1
0.0938 	1
0.0945 	1
0.0952 	1
0.0959 	1
0.0966 	1
0.0973 	1
0.098 	1
0.0987 	1
0.0994 	1
0.1001 	1
0.1008 	1
0.1015 	1
0.1022 	1
0.1029 	1
0.1036 	1
0.1043 	1
0.105 	1
0.1057 	1
0.1064 	1
0.1071 	1
0.1078 	1
0.1085 	1
0.1092 	1
0.1099 	1
0.1106 	1
0.1113 	1
0.112 	1
0.1127 	1
0.1134 	1
0.1141 	1
0.1148 	1
0.1155 	1
0.1162 	1
0.1169 	1
0.1176 	1
0.1183 	1
0.119 	1
0.1197 	1
0.1204 	1
0.1211 	1
0.1218 	1
0.1225 	1
0.1232 	1
0.1239 	1
0.1246 	1
0.1253 	1
0.126 	1
0.1267 	1
0.1274 	1
0.1281 	1
0.1288 	1
0.1295 	1
0.1302 	1
0.1309 	1
0.1316 	1
0.1323 	1
0.133 	1
0.1337 	1
0.1344 	1
0.1351 	1
0.1358 	1
0.1365 	1
0.1372 	1
0.1379 	1
0.1386 	1
0.1393 	1
0.14 	1
0.1407 	1
0.1414 	1
0.1421 	1
0.1428 	1
0.1435 	1
0.1442 	1
0.1449 	1
0.1456 	1
0.1463 	1
0.147 	1
0.1477 	1
0.1484 	1
0.1491 	1
0.1498 	1
0.1505 	1
0.1512 	1
0.1519 	1
0.1526 	1
0.1533 	1
0.154 	1
0.1547 	1
0.1554 	1
0.1561 	1
0.1568 	1
0.1575 	1
0.1582 	1
0.1589 	1
0.1596 	1
0.1603 	1
0.161 	1
0.1617 	1
0.1624 	1
0.1631 	1
0.1638 	1
0.1645 	1
0.1652 	1
0.1659 	1
0.1666 	1
0.1673 	1
0.168 	1
0.1687 	1
0.1694 	1
0.1701 	1
0.1708 	1
0.1715 	1
0.1722 	1
0.1729 	1
0.1736 	1
0.1743 	1
0.175 	1
0.1757 	1
0.1764 	1
0.1771 	1
0.1778 	1
0.1785 	1
0.1792 	1
0.1799 	1
0.1806 	1
0.1813 	1
0.182 	1
0.1827 	1
0.1834 	1
0.1841 	1
0.1848 	1
0.1855 	1
0.1862 	1
0.1869 	1
0.1876 	1
0.1883 	1
0.189 	1
0.1897 	1
0.1904 	1
0.1911 	1
0.1918 	1
0.1925 	1
0.1932 	1
0.1939 	1
0.1946 	1
0.1953 	1
0.196 	1
0.1967 	1
0.1974 	1
0.1981 	1
0.1988 	1
0.1995 	1
0.2002 	1
0.2009 	1
0.2016 	1
0.2023 	1
0.203 	1
0.2037 	1
0.2044 	1
0.2051 	1
0.2058 	1
0.2065 	1
0.2072 	1
0.2079 	1
0.2086 	1
0.2093 	1
0.21 	1
0.2107 	1
0.2114 	1
0.2121 	1
0.2128 	1
0.2135 	1
0.2142 	1
0.2149 	1
0.2156 	1
0.2163 	1
0.217 	1
0.2177 	1
0.2184 	1
0.2191 	1
0.2198 	1
0.2205 	0.999977
0.2212 	0.999946
0.2219 	0.999915
0.2226 	0.999883
0.2233 	0.999852
0.224 	0.999821
0.2247 	0.99979
0.2254 	0.998583
0.2261 	0.996494
0.2268 	0.994405
0.2275 	0.992316
0.2282 	0.990227
0.2289 	0.988138
0.2296 	0.986049
0.2303 	0.974259
0.231 	0.949526
0.2317 	0.924792
0.2324 	0.900057
0.2331 	0.875322
0.2338 	0.850587
0.2345 	0.825852
0.2352 	0.79047
0.2359 	0.728463
0.2366 	0.666456
0.2373 	0.604449
0.238 	0.542442
0.2387 	0.480434
0.2394 	0.418427
0.2401 	0.358839
0.2408 	0.313816
0.2415 	0.268793
0.2422 	0.223772
0.2429 	0.178751
0.2436 	0.13373
0.2443 	0.0887084
0.245 	0.0436913
0.2457 	0.0377961
0.2464 	0.0319023
0.2471 	0.0260091
0.2478 	0.0201159
0.2485 	0.0142227
0.2492 	0.00832951
0.2499 	0.00243631
0.2506 	0.00141316
0.2513 	0.00120093
0.252 	0.000988708
0.2527 	0.000776491
0.2534 	0.000564275
0.2541 	0.000352058
0.2548 	0.000139841
0.2555 	7.16965e-05
0.2562 	6.11491e-05
0.2569 	5.06027e-05
0.2576 	4.00563e-05
0.2583 	2.951e-05
0.259 	1.89636e-05
0.2597 	8.41727e-06
0.2604 	3.60094e-06
0.2611 	3.08017e-06
0.2618 	2.55945e-06
0.2625 	2.03875e-06
0.2632 	1.51805e-06
0.2639 	9.97347e-07
0.2646 	4.76645e-07
0.2653 	1.68876e-07
0.266 	1.44885e-07
0.2667 	1.20899e-07
0.2674 	9.69151e-08
0.2681 	7.29315e-08
0.2688 	4.8948e-08
0.2695 	2.49644e-08
0.2702 	7.53633e-09
0.2709 	6.48765e-09
0.2716 	5.43929e-09
0.2723 	4.39127e-09
0.273 	3.34324e-09
0.2737 	2.29522e-09
0.2744 	1.24719e-09
0.2751 	3.4252e-10
0.2758 	2.97167e-10
0.2765 	2.5183e-10
0.2772 	2.06524e-10
0.2779 	1.61218e-10
0.2786 	1.15912e-10
0.2793 	7.06064e-11
0.28 	2.53059e-11
0.2807 	2.26752e-11
0.2814 	2.00456e-11
0.2821 	1.74186e-11
0.2828 	1.47917e-11
0.2835 	1.21647e-11
0.2842 	9.53777e-12
0.2849 	6.91081e-12
0.2856 	6.14754e-12
0.2863 	5.69468e-12
0.287 	5.24242e-12
0.2877 	4.79015e-12
0.2884 	4.33789e-12
0.2891 	3.88563e-12
0.2898 	3.43336e-12
0.2905 	3.14185e-12
0.2912 	2.91462e-12
0.2919 	2.68799e-12
0.2926 	2.4614e-12
0.2933 	2.23481e-12
0.294 	2.00822e-12
0.2947 	1.78164e-12
0.2954 	1.60044e-12
0.2961 	1.45328e-12
0.2968 	1.30663e-12
0.2975 	1.16011e-12
0.2982 	1.01359e-12
0.2989 	8.67072e-13
0.2996 	7.20553e-13
0.3003 	6.0925e-13
0.301 	5.44907e-13
0.3017 	4.80785e-13
0.3024 	4.16786e-13
0.3031 	3.52787e-13
0.3038 	2.88788e-13
0.3045 	2.2479e-13
0.3052 	1.73731e-13
0.3059 	1.55017e-13
0.3066 	1.36359e-13
0.3073 	1.17758e-13
0.308 	9.91577e-14
0.3087 	8.0557e-14
0.3094 	6.19564e-14
0.3101 	4.53108e-14
0.3108 	4.03898e-14
0.3115 	3.54804e-14
0.3122 	3.0592e-14
0.3129 	2.57036e-14
0.3136 	2.08153e-14
0.3143 	1.59269e-14
0.315 	1.10388e-14
0.3157 	9.78828e-15
0.3164 	8.53982e-15
0.3171 	7.29841e-15
0.3178 	6.05699e-15
0.3185 	4.81558e-15
0.3192 	3.57416e-15
0.3199 	2.33275e-15
0.3206 	1.9357e-15
0.3213 	1.67944e-15
0.322 	1.42503e-15
0.3227 	1.17062e-15
0.3234 	9.16213e-16
0.3241 	6.61805e-16
0.3248 	4.07396e-16
0.3255 	3.05268e-16
0.3262 	2.64028e-16
0.3269 	2.23108e-16
0.3276 	1.82212e-16
0.3283 	1.41316e-16
0.329 	1.0042e-16
0.3297 	5.95245e-17
0.3304 	3.89506e-17
0.3311 	3.36125e-17
0.3318 	2.83115e-17
0.3325 	2.30206e-17
0.3332 	1.77298e-17
0.3339 	1.24389e-17
0.3346 	7.14809e-18
0.3353 	3.89418e-18
0.336 	3.35509e-18
0.3367 	2.81926e-18
0.3374 	2.28523e-18
0.3381 	1.75119e-18
0.3388 	1.21716e-18
0.3395 	6.83125e-19
0.3402 	2.90191e-19
0.3409 	2.4982e-19
0.3416 	2.0965e-19
0.3423 	1.6968e-19
0.343 	1.2971e-19
0.3437 	8.974e-20
0.3444 	4.977e-20
0.3451 	1.52125e-20
0.3458 	1.30986e-20
0.3465 	1.09927e-20
0.3472 	8.90143e-21
0.3479 	6.81012e-21
0.3486 	4.71882e-21
0.3493 	2.62751e-21
0.35 	5.36469e-22
0.3507 	4.62895e-22
0.3514 	3.89526e-22
0.3521 	3.16844e-22
0.3528 	2.44163e-22
0.3535 	1.71481e-22
0.3542 	9.87997e-23
0.3549 	2.61182e-23
0.3556 	1.39394e-23
0.3563 	1.18361e-23
0.357 	9.75976e-24
0.3577 	7.68346e-24
0.3584 	5.60715e-24
0.3591 	3.53085e-24
0.3598 	1.45454e-24
0.3605 	7.79918e-25
0.3612 	6.65652e-25
0.3619 	5.52821e-25
0.3626 	4.401e-25
0.3633 	3.2738e-25
0.364 	2.1466e-25
0.3647 	1.0194e-25
0.3654 	4.94571e-26
0.3661 	4.21331e-26
0.3668 	3.48774e-26
0.3675 	2.76404e-26
0.3682 	2.04034e-26
0.3689 	1.31664e-26
0.3696 	5.92933e-27
0.3703 	1.68807e-27
0.371 	1.43915e-27
0.3717 	1.19192e-27
0.3724 	9.45631e-28
0.3731 	6.99339e-28
0.3738 	4.53048e-28
0.3745 	2.06757e-28
0.3752 	2.96295e-29
0.3759 	2.53045e-29
0.3766 	2.09978e-29
0.3773 	1.67094e-29
0.378 	1.2421e-29
0.3787 	8.13266e-30
0.3794 	3.84429e-30
0.3801 	1.65727e-31
0.3808 	1.41979e-31
0.3815 	1.18274e-31
0.3822 	9.46479e-32
0.3829 	7.10215e-32
0.3836 	4.73951e-32
0.3843 	2.37687e-32
0.385 	1.45516e-34
0.3857 	1.2513e-34
0.3864 	1.04753e-34
0.3871 	8.43884e-35
0.3878 	6.40237e-35
0.3885 	4.3659e-35
0.3892 	2.32943e-35
0.3899 	2.92959e-36
0.3906 	2.03297e-38
0.3913 	1.70868e-38
0.392 	1.38873e-38
0.3927 	1.06878e-38
0.3934 	7.48825e-39
0.3941 	4.28873e-39
0.3948 	1.08922e-39
0.3955 	1.57634e-40
0.3962 	1.32634e-40
0.3969 	1.0849e-40
0.3976 	8.44109e-41
0.3983 	6.03323e-41
0.399 	3.62537e-41
0.3997 	1.21751e-41
0.4004 	1.70621e-42
0.4011 	1.43923e-42
0.4018 	1.18035e-42
0.4025 	9.23697e-43
0.4032 	6.67038e-43
0.4039 	4.1038e-43
0.4046 	1.53722e-43
0.4053 	6.65695e-45
0.406 	5.63576e-45
0.4067 	4.6391e-45
0.4074 	3.65608e-45
0.4081 	2.67306e-45
0.4088 	1.69004e-45
0.4095 	7.07017e-46
0.4102 	4.786e-48
0.4109 	4.069e-48
0.4116 	3.36422e-48
0.4123 	2.67165e-48
0.413 	1.97909e-48
0.4137 	1.28653e-48
0.4144 	5.93963e-49
0.4151 	4.20988e-52
0.4158 	3.59402e-52
0.4165 	2.98491e-52
0.4172 	2.38797e-52
0.4179 	1.79103e-52
0.4186 	1.19409e-52
0.4193 	5.97154e-53
0.42 	2.95978e-56
0.4207 	2.53568e-56
0.4214 	2.11444e-56
0.4221 	1.70332e-56
0.4228 	1.29221e-56
0.4235 	8.81099e-57
0.4242 	4.69987e-57
0.4249 	5.88743e-58
0.4256 	1.74502e-60
0.4263 	1.46078e-60
0.427 	1.18444e-60
0.4277 	9.0809e-61
0.4284 	6.31744e-61
0.4291 	3.55398e-61
0.4298 	7.90519e-62
0.4305 	1.19627e-64
0.4312 	1.01228e-64
0.4319 	8.34998e-65
0.4326 	6.58231e-65
0.4333 	4.81463e-65
0.434 	3.04696e-65
0.4347 	1.27929e-65
0.4354 	5.44326e-66
0.4361 	5.83494e-66
0.4368 	6.53128e-66
0.4375 	7.31072e-66
0.4382 	8.09015e-66
0.4389 	8.86959e-66
0.4396 	9.64903e-66
0.4403 	1.02695e-65
0.441 	1.06785e-65
0.4417 	1.13469e-65
0.4424 	1.21595e-65
0.4431 	1.29721e-65
0.4438 	1.37846e-65
0.4445 	1.45972e-65
0.4452 	1.52638e-65
0.4459 	1.55659e-65
0.4466 	1.60179e-65
0.4473 	1.66195e-65
0.448 	1.72212e-65
0.4487 	1.78229e-65
0.4494 	1.84245e-65
0.4501 	1.89592e-65
0.4508 	1.90926e-65
0.4515 	1.92736e-65
0.4522 	1.95399e-65
0.4529 	1.98063e-65
0.4536 	2.00727e-65
0.4543 	2.03391e-65
0.455 	2.06058e-65
0.4557 	2.05883e-65
0.4564 	2.05679e-65
0.4571 	2.05354e-65
0.4578 	2.05029e-65
0.4585 	2.04704e-65
0.4592 	2.04379e-65
0.4599 	2.04055e-65
0.4606 	2.0159e-65
0.4613 	1.9857e-65
0.462 	1.92969e-65
0.4627 	1.87368e-65
0.4634 	1.81767e-65
0.4641 	1.76166e-65
0.4648 	1.70565e-65
0.4655 	1.65277e-65
0.4662 	1.60112e-65
0.4669 	1.50206e-65
0.4676 	1.39935e-65
0.4683 	1.29664e-65
0.469 	1.19393e-65
0.4697 	1.09122e-65
0.4704 	1.02154e-65
0.4711 	9.76616e-66
0.4718 	8.96819e-66
0.4725 	8.07511e-66
0.4732 	7.18203e-66
0.4739 	6.28895e-66
0.4746 	5.39588e-66
0.4753 	4.77992e-66
0.476 	4.53312e-66
0.4767 	4.12992e-66
0.4774 	3.63984e-66
0.4781 	3.14976e-66
0.4788 	2.65968e-66
0.4795 	2.16959e-66
0.4802 	1.79062e-66
0.4809 	1.68917e-66
0.4816 	1.53779e-66
0.4823 	1.33648e-66
0.483 	1.13517e-66
0.4837 	9.33857e-67
0.4844 	7.32547e-67
0.4851 	5.55242e-67
0.4858 	5.21755e-67
0.4865 	4.76512e-67
0.4872 	4.10108e-67
0.4879 	3.43703e-67
0.4886 	2.77299e-67
0.4893 	2.10894e-67
0.49 	1.44501e-67
0.4907 	1.35363e-67
0.4914 	1.24305e-67
0.4921 	1.06198e-67
0.4928 	8.80924e-68
0.4935 	6.99863e-68
0.4942 	5.18803e-68
0.4949 	3.37742e-68
0.4956 	2.94194e-68
0.4963 	2.72089e-68
0.497 	2.31182e-68
0.4977 	1.90275e-68
0.4984 	1.49369e-68
0.4991 	1.08462e-68
0.4998 	6.75551e-69
0.5005 	5.31191e-69
0.5012 	4.92634e-69
0.5019 	4.19047e-69
0.5026 	3.42765e-69
0.5033 	2.66484e-69
0.504 	1.90202e-69
0.5047 	1.1392e-69
0.5054 	7.78766e-70
0.5061 	7.19935e-70
0.5068 	6.1604e-70
0.5075 	4.99856e-70
0.5082 	3.83671e-70
0.5089 	2.67486e-70
0.5096 	1.51302e-70
0.5103 	8.21999e-71
0.511 	7.58393e-71
0.5117 	6.55203e-71
0.5124 	5.30023e-71
0.5131 	4.04842e-71
0.5138 	2.79661e-71
0.5145 	1.54481e-71
0.5152 	6.36139e-72
0.5159 	5.84746e-72
0.5166 	5.0851e-72
0.5173 	4.0743e-72
0.518 	3.0635e-72
0.5187 	2.05271e-72
0.5194 	1.04191e-72
0.5201 	1.73627e-73
0.5208 	1.59549e-73
0.5215 	1.40772e-73
0.5222 	1.13541e-73
0.5229 	8.63093e-74
0.5236 	5.90778e-74
0.5243 	3.18462e-74
0.525 	4.61814e-75
0.5257 	4.24514e-75
0.5264 	3.79538e-75
0.5271 	3.06397e-75
0.5278 	2.33256e-75
0.5285 	1.60115e-75
0.5292 	8.69747e-76
0.5299 	1.3834e-76
0.5306 	3.15683e-77
0.5313 	2.858e-77
0.532 	2.27662e-77
0.5327 	1.69523e-77
0.5334 	1.11385e-77
0.5341 	5.32464e-78
0.5348 	-4.89197e-79
0.5355 	-1.82597e-78
0.5362 	-1.37281e-78
0.5369 	-1.41589e-78
0.5376 	-1.49713e-78
0.5383 	-1.57837e-78
0.539 	-1.65962e-78
0.5397 	-1.74086e-78
0.5404 	-1.55197e-78
0.5411 	-1.16042e-78
0.5418 	-1.08685e-78
0.5425 	-1.1e-78
0.5432 	-1.11316e-78
0.5439 	-1.12631e-78
0.5446 	-1.13946e-78
0.5453 	-1.02999e-78
0.546 	-7.56942e-79
0.5467 	-6.61503e-79
0.5474 	-6.64739e-79
0.5481 	-6.67974e-79
0.5488 	-6.71209e-79
0.5495 	-6.74444e-79
0.5502 	-6.27531e-79
0.5509 	-4.55173e-79
0.5516 	-3.69233e-79
0.5523 	-3.69712e-79
0.553 	-3.70191e-79
0.5537 	-3.7067e-79
0.5544 	-3.71149e-79
0.5551 	-3.57234e-79
0.5558 	-2.5687e-79
0.5565 	-1.92372e-79
0.5572 	-1.92431e-79
0.5579 	-1.92491e-79
0.5586 	-1.92551e-79
0.5593 	-1.9261e-79
0.56 	-1.92673e-79
0.5607 	-1.38007e-79
0.5614 	-9.50528e-80
0.5621 	-9.50579e-80
0.5628 	-9.5063e-80
0.5635 	-9.5068e-80
0.5642 	-9.50731e-80
0.5649 	-9.50781e-80
0.5656 	-7.09848e-80
0.5663 	-4.48791e-80
0.567 	-4.48792e-80
0.5677 	-4.48793e-80
0.5684 	-4.48793e-80
0.5691 	-4.48794e-80
0.5698 	-4.48795e-80
0.5705 	-3.50657e-80
0.5712 	-2.13241e-80
0.5719 	-2.03423e-80
0.5726 	-2.0342e-80
0.5733 	-2.03417e-80
0.574 	-2.03414e-80
0.5747 	-2.03412e-80
0.5754 	-1.66744e-80
0.5761 	-1.02565e-80
0.5768 	-8.8811e-81
0.5775 	-8.88086e-81
0.5782 	-8.88063e-81
0.5789 	-8.8804e-81
0.5796 	-8.88016e-81
0.5803 	-7.64774e-81
0.581 	-4.77159e-81
0.5817 	-3.74431e-81
0.5824 	-3.74418e-81
0.5831 	-3.74405e-81
0.5838 	-3.74392e-81
0.5845 	-3.74379e-81
0.5852 	-3.38928e-81
0.5859 	-2.14829e-81
0.5866 	-1.52776e-81
0.5873 	-1.5277e-81
0.588 	-1.52763e-81
0.5887 	-1.52756e-81
0.5894 	-1.5275e-81
0.5901 	-1.45365e-81
0.5908 	-9.36701e-82
0.5915 	-6.04363e-82
0.5922 	-6.04332e-82
0.5929 	-6.04301e-82
0.5936 	-6.04269e-82
0.5943 	-6.04238e-82
0.595 	-6.04215e-82
0.5957 	-3.95863e-82
0.5964 	-2.32142e-82
0.5971 	-2.32128e-82
0.5978 	-2.32113e-82
0.5985 	-2.32099e-82
0.5992 	-2.32085e-82
0.5999 	-2.3207e-82
0.6006 	-1.62293e-82
0.6013 	-8.66922e-83
0.602 	-8.6686e-83
0.6027 	-8.66798e-83
0.6034 	-8.66735e-83
0.6041 	-8.66673e-83
0.6048 	-8.66611e-83
0.6055 	-6.46022e-83
0.6062 	-3.3717e-83
0.6069 	-3.15085e-83
0.6076 	-3.15059e-83
0.6083 	-3.15033e-83
0.609 	-3.15007e-83
0.6097 	-3.14981e-83
0.6104 	-2.49897e-83
0.6111 	-1.35997e-83
0.6118 	-1.11582e-83
0.6125 	-1.11571e-83
0.6132 	-1.11561e-83
0.6139 	-1.1155e-83
0.6146 	-1.1154e-83
0.6153 	-9.40179e-84
0.616 	-5.31363e-84
0.6167 	-3.85331e-84
0.6174 	-3.8529e-84
0.6181 	-3.85249e-84
0.6188 	-3.85208e-84
0.6195 	-3.85166e-84
0.6202 	-3.44309e-84
0.6209 	-2.01353e-84
0.6216 	-1.29867e-84
0.6223 	-1.29852e-84
0.623 	-1.29836e-84
0.6237 	-1.29821e-84
0.6244 	-1.29805e-84
0.6251 	-1.22834e-84
0.6258 	-7.40876e-85
0.6265 	-4.27486e-85
0.6272 	-4.2743e-85
0.6279 	-4.27373e-85
0.6286 	-4.27317e-85
0.6293 	-4.2726e-85
0.63 	-4.27209e-85
0.6307 	-2.65e-85
0.6314 	-1.37535e-85
0.6321 	-1.37515e-85
0.6328 	-1.37495e-85
0.6335 	-1.37475e-85
0.6342 	-1.37455e-85
0.6349 	-1.37436e-85
0.6356 	-9.22423e-86
0.6363 	-4.32789e-86
0.637 	-4.32721e-86
0.6377 	-4.32653e-86
0.6384 	-4.32585e-86
0.6391 	-4.32517e-86
0.6398 	-4.32448e-86
0.6405 	-3.12785e-86
0.6412 	-1.45256e-86
0.6419 	-1.33269e-86
0.6426 	-1.33246e-86
0.6433 	-1.33223e-86
0.644 	-1.33201e-86
0.6447 	-1.33178e-86
0.6454 	-1.03423e-86
0.6461 	-5.13587e-87
0.6468 	-4.01963e-87
0.6475 	-4.01889e-87
0.6482 	-4.01816e-87
0.6489 	-4.01742e-87
0.6496 	-4.01669e-87
0.6503 	-3.33767e-87
0.651 	-1.75383e-87
0.6517 	-1.18802e-87
0.6524 	-1.18779e-87
0.6531 	-1.18756e-87
0.6538 	-1.18732e-87
0.6545 	-1.18709e-87
0.6552 	-1.05214e-87
0.6559 	-5.80192e-88
0.6566 	-3.44182e-88
0.6573 	-3.44111e-88
0.658 	-3.4404e-88
0.6587 	-3.43969e-88
0.6594 	-3.43898e-88
0.6601 	-3.24162e-88
0.6608 	-1.86324e-88
0.6615 	-9.77066e-89
0.6622 	-9.76854e-89
0.6629 	-9.76642e-89
0.6636 	-9.76429e-89
0.6643 	-9.76217e-89
0.665 	-9.76016e-89
0.6657 	-5.81304e-89
0.6664 	-2.71132e-89
0.6671 	-2.7107e-89
0.6678 	-2.71009e-89
0.6685 	-2.70947e-89
0.6692 	-2.70885e-89
0.6699 	-2.70824e-89
0.6706 	-1.75861e-89
0.6713 	-7.29791e-90
0.672 	-7.29618e-90
0.6727 	-7.29444e-90
0.6734 	-7.29271e-90
0.6741 	-7.29097e-90
0.6748 	-7.28924e-90
0.6755 	-5.12101e-90
0.6762 	-2.08569e-90
0.6769 	-1.86845e-90
0.6776 	-1.86798e-90
0.6783 	-1.86751e-90
0.679 	-1.86704e-90
0.6797 	-1.86657e-90
0.6804 	-1.40912e-90
0.6811 	-6.0878e-91
0.6818 	-4.37184e-91
0.6825 	-4.37064e-91
0.6832 	-4.36944e-91
0.6839 	-4.36824e-91
0.6846 	-4.36704e-91
0.6853 	-3.52674e-91
0.686 	-1.5671e-91
0.6867 	-8.67045e-92
0.6874 	-8.66765e-92
0.6881 	-8.66486e-92
0.6888 	-8.66207e-92
0.6895 	-8.65927e-92
0.6902 	-7.47587e-92
0.6909 	-3.33923e-92
0.6916 	-1.27064e-92
0.6923 	-1.2701e-92
0.693 	-1.26955e-92
0.6937 	-1.269e-92
0.6944 	-1.26845e-92
0.6951 	-1.16666e-92
0.6958 	-4.56794e-93
0.6965 	-4.24361e-96
0.6972 	-3.46893e-96
0.6979 	-2.69425e-96
0.6986 	-1.91956e-96
0.6993 	-1.14488e-96
0.7 	-3.70287e-97
