0 	1
0.0007 	1
0.0014 	1
0.0021 	1
0.0028 	1
0.0035 	1
0.0042 	1
0.0049 	1
0.0056 	1
0.0063 	1
0.007 	1
0.0077 	1
0.0084 	1
0.0091 	1
0.0098 	1
0.0105 	1
0.0112 	1
0.0119 	1
0.0126 	1
0.0133 	1
0.014 	1
0.0147 	1
0.0154 	1
0.0161 	1
0.0168 	1
0.0175 	1
0.0182 	1
0.0189 	1
0.0196 	1
0.0203 	1
0.021 	1
0.0217 	1
0.0224 	1
0.0231 	1
0.0238 	1
0.0245 	1
0.0252 	1
0.0259 	1
0.0266 	1
0.0273 	1
0.028 	1
0.0287 	1
0.0294 	1
0.0301 	1
0.0308 	1
0.0315 	1
0.0322 	1
0.0329 	1
0.0336 	1
0.0343 	1
0.035 	1
0.0357 	1
0.0364 	1
0.0371 	1
0.0378 	1
0.0385 	1
0.0392 	1
0.0399 	1
0.0406 	1
0.0413 	1
0.042 	1
0.0427 	1
0.0434 	1
0.0441 	1
0.0448 	1
0.0455 	1
0.0462 	1
0.0469 	1
0.0476 	1
0.0483 	1
0.049 	1
0.0497 	1
0.0504 	1
0.0511 	1
0.0518 	1
0.0525 	1
0.0532 	1
0.0539 	1
0.0546 	1
0.0553 	1
0.056 	1
0.0567 	1
0.0574 	1
0.0581 	1
0.0588 	1
0.0595 	1
0.0602 	1
0.0609 	1
0.0616 	1
0.0623 	1
0.063 	1
0.0637 	1
0.0644 	1
0.0651 	1
0.0658 	1
0.0665 	1
0.0672 	1
0.0679 	1
0.0686 	1
0.0693 	1
0.07 	1
0.0707 	1
0.0714 	1
0.0721 	1
0.0728 	1
0.0735 	1
0.0742 	1
0.0749 	1
0.0756 	1
0.0763 	1
0.077 	1
0.0777 	1
0.0784 	1
0.0791 	1
0.0798 	1
0.0805 	1
0.0812 	1
0.0819 	1
0.0826 	1
0.0833 	1
0.084 	1
0.0847 	1
0.0854 	1
0.0861 	1
0.0868 	1
0.0875 	1
0.0882 	1
0.0889 	1
0.0896 	1
0.0903 	1
0.091 	1
0.0917 	1
0.0924 	1
0.0931 	1
0.0938 	1
0.0945 	1
0.0952 	1
0.0959 	1
0.0966 	1
0.0973 	1
0.098 	1
0.0987 	1
0.0994 	1
0.1001 	1
0.1008 	1
0.1015 	1
0.1022 	1
0.1029 	1
0.1036 	1
0.1043 	1
0.105 	1
0.1057 	1
0.1064 	1
0.1071 	1
0.1078 	1
0.1085 	1
0.1092 	1
0.1099 	1
0.1106 	1
0.1113 	1
0.112 	1
0.1127 	1
0.1134 	1
0.1141 	1
0.1148 	1
0.1155 	1
0.1162 	1
0.1169 	1
0.1176 	1
0.1183 	1
0.119 	1
0.1197 	1
0.1204 	1
0.1211 	1
0.1218 	1
0.1225 	1
0.1232 	1
0.1239 	1
0.1246 	1
0.1253 	1
0.126 	1
0.1267 	1
0.1274 	1
0.1281 	1
0.1288 	1
0.1295 	1
0.1302 	1
0.1309 	1
0.1316 	1
0.1323 	1
0.133 	1
0.1337 	1
0.1344 	1
0.1351 	1
0.1358 	1
0.1365 	1
0.1372 	1
0.1379 	1
0.1386 	1
0.1393 	1
0.14 	1
0.1407 	1
0.1414 	1
0.1421 	1
0.1428 	1
0.1435 	1
0.1442 	1
0.1449 	1
0.1456 	1
0.1463 	1
0.147 	1
0.1477 	1
0.1484 	1
0.1491 	1
0.1498 	1
0.1505 	1
0.1512 	1
0.1519 	1
0.1526 	1
0.1533 	1
0.154 	1
0.1547 	1
0.1554 	1
0.1561 	1
0.1568 	1
0.1575 	1
0.1582 	1
0.1589 	1
0.1596 	1
0.1603 	1
0.161 	1
0.1617 	1
0.1624 	1
0.1631 	1
0.1638 	1
0.1645 	1
0.1652 	1
0.1659 	1
0.1666 	1
0.1673 	1
0.168 	1
0.1687 	1
0.1694 	1
0.1701 	1
0.1708 	1
0.1715 	1
0.1722 	1
0.1729 	1
0.1736 	1
0.1743 	1
0.175 	1
0.1757 	1
0.1764 	1
0.1771 	1
0.1778 	1
0.1785 	1
0.1792 	1
0.1799 	1
0.1806 	1
0.1813 	1
0.182 	1
0.1827 	1
0.1834 	1
0.1841 	1
0.1848 	1
0.1855 	1
0.1862 	1
0.1869 	1
0.1876 	1
0.1883 	1
0.189 	1
0.1897 	1
0.1904 	1
0.1911 	1
0.1918 	1
0.1925 	1
0.1932 	1
0.1939 	1
0.1946 	1
0.1953 	1
0.196 	1
0.1967 	1
0.1974 	1
0.1981 	1
0.1988 	1
0.1995 	1
0.2002 	1
0.2009 	1
0.2016 	1
0.2023 	1
0.203 	1
0.2037 	1
0.2044 	1
0.2051 	1
0.2058 	1
0.2065 	1
0.2072 	1
0.2079 	1
0.2086 	1
0.2093 	1
0.21 	1
0.2107 	1
0.2114 	1
0.2121 	1
0.2128 	1
0.2135 	1
0.2142 	1
0.2149 	1
0.2156 	1
0.2163 	1
0.217 	1
0.2177 	1
0.2184 	1
0.2191 	1
0.2198 	1
0.2205 	1
0.2212 	1
0.2219 	1
0.2226 	1
0.2233 	1
0.224 	1
0.2247 	1
0.2254 	1
0.2261 	1
0.2268 	1
0.2275 	1
0.2282 	1
0.2289 	1
0.2296 	1
0.2303 	1
0.231 	1
0.2317 	1
0.2324 	1
0.2331 	1
0.2338 	1
0.2345 	1
0.2352 	1
0.2359 	1
0.2366 	0.999999
0.2373 	0.999999
0.238 	0.999999
0.2387 	0.999999
0.2394 	0.999999
0.2401 	0.999987
0.2408 	0.999905
0.2415 	0.999823
0.2422 	0.999742
0.2429 	0.99966
0.2436 	0.999578
0.2443 	0.999496
0.245 	0.999415
0.2457 	0.995527
0.2464 	0.99164
0.2471 	0.987752
0.2478 	0.983864
0.2485 	0.979976
0.2492 	0.976088
0.2499 	0.9722
0.2506 	0.942717
0.2513 	0.908966
0.252 	0.875214
0.2527 	0.841462
0.2534 	0.80771
0.2541 	0.773958
0.2548 	0.740206
0.2555 	0.685515
0.2562 	0.62245
0.2569 	0.559384
0.2576 	0.496319
0.2583 	0.433253
0.259 	0.370188
0.2597 	0.307122
0.2604 	0.25949
0.2611 	0.223437
0.2618 	0.187385
0.2625 	0.151333
0.2632 	0.115281
0.2639 	0.0792286
0.2646 	0.0431766
0.2653 	0.0212734
0.266 	0.0182325
0.2667 	0.0151918
0.2674 	0.0121511
0.2681 	0.00911045
0.2688 	0.0060698
0.2695 	0.00302914
0.2702 	0.000824796
0.2709 	0.000710774
0.2716 	0.000596755
0.2723 	0.000482737
0.273 	0.000368719
0.2737 	0.000254701
0.2744 	0.000140683
0.2751 	4.21384e-05
0.2758 	3.64055e-05
0.2765 	3.06725e-05
0.2772 	2.49395e-05
0.2779 	1.92064e-05
0.2786 	1.34734e-05
0.2793 	7.74037e-06
0.28 	2.00758e-06
0.2807 	1.73821e-06
0.2814 	1.46886e-06
0.2821 	1.19951e-06
0.2828 	9.30156e-07
0.2835 	6.60806e-07
0.2842 	3.91455e-07
0.2849 	1.22105e-07
0.2856 	7.39755e-08
0.2863 	6.27036e-08
0.287 	5.14335e-08
0.2877 	4.01633e-08
0.2884 	2.88932e-08
0.2891 	1.76231e-08
0.2898 	6.35295e-09
0.2905 	2.83138e-09
0.2912 	2.40854e-09
0.2919 	1.98589e-09
0.2926 	1.56325e-09
0.2933 	1.1406e-09
0.294 	7.17963e-10
0.2947 	2.95321e-10
0.2954 	1.06066e-10
0.2961 	9.18179e-11
0.2968 	7.75797e-11
0.2975 	6.33442e-11
0.2982 	4.91087e-11
0.2989 	3.48732e-11
0.2996 	2.06377e-11
0.3003 	1.22615e-11
0.301 	1.16961e-11
0.3017 	1.11314e-11
0.3024 	1.0567e-11
0.3031 	1.00026e-11
0.3038 	9.43815e-12
0.3045 	8.87373e-12
0.3052 	8.37128e-12
0.3059 	8.02365e-12
0.3066 	7.67604e-12
0.3073 	7.32846e-12
0.308 	6.98088e-12
0.3087 	6.6333e-12
0.3094 	6.28572e-12
0.3101 	5.92576e-12
0.3108 	5.49164e-12
0.3115 	5.05747e-12
0.3122 	4.6232e-12
0.3129 	4.18893e-12
0.3136 	3.75466e-12
0.3143 	3.32039e-12
0.315 	2.88612e-12
0.3157 	2.6301e-12
0.3164 	2.37406e-12
0.3171 	2.11791e-12
0.3178 	1.86175e-12
0.3185 	1.60559e-12
0.3192 	1.34944e-12
0.3199 	1.09328e-12
0.3206 	9.7244e-13
0.3213 	8.74139e-13
0.322 	7.75745e-13
0.3227 	6.77352e-13
0.3234 	5.78958e-13
0.3241 	4.80565e-13
0.3248 	3.82171e-13
0.3255 	3.28502e-13
0.3262 	2.92722e-13
0.3269 	2.56893e-13
0.3276 	2.2106e-13
0.3283 	1.85227e-13
0.329 	1.49394e-13
0.3297 	1.13561e-13
0.3304 	9.2071e-14
0.3311 	8.13371e-14
0.3318 	7.05866e-14
0.3325 	5.98316e-14
0.3332 	4.90766e-14
0.3339 	3.83216e-14
0.3346 	2.75666e-14
0.3353 	2.03532e-14
0.336 	1.78615e-14
0.3367 	1.53656e-14
0.3374 	1.28676e-14
0.3381 	1.03695e-14
0.3388 	7.87142e-15
0.3395 	5.37335e-15
0.3402 	3.46369e-15
0.3409 	3.02483e-15
0.3416 	2.58525e-15
0.3423 	2.14496e-15
0.343 	1.70467e-15
0.3437 	1.26438e-15
0.3444 	8.24091e-16
0.3451 	4.38577e-16
0.3458 	3.81613e-16
0.3465 	3.24565e-16
0.3472 	2.67365e-16
0.3479 	2.10164e-16
0.3486 	1.52964e-16
0.3493 	9.57637e-17
0.35 	3.85659e-17
0.3507 	3.34771e-17
0.3514 	2.83828e-17
0.3521 	2.32671e-17
0.3528 	1.81514e-17
0.3535 	1.30357e-17
0.3542 	7.91993e-18
0.3549 	2.80421e-18
0.3556 	1.83333e-18
0.3563 	1.55283e-18
0.357 	1.27049e-18
0.3577 	9.88153e-19
0.3584 	7.05812e-19
0.3591 	4.23471e-19
0.3598 	1.4113e-19
0.3605 	5.46332e-20
0.3612 	4.64537e-20
0.3619 	3.81992e-20
0.3626 	2.9939e-20
0.3633 	2.16787e-20
0.364 	1.34185e-20
0.3647 	5.15821e-21
0.3654 	1.50118e-21
0.3661 	1.29579e-21
0.3668 	1.0885e-21
0.3675 	8.80695e-22
0.3682 	6.72888e-22
0.3689 	4.65081e-22
0.3696 	2.57274e-22
0.3703 	1.30867e-22
0.371 	1.12976e-22
0.3717 	9.49511e-23
0.3724 	7.68528e-23
0.3731 	5.87546e-23
0.3738 	4.06564e-23
0.3745 	2.25581e-23
0.3752 	9.26257e-24
0.3759 	7.97104e-24
0.3766 	6.67108e-24
0.3773 	5.36269e-24
0.378 	4.05429e-24
0.3787 	2.7459e-24
0.3794 	1.4375e-24
0.3801 	3.09915e-25
0.3808 	2.66672e-25
0.3815 	2.23199e-25
0.3822 	1.79313e-25
0.3829 	1.35427e-25
0.3836 	9.15416e-26
0.3843 	4.76558e-26
0.385 	3.77256e-27
0.3857 	3.2525e-27
0.3864 	2.7305e-27
0.3871 	2.20111e-27
0.3878 	1.67172e-27
0.3885 	1.14233e-27
0.3892 	6.1294e-28
0.3899 	8.35506e-29
0.3906 	7.01707e-30
0.3913 	5.92057e-30
0.392 	4.80075e-30
0.3927 	3.68093e-30
0.3934 	2.56112e-30
0.3941 	1.4413e-30
0.3948 	3.21481e-31
0.3955 	1.44492e-33
0.3962 	1.22548e-33
0.3969 	1.00012e-33
0.3976 	7.74312e-34
0.3983 	5.48499e-34
0.399 	3.22687e-34
0.3997 	9.68738e-35
0.4004 	1.02151e-37
0.4011 	8.70587e-38
0.4018 	7.15555e-38
0.4025 	5.59403e-38
0.4032 	4.0325e-38
0.4039 	2.47097e-38
0.4046 	9.09442e-39
0.4053 	1.62481e-40
0.406 	1.39416e-40
0.4067 	1.15514e-40
0.4074 	9.11476e-41
0.4081 	6.67814e-41
0.4088 	4.24152e-41
0.4095 	1.80491e-41
0.4102 	6.21536e-43
0.4109 	5.35343e-43
0.4116 	4.46379e-43
0.4123 	3.54643e-43
0.413 	2.62908e-43
0.4137 	1.71172e-43
0.4144 	7.94366e-44
0.4151 	7.96502e-46
0.4158 	6.8842e-46
0.4165 	5.77686e-46
0.4172 	4.62178e-46
0.4179 	3.46671e-46
0.4186 	2.31164e-46
0.4193 	1.15656e-46
0.42 	1.56301e-49
0.4207 	1.35519e-49
0.4214 	1.14425e-49
0.4221 	9.21779e-50
0.4228 	6.99309e-50
0.4235 	4.76838e-50
0.4242 	2.54367e-50
0.4249 	3.18967e-51
0.4256 	1.14606e-53
0.4263 	9.72872e-54
0.427 	7.88833e-54
0.4277 	6.04793e-54
0.4284 	4.20753e-54
0.4291 	2.36713e-54
0.4298 	5.26733e-55
0.4305 	9.25154e-58
0.4312 	7.88677e-58
0.4319 	6.43926e-58
0.4326 	4.98539e-58
0.4333 	3.53151e-58
0.434 	2.07764e-58
0.4347 	6.23763e-59
0.4354 	7.093e-62
0.4361 	6.06657e-62
0.4368 	4.98919e-62
0.4375 	3.89791e-62
0.4382 	2.80663e-62
0.4389 	1.71534e-62
0.4396 	6.24063e-63
0.4403 	5.13605e-66
0.441 	4.40692e-66
0.4417 	3.64897e-66
0.4424 	2.87501e-66
0.4431 	2.10106e-66
0.4438 	1.3271e-66
0.4445 	5.53142e-67
0.4452 	3.5167e-70
0.4459 	3.02682e-70
0.4466 	2.52225e-70
0.4473 	2.003e-70
0.448 	1.48376e-70
0.4487 	9.64512e-71
0.4494 	4.45267e-71
0.4501 	2.28933e-74
0.4508 	1.97632e-74
0.4515 	1.65677e-74
0.4522 	1.32544e-74
0.4529 	9.9411e-75
0.4536 	6.6278e-75
0.4543 	3.3145e-75
0.455 	1.42193e-78
0.4557 	1.23103e-78
0.4564 	1.03782e-78
0.4571 	8.36039e-79
0.4578 	6.34253e-79
0.4585 	4.32467e-79
0.4592 	2.30682e-79
0.4599 	2.88962e-80
0.4606 	7.35155e-83
0.4613 	6.2308e-83
0.462 	5.05207e-83
0.4627 	3.87335e-83
0.4634 	2.69462e-83
0.4641 	1.51589e-83
0.4648 	3.37166e-84
0.4655 	4.21146e-87
0.4662 	3.58497e-87
0.4669 	2.92661e-87
0.4676 	2.26581e-87
0.4683 	1.60501e-87
0.469 	9.44209e-88
0.4697 	2.83408e-88
0.4704 	2.32187e-91
0.4711 	1.98333e-91
0.4718 	1.63052e-91
0.4725 	1.27383e-91
0.4732 	9.17138e-92
0.4739 	5.60446e-92
0.4746 	2.03754e-92
0.4753 	-5.83988e-96
0.476 	-8.75772e-96
0.4767 	-1.09921e-95
0.4774 	-1.28467e-95
0.4781 	-1.47014e-95
0.4788 	-1.65561e-95
0.4795 	-1.84107e-95
0.4802 	-1.96193e-95
0.4809 	-1.9213e-95
0.4816 	-1.901e-95
0.4823 	-1.90103e-95
0.483 	-1.90105e-95
0.4837 	-1.90108e-95
0.4844 	-1.9011e-95
0.4851 	-1.8843e-95
0.4858 	-1.76649e-95
0.4865 	-1.69076e-95
0.4872 	-1.69075e-95
0.4879 	-1.69074e-95
0.4886 	-1.69073e-95
0.4893 	-1.69073e-95
0.49 	-1.69073e-95
0.4907 	-1.52924e-95
0.4914 	-1.40235e-95
0.4921 	-1.40233e-95
0.4928 	-1.40231e-95
0.4935 	-1.40229e-95
0.4942 	-1.40227e-95
0.4949 	-1.40225e-95
0.4956 	-1.25284e-95
0.4963 	-1.09098e-95
0.497 	-1.09095e-95
0.4977 	-1.09093e-95
0.4984 	-1.0909e-95
0.4991 	-1.09087e-95
0.4998 	-1.09085e-95
0.5005 	-9.7416e-96
0.5012 	-8.10792e-96
0.5019 	-7.99098e-96
0.5026 	-7.9907e-96
0.5033 	-7.99043e-96
0.504 	-7.99015e-96
0.5047 	-7.98988e-96
0.5054 	-7.20199e-96
0.5061 	-5.82321e-96
0.5068 	-5.52756e-96
0.5075 	-5.52731e-96
0.5082 	-5.52705e-96
0.5089 	-5.5268e-96
0.5096 	-5.52655e-96
0.5103 	-5.06901e-96
0.511 	-4.0016e-96
0.5117 	-3.62024e-96
0.5124 	-3.62003e-96
0.5131 	-3.61982e-96
0.5138 	-3.61961e-96
0.5145 	-3.6194e-96
0.5152 	-3.40028e-96
0.5159 	-2.63368e-96
0.5166 	-2.2503e-96
0.5173 	-2.25014e-96
0.518 	-2.24998e-96
0.5187 	-2.24983e-96
0.5194 	-2.24967e-96
0.5201 	-2.17604e-96
0.5208 	-1.66136e-96
0.5215 	-1.33045e-96
0.5222 	-1.33034e-96
0.5229 	-1.33023e-96
0.5236 	-1.33011e-96
0.5243 	-1.33e-96
0.525 	-1.32989e-96
0.5257 	-1.00502e-96
0.5264 	-7.49729e-97
0.5271 	-7.49655e-97
0.5278 	-7.49581e-97
0.5285 	-7.49507e-97
0.5292 	-7.49433e-97
0.5299 	-7.49359e-97
0.5306 	-5.83332e-97
0.5313 	-4.03462e-97
0.532 	-4.03416e-97
0.5327 	-4.0337e-97
0.5334 	-4.03324e-97
0.5341 	-4.03278e-97
0.5348 	-4.03232e-97
0.5355 	-3.25026e-97
0.5362 	-2.15545e-97
0.5369 	-2.077e-97
0.5376 	-2.07673e-97
0.5383 	-2.07646e-97
0.539 	-2.07619e-97
0.5397 	-2.07592e-97
0.5404 	-1.73957e-97
0.5411 	-1.15109e-97
0.5418 	-1.02487e-97
0.5425 	-1.02472e-97
0.5432 	-1.02457e-97
0.5439 	-1.02442e-97
0.5446 	-1.02427e-97
0.5453 	-8.94922e-98
0.546 	-5.93263e-98
0.5467 	-4.85477e-98
0.5474 	-4.85398e-98
0.5481 	-4.85319e-98
0.5488 	-4.85241e-98
0.5495 	-4.85162e-98
0.5502 	-4.4288e-98
0.5509 	-2.95054e-98
0.5516 	-2.21121e-98
0.5523 	-2.21081e-98
0.553 	-2.21041e-98
0.5537 	-2.21002e-98
0.5544 	-2.20962e-98
0.5551 	-2.11018e-98
0.5558 	-1.41611e-98
0.5565 	-9.69853e-99
0.5572 	-9.69664e-99
0.5579 	-9.69474e-99
0.5586 	-9.69284e-99
0.5593 	-9.69095e-99
0.56 	-9.6891e-99
0.5607 	-6.56069e-99
0.5614 	-4.10233e-99
0.5621 	-4.10146e-99
0.5628 	-4.10058e-99
0.5635 	-4.09971e-99
0.5642 	-4.09884e-99
0.5649 	-4.09797e-99
0.5656 	-2.93529e-99
0.5663 	-1.67573e-99
0.567 	-1.67534e-99
0.5677 	-1.67496e-99
0.5684 	-1.67457e-99
0.5691 	-1.67419e-99
0.5698 	-1.6738e-99
0.5705 	-1.269e-99
0.5712 	-7.02369e-100
0.5719 	-6.61744e-100
0.5726 	-6.61581e-100
0.5733 	-6.61418e-100
0.574 	-6.61255e-100
0.5747 	-6.61093e-100
0.5754 	-5.30508e-100
0.5761 	-3.02079e-100
0.5768 	-2.53077e-100
0.5775 	-2.53011e-100
0.5782 	-2.52945e-100
0.5789 	-2.52878e-100
0.5796 	-2.52812e-100
0.5803 	-2.14635e-100
0.581 	-1.25629e-100
0.5817 	-9.38244e-101
0.5824 	-9.37983e-101
0.5831 	-9.37721e-101
0.5838 	-9.3746e-101
0.5845 	-9.37198e-101
0.5852 	-8.41132e-101
0.5859 	-5.05468e-101
0.5866 	-3.37586e-101
0.5873 	-3.37487e-101
0.588 	-3.37387e-101
0.5887 	-3.37288e-101
0.5894 	-3.37188e-101
0.5901 	-3.19586e-101
0.5908 	-1.96899e-101
0.5915 	-1.18016e-101
0.5922 	-1.1798e-101
0.5929 	-1.17943e-101
0.5936 	-1.17907e-101
0.5943 	-1.1787e-101
0.595 	-1.17834e-101
0.5957 	-7.43209e-102
0.5964 	-4.0127e-102
0.5971 	-4.0114e-102
0.5978 	-4.0101e-102
0.5985 	-4.0088e-102
0.5992 	-4.00749e-102
0.5999 	-4.00619e-102
0.6006 	-2.72079e-102
0.6013 	-1.32833e-102
0.602 	-1.32788e-102
0.6027 	-1.32743e-102
0.6034 	-1.32698e-102
0.6041 	-1.32653e-102
0.6048 	-1.32608e-102
0.6055 	-9.66998e-103
0.6062 	-4.64406e-103
0.6069 	-4.28367e-103
0.6076 	-4.28216e-103
0.6083 	-4.28066e-103
0.609 	-4.27915e-103
0.6097 	-4.27765e-103
0.6104 	-3.33988e-103
0.6111 	-1.69972e-103
0.6118 	-1.34787e-103
0.6125 	-1.34737e-103
0.6132 	-1.34688e-103
0.6139 	-1.34639e-103
0.6146 	-1.3459e-103
0.6153 	-1.12209e-103
0.616 	-6.00418e-104
0.6167 	-4.14007e-104
0.6174 	-4.13852e-104
0.6181 	-4.13696e-104
0.6188 	-4.1354e-104
0.6195 	-4.13384e-104
0.6202 	-3.67041e-104
0.6209 	-2.05189e-104
0.6216 	-1.24238e-104
0.6223 	-1.2419e-104
0.623 	-1.24142e-104
0.6237 	-1.24094e-104
0.6244 	-1.24046e-104
0.6251 	-1.17004e-104
0.6258 	-6.79754e-105
0.6265 	-3.64518e-105
0.6272 	-3.64373e-105
0.6279 	-3.64228e-105
0.6286 	-3.64083e-105
0.6293 	-3.63938e-105
0.63 	-3.63795e-105
0.6307 	-2.18675e-105
0.6314 	-1.04637e-105
0.6321 	-1.04594e-105
0.6328 	-1.04552e-105
0.6335 	-1.04509e-105
0.6342 	-1.04466e-105
0.6349 	-1.04423e-105
0.6356 	-6.84136e-106
0.6363 	-2.94054e-106
0.637 	-2.93931e-106
0.6377 	-2.93808e-106
0.6384 	-2.93685e-106
0.6391 	-2.93562e-106
0.6398 	-2.9344e-106
0.6405 	-2.08427e-106
0.6412 	-8.9445e-107
0.6419 	-8.09142e-107
0.6426 	-8.08796e-107
0.6433 	-8.08451e-107
0.644 	-8.08106e-107
0.6447 	-8.0776e-107
0.6454 	-6.1908e-107
0.6461 	-2.89107e-107
0.6468 	-2.18324e-107
0.6475 	-2.18229e-107
0.6482 	-2.18134e-107
0.6489 	-2.18039e-107
0.6496 	-2.17944e-107
0.6503 	-1.7947e-107
0.651 	-8.98099e-108
0.6517 	-5.77719e-108
0.6524 	-5.77463e-108
0.6531 	-5.77207e-108
0.6538 	-5.76951e-108
0.6545 	-5.76694e-108
0.6552 	-5.0829e-108
0.6559 	-2.69452e-108
0.6566 	-1.49999e-108
0.6573 	-1.49931e-108
0.658 	-1.49864e-108
0.6587 	-1.49796e-108
0.6594 	-1.49728e-108
0.6601 	-1.4076e-108
0.6608 	-7.83549e-109
0.6615 	-3.82311e-109
0.6622 	-3.82136e-109
0.6629 	-3.81961e-109
0.6636 	-3.81786e-109
0.6643 	-3.81611e-109
0.665 	-3.81438e-109
0.6657 	-2.21433e-109
0.6664 	-9.56984e-110
0.6671 	-9.56539e-110
0.6678 	-9.56095e-110
0.6685 	-9.5565e-110
0.6692 	-9.55205e-110
0.6699 	-9.5476e-110
0.6706 	-6.09426e-110
0.6713 	-2.35342e-110
0.672 	-2.35231e-110
0.6727 	-2.3512e-110
0.6734 	-2.35009e-110
0.6741 	-2.34898e-110
0.6748 	-2.34788e-110
0.6755 	-1.6359e-110
0.6762 	-6.39478e-111
0.6769 	-5.68052e-111
0.6776 	-5.6778e-111
0.6783 	-5.67508e-111
0.679 	-5.67237e-111
0.6797 	-5.66965e-111
0.6804 	-4.28366e-111
0.6811 	-1.85991e-111
0.6818 	-1.34002e-111
0.6825 	-1.33937e-111
0.6832 	-1.33871e-111
0.6839 	-1.33806e-111
0.6846 	-1.3374e-111
0.6853 	-1.08837e-111
0.686 	-5.0805e-112
0.6867 	-3.00694e-112
0.6874 	-3.00539e-112
0.6881 	-3.00383e-112
0.6888 	-3.00227e-112
0.6895 	-3.00072e-112
0.6902 	-2.61282e-112
0.6909 	-1.25872e-112
0.6916 	-5.81483e-113
0.6923 	-5.81123e-113
0.693 	-5.80762e-113
0.6937 	-5.80402e-113
0.6944 	-5.80041e-113
0.6951 	-5.33412e-113
0.6958 	-2.09006e-113
0.6965 	-4.32907e-116
0.6972 	-3.59135e-116
0.6979 	-2.85363e-116
0.6986 	-2.11591e-116
0.6993 	-1.37819e-116
0.7 	-6.40524e-117
