0 	1
0.0007 	1
0.0014 	1
0.0021 	1
0.0028 	1
0.0035 	1
0.0042 	1
0.0049 	1
0.0056 	1
0.0063 	1
0.007 	1
0.0077 	1
0.0084 	1
0.0091 	1
0.0098 	1
0.0105 	1
0.0112 	1
0.0119 	1
0.0126 	1
0.0133 	1
0.014 	1
0.0147 	1
0.0154 	1
0.0161 	1
0.0168 	1
0.0175 	1
0.0182 	1
0.0189 	1
0.0196 	1
0.0203 	1
0.021 	1
0.0217 	1
0.0224 	1
0.0231 	1
0.0238 	1
0.0245 	1
0.0252 	1
0.0259 	1
0.0266 	1
0.0273 	1
0.028 	1
0.0287 	1
0.0294 	1
0.0301 	1
0.0308 	1
0.0315 	1
0.0322 	1
0.0329 	1
0.0336 	1
0.0343 	1
0.035 	1
0.0357 	1
0.0364 	1
0.0371 	1
0.0378 	1
0.0385 	1
0.0392 	1
0.0399 	1
0.0406 	1
0.0413 	1
0.042 	1
0.0427 	1
0.0434 	1
0.0441 	1
0.0448 	1
0.0455 	1
0.0462 	1
0.0469 	1
0.0476 	1
0.0483 	1
0.049 	1
0.0497 	1
0.0504 	1
0.0511 	1
0.0518 	1
0.0525 	1
0.0532 	1
0.0539 	1
0.0546 	1
0.0553 	1
0.056 	1
0.0567 	1
0.0574 	1
0.0581 	1
0.0588 	1
0.0595 	1
0.0602 	1
0.0609 	1
0.0616 	1
0.0623 	1
0.063 	1
0.0637 	1
0.0644 	1
0.0651 	1
0.0658 	1
0.0665 	1
0.0672 	1
0.0679 	1
0.0686 	1
0.0693 	1
0.07 	1
0.0707 	1
0.0714 	1
0.0721 	1
0.0728 	1
0.0735 	1
0.0742 	1
0.0749 	1
0.0756 	1
0.0763 	1
0.077 	1
0.0777 	1
0.0784 	1
0.0791 	1
0.0798 	1
0.0805 	1
0.0812 	1
0.0819 	1
0.0826 	1
0.0833 	1
0.084 	1
0.0847 	1
0.0854 	1
0.0861 	1
0.0868 	1
0.0875 	1
0.0882 	1
0.0889 	1
0.0896 	1
0.0903 	1
0.091 	1
0.0917 	1
0.0924 	1
0.0931 	1
0.0938 	1
0.0945 	1
0.0952 	1
0.0959 	1
0.0966 	1
0.0973 	1
0.098 	1
0.0987 	1
0.0994 	1
0.1001 	1
0.1008 	1
0.1015 	1
0.1022 	1
0.1029 	1
0.1036 	1
0.1043 	1
0.105 	1
0.1057 	1
0.1064 	1
0.1071 	1
0.1078 	1
0.1085 	1
0.1092 	1
0.1099 	1
0.1106 	1
0.1113 	1
0.112 	1
0.1127 	1
0.1134 	1
0.1141 	1
0.1148 	1
0.1155 	1
0.1162 	1
0.1169 	1
0.1176 	1
0.1183 	1
0.119 	1
0.1197 	1
0.1204 	1
0.1211 	1
0.1218 	1
0.1225 	1
0.1232 	1
0.1239 	1
0.1246 	1
0.1253 	1
0.126 	1
0.1267 	1
0.1274 	1
0.1281 	1
0.1288 	1
0.1295 	1
0.1302 	1
0.1309 	1
0.1316 	1
0.1323 	1
0.133 	1
0.1337 	1
0.1344 	1
0.1351 	1
0.1358 	1
0.1365 	1
0.1372 	1
0.1379 	1
0.1386 	1
0.1393 	1
0.14 	1
0.1407 	1
0.1414 	1
0.1421 	1
0.1428 	1
0.1435 	1
0.1442 	1
0.1449 	1
0.1456 	1
0.1463 	1
0.147 	1
0.1477 	1
0.1484 	1
0.1491 	1
0.1498 	1
0.1505 	1
0.1512 	1
0.1519 	1
0.1526 	1
0.1533 	1
0.154 	1
0.1547 	1
0.1554 	1
0.1561 	1
0.1568 	1
0.1575 	1
0.1582 	1
0.1589 	1
0.1596 	1
0.1603 	1
0.161 	1
0.1617 	1
0.1624 	1
0.1631 	1
0.1638 	1
0.1645 	1
0.1652 	1
0.1659 	1
0.1666 	1
0.1673 	1
0.168 	1
0.1687 	1
0.1694 	1
0.1701 	1
0.1708 	1
0.1715 	1
0.1722 	1
0.1729 	1
0.1736 	1
0.1743 	1
0.175 	1
0.1757 	1
0.1764 	1
0.1771 	1
0.1778 	1
0.1785 	1
0.1792 	1
0.1799 	1
0.1806 	1
0.1813 	1
0.182 	1
0.1827 	1
0.1834 	1
0.1841 	1
0.1848 	1
0.1855 	1
0.1862 	1
0.1869 	1
0.1876 	1
0.1883 	1
0.189 	1
0.1897 	1
0.1904 	1
0.1911 	1
0.1918 	1
0.1925 	1
0.1932 	1
0.1939 	1
0.1946 	1
0.1953 	1
0.196 	1
0.1967 	1
0.1974 	1
0.1981 	1
0.1988 	1
0.1995 	1
0.2002 	1
0.2009 	1
0.2016 	1
0.2023 	1
0.203 	1
0.2037 	1
0.2044 	1
0.2051 	1
0.2058 	1
0.2065 	1
0.2072 	0.999999
0.2079 	0.999999
0.2086 	0.999997
0.2093 	0.999996
0.21 	0.999994
0.2107 	0.999994
0.2114 	0.999966
0.2121 	0.999843
0.2128 	0.999649
0.2135 	0.999401
0.2142 	0.999074
0.2149 	0.998703
0.2156 	0.998392
0.2163 	0.997751
0.217 	0.992685
0.2177 	0.986541
0.2184 	0.978901
0.2191 	0.968882
0.2198 	0.956485
0.2205 	0.944554
0.2212 	0.932811
0.2219 	0.896693
0.2226 	0.856775
0.2233 	0.811786
0.224 	0.75743
0.2247 	0.686213
0.2254 	0.614882
0.2261 	0.543465
0.2268 	0.478895
0.2275 	0.41641
0.2282 	0.355358
0.2289 	0.296174
0.2296 	0.243834
0.2303 	0.190932
0.231 	0.137279
0.2317 	0.0976732
0.2324 	0.0658718
0.2331 	0.041078
0.2338 	0.0179269
0.2345 	0.0150467
0.2352 	0.012011
0.2359 	0.00858644
0.2366 	0.00576074
0.2373 	0.0035339
0.238 	0.00208623
0.2387 	0.0007818
0.2394 	0.000586348
0.2401 	0.000473799
0.2408 	0.000346894
0.2415 	0.000236291
0.2422 	0.000155032
0.2429 	9.50635e-05
0.2436 	4.41695e-05
0.2443 	2.90572e-05
0.245 	2.37031e-05
0.2457 	1.75515e-05
0.2464 	1.18753e-05
0.2471 	7.94262e-06
0.2478 	4.83349e-06
0.2485 	2.3779e-06
0.2492 	1.34566e-06
0.2499 	1.10415e-06
0.2506 	8.30086e-07
0.2513 	5.57761e-07
0.252 	3.78608e-07
0.2527 	2.28008e-07
0.2534 	1.17827e-07
0.2541 	5.77059e-08
0.2548 	4.76419e-08
0.2555 	3.63697e-08
0.2562 	2.46144e-08
0.2569 	1.67484e-08
0.2576 	9.9912e-09
0.2583 	5.41892e-09
0.259 	2.33891e-09
0.2597 	1.9449e-09
0.2604 	1.51034e-09
0.2611 	1.04539e-09
0.2618 	7.09016e-10
0.2625 	4.2323e-10
0.2632 	2.44325e-10
0.2639 	1.00387e-10
0.2646 	8.46609e-11
0.2653 	6.77162e-11
0.266 	4.91467e-11
0.2667 	3.46204e-11
0.2674 	2.23402e-11
0.2681 	1.47931e-11
0.2688 	7.77468e-12
0.2695 	6.57499e-12
0.2702 	5.33919e-12
0.2709 	4.01308e-12
0.2716 	2.92167e-12
0.2723 	2.06497e-12
0.273 	1.42619e-12
0.2737 	8.29053e-13
0.2744 	6.66007e-13
0.2751 	5.34767e-13
0.2758 	3.94031e-13
0.2765 	2.7255e-13
0.2772 	1.8573e-13
0.2779 	1.1687e-13
0.2786 	5.58573e-14
0.2793 	3.69654e-14
0.28 	2.95605e-14
0.2807 	2.14479e-14
0.2814 	1.40274e-14
0.2821 	9.14436e-15
0.2828 	5.12823e-15
0.2835 	1.8148e-15
0.2842 	5.60473e-16
0.2849 	4.5006e-16
0.2856 	3.29583e-16
0.2863 	2.10932e-16
0.287 	1.37825e-16
0.2877 	7.4692e-17
0.2884 	2.59917e-17
0.2891 	1.49836e-18
0.2898 	1.21125e-18
0.2905 	9.0112e-19
0.2912 	5.81773e-19
0.2919 	3.82195e-19
0.2926 	2.0872e-19
0.2933 	8.20861e-20
0.294 	6.36879e-22
0.2947 	5.18046e-22
0.2954 	3.91578e-22
0.2961 	2.59383e-22
0.2968 	1.69509e-22
0.2975 	9.42974e-23
0.2982 	4.16672e-23
0.2989 	3.03477e-25
0.2996 	2.48452e-25
0.3003 	1.90665e-25
0.301 	1.29195e-25
0.3017 	8.37227e-26
0.3024 	4.71393e-26
0.3031 	2.25812e-26
0.3038 	3.13751e-29
0.3045 	2.58319e-29
0.3052 	2.01023e-29
0.3059 	1.39062e-29
0.3066 	8.95877e-30
0.3073 	5.25993e-30
0.308 	2.61322e-30
0.3087 	1.7582e-31
0.3094 	1.45613e-33
0.3101 	1.14751e-33
0.3108 	8.08992e-34
0.3115 	5.18898e-34
0.3122 	3.15977e-34
0.3129 	1.61428e-34
0.3136 	2.85689e-35
0.3143 	8.63477e-38
0.315 	6.88173e-38
0.3157 	4.93522e-38
0.3164 	3.15517e-38
0.3171 	1.98548e-38
0.3178 	1.03755e-38
0.3185 	2.73445e-39
0.3192 	4.94925e-42
0.3199 	3.96905e-42
0.3206 	2.90178e-42
0.3213 	1.85077e-42
0.322 	1.19978e-42
0.3227 	6.39435e-43
0.3234 	2.13341e-43
0.3241 	2.71004e-46
0.3248 	2.18525e-46
0.3255 	1.62517e-46
0.3262 	1.05096e-46
0.3269 	6.88931e-47
0.3276 	3.73889e-47
0.3283 	1.46396e-47
0.329 	1.42038e-50
0.3297 	1.1512e-50
0.3304 	8.691e-51
0.3311 	5.77317e-51
0.3318 	3.76832e-51
0.3325 	2.08086e-51
0.3332 	9.15991e-52
0.3339 	7.18465e-55
0.3346 	5.85042e-55
0.3353 	4.47469e-55
0.336 	3.04364e-55
0.3367 	1.98011e-55
0.3374 	1.12076e-55
0.3381 	5.36004e-56
0.3388 	3.52984e-59
0.3395 	2.88736e-59
0.3402 	2.23357e-59
0.3409 	1.55151e-59
0.3416 	1.00631e-59
0.3423 	5.9797e-60
0.343 	2.97781e-60
0.3437 	2.00062e-61
0.3444 	1.39136e-63
0.3451 	1.08698e-63
0.3458 	7.69331e-64
0.3465 	4.97496e-64
0.3472 	3.08125e-64
0.3479 	1.58872e-64
0.3486 	2.80985e-65
0.3493 	6.55917e-68
0.35 	5.16861e-68
0.3507 	3.7202e-68
0.3514 	2.39813e-68
0.3521 	1.53928e-68
0.3528 	8.18799e-69
0.3535 	2.15723e-69
0.3542 	3.02697e-72
0.3549 	2.40036e-72
0.3556 	1.75625e-72
0.3563 	1.1282e-72
0.357 	7.47078e-73
0.3577 	4.09061e-73
0.3584 	1.36453e-73
0.3591 	1.36833e-76
0.3598 	1.09171e-76
0.3605 	8.10277e-77
0.3612 	5.26914e-77
0.3619 	3.52877e-77
0.3626 	1.98604e-77
0.3633 	7.77538e-78
0.364 	6.07175e-81
0.3647 	4.8729e-81
0.3654 	3.66246e-81
0.3661 	2.44334e-81
0.3668 	1.62704e-81
0.3675 	9.4039e-82
0.3682 	4.13924e-82
0.3689 	2.65151e-85
0.3696 	2.14015e-85
0.3703 	1.62653e-85
0.371 	1.10991e-85
0.3717 	7.34763e-86
0.3724 	4.38213e-86
0.3731 	2.099e-86
0.3738 	1.14282e-89
0.3745 	9.27514e-90
0.3752 	7.11943e-90
0.3759 	4.95702e-90
0.3766 	3.26134e-90
0.3773 	2.0324e-90
0.378 	1.02656e-90
0.3787 	6.88791e-92
0.3794 	3.97355e-94
0.3801 	3.07732e-94
0.3808 	2.18174e-94
0.3815 	1.42612e-94
0.3822 	9.22459e-95
0.3829 	4.87993e-95
0.3836 	8.62766e-96
0.3843 	1.68436e-98
0.385 	1.31499e-98
0.3857 	9.47655e-99
0.3864 	6.15245e-99
0.3871 	4.10912e-99
0.3878 	2.26602e-99
0.3885 	5.96904e-100
0.3892 	7.06238e-103
0.3899 	5.55628e-103
0.3906 	4.06253e-103
0.3913 	2.61879e-103
0.392 	1.79853e-103
0.3927 	1.0305e-103
0.3934 	3.43712e-104
0.3941 	2.92733e-107
0.3948 	2.32001e-107
0.3955 	1.71839e-107
0.3962 	1.11905e-107
0.3969 	7.73852e-108
0.3976 	4.59591e-108
0.3983 	1.79917e-108
0.399 	1.19856e-111
0.3997 	9.5657e-112
0.4004 	7.1682e-112
0.4011 	4.78747e-112
0.4018 	3.27357e-112
0.4025 	2.0118e-112
0.4032 	8.85468e-113
0.4039 	4.84407e-116
0.4046 	3.8921e-116
0.4053 	2.94768e-116
0.406 	2.01334e-116
0.4067 	1.36151e-116
0.4074 	8.66643e-117
0.4081 	4.16482e-117
0.4088 	1.93119e-120
0.4095 	1.56174e-120
0.4102 	1.1944e-120
0.4109 	8.32324e-121
0.4116 	5.56713e-121
0.4123 	3.67565e-121
0.413 	1.88933e-121
0.4137 	1.26642e-122
0.4144 	6.17639e-125
0.4151 	4.76698e-125
0.4158 	3.38236e-125
0.4165 	2.23762e-125
0.4172 	1.52465e-125
0.4179 	8.31061e-126
0.4186 	1.46886e-126
0.4193 	2.40655e-129
0.42 	1.87368e-129
0.4207 	1.35131e-129
0.4214 	8.84101e-130
0.4221 	6.19162e-130
0.4228 	3.55749e-130
0.4235 	9.36941e-131
0.4242 	9.23008e-134
0.4249 	7.2517e-134
0.4256 	5.30417e-134
0.4263 	3.4313e-134
0.427 	2.46229e-134
0.4277 	1.48523e-134
0.4284 	4.95327e-135
0.4291 	3.48508e-138
0.4298 	2.76193e-138
0.4305 	2.04676e-138
0.4312 	1.33479e-138
0.4319 	9.59734e-139
0.4326 	6.05865e-139
0.4333 	2.3716e-139
0.434 	1.29386e-142
0.4347 	1.03394e-142
0.4354 	7.75724e-143
0.4361 	5.1877e-143
0.4368 	3.66483e-143
0.4375 	2.41609e-143
0.4382 	1.06335e-143
0.4389 	4.72212e-147
0.4396 	3.7044e-147
0.4403 	2.77357e-147
0.441 	1.95858e-147
0.4417 	1.38917e-147
0.4424 	9.56188e-148
0.4431 	4.68745e-148
0.4438 	1.16854e-149
0.4445 	-1.66925e-149
0.4452 	-2.97628e-149
0.4459 	-4.56374e-150
0.4466 	7.52858e-150
0.4473 	6.51386e-150
0.448 	5.48021e-150
0.4487 	4.44213e-150
0.4494 	1.60493e-150
0.4501 	-6.52647e-151
0.4508 	1.39785e-150
0.4515 	2.59987e-150
0.4522 	2.27455e-150
0.4529 	1.95518e-150
0.4536 	1.63877e-150
0.4543 	1.25374e-150
0.455 	8.50002e-151
0.4557 	8.96454e-151
0.4564 	9.07117e-151
0.4571 	7.86545e-151
0.4578 	6.66912e-151
0.4585 	5.48135e-151
0.4592 	4.54542e-151
0.4599 	3.74942e-151
0.4606 	3.28592e-151
0.4613 	2.87897e-151
0.462 	2.4865e-151
0.4627 	2.09253e-151
0.4634 	1.69612e-151
0.4641 	1.39802e-151
0.4648 	1.19825e-151
0.4655 	1.02032e-151
0.4662 	8.51143e-152
0.4669 	7.30976e-152
0.4676 	6.1341e-152
0.4683 	4.92064e-152
0.469 	3.95047e-152
0.4697 	3.41823e-152
0.4704 	2.8962e-152
0.4711 	2.38181e-152
0.4718 	2.02003e-152
0.4725 	1.69748e-152
0.4732 	1.35156e-152
0.4739 	1.05003e-152
0.4746 	9.11241e-153
0.4753 	7.72014e-153
0.476 	6.32201e-153
0.4767 	5.29058e-153
0.4774 	4.46287e-153
0.4781 	3.5389e-153
0.4788 	2.65137e-153
0.4795 	2.30487e-153
0.4802 	1.95574e-153
0.4809 	1.60004e-153
0.4816 	1.32078e-153
0.4823 	1.11798e-153
0.483 	8.87585e-154
0.4837 	6.50523e-154
0.4844 	5.56933e-154
0.4851 	4.73883e-154
0.4858 	3.87861e-154
0.4865 	3.15648e-154
0.4872 	2.68289e-154
0.4879 	2.1404e-154
0.4886 	1.56268e-154
0.4893 	1.29114e-154
0.49 	1.10311e-154
0.4907 	9.03935e-155
0.4914 	7.24759e-155
0.4921 	6.18903e-155
0.4928 	4.97916e-155
0.4935 	3.62849e-155
0.4942 	2.8821e-155
0.4949 	2.47141e-155
0.4956 	2.03249e-155
0.4963 	1.60431e-155
0.497 	1.37695e-155
0.4977 	1.12086e-155
0.4984 	8.1674e-156
0.4991 	6.21535e-156
0.4998 	5.35238e-156
0.5005 	4.42409e-156
0.5012 	3.46968e-156
0.5019 	2.96415e-156
0.5026 	2.44909e-156
0.5033 	1.78721e-156
0.504 	1.2992e-156
0.5047 	1.12416e-156
0.5054 	9.35384e-157
0.5061 	7.36296e-157
0.5068 	6.19414e-157
0.5075 	5.21005e-157
0.5082 	3.81262e-157
0.5089 	2.64097e-157
0.5096 	2.29715e-157
0.5103 	1.92747e-157
0.511 	1.52331e-157
0.5117 	1.26063e-157
0.5124 	1.07654e-157
0.5131 	7.95159e-158
0.5138 	5.23782e-158
0.5145 	4.5817e-158
0.5152 	3.88406e-158
0.5159 	3.08267e-158
0.5166 	2.50704e-158
0.5173 	2.15718e-158
0.518 	1.62594e-158
0.5187 	1.04935e-158
0.5194 	8.94853e-159
0.5201 	7.68003e-159
0.5208 	6.12231e-159
0.5215 	4.88847e-159
0.5222 	4.23763e-159
0.5229 	3.26925e-159
0.5236 	2.13461e-159
0.5243 	1.71716e-159
0.525 	1.4953e-159
0.5257 	1.19741e-159
0.5264 	9.37854e-160
0.5271 	8.18902e-160
0.5278 	6.48336e-160
0.5285 	4.28723e-160
0.5292 	3.24866e-160
0.5299 	2.85315e-160
0.5306 	2.31444e-160
0.5313 	1.77673e-160
0.532 	1.56233e-160
0.5327 	1.27218e-160
0.5334 	8.52587e-161
0.5341 	6.08123e-161
0.5348 	5.38783e-161
0.5355 	4.43744e-161
0.5362 	3.38426e-161
0.5369 	2.95377e-161
0.5376 	2.47831e-161
0.5383 	1.68402e-161
0.539 	1.13059e-161
0.5397 	1.01068e-161
0.5404 	8.47169e-162
0.5411 	6.5095e-162
0.5418 	5.55582e-162
0.5425 	4.8102e-162
0.5432 	3.31475e-162
0.5439 	2.09581e-162
0.5446 	1.89071e-162
0.5453 	1.61695e-162
0.546 	1.25165e-162
0.5467 	1.04394e-162
0.5474 	9.23779e-163
0.5481 	6.5254e-163
0.5488 	3.8899e-163
0.5495 	3.54201e-163
0.5502 	3.09852e-163
0.5509 	2.41602e-163
0.5516 	1.96812e-163
0.5523 	1.75482e-163
0.553 	1.28978e-163
0.5537 	7.59771e-164
0.5544 	6.67449e-164
0.5551 	5.98809e-164
0.5558 	4.70267e-164
0.5565 	3.74012e-164
0.5572 	3.35875e-164
0.5579 	2.57033e-164
0.5586 	1.56402e-164
0.5593 	1.27099e-164
0.56 	1.17248e-164
0.5607 	9.27291e-165
0.5614 	7.19853e-165
0.5621 	6.50831e-165
0.5628 	5.18693e-165
0.5635 	3.25374e-165
0.5642 	2.45728e-165
0.5649 	2.29231e-165
0.5656 	1.86086e-165
0.5663 	1.40991e-165
0.567 	1.28283e-165
0.5677 	1.06454e-165
0.5684 	6.8707e-166
0.5691 	4.84565e-166
0.5698 	4.57024e-166
0.5705 	3.8173e-166
0.5712 	2.87336e-166
0.5719 	2.58381e-166
0.5726 	2.23133e-166
0.5733 	1.47888e-166
0.574 	9.78838e-167
0.5747 	9.33133e-167
0.5754 	8.03732e-167
0.5761 	6.1156e-167
0.5768 	5.3404e-167
0.5775 	4.79491e-167
0.5782 	3.25736e-167
0.5789 	2.03327e-167
0.5796 	1.95845e-167
0.5803 	1.743e-167
0.581 	1.34002e-167
0.5817 	1.13679e-167
0.5824 	1.04455e-167
0.5831 	7.36652e-168
0.5838 	4.35678e-168
0.5845 	4.23812e-168
0.5852 	3.90397e-168
0.5859 	3.03108e-168
0.5866 	2.4994e-168
0.5873 	2.30894e-168
0.588 	1.71507e-168
0.5887 	1.01406e-168
0.5894 	9.47758e-169
0.5901 	9.04815e-169
0.5908 	7.09111e-169
0.5915 	5.68726e-169
0.5922 	5.27916e-169
0.5929 	4.11844e-169
0.5936 	2.54647e-169
0.5943 	2.19304e-169
0.595 	2.17192e-169
0.5957 	1.71729e-169
0.5964 	1.3406e-169
0.5971 	1.2497e-169
0.5978 	1.02092e-169
0.5985 	6.56023e-170
0.5992 	5.2515e-170
0.5999 	5.2429e-170
0.6006 	4.30381e-170
0.6013 	3.27275e-170
0.602 	3.06213e-170
0.6027 	2.61184e-170
0.6034 	1.73488e-170
0.6041 	1.29994e-170
0.6048 	1.30702e-170
0.6055 	1.11443e-170
0.6062 	8.41976e-171
0.6069 	7.75424e-171
0.6076 	6.88547e-171
0.6083 	4.70579e-171
0.609 	3.31823e-171
0.6097 	3.35647e-171
0.6104 	2.97284e-171
0.6111 	2.27281e-171
0.6118 	2.02332e-171
0.6125 	1.86524e-171
0.6132 	1.30626e-171
0.6139 	8.70155e-172
0.6146 	8.84556e-172
0.6153 	8.13563e-172
0.616 	6.2871e-172
0.6167 	5.41696e-172
0.6174 	5.0904e-172
0.6181 	3.69781e-172
0.6188 	2.33285e-172
0.6195 	2.38069e-172
0.6202 	2.27225e-172
0.6209 	1.7731e-172
0.6216 	1.48024e-172
0.6223 	1.39367e-172
0.623 	1.06277e-172
0.6237 	6.65308e-173
0.6244 	6.50757e-173
0.6251 	6.43952e-173
0.6258 	5.06919e-173
0.6265 	4.10451e-173
0.6272 	3.87003e-173
0.6279 	3.08552e-173
0.6286 	1.99494e-173
0.6293 	1.7962e-173
0.63 	1.84069e-173
0.6307 	1.46049e-173
0.6314 	1.14795e-173
0.6321 	1.08349e-173
0.6328 	9.00159e-174
0.6335 	5.97527e-174
0.6342 	4.97699e-174
0.6349 	5.10538e-174
0.6356 	4.21545e-174
0.6363 	3.21872e-174
0.637 	3.04003e-174
0.6377 	2.62461e-174
0.6384 	1.78037e-174
0.6391 	1.3762e-174
0.6398 	1.41207e-174
0.6405 	1.21168e-174
0.6412 	9.1679e-175
0.6419 	8.49648e-175
0.6426 	7.60597e-175
0.6433 	5.25261e-175
0.644 	3.77431e-175
0.6447 	3.87107e-175
0.6454 	3.44716e-175
0.6461 	2.63276e-175
0.6468 	2.35052e-175
0.6475 	2.17795e-175
0.6482 	1.52645e-175
0.6489 	1.01992e-175
0.6496 	1.04494e-175
0.6503 	9.64206e-176
0.651 	7.42484e-176
0.6517 	6.39238e-176
0.6524 	6.01813e-176
0.6531 	4.34318e-176
0.6538 	2.69521e-176
0.6545 	2.75643e-176
0.6552 	2.6314e-176
0.6559 	2.04077e-176
0.6566 	1.69537e-176
0.6573 	1.59522e-176
0.658 	1.20107e-176
0.6587 	7.25115e-177
0.6594 	7.04004e-177
0.6601 	6.94102e-177
0.6608 	5.41558e-177
0.6615 	4.34196e-177
0.6622 	4.08163e-177
0.6629 	3.19823e-177
0.6636 	1.96286e-177
0.6643 	1.72013e-177
0.665 	1.74811e-177
0.6657 	1.37061e-177
0.6664 	1.06009e-177
0.6671 	9.95151e-178
0.6678 	8.09967e-178
0.6685 	5.0249e-178
0.6692 	3.95645e-178
0.6699 	4.0026e-178
0.6706 	3.25413e-178
0.6713 	2.42522e-178
0.672 	2.27222e-178
0.6727 	1.9186e-178
0.6734 	1.19655e-178
0.6741 	8.37901e-179
0.6748 	8.42641e-179
0.6755 	7.08561e-179
0.6762 	5.18954e-179
0.6769 	4.74502e-179
0.6776 	4.15445e-179
0.6783 	2.59053e-179
0.679 	1.58404e-179
0.6797 	1.58089e-179
0.6804 	1.37103e-179
0.6811 	1.00612e-179
0.6818 	8.77036e-180
0.6825 	7.96526e-180
0.6832 	4.93947e-180
0.6839 	2.55584e-180
0.6846 	2.52664e-180
0.6853 	2.25274e-180
0.686 	1.6526e-180
0.6867 	1.36905e-180
0.6874 	1.26141e-180
0.6881 	7.92343e-181
0.6888 	3.2829e-181
0.6895 	3.20834e-181
0.6902 	2.93041e-181
0.6909 	2.14405e-181
0.6916 	1.67974e-181
0.6923 	1.5375e-181
0.693 	9.96302e-182
0.6937 	3.42594e-182
0.6944 	2.86056e-182
0.6951 	2.66609e-182
0.6958 	1.94118e-182
0.6965 	1.42845e-182
0.6972 	1.29764e-182
0.6979 	8.71161e-183
0.6986 	2.76229e-183
0.6993 	1.41556e-183
0.7 	1.32403e-183
