0 	1
0.0007 	1
0.0014 	1
0.0021 	1
0.0028 	1
0.0035 	1
0.0042 	1
0.0049 	1
0.0056 	1
0.0063 	1
0.007 	1
0.0077 	1
0.0084 	1
0.0091 	1
0.0098 	1
0.0105 	1
0.0112 	1
0.0119 	1
0.0126 	1
0.0133 	1
0.014 	1
0.0147 	1
0.0154 	1
0.0161 	1
0.0168 	1
0.0175 	1
0.0182 	1
0.0189 	1
0.0196 	1
0.0203 	1
0.021 	1
0.0217 	1
0.0224 	1
0.0231 	1
0.0238 	1
0.0245 	1
0.0252 	1
0.0259 	1
0.0266 	1
0.0273 	1
0.028 	1
0.0287 	1
0.0294 	1
0.0301 	1
0.0308 	1
0.0315 	1
0.0322 	1
0.0329 	1
0.0336 	1
0.0343 	1
0.035 	1
0.0357 	1
0.0364 	1
0.0371 	1
0.0378 	1
0.0385 	1
0.0392 	1
0.0399 	1
0.0406 	1
0.0413 	1
0.042 	1
0.0427 	1
0.0434 	1
0.0441 	1
0.0448 	1
0.0455 	1
0.0462 	1
0.0469 	1
0.0476 	1
0.0483 	1
0.049 	1
0.0497 	1
0.0504 	1
0.0511 	1
0.0518 	1
0.0525 	1
0.0532 	1
0.0539 	1
0.0546 	1
0.0553 	1
0.056 	1
0.0567 	1
0.0574 	1
0.0581 	1
0.0588 	1
0.0595 	1
0.0602 	1
0.0609 	1
0.0616 	1
0.0623 	1
0.063 	1
0.0637 	1
0.0644 	1
0.0651 	1
0.0658 	1
0.0665 	1
0.0672 	1
0.0679 	1
0.0686 	1
0.0693 	1
0.07 	1
0.0707 	1
0.0714 	1
0.0721 	1
0.0728 	1
0.0735 	1
0.0742 	1
0.0749 	1
0.0756 	1
0.0763 	1
0.077 	1
0.0777 	1
0.0784 	1
0.0791 	1
0.0798 	1
0.0805 	1
0.0812 	1
0.0819 	1
0.0826 	1
0.0833 	1
0.084 	1
0.0847 	1
0.0854 	1
0.0861 	1
0.0868 	1
0.0875 	1
0.0882 	1
0.0889 	1
0.0896 	1
0.0903 	1
0.091 	1
0.0917 	1
0.0924 	1
0.0931 	1
0.0938 	1
0.0945 	1
0.0952 	1
0.0959 	1
0.0966 	1
0.0973 	1
0.098 	1
0.0987 	1
0.0994 	1
0.1001 	1
0.1008 	1
0.1015 	1
0.1022 	1
0.1029 	1
0.1036 	1
0.1043 	1
0.105 	1
0.1057 	1
0.1064 	1
0.1071 	1
0.1078 	1
0.1085 	1
0.1092 	1
0.1099 	1
0.1106 	1
0.1113 	1
0.112 	1
0.1127 	1
0.1134 	1
0.1141 	1
0.1148 	1
0.1155 	1
0.1162 	1
0.1169 	1
0.1176 	1
0.1183 	1
0.119 	1
0.1197 	1
0.1204 	1
0.1211 	1
0.1218 	1
0.1225 	1
0.1232 	1
0.1239 	1
0.1246 	1
0.1253 	1
0.126 	1
0.1267 	1
0.1274 	1
0.1281 	1
0.1288 	1
0.1295 	1
0.1302 	1
0.1309 	1
0.1316 	1
0.1323 	1
0.133 	1
0.1337 	1
0.1344 	1
0.1351 	1
0.1358 	1
0.1365 	1
0.1372 	1
0.1379 	1
0.1386 	1
0.1393 	1
0.14 	1
0.1407 	1
0.1414 	1
0.1421 	1
0.1428 	1
0.1435 	1
0.1442 	1
0.1449 	1
0.1456 	1
0.1463 	1
0.147 	1
0.1477 	1
0.1484 	1
0.1491 	1
0.1498 	1
0.1505 	1
0.1512 	1
0.1519 	1
0.1526 	1
0.1533 	1
0.154 	1
0.1547 	1
0.1554 	1
0.1561 	1
0.1568 	1
0.1575 	1
0.1582 	1
0.1589 	1
0.1596 	1
0.1603 	1
0.161 	1
0.1617 	1
0.1624 	1
0.1631 	1
0.1638 	1
0.1645 	1
0.1652 	1
0.1659 	1
0.1666 	1
0.1673 	1
0.168 	1
0.1687 	1
0.1694 	1
0.1701 	1
0.1708 	1
0.1715 	1
0.1722 	1
0.1729 	1
0.1736 	1
0.1743 	1
0.175 	1
0.1757 	1
0.1764 	1
0.1771 	1
0.1778 	1
0.1785 	1
0.1792 	1
0.1799 	1
0.1806 	1
0.1813 	1
0.182 	1
0.1827 	1
0.1834 	1
0.1841 	1
0.1848 	1
0.1855 	1
0.1862 	1
0.1869 	1
0.1876 	1
0.1883 	1
0.189 	1
0.1897 	1
0.1904 	1
0.1911 	1
0.1918 	1
0.1925 	1
0.1932 	1
0.1939 	1
0.1946 	1
0.1953 	1
0.196 	1
0.1967 	1
0.1974 	1
0.1981 	1
0.1988 	1
0.1995 	1
0.2002 	1
0.2009 	1
0.2016 	1
0.2023 	1
0.203 	1
0.2037 	1
0.2044 	1
0.2051 	1
0.2058 	1
0.2065 	1
0.2072 	1
0.2079 	1
0.2086 	1
0.2093 	1
0.21 	1
0.2107 	1
0.2114 	1
0.2121 	1
0.2128 	1
0.2135 	1
0.2142 	1
0.2149 	1
0.2156 	1
0.2163 	1
0.217 	1
0.2177 	1
0.2184 	1
0.2191 	1
0.2198 	1
0.2205 	1
0.2212 	1
0.2219 	1
0.2226 	1
0.2233 	1
0.224 	1
0.2247 	1
0.2254 	1
0.2261 	1
0.2268 	1
0.2275 	1
0.2282 	1
0.2289 	1
0.2296 	1
0.2303 	0.999994
0.231 	0.999981
0.2317 	0.999968
0.2324 	0.999955
0.2331 	0.999942
0.2338 	0.999929
0.2345 	0.999916
0.2352 	0.99927
0.2359 	0.997042
0.2366 	0.994814
0.2373 	0.992586
0.238 	0.990358
0.2387 	0.98813
0.2394 	0.985902
0.2401 	0.979366
0.2408 	0.946981
0.2415 	0.914594
0.2422 	0.882204
0.2429 	0.849813
0.2436 	0.817423
0.2443 	0.785033
0.245 	0.752642
0.2457 	0.684986
0.2464 	0.61733
0.2471 	0.549678
0.2478 	0.482025
0.2485 	0.414373
0.2492 	0.346721
0.2499 	0.279069
0.2506 	0.237173
0.2513 	0.199572
0.252 	0.161975
0.2527 	0.124379
0.2534 	0.0867818
0.2541 	0.0491852
0.2548 	0.0115885
0.2555 	0.000764991
0.2562 	0.000649763
0.2569 	0.000530334
0.2576 	0.000410582
0.2583 	0.00029083
0.259 	0.000171078
0.2597 	5.13256e-05
0.2604 	5.20092e-09
0.2611 	4.43981e-09
0.2618 	3.64946e-09
0.2625 	2.85114e-09
0.2632 	2.05282e-09
0.2639 	1.25449e-09
0.2646 	4.56172e-10
0.2653 	3.65657e-15
0.266 	3.09719e-15
0.2667 	2.54972e-15
0.2674 	2.00887e-15
0.2681 	1.46802e-15
0.2688 	9.27164e-16
0.2695 	3.86313e-16
0.2702 	2.00753e-21
0.2709 	1.67076e-21
0.2716 	1.36215e-21
0.2723 	1.08171e-21
0.273 	8.01264e-22
0.2737 	5.2082e-22
0.2744 	2.40376e-22
0.2751 	9.26883e-28
0.2758 	7.4833e-28
0.2765 	5.9131e-28
0.2772 	4.73047e-28
0.2779 	3.54785e-28
0.2786 	2.36523e-28
0.2793 	1.1826e-28
0.28 	3.80196e-34
0.2807 	2.93137e-34
0.2814 	2.15743e-34
0.2821 	1.73793e-34
0.2828 	1.31842e-34
0.2835 	8.98923e-35
0.2842 	4.79422e-35
0.2849 	5.9921e-36
0.2856 	1.05938e-40
0.2863 	6.77536e-41
0.287 	5.49353e-41
0.2877 	4.2117e-41
0.2884 	2.92987e-41
0.2891 	1.64804e-41
0.2898 	3.66214e-42
0.2905 	3.74624e-47
0.2912 	1.9695e-47
0.2919 	1.52321e-47
0.2926 	1.17926e-47
0.2933 	8.35304e-48
0.294 	4.91353e-48
0.2947 	1.47402e-48
0.2954 	1.36503e-53
0.2961 	6.04248e-54
0.2968 	3.7651e-54
0.2975 	2.94148e-54
0.2982 	2.11786e-54
0.2989 	1.29424e-54
0.2996 	4.70627e-55
0.3003 	5.24931e-60
0.301 	2.08553e-60
0.3017 	8.40932e-61
0.3024 	6.62552e-61
0.3031 	4.84172e-61
0.3038 	3.05792e-61
0.3045 	1.27413e-61
0.3052 	2.11433e-66
0.3059 	8.3107e-67
0.3066 	1.71758e-67
0.3073 	1.36396e-67
0.308 	1.01034e-67
0.3087 	6.56721e-68
0.3094 	3.03103e-68
0.3101 	8.73387e-73
0.3108 	3.62974e-73
0.3115 	3.25275e-74
0.3122 	2.6022e-74
0.3129 	1.95166e-74
0.3136 	1.30111e-74
0.3143 	6.50566e-75
0.315 	3.63686e-79
0.3157 	1.63437e-79
0.3164 	5.85151e-81
0.3171 	4.71374e-81
0.3178 	3.57597e-81
0.3185 	2.4382e-81
0.3192 	1.30042e-81
0.3199 	1.62652e-82
0.3206 	7.34278e-86
0.3213 	1.0552e-87
0.322 	8.55574e-88
0.3227 	6.55952e-88
0.3234 	4.56329e-88
0.3241 	2.56707e-88
0.3248 	5.70844e-89
0.3255 	3.25767e-92
0.3262 	2.36782e-93
0.3269 	1.73639e-94
0.3276 	1.34435e-94
0.3283 	9.52306e-95
0.329 	5.60262e-95
0.3297 	1.68219e-95
0.3304 	1.42649e-98
0.3311 	2.56091e-99
0.3318 	4.51485e-101
0.3325 	3.5274e-101
0.3332 	2.53995e-101
0.3339 	1.5525e-101
0.3346 	5.65046e-102
0.3353 	6.17972e-105
0.336 	1.63923e-105
0.3367 	1.55158e-107
0.3374 	1.22253e-107
0.3381 	8.93467e-108
0.3388 	5.64408e-108
0.3395 	2.3535e-108
0.3402 	2.65502e-111
0.3409 	8.89751e-112
0.3416 	6.45192e-114
0.3423 	5.12383e-114
0.343 	3.79574e-114
0.3437 	2.46765e-114
0.3444 	1.13956e-114
0.3451 	1.13329e-117
0.3458 	4.45417e-118
0.3465 	3.00202e-120
0.3472 	2.40171e-120
0.3479 	1.8014e-120
0.3486 	1.20109e-120
0.3493 	6.00777e-121
0.35 	4.811e-124
0.3507 	2.12572e-124
0.3514 	1.5174e-126
0.3521 	1.22238e-126
0.3528 	9.27369e-127
0.3535 	6.32354e-127
0.3542 	3.3734e-127
0.3549 	4.23256e-128
0.3556 	9.82891e-131
0.3563 	8.26041e-133
0.357 	6.69776e-133
0.3577 	5.13512e-133
0.3584 	3.57247e-133
0.3591 	2.00982e-133
0.3598 	4.47168e-134
0.3605 	4.44291e-137
0.3612 	3.40455e-138
0.3619 	3.92027e-139
0.3626 	3.03511e-139
0.3633 	2.14995e-139
0.364 	1.26478e-139
0.3647 	3.79622e-140
0.3654 	1.97446e-143
0.3661 	3.71836e-144
0.3668 	2.42514e-145
0.3675 	1.89505e-145
0.3682 	1.36496e-145
0.3689 	8.34863e-146
0.3696 	3.04771e-146
0.3703 	1.71496e-148
0.371 	1.34328e-148
0.3717 	1.06527e-148
0.3724 	8.39295e-149
0.3731 	6.13322e-149
0.3738 	3.8735e-149
0.3745 	1.61377e-149
0.3752 	-3.96819e-153
0.3759 	-8.66195e-153
0.3766 	-1.41212e-152
0.3773 	-2.03458e-152
0.378 	-2.65705e-152
0.3787 	-3.27951e-152
0.3794 	-3.90198e-152
0.3801 	-4.28031e-152
0.3808 	-3.19379e-152
0.3815 	-2.34542e-152
0.3822 	-1.92573e-152
0.3829 	-1.50605e-152
0.3836 	-1.08636e-152
0.3843 	-6.66673e-153
0.385 	-2.46997e-153
0.3857 	-1.85776e-153
0.3864 	-1.3261e-153
0.3871 	-1.0898e-153
0.3878 	-8.5351e-154
0.3885 	-6.17217e-154
0.3892 	-3.80923e-154
0.3899 	-1.4463e-154
0.3906 	-8.73567e-155
0.3913 	-6.1105e-155
0.392 	-5.0373e-155
0.3927 	-3.9641e-155
0.3934 	-2.89089e-155
0.3941 	-1.81769e-155
0.3948 	-7.44484e-156
0.3955 	-3.60717e-156
0.3962 	-2.5268e-156
0.3969 	-2.05212e-156
0.3976 	-1.62403e-156
0.3983 	-1.19595e-156
0.399 	-7.67858e-157
0.3997 	-3.3977e-157
0.4004 	-1.3436e-157
0.4011 	-9.59358e-158
0.4018 	-7.55901e-158
0.4025 	-6.0175e-158
0.4032 	-4.47598e-158
0.4039 	-2.93447e-158
0.4046 	-1.39295e-158
0.4053 	-4.58395e-159
0.406 	-3.33011e-159
0.4067 	-2.5551e-159
0.4074 	-2.0461e-159
0.4081 	-1.5371e-159
0.4088 	-1.0281e-159
0.4095 	-5.19106e-160
0.4102 	-1.44718e-160
0.4109 	-1.06797e-160
0.4116 	-8.00508e-161
0.4123 	-6.4478e-161
0.413 	-4.89053e-161
0.4137 	-3.33325e-161
0.4144 	-1.77598e-161
0.4151 	-4.25926e-162
0.4158 	-3.18859e-162
0.4165 	-2.34145e-162
0.4172 	-1.89666e-162
0.4179 	-1.45188e-162
0.4186 	-1.00709e-162
0.4193 	-5.62297e-163
0.42 	-1.17521e-163
0.4207 	-8.91443e-164
0.4214 	-6.4292e-164
0.4221 	-5.23648e-164
0.4228 	-4.04375e-164
0.4235 	-2.85102e-164
0.4242 	-1.65829e-164
0.4249 	-4.65566e-165
0.4256 	-2.34436e-165
0.4263 	-1.6644e-165
0.427 	-1.36279e-165
0.4277 	-1.06118e-165
0.4284 	-7.59566e-166
0.4291 	-4.57956e-166
0.4298 	-1.56345e-166
0.4305 	-5.82083e-167
0.4312 	-4.14476e-167
0.4319 	-3.35481e-167
0.4326 	-2.63302e-167
0.4333 	-1.91124e-167
0.434 	-1.18945e-167
0.4347 	-4.67658e-168
0.4354 	-1.36865e-168
0.4361 	-9.92791e-169
0.4368 	-7.83438e-169
0.4375 	-6.19494e-169
0.4382 	-4.55551e-169
0.4389 	-2.91607e-169
0.4396 	-1.27664e-169
0.4403 	-3.05519e-170
0.441 	-2.25371e-170
0.4417 	-1.73972e-170
0.4424 	-1.38543e-170
0.4431 	-1.03115e-170
0.4438 	-6.76869e-171
0.4445 	-3.22587e-171
0.4452 	-6.48864e-172
0.4459 	-4.86023e-172
0.4466 	-3.68107e-172
0.4473 	-2.95117e-172
0.448 	-2.22127e-172
0.4487 	-1.49137e-172
0.4494 	-7.61468e-173
0.4501 	-1.31351e-173
0.4508 	-9.97733e-174
0.4515 	-7.43443e-174
0.4522 	-5.99831e-174
0.4529 	-4.56218e-174
0.4536 	-3.12605e-174
0.4543 	-1.68992e-174
0.455 	-2.53839e-175
0.4557 	-1.95312e-175
0.4564 	-1.43534e-175
0.4571 	-1.16507e-175
0.4578 	-8.94807e-176
0.4585 	-6.24543e-176
0.4592 	-3.54278e-176
0.4599 	-8.40131e-177
0.4606 	-3.65135e-177
0.4613 	-2.65252e-177
0.462 	-2.16543e-177
0.4627 	-1.67833e-177
0.4634 	-1.19123e-177
0.4641 	-7.04133e-178
0.4648 	-2.17035e-178
0.4655 	-6.52766e-179
0.4662 	-4.76333e-179
0.4669 	-3.85571e-179
0.4676 	-3.014e-179
0.4683 	-2.17229e-179
0.469 	-1.33057e-179
0.4697 	-4.88861e-180
0.4704 	-1.11722e-180
0.4711 	-8.29676e-181
0.4718 	-6.58381e-181
0.4725 	-5.1879e-181
0.4732 	-3.79198e-181
0.4739 	-2.39606e-181
0.4746 	-1.00014e-181
0.4753 	-1.83243e-182
0.476 	-1.38265e-182
0.4767 	-1.07907e-182
0.4774 	-8.56696e-183
0.4781 	-6.34326e-183
0.4788 	-4.11956e-183
0.4795 	-1.89587e-183
0.4802 	-2.88272e-184
0.4809 	-2.20698e-184
0.4816 	-1.69884e-184
0.4823 	-1.35833e-184
0.483 	-1.01781e-184
0.4837 	-6.77299e-185
0.4844 	-3.36784e-185
0.4851 	-4.35309e-186
0.4858 	-3.37732e-186
0.4865 	-2.57092e-186
0.4872 	-2.06936e-186
0.4879 	-1.5678e-186
0.4886 	-1.06624e-186
0.4893 	-5.64682e-187
0.49 	-6.31389e-188
0.4907 	-4.95897e-188
0.4914 	-3.74202e-188
0.4921 	-3.03101e-188
0.4928 	-2.32e-188
0.4935 	-1.609e-188
0.4942 	-8.97987e-189
0.4949 	-1.86979e-189
0.4956 	-6.9913e-190
0.4963 	-5.24114e-190
0.497 	-4.27063e-190
0.4977 	-3.30011e-190
0.4984 	-2.3296e-190
0.4991 	-1.35909e-190
0.4998 	-3.88579e-191
0.5005 	-9.46956e-192
0.5012 	-7.14202e-192
0.5019 	-5.79085e-192
0.5026 	-4.51479e-192
0.5033 	-3.23872e-192
0.504 	-1.96266e-192
0.5047 	-6.86599e-193
0.5054 	-1.2329e-193
0.5061 	-9.44741e-194
0.5068 	-7.55966e-194
0.5075 	-5.94296e-194
0.5082 	-4.32626e-194
0.5089 	-2.70956e-194
0.5096 	-1.09286e-194
0.5103 	-1.54358e-195
0.511 	-1.20001e-195
0.5117 	-9.50393e-196
0.5124 	-7.52975e-196
0.5131 	-5.55558e-196
0.5138 	-3.58141e-196
0.5145 	-1.60724e-196
0.5152 	-1.85904e-197
0.5159 	-1.46442e-197
0.5166 	-1.15092e-197
0.5173 	-9.18527e-198
0.518 	-6.86136e-198
0.5187 	-4.53744e-198
0.5194 	-2.21353e-198
0.5201 	-2.15435e-199
0.5208 	-1.71768e-199
0.5215 	-1.34276e-199
0.5222 	-1.07901e-199
0.5229 	-8.15264e-200
0.5236 	-5.51516e-200
0.5243 	-2.87767e-200
0.525 	-2.40269e-201
0.5257 	-1.93709e-201
0.5264 	-1.50942e-201
0.5271 	-1.2208e-201
0.5278 	-9.32181e-202
0.5285 	-6.43564e-202
0.5292 	-3.54948e-202
0.5299 	-6.63306e-203
0.5306 	-2.10086e-203
0.5313 	-1.63489e-203
0.532 	-1.33037e-203
0.5327 	-1.02585e-203
0.5334 	-7.21334e-204
0.5341 	-4.16814e-204
0.5348 	-1.12294e-204
0.5355 	-2.19152e-205
0.5362 	-1.7179e-205
0.5369 	-1.39642e-205
0.5376 	-1.08665e-205
0.5383 	-7.76872e-206
0.539 	-4.67097e-206
0.5397 	-1.57322e-206
0.5404 	-2.19901e-207
0.5411 	-1.7472e-207
0.5418 	-1.4117e-207
0.5425 	-1.10792e-207
0.5432 	-8.04142e-208
0.5439 	-5.00363e-208
0.5446 	-1.96583e-208
0.5453 	-2.12247e-209
0.546 	-1.70723e-209
0.5467 	-1.37435e-209
0.5474 	-1.08722e-209
0.5481 	-8.00091e-210
0.5488 	-5.12964e-210
0.5495 	-2.25836e-210
0.5502 	-1.97039e-211
0.5509 	-1.60278e-211
0.5516 	-1.28822e-211
0.5523 	-1.02671e-211
0.553 	-7.652e-212
0.5537 	-5.0369e-212
0.5544 	-2.42181e-212
0.5551 	-1.7591e-213
0.5558 	-1.44569e-213
0.5565 	-1.16227e-213
0.5572 	-9.32833e-214
0.5579 	-7.03398e-214
0.5586 	-4.73963e-214
0.5593 	-2.44527e-214
0.56 	-1.50994e-215
0.5607 	-1.25269e-215
0.5614 	-1.00902e-215
0.5621 	-8.1519e-216
0.5628 	-6.21355e-216
0.5635 	-4.2752e-216
0.5642 	-2.33686e-216
0.5649 	-3.98514e-217
0.5656 	-1.04252e-217
0.5663 	-8.42554e-218
0.567 	-6.84936e-218
0.5677 	-5.27317e-218
0.5684 	-3.69699e-218
0.5691 	-2.12081e-218
0.5698 	-5.44621e-219
0.5705 	-8.33036e-220
0.5712 	-6.78599e-220
0.5719 	-5.53075e-220
0.5726 	-4.29774e-220
0.5733 	-3.06474e-220
0.574 	-1.83173e-220
0.5747 	-5.98725e-221
0.5754 	-6.38866e-222
0.5761 	-5.26021e-222
0.5768 	-4.28975e-222
0.5775 	-3.36238e-222
0.5782 	-2.43502e-222
0.5789 	-1.50765e-222
0.5796 	-5.80289e-223
0.5803 	-4.70013e-224
0.581 	-3.90778e-224
0.5817 	-3.19397e-224
0.5824 	-2.52382e-224
0.5831 	-1.85366e-224
0.5838 	-1.1835e-224
0.5845 	-5.13341e-225
0.5852 	-3.31522e-226
0.5859 	-2.78093e-226
0.5866 	-2.2813e-226
0.5873 	-1.81633e-226
0.588 	-1.35136e-226
0.5887 	-8.86394e-227
0.5894 	-4.21426e-227
0.5901 	-2.24038e-228
0.5908 	-1.89466e-228
0.5915 	-1.56187e-228
0.5922 	-1.2524e-228
0.5929 	-9.42918e-229
0.5936 	-6.3344e-229
0.5943 	-3.23962e-229
0.595 	-1.44944e-230
0.5957 	-1.23495e-230
0.5964 	-1.02411e-230
0.5971 	-8.26683e-231
0.5978 	-6.29258e-231
0.5985 	-4.31834e-231
0.5992 	-2.34409e-231
0.5999 	-3.69842e-232
0.6006 	-7.69465e-233
0.6013 	-6.42479e-233
0.602 	-5.21893e-233
0.6027 	-4.01306e-233
0.6034 	-2.80719e-233
0.6041 	-1.60133e-233
0.6048 	-3.95459e-234
0.6055 	-4.57875e-235
0.6062 	-3.85378e-235
0.6069 	-3.14787e-235
0.6076 	-2.44343e-235
0.6083 	-1.739e-235
0.609 	-1.03456e-235
0.6097 	-3.30123e-236
0.6104 	-2.59933e-237
0.6111 	-2.20525e-237
0.6118 	-1.81194e-237
0.6125 	-1.41884e-237
0.6132 	-1.02575e-237
0.6139 	-6.32648e-238
0.6146 	-2.39551e-238
0.6153 	-1.40608e-239
0.616 	-1.2016e-239
0.6167 	-9.94041e-240
0.6174 	-7.84779e-240
0.6181 	-5.75517e-240
0.6188 	-3.66255e-240
0.6195 	-1.56993e-240
0.6202 	-7.23792e-242
0.6209 	-6.22649e-242
0.6216 	-5.1902e-242
0.6223 	-4.12905e-242
0.623 	-3.0679e-242
0.6237 	-2.00675e-242
0.6244 	-9.45602e-243
0.6251 	-3.54015e-244
0.6258 	-3.06401e-244
0.6265 	-2.57515e-244
0.6272 	-2.0634e-244
0.6279 	-1.55165e-244
0.6286 	-1.0399e-244
0.6293 	-5.28156e-245
0.63 	-1.64252e-246
0.6307 	-1.42956e-246
0.6314 	-1.21203e-246
0.6321 	-9.77731e-247
0.6328 	-7.43435e-247
0.6335 	-5.0914e-247
0.6342 	-2.74845e-247
0.6349 	-4.05495e-248
0.6356 	-6.3125e-249
0.6363 	-5.40118e-249
0.637 	-4.3848e-249
0.6377 	-3.36842e-249
0.6384 	-2.35204e-249
0.6391 	-1.33566e-249
0.6398 	-3.19278e-250
0.6405 	-2.63284e-251
0.6412 	-2.27032e-251
0.6419 	-1.85732e-251
0.6426 	-1.44043e-251
0.6433 	-1.02355e-251
0.644 	-6.06668e-252
0.6447 	-1.89785e-252
0.6454 	-1.03496e-253
0.6461 	-8.97583e-254
0.6468 	-7.41409e-254
0.6475 	-5.80107e-254
0.6482 	-4.18806e-254
0.6489 	-2.57504e-254
0.6496 	-9.62023e-255
0.6503 	-3.82529e-256
0.651 	-3.335e-256
0.6517 	-2.78236e-256
0.6524 	-2.19507e-256
0.6531 	-1.60778e-256
0.6538 	-1.02049e-256
0.6545 	-4.33202e-257
0.6552 	-1.32602e-258
0.6559 	-1.16165e-258
0.6566 	-9.79122e-259
0.6573 	-7.78437e-259
0.658 	-5.77752e-259
0.6587 	-3.77067e-259
0.6594 	-1.76382e-259
0.6601 	-4.29979e-261
0.6608 	-3.78355e-261
0.6615 	-3.22244e-261
0.6622 	-2.58055e-261
0.6629 	-1.93866e-261
0.6636 	-1.29677e-261
0.6643 	-6.54878e-262
0.665 	-1.30095e-263
0.6657 	-1.14945e-263
0.6664 	-9.8934e-264
0.6671 	-7.97668e-264
0.6678 	-6.05996e-264
0.6685 	-4.14324e-264
0.6692 	-2.22652e-264
0.6699 	-3.09806e-265
0.6706 	-3.25016e-266
0.6713 	-2.82721e-266
0.672 	-2.29408e-266
0.6727 	-1.76096e-266
0.6734 	-1.22784e-266
0.6741 	-6.94719e-267
0.6748 	-1.61598e-267
0.6755 	-8.54156e-269
0.6762 	-7.48599e-269
0.6769 	-6.12995e-269
0.6776 	-4.75079e-269
0.6783 	-3.37163e-269
0.679 	-1.99247e-269
0.6797 	-6.13314e-270
0.6804 	-2.08633e-271
0.6811 	-1.83612e-271
0.6818 	-1.5218e-271
0.6825 	-1.19e-271
0.6832 	-8.58191e-272
0.6839 	-5.26384e-272
0.6846 	-1.94577e-272
0.6853 	-4.74749e-274
0.686 	-4.19427e-274
0.6867 	-3.51834e-274
0.6874 	-2.77424e-274
0.6881 	-2.03014e-274
0.6888 	-1.28603e-274
0.6895 	-5.41931e-275
0.6902 	-1.01262e-276
0.6909 	-8.97824e-277
0.6916 	-7.62181e-277
0.6923 	-6.05689e-277
0.693 	-4.49196e-277
0.6937 	-2.92704e-277
0.6944 	-1.36212e-277
0.6951 	-2.04877e-279
0.6958 	-1.82302e-279
0.6965 	-1.56657e-279
0.6972 	-1.25486e-279
0.6979 	-9.43144e-280
0.6986 	-6.31429e-280
0.6993 	-3.19715e-280
0.7 	-8.01163e-282
