0 	1
0.0007 	1
0.0014 	1
0.0028 	1
0.0035 	1
0.0042 	1
0.0049 	1
0.0056 	1
0.0063 	1
0.007 	1
0.0077 	1
0.0084 	1
0.0091 	1
0.0098 	1
0.0105 	1
0.0112 	1
0.0119 	1
0.0126 	1
0.0133 	1
0.014 	1
0.0147 	1
0.0154 	1
0.0161 	1
0.0168 	1
0.0175 	1
0.0182 	1
0.0189 	1
0.0196 	1
0.0203 	1
0.021 	1
0.0217 	1
0.0224 	1
0.0231 	1
0.0238 	1
0.0245 	1
0.0252 	1
0.0259 	1
0.0266 	1
0.0273 	1
0.028 	1
0.0287 	1
0.0294 	1
0.0301 	1
0.0308 	1
0.0315 	1
0.0322 	1
0.0329 	1
0.0336 	1
0.0343 	1
0.035 	1
0.0357 	1
0.0364 	1
0.0371 	1
0.0385 	1
0.0392 	1
0.0399 	1
0.0406 	1
0.0413 	1
0.042 	1
0.0427 	1
0.0434 	1
0.0441 	1
0.0448 	1
0.0455 	1
0.0462 	1
0.0469 	1
0.0476 	1
0.0483 	1
0.049 	1
0.0497 	1
0.0504 	1
0.0511 	1
0.0518 	1
0.0525 	1
0.0532 	1
0.0539 	1
0.0546 	1
0.0553 	1
0.056 	1
0.0567 	1
0.0574 	1
0.0581 	1
0.0588 	1
0.0595 	1
0.0602 	1
0.0609 	1
0.0616 	1
0.0623 	1
0.063 	1
0.0637 	1
0.0644 	1
0.0651 	1
0.0658 	1
0.0665 	1
0.0672 	1
0.0686 	1
0.0693 	1
0.07 	1
0.0707 	1
0.0714 	1
0.0721 	1
0.0728 	1
0.0735 	1
0.0742 	1
0.0749 	1
0.0756 	1
0.0763 	1
0.077 	1
0.0777 	1
0.0784 	1
0.0791 	1
0.0798 	1
0.0805 	1
0.0812 	1
0.0819 	1
0.0833 	1
0.084 	1
0.0847 	1
0.0854 	1
0.0861 	1
0.0868 	1
0.0875 	1
0.0882 	1
0.0889 	1
0.0896 	1
0.0903 	1
0.091 	1
0.0917 	1
0.0931 	1
0.0938 	1
0.0945 	1
0.0952 	1
0.0959 	1
0.0966 	1
0.0973 	1
0.0987 	1
0.0994 	1
0.1001 	1
0.1008 	1
0.1015 	1
0.1022 	1
0.1029 	1
0.1036 	1
0.1043 	1
0.105 	1
0.1057 	1
0.1064 	1
0.1071 	1
0.1078 	1
0.1085 	1
0.1092 	1
0.1099 	1
0.1106 	1
0.1113 	1
0.112 	1
0.1127 	1
0.1134 	1
0.1141 	1
0.1148 	1
0.1155 	1
0.1162 	1
0.1169 	1
0.1176 	1
0.1183 	1
0.119 	1
0.1197 	1
0.1204 	1
0.1211 	1
0.1218 	1
0.1225 	1
0.1232 	1
0.1239 	1
0.1246 	1
0.1253 	1
0.126 	1
0.1267 	1
0.1274 	1
0.1281 	1
0.1288 	1
0.1295 	1
0.1302 	1
0.1309 	1
0.1316 	1
0.133 	1
0.1337 	1
0.1344 	1
0.1351 	1
0.1358 	1
0.1365 	1
0.1372 	1
0.1379 	1
0.1386 	1
0.1393 	1
0.14 	1
0.1407 	1
0.1414 	1
0.1421 	1
0.1428 	1
0.1435 	1
0.1442 	1
0.1449 	1
0.1456 	1
0.1463 	1
0.147 	1
0.1477 	1
0.1484 	1
0.1491 	1
0.1498 	1
0.1505 	1
0.1512 	1
0.1519 	1
0.1526 	1
0.1533 	1
0.154 	1
0.1547 	1
0.1554 	1
0.1568 	1
0.1575 	1
0.1582 	1
0.1589 	1
0.1596 	1
0.1603 	1
0.161 	1
0.1617 	1
0.1624 	1
0.1631 	1
0.1638 	1
0.1645 	1
0.1652 	1
0.1659 	1
0.1666 	1
0.1673 	1
0.168 	1
0.1687 	1
0.1694 	1
0.1701 	1
0.1708 	1
0.1715 	1
0.1722 	1
0.1729 	1
0.1736 	1
0.1743 	1
0.175 	1
0.1757 	1
0.1764 	1
0.1771 	1
0.1778 	1
0.1785 	1
0.1792 	1
0.1799 	1
0.1806 	1
0.1813 	1
0.182 	1
0.1834 	1
0.1841 	1
0.1848 	1
0.1855 	1
0.1862 	1
0.1869 	1
0.1876 	1
0.1883 	1
0.189 	1
0.1897 	1
0.1904 	1
0.1911 	1
0.1918 	1
0.1925 	1
0.1932 	1
0.1939 	1
0.1946 	1
0.1953 	1
0.1967 	1
0.1974 	1
0.1981 	1
0.1988 	1
0.1995 	1
0.2002 	1
0.2009 	1
0.2016 	1
0.2023 	1
0.203 	1
0.2037 	1
0.2044 	1
0.2051 	1
0.2058 	1
0.2065 	1
0.2072 	1
0.2079 	1
0.2086 	1
0.2093 	1
0.21 	1
0.2107 	1
0.2114 	1
0.2121 	1
0.2128 	1
0.2135 	1
0.2142 	1
0.2149 	1
0.2156 	1
0.2163 	1
0.217 	1
0.2177 	1
0.2184 	1
0.2191 	1
0.2198 	1
0.2205 	1
0.2212 	1
0.2219 	1
0.2226 	1
0.2233 	1
0.224 	1
0.2247 	1
0.2254 	1
0.2261 	1
0.2268 	1
0.2275 	1
0.2282 	1
0.2289 	1
0.2296 	1
0.2303 	1
0.231 	1
0.2317 	1
0.2324 	1
0.2331 	1
0.2338 	1
0.2345 	1
0.2352 	0.999993
0.2359 	0.999966
0.2366 	0.99994
0.2373 	0.999914
0.238 	0.999888
0.2387 	0.999861
0.2394 	0.999835
0.2401 	0.998778
0.2415 	0.984275
0.2422 	0.977001
0.2429 	0.969727
0.2436 	0.962453
0.2443 	0.955179
0.245 	0.947905
0.2457 	0.878176
0.2464 	0.808452
0.2471 	0.738746
0.2478 	0.669041
0.2485 	0.599335
0.2492 	0.529629
0.2499 	0.459924
0.2506 	0.396177
0.2513 	0.333425
0.252 	0.270699
0.2527 	0.207973
0.2534 	0.145247
0.2541 	0.0825211
0.2548 	0.0197951
0.2555 	0.00169855
0.2562 	0.0014537
0.2569 	0.00118727
0.2576 	0.000919175
0.2583 	0.000651083
0.259 	0.00038299
0.2597 	0.000114898
0.2604 	1.22046e-09
0.2611 	1.06549e-09
0.2618 	8.80882e-10
0.2625 	6.88189e-10
0.2639 	3.02803e-10
0.2646 	1.10111e-10
0.2653 	3.08312e-16
0.266 	2.71771e-16
0.2667 	2.27674e-16
0.2674 	1.79379e-16
0.2681 	1.31085e-16
0.2688 	8.27906e-17
0.2695 	3.44962e-17
0.2702 	1.92416e-22
0.2709 	1.73187e-22
0.2716 	1.48305e-22
0.2723 	1.17772e-22
0.2737 	5.67058e-23
0.2744 	2.61726e-23
0.2751 	1.34349e-27
0.2758 	1.23332e-27
0.2765 	1.085e-27
0.2772 	8.68005e-28
0.2779 	6.51007e-28
0.2786 	4.34008e-28
0.2793 	2.1701e-28
0.28 	1.10743e-32
0.2807 	1.01837e-32
0.2814 	9.10459e-33
0.2821 	7.33426e-33
0.2828 	5.56393e-33
0.2835 	3.79359e-33
0.2842 	2.02326e-33
0.2849 	2.52929e-34
0.2856 	2.28731e-38
0.2863 	2.07626e-38
0.287 	1.68346e-38
0.2884 	8.97845e-39
0.2891 	5.05039e-39
0.2898 	1.12233e-39
0.2905 	2.97584e-44
0.2912 	2.72291e-44
0.2919 	2.23601e-44
0.2926 	1.7311e-44
0.2933 	1.2262e-44
0.294 	7.21294e-45
0.2947 	2.1639e-45
0.2954 	2.54229e-50
0.2961 	2.32893e-50
0.2968 	1.94834e-50
0.2975 	1.52214e-50
0.2982 	1.09594e-50
0.2989 	6.69743e-51
0.2996 	2.43544e-51
0.3003 	1.51393e-56
0.301 	1.38841e-56
0.3017 	1.18236e-56
0.3024 	9.31553e-57
0.3031 	6.80751e-57
0.3038 	4.29948e-57
0.3045 	1.79145e-57
0.3052 	6.5922e-63
0.3059 	6.05195e-63
0.3066 	5.24218e-63
0.3073 	4.16291e-63
0.3087 	2.00436e-63
0.3094 	9.25093e-64
0.3101 	2.20424e-69
0.3108 	2.02534e-69
0.3115 	1.78297e-69
0.3122 	1.42638e-69
0.3129 	1.06978e-69
0.3136 	7.13188e-70
0.3143 	3.56595e-70
0.315 	6.23688e-76
0.3157 	5.72984e-76
0.3164 	5.11819e-76
0.3171 	4.12299e-76
0.3178 	3.12778e-76
0.3185 	2.13258e-76
0.3192 	1.13738e-76
0.3199 	1.42174e-77
0.3206 	2.03028e-82
0.322 	1.48403e-82
0.3234 	7.91485e-83
0.3241 	4.45211e-83
0.3248 	9.89374e-84
0.3255 	1.94645e-88
0.3262 	1.75899e-88
0.3269 	1.44303e-88
0.3276 	1.11719e-88
0.3283 	7.91342e-89
0.329 	4.65496e-89
0.3297 	1.39651e-89
0.3304 	3.19676e-94
0.3311 	2.89638e-94
0.3318 	2.41665e-94
0.3325 	1.88801e-94
0.3332 	1.35937e-94
0.3339 	8.30727e-95
0.3346 	3.02086e-95
0.3353 	5.32791e-100
0.336 	4.8429e-100
0.3367 	4.10932e-100
0.3374 	3.23765e-100
0.3381 	2.36598e-100
0.3388 	1.4943e-100
0.3395 	6.22632e-101
0.3402 	8.20984e-106
0.3409 	7.48334e-106
0.3416 	6.45556e-106
0.343 	3.79739e-106
0.3437 	2.46831e-106
0.3444 	1.13923e-106
0.3451 	1.15468e-111
0.3458 	1.055e-111
0.3465 	9.24862e-112
0.3472 	7.3989e-112
0.3479 	5.54918e-112
0.3486 	3.69946e-112
0.3493 	1.84973e-112
0.35 	1.48117e-117
0.3507 	1.3561e-117
0.3514 	1.20752e-117
0.3521 	9.72724e-118
0.3528 	7.37929e-118
0.3535 	5.03134e-118
0.3542 	2.68339e-118
0.3549 	3.35439e-119
0.3556 	1.5853e-123
0.357 	1.16197e-123
0.3577 	8.90841e-124
0.3584 	6.19716e-124
0.3591 	3.48591e-124
0.3598 	7.7466e-125
0.3605 	1.68444e-129
0.3612 	1.53541e-129
0.3619 	1.26048e-129
0.3626 	9.75853e-130
0.3633 	6.9123e-130
0.364 	4.06607e-130
0.3647 	1.21983e-130
0.3654 	1.62593e-135
0.3661 	1.48469e-135
0.3668 	1.24111e-135
0.3675 	9.69617e-136
0.3682 	6.98125e-136
0.3689 	4.26632e-136
0.3696 	1.5514e-136
0.3703 	1.42551e-141
0.3717 	1.10907e-141
0.3724 	8.73811e-142
0.3731 	6.38554e-142
0.3738 	4.03298e-142
0.3745 	1.68042e-142
0.3752 	1.84411e-147
0.3759 	1.63098e-147
0.3766 	1.38295e-147
0.3773 	1.10003e-147
0.3787 	5.34184e-148
0.3801 	8.60881e-150
0.3808 	7.57685e-150
0.3815 	6.45471e-150
0.3822 	5.17021e-150
0.3829 	3.88572e-150
0.3836 	2.60123e-150
0.3843 	1.31674e-150
0.385 	3.2244e-152
0.3864 	2.50119e-152
0.3871 	2.01665e-152
0.3878 	1.5321e-152
0.3885 	1.04756e-152
0.3892 	5.63019e-153
0.3899 	7.84768e-154
0.3906 	8.47555e-155
0.3913 	7.52814e-155
0.392 	6.10784e-155
0.3927 	4.68754e-155
0.3934 	3.26724e-155
0.3941 	1.84694e-155
0.3948 	4.26642e-156
0.3955 	1.94666e-157
0.3962 	1.75415e-157
0.3969 	1.43938e-157
0.3976 	1.11522e-157
0.3983 	7.91052e-158
0.399 	4.66885e-158
0.3997 	1.42719e-158
0.4004 	3.59828e-160
0.4018 	2.72357e-160
0.4025 	2.12903e-160
0.4032 	1.5345e-160
0.4039 	9.39968e-161
0.4046 	3.45435e-161
0.4053 	5.49159e-163
0.406 	4.99983e-163
0.4067 	4.24617e-163
0.4074 	3.34701e-163
0.4081 	2.44785e-163
0.4088 	1.54868e-163
0.4095 	6.49521e-164
0.4102 	7.08497e-166
0.4116 	5.58653e-166
0.413 	3.28948e-166
0.4137 	2.14096e-166
0.4144 	9.92439e-167
0.4151 	7.89519e-169
0.4165 	6.3396e-169
0.4172 	5.07322e-169
0.4179 	3.80684e-169
0.4186 	2.54046e-169
0.4193 	1.27408e-169
0.42 	7.70261e-172
0.4207 	7.05851e-172
0.4214 	6.2906e-172
0.4221 	5.06871e-172
0.4228 	3.84683e-172
0.4235 	2.62495e-172
0.4242 	1.40306e-172
0.4249 	1.81181e-173
0.4256 	6.15261e-175
0.4263 	5.56415e-175
0.427 	4.51245e-175
0.4284 	2.40904e-175
0.4291 	1.35734e-175
0.4298 	3.05632e-176
0.4305 	4.83864e-178
0.4312 	4.4097e-178
0.4319 	3.62066e-178
0.4326 	2.80392e-178
0.4333 	1.98717e-178
0.434 	1.17043e-178
0.4347 	3.5368e-179
0.4354 	3.47311e-181
0.4361 	3.16901e-181
0.4368 	2.64897e-181
0.4375 	2.07003e-181
0.4382 	1.49109e-181
0.4389 	9.12154e-182
0.4396 	3.33217e-182
0.4403 	2.31006e-184
0.4417 	1.79445e-184
0.4424 	1.41412e-184
0.4431 	1.03379e-184
0.4438 	6.53456e-185
0.4445 	2.73126e-185
0.4452 	1.42667e-187
0.4459 	1.30483e-187
0.4466 	1.12789e-187
0.448 	6.63811e-188
0.4494 	1.99729e-188
0.4501 	8.26636e-191
0.4508 	7.56967e-191
0.4515 	6.64731e-191
0.4522 	5.31875e-191
0.4529 	3.99018e-191
0.4536 	2.66162e-191
0.4543 	1.33306e-191
0.455 	4.50099e-194
0.4557 	4.12689e-194
0.4571 	2.96466e-194
0.4578 	2.2496e-194
0.4585 	1.53454e-194
0.4592 	8.19482e-195
0.4599 	1.04422e-195
0.4606 	2.10964e-197
0.4613 	1.90899e-197
0.462 	1.54803e-197
0.4627 	1.18708e-197
0.4634 	8.26123e-198
0.4641 	4.65168e-198
0.4648 	1.04213e-198
0.4655 	1.01895e-200
0.4662 	9.29421e-201
0.4669 	7.63119e-201
0.4676 	5.90911e-201
0.469 	2.46496e-201
0.4697 	7.42883e-202
0.4704 	4.62149e-204
0.4711 	4.22183e-204
0.4718 	3.52984e-204
0.4725 	2.75814e-204
0.4732 	1.98643e-204
0.4739 	1.21472e-204
0.4746 	4.43012e-205
0.4753 	1.96479e-207
0.476 	1.79747e-207
0.4767 	1.52929e-207
0.4774 	1.20506e-207
0.4781 	8.80841e-208
0.4788 	5.56618e-208
0.4795 	2.32396e-208
0.4802 	7.89329e-211
0.4809 	7.23128e-211
0.4816 	6.25653e-211
0.4823 	4.96904e-211
0.483 	3.68155e-211
0.4837 	2.39406e-211
0.4844 	1.10658e-211
0.4851 	2.98049e-214
0.4858 	2.73419e-214
0.4865 	2.40421e-214
0.4872 	1.92358e-214
0.4879 	1.44295e-214
0.4886 	9.62318e-215
0.4893 	4.81688e-215
0.49 	1.05712e-217
0.4907 	9.70997e-218
0.4914 	8.67213e-218
0.4928 	5.30099e-218
0.4935 	3.61543e-218
0.4942 	1.92986e-218
0.4949 	2.44296e-219
0.4956 	3.2568e-221
0.4963 	2.95269e-221
0.497 	2.39428e-221
0.4977 	1.83587e-221
0.4984 	1.27746e-221
0.4991 	7.19054e-222
0.4998 	1.60644e-222
0.5005 	1.0352e-224
0.5012 	9.46062e-225
0.5019 	7.76871e-225
0.5026 	6.01522e-225
0.5033 	4.26173e-225
0.504 	2.50824e-225
0.5047 	7.54753e-226
0.5054 	3.10661e-228
0.5061 	2.84286e-228
0.5068 	2.37781e-228
0.5075 	1.85787e-228
0.5082 	1.33792e-228
0.5089 	8.17973e-229
0.5096 	2.98026e-229
0.5103 	8.81775e-232
0.511 	8.07924e-232
0.5117 	6.87793e-232
0.5124 	5.41949e-232
0.5131 	3.96105e-232
0.5138 	2.50262e-232
0.5145 	1.04418e-232
0.5152 	2.38348e-235
0.5159 	2.18648e-235
0.5166 	1.89316e-235
0.5173 	1.50352e-235
0.518 	1.11388e-235
0.5187 	7.24241e-236
0.5194 	3.346e-236
0.5201 	6.1507e-239
0.5208 	5.64886e-239
0.5215 	4.97127e-239
0.5222 	3.97732e-239
0.5236 	1.98941e-239
0.5243 	9.95462e-240
0.525 	1.51052e-242
0.5257 	1.38882e-242
0.5264 	1.24148e-242
0.5271 	1.00015e-242
0.5278 	7.58821e-243
0.5285 	5.17489e-243
0.5292 	2.76157e-243
0.5299 	3.48256e-244
0.5306 	3.25522e-246
0.532 	2.39524e-246
0.5327 	1.83653e-246
0.5334 	1.27782e-246
0.5341 	7.19113e-247
0.5348 	1.60404e-247
0.5355 	7.28656e-250
0.5362 	6.66465e-250
0.5369 	5.47301e-250
0.5376 	4.23754e-250
0.5383 	3.00207e-250
0.539 	1.7666e-250
0.5397 	5.31134e-251
0.5404 	1.57134e-253
0.5411 	1.43892e-253
0.5418 	1.20372e-253
0.5425 	9.40479e-254
0.5432 	6.77239e-254
0.5439 	4.14e-254
0.5446 	1.5076e-254
0.5453 	3.25773e-257
0.546 	2.98662e-257
0.5467 	2.54311e-257
0.5474 	2.0038e-257
0.5481 	1.46449e-257
0.5488 	9.25188e-258
0.5495 	3.85882e-258
0.5502 	6.4845e-261
0.5509 	5.95146e-261
0.5516 	5.15447e-261
0.5523 	4.09351e-261
0.553 	3.03256e-261
0.5537 	1.9716e-261
0.5544 	9.10646e-262
0.5551 	1.24107e-264
0.5565 	1.00379e-264
0.5572 	8.03082e-265
0.5579 	6.02368e-265
0.5586 	4.01655e-265
0.5593 	2.00942e-265
0.56 	2.28709e-268
0.5607 	2.10353e-268
0.5614 	1.88096e-268
0.5621 	1.51529e-268
0.5628 	1.14963e-268
0.5635 	7.83966e-269
0.5642 	4.18302e-269
0.5649 	5.26394e-270
0.5656 	3.74137e-272
0.5663 	3.39615e-272
0.567 	2.75377e-272
0.5677 	2.11138e-272
0.5684 	1.46899e-272
0.5691 	8.2661e-273
0.5698 	1.84224e-273
0.5705 	6.46405e-276
0.5712 	5.91401e-276
0.5719 	4.85664e-276
0.5726 	3.76023e-276
0.5733 	2.66383e-276
0.574 	1.56743e-276
0.5747 	4.71022e-277
0.5754 	1.08309e-279
0.5768 	8.29931e-280
0.5782 	4.66916e-280
0.5789 	2.85408e-280
0.5796 	1.03901e-280
0.5803 	1.7566e-283
0.5817 	1.37164e-283
0.5824 	1.08075e-283
0.5838 	4.98959e-284
0.5845 	2.08064e-284
0.5852 	2.76066e-287
0.5859 	2.53415e-287
0.5866 	2.19498e-287
0.5873 	1.74316e-287
0.5887 	8.39521e-288
0.5894 	3.87701e-288
0.5901 	4.20856e-291
0.5908 	3.8673e-291
0.5915 	3.40476e-291
0.5922 	2.72393e-291
0.5929 	2.04311e-291
0.5936 	1.36228e-291
0.5943 	6.81451e-292
0.595 	6.22967e-295
0.5957 	5.73037e-295
0.5964 	5.12457e-295
0.5971 	4.1283e-295
0.5978 	3.13203e-295
0.5985 	2.13575e-295
0.5992 	1.13948e-295
0.5999 	1.43211e-296
0.6006 	8.25214e-299
0.6013 	7.49152e-299
0.602 	6.07444e-299
0.6034 	3.24027e-299
0.6041 	1.82319e-299
0.6048 	4.06107e-300
0.6055 	1.15597e-302
0.6062 	1.05772e-302
0.6069 	8.68605e-303
0.6083 	4.76407e-303
0.609 	2.80307e-303
0.6097 	8.42082e-304
0.6104 	1.58116e-306
0.6111 	1.44839e-306
0.6118 	1.21171e-306
0.6125 	9.46696e-307
0.6132 	6.81682e-307
0.6139 	4.16669e-307
0.6146 	1.51656e-307
0.6153 	2.11814e-310
0.616 	1.9424e-310
0.6167 	1.65411e-310
0.6174 	1.3033e-310
0.6181 	9.52485e-311
0.6188 	6.01674e-311
0.6195 	2.50863e-311
0.6202 	2.76663e-314
0.6209 	2.53968e-314
0.6216 	2.19976e-314
0.6223 	1.74687e-314
0.623 	1.29398e-314
0.6237 	8.41086e-315
0.6244 	3.88194e-315
0.6251 	0
0.6258 	0
0.6265 	0
0.6272 	0
0.6279 	0
0.6286 	0
0.6293 	0
0.63 	0
0.6307 	0
0.6314 	0
0.6321 	0
0.6328 	0
0.6335 	0
0.6342 	0
0.6349 	0
0.6356 	0
0.6363 	0
0.637 	0
0.6377 	0
0.6384 	0
0.6391 	0
0.6398 	0
0.6405 	0
0.6412 	0
0.6419 	0
0.6426 	0
0.6433 	0
0.644 	0
0.6447 	0
0.6454 	0
0.6461 	0
0.6468 	0
0.6475 	0
0.6482 	0
0.6489 	0
0.6496 	0
0.6503 	0
0.651 	0
0.6517 	0
0.6524 	0
0.6531 	0
0.6538 	0
0.6545 	0
0.6552 	0
0.6559 	0
0.6566 	0
0.6573 	0
0.658 	0
0.6587 	0
0.6594 	0
0.6601 	0
0.6608 	0
0.6615 	0
0.6622 	0
0.6629 	0
0.6636 	0
0.6643 	0
0.665 	0
0.6657 	0
0.6664 	0
0.6671 	0
0.6678 	0
0.6685 	0
0.6692 	0
0.6699 	0
0.6706 	0
0.6713 	0
0.672 	0
0.6727 	0
0.6734 	0
0.6741 	0
0.6748 	0
0.6755 	0
0.6762 	0
0.6769 	0
0.6776 	0
0.6783 	0
0.679 	0
0.6797 	0
0.6804 	0
0.6811 	0
0.6818 	0
0.6825 	0
0.6832 	0
0.6839 	0
0.6846 	0
0.6853 	0
0.686 	0
0.6867 	0
0.6874 	0
0.6881 	0
0.6888 	0
0.6895 	0
0.6902 	0
0.6909 	0
0.6916 	0
0.6923 	0
0.693 	0
0.6937 	0
0.6944 	0
0.6951 	0
0.6958 	0
0.6965 	0
0.6972 	0
0.6986 	0
0.7 	0
