0 	1
0.0007 	1
0.0014 	1
0.0021 	1
0.0028 	1
0.0035 	1
0.0042 	1
0.0049 	1
0.0056 	1
0.0063 	1
0.007 	1
0.0077 	1
0.0084 	1
0.0091 	1
0.0098 	1
0.0105 	1
0.0112 	1
0.0119 	1
0.0126 	1
0.0133 	1
0.014 	1
0.0147 	1
0.0154 	1
0.0161 	1
0.0168 	1
0.0175 	1
0.0182 	1
0.0189 	1
0.0196 	1
0.0203 	1
0.021 	1
0.0217 	1
0.0224 	1
0.0231 	1
0.0238 	1
0.0245 	1
0.0252 	1
0.0259 	1
0.0266 	1
0.0273 	1
0.028 	1
0.0287 	1
0.0294 	1
0.0301 	1
0.0308 	1
0.0315 	1
0.0322 	1
0.0329 	1
0.0336 	1
0.0343 	1
0.035 	1
0.0357 	1
0.0364 	1
0.0371 	1
0.0378 	1
0.0385 	1
0.0392 	1
0.0399 	1
0.0406 	1
0.0413 	1
0.042 	1
0.0427 	1
0.0434 	1
0.0441 	1
0.0448 	1
0.0455 	1
0.0462 	1
0.0469 	1
0.0476 	1
0.0483 	1
0.049 	1
0.0497 	1
0.0504 	1
0.0511 	1
0.0518 	1
0.0525 	1
0.0532 	1
0.0539 	1
0.0546 	1
0.0553 	1
0.056 	1
0.0567 	1
0.0574 	1
0.0581 	1
0.0588 	1
0.0595 	1
0.0602 	1
0.0609 	1
0.0616 	1
0.0623 	1
0.063 	1
0.0637 	1
0.0644 	1
0.0651 	1
0.0658 	1
0.0665 	1
0.0672 	1
0.0679 	1
0.0686 	1
0.0693 	1
0.07 	1
0.0707 	1
0.0714 	1
0.0721 	1
0.0728 	1
0.0735 	1
0.0742 	1
0.0749 	1
0.0756 	1
0.0763 	1
0.077 	1
0.0777 	1
0.0784 	1
0.0791 	1
0.0798 	1
0.0805 	1
0.0812 	1
0.0819 	1
0.0826 	1
0.0833 	1
0.084 	1
0.0847 	1
0.0854 	1
0.0861 	1
0.0868 	1
0.0875 	1
0.0882 	1
0.0889 	1
0.0896 	1
0.0903 	1
0.091 	1
0.0917 	1
0.0924 	1
0.0931 	1
0.0938 	1
0.0945 	1
0.0952 	1
0.0959 	1
0.0966 	1
0.0973 	1
0.098 	1
0.0987 	1
0.0994 	1
0.1001 	1
0.1008 	1
0.1015 	1
0.1022 	1
0.1029 	1
0.1036 	1
0.1043 	1
0.105 	1
0.1057 	1
0.1064 	1
0.1071 	1
0.1078 	1
0.1085 	1
0.1092 	1
0.1099 	1
0.1106 	1
0.1113 	1
0.112 	1
0.1127 	1
0.1134 	1
0.1141 	1
0.1148 	1
0.1155 	1
0.1162 	1
0.1169 	1
0.1176 	1
0.1183 	1
0.119 	1
0.1197 	1
0.1204 	1
0.1211 	1
0.1218 	1
0.1225 	1
0.1232 	1
0.1239 	1
0.1246 	1
0.1253 	1
0.126 	1
0.1267 	1
0.1274 	1
0.1281 	1
0.1288 	1
0.1295 	1
0.1302 	1
0.1309 	1
0.1316 	1
0.1323 	1
0.133 	1
0.1337 	1
0.1344 	1
0.1351 	1
0.1358 	1
0.1365 	1
0.1372 	1
0.1379 	1
0.1386 	1
0.1393 	1
0.14 	1
0.1407 	1
0.1414 	1
0.1421 	1
0.1428 	1
0.1435 	1
0.1442 	1
0.1449 	1
0.1456 	1
0.1463 	1
0.147 	1
0.1477 	1
0.1484 	1
0.1491 	1
0.1498 	1
0.1505 	1
0.1512 	1
0.1519 	1
0.1526 	1
0.1533 	1
0.154 	1
0.1547 	1
0.1554 	1
0.1561 	1
0.1568 	1
0.1575 	1
0.1582 	1
0.1589 	1
0.1596 	1
0.1603 	1
0.161 	1
0.1617 	1
0.1624 	1
0.1631 	1
0.1638 	1
0.1645 	1
0.1652 	1
0.1659 	1
0.1666 	1
0.1673 	1
0.168 	1
0.1687 	1
0.1694 	1
0.1701 	1
0.1708 	1
0.1715 	1
0.1722 	1
0.1729 	1
0.1736 	1
0.1743 	1
0.175 	1
0.1757 	1
0.1764 	1
0.1771 	1
0.1778 	1
0.1785 	1
0.1792 	1
0.1799 	1
0.1806 	1
0.1813 	1
0.182 	1
0.1827 	1
0.1834 	1
0.1841 	1
0.1848 	1
0.1855 	1
0.1862 	1
0.1869 	1
0.1876 	1
0.1883 	1
0.189 	1
0.1897 	1
0.1904 	1
0.1911 	1
0.1918 	1
0.1925 	1
0.1932 	1
0.1939 	1
0.1946 	1
0.1953 	1
0.196 	1
0.1967 	1
0.1974 	1
0.1981 	1
0.1988 	1
0.1995 	1
0.2002 	1
0.2009 	1
0.2023 	1
0.2037 	1
0.2051 	1
0.2065 	1
0.2079 	1
0.2086 	1
0.21 	1
0.2114 	1
0.2128 	1
0.2142 	1
0.2156 	1
0.2163 	1
0.2177 	1
0.2191 	1
0.2205 	1
0.2219 	1
0.2226 	1
0.224 	1
0.2254 	1
0.2261 	1
0.2275 	1
0.2289 	1
0.2303 	1
0.231 	1
0.2317 	1
0.2331 	1
0.2345 	1
0.2359 	1
0.2373 	1
0.238 	1
0.2394 	0.999997
0.2408 	0.999945
0.2422 	0.999407
0.2436 	0.994851
0.245 	0.959527
0.2464 	0.744687
0.2478 	0.370066
0.2492 	0.138985
0.2499 	0.0976567
0.2513 	0.0630974
0.252 	0.0490017
0.2534 	0.0257012
0.2548 	0.0118902
0.2555 	0.00776019
0.2562 	0.00428882
0.2569 	0.00259939
0.2576 	0.00118814
0.259 	0.000217409
0.2604 	3.24218e-05
0.2618 	5.08863e-06
0.2632 	1.13794e-06
0.2646 	3.68017e-07
0.2653 	2.14698e-07
0.2667 	7.92389e-08
0.2681 	3.10456e-08
0.2688 	1.85141e-08
0.2702 	8.01727e-09
0.2716 	3.52946e-09
0.2723 	2.31927e-09
0.2737 	9.38761e-10
0.2751 	3.24917e-10
0.2765 	1.85252e-10
0.2772 	2.61579e-10
0.2786 	2.65551e-09
0.28 	5.58368e-09
0.2814 	3.50812e-09
0.2821 	1.98666e-09
0.2828 	8.95445e-10
0.2842 	1.96861e-10
0.2856 	2.136e-10
0.287 	1.95951e-10
0.2877 	1.6848e-10
0.2891 	1.13917e-10
0.2905 	7.16337e-11
0.2912 	4.72644e-11
0.2919 	2.7154e-11
0.2926 	9.41679e-12
0.294 	3.49981e-13
0.2954 	8.88924e-16
0.2961 	1.57087e-16
0.2968 	6.12673e-20
0.2982 	3.72616e-25
0.2989 	3.32998e-30
0.3003 	4.32139e-36
0.3017 	-2.85029e-52
0.3031 	-1.84837e-53
0.3038 	-1.53344e-54
0.3045 	-6.66259e-55
0.3052 	-3.95067e-56
0.3059 	-1.38258e-56
0.3066 	-7.20701e-58
0.3073 	-1.71431e-58
0.3087 	-7.19813e-61
0.3101 	-8.5107e-64
0.3115 	-2.4927e-66
0.3129 	-2.6856e-69
0.3136 	-4.7388e-70
0.3143 	-4.39506e-73
0.3157 	-2.83285e-78
0.3164 	-5.04697e-78
0.3171 	-1.00106e-77
0.3185 	-2.92248e-77
0.3192 	-4.59581e-77
0.3199 	-6.56363e-77
0.3213 	-1.10978e-76
0.3227 	-1.45435e-76
0.3241 	-1.86619e-76
0.3248 	-2.23024e-76
0.3262 	-3.43923e-76
0.3276 	-4.48219e-76
0.329 	-4.72492e-76
0.3304 	-4.67653e-76
0.3311 	-4.63463e-76
0.3325 	-3.71204e-76
0.3339 	-1.74302e-76
0.3353 	-3.96462e-77
0.3367 	-5.56611e-78
0.3381 	-3.44092e-78
0.3388 	-2.17726e-78
0.3402 	-4.93705e-79
0.3409 	-2.08237e-79
0.3416 	-6.00184e-80
0.3423 	-4.90493e-80
0.3437 	-2.26405e-80
0.3451 	-4.76958e-81
0.3465 	-2.94807e-82
0.3479 	-1.76525e-82
0.3486 	-1.12055e-82
0.3493 	-6.48734e-83
0.35 	-2.24055e-83
0.3507 	-1.02263e-83
0.3521 	-5.04606e-85
0.3535 	-2.43112e-85
0.3549 	-5.5685e-86
0.3556 	-2.29022e-86
0.357 	-4.53288e-88
0.3584 	-2.24948e-88
0.3598 	-5.77436e-89
0.3612 	-1.63385e-90
0.3626 	-1.0256e-91
0.364 	-4.05706e-92
0.3654 	-7.17383e-93
0.3661 	-1.27826e-93
0.3675 	-9.62484e-96
0.3689 	-3.90518e-96
0.3703 	-7.08279e-97
0.371 	-1.87142e-97
0.3717 	-9.07727e-100
0.3724 	-6.97422e-100
0.3738 	-2.89538e-100
0.3752 	-5.29669e-101
0.3759 	-1.76826e-101
0.3766 	-3.94596e-104
0.378 	-2.18483e-104
0.3787 	-1.31938e-104
0.3801 	-2.4362e-105
0.3815 	-1.59441e-109
0.3822 	-1.24601e-109
0.3829 	-9.036e-110
0.3843 	-3.22223e-110
0.385 	-1.04455e-110
0.3857 	-4.5956e-111
0.3864 	-3.68843e-163
0.3871 	-2.70672e-163
0.3885 	-1.14587e-163
0.3899 	-1.90141e-164
0.3906 	-6.69606e-165
0.392 	4.04549e-195
0.3934 	2.02599e-195
0.3948 	5.30419e-196
0.3962 	1.36578e-197
0.3969 	2.68284e-202
0.3983 	1.41279e-202
0.3997 	4.09954e-203
0.4011 	2.68914e-204
0.4018 	0
0.4025 	0
0.4039 	0
0.4053 	0
0.406 	0
0.4067 	0
0.4074 	0
0.4081 	0
0.4088 	0
0.4095 	0
0.4102 	0
0.4109 	0
0.4116 	0
0.4123 	0
0.4137 	0
0.4151 	0
0.4165 	0
0.4179 	0
0.4193 	0
0.4207 	0
0.4214 	0
0.4221 	0
0.4228 	0
0.4235 	0
0.4249 	0
0.4256 	0
0.427 	0
0.4284 	0
0.4291 	0
0.4298 	0
0.4312 	0
0.4326 	0
0.4333 	0
0.434 	0
0.4354 	0
0.4368 	0
0.4382 	0
0.4396 	0
0.4403 	0
0.4417 	0
0.4424 	0
0.4431 	0
0.4438 	0
0.4452 	0
0.4466 	0
0.448 	0
0.4494 	0
0.4508 	0
0.4522 	0
0.4536 	0
0.4543 	0
0.455 	0
0.4557 	0
0.4571 	0
0.4585 	0
0.4599 	0
0.4613 	0
0.4627 	0
0.4634 	0
0.4648 	0
0.4662 	0
0.4676 	0
0.4683 	0
0.469 	0
0.4704 	0
0.4718 	0
0.4732 	0
0.4739 	0
0.4753 	0
0.4767 	0
0.4774 	0
0.4788 	0
0.4802 	0
0.4816 	0
0.483 	0
0.4844 	0
0.4851 	0
0.4858 	0
0.4872 	0
0.4886 	0
0.4893 	0
0.4907 	0
0.4921 	0
0.4935 	0
0.4942 	0
0.4949 	0
0.4956 	0
0.4963 	0
0.4977 	0
0.4991 	0
0.4998 	0
0.5005 	0
0.5012 	0
0.5026 	0
0.504 	0
0.5054 	0
0.5068 	0
0.5075 	0
0.5089 	0
0.5103 	0
0.5117 	0
0.5124 	0
0.5131 	0
0.5145 	0
0.5159 	0
0.5166 	0
0.5173 	0
0.518 	0
0.5187 	0
0.5194 	0
0.5201 	0
0.5208 	0
0.5222 	0
0.5236 	0
0.525 	0
0.5264 	0
0.5278 	0
0.5292 	0
0.5299 	0
0.5306 	0
0.532 	0
0.5334 	0
0.5348 	0
0.5362 	0
0.5376 	0
0.539 	0
0.5397 	0
0.5411 	0
0.5425 	0
0.5439 	0
0.5453 	0
0.5467 	0
0.5474 	0
0.5488 	0
0.5502 	0
0.5509 	0
0.5523 	0
0.553 	0
0.5544 	0
0.5558 	0
0.5565 	0
0.5572 	0
0.5586 	0
0.56 	0
0.5614 	0
0.5628 	0
0.5642 	0
0.5656 	0
0.5663 	0
0.5677 	0
0.5691 	0
0.5705 	0
0.5719 	0
0.5733 	0
0.5747 	0
0.5761 	0
0.5775 	0
0.5789 	0
0.5803 	0
0.5817 	0
0.5831 	0
0.5838 	0
0.5845 	0
0.5859 	0
0.5873 	0
0.5887 	0
0.5894 	0
0.5901 	0
0.5915 	0
0.5929 	0
0.5943 	0
0.5957 	0
0.5964 	0
0.5978 	0
0.5985 	0
0.5992 	0
0.5999 	0
0.6013 	0
0.602 	0
0.6034 	0
0.6048 	0
0.6055 	0
0.6069 	0
0.6083 	0
0.609 	0
0.6097 	0
0.6111 	0
0.6118 	0
0.6125 	0
0.6139 	0
0.6153 	0
0.6167 	0
0.6181 	0
0.6195 	0
0.6209 	0
0.6216 	0
0.6223 	0
0.623 	0
0.6237 	0
0.6251 	0
0.6265 	0
0.6279 	0
0.6293 	0
0.6307 	0
0.6321 	0
0.6328 	0
0.6335 	0
0.6349 	0
0.6363 	0
0.6377 	0
0.6391 	0
0.6398 	0
0.6412 	0
0.6426 	0
0.644 	0
0.6454 	0
0.6461 	0
0.6475 	0
0.6482 	0
0.6489 	0
0.6503 	0
0.6517 	0
0.6524 	0
0.6531 	0
0.6538 	0
0.6552 	0
0.6566 	0
0.6573 	0
0.658 	0
0.6594 	0
0.6608 	0
0.6622 	0
0.6636 	0
0.665 	0
0.6657 	0
0.6671 	0
0.6685 	0
0.6692 	0
0.6699 	0
0.6706 	0
0.6713 	0
0.672 	0
0.6727 	0
0.6734 	0
0.6748 	0
0.6762 	0
0.6769 	0
0.6776 	0
0.6783 	0
0.6797 	0
0.6811 	0
0.6818 	0
0.6825 	0
0.6839 	0
0.6853 	0
0.6867 	0
0.6874 	0
0.6881 	0
0.6895 	0
0.6909 	0
0.6916 	0
0.693 	0
0.6944 	0
0.6958 	0
0.6965 	0
0.6979 	0
0.6986 	0
0.6993 	0
0.7 	0
