0 	1
0.0007 	1
0.0014 	1
0.0028 	1
0.0035 	1
0.0042 	1
0.0049 	1
0.0056 	1
0.0063 	1
0.007 	1
0.0077 	1
0.0084 	1
0.0091 	1
0.0098 	1
0.0105 	1
0.0112 	1
0.0119 	1
0.0126 	1
0.0133 	1
0.014 	1
0.0147 	1
0.0154 	1
0.0161 	1
0.0168 	1
0.0175 	1
0.0182 	1
0.0189 	1
0.0196 	1
0.0203 	1
0.021 	1
0.0217 	1
0.0224 	1
0.0231 	1
0.0238 	1
0.0245 	1
0.0252 	1
0.0259 	1
0.0266 	1
0.0273 	1
0.028 	1
0.0287 	1
0.0294 	1
0.0301 	1
0.0308 	1
0.0315 	1
0.0322 	1
0.0329 	1
0.0336 	1
0.0343 	1
0.035 	1
0.0357 	1
0.0364 	1
0.0378 	1
0.0385 	1
0.0392 	1
0.0399 	1
0.0406 	1
0.0413 	1
0.042 	1
0.0427 	1
0.0434 	1
0.0441 	1
0.0448 	1
0.0455 	1
0.0462 	1
0.0469 	1
0.0476 	1
0.0483 	1
0.049 	1
0.0497 	1
0.0504 	1
0.0511 	1
0.0518 	1
0.0532 	1
0.0539 	1
0.0546 	1
0.0553 	1
0.056 	1
0.0567 	1
0.0574 	1
0.0581 	1
0.0588 	1
0.0595 	1
0.0602 	1
0.0609 	1
0.0616 	1
0.0623 	1
0.063 	1
0.0644 	1
0.0651 	1
0.0658 	1
0.0665 	1
0.0672 	1
0.0679 	1
0.0686 	1
0.0693 	1
0.07 	1
0.0707 	1
0.0714 	1
0.0721 	1
0.0728 	1
0.0735 	1
0.0742 	1
0.0749 	1
0.0756 	1
0.0763 	1
0.077 	1
0.0777 	1
0.0784 	1
0.0791 	1
0.0798 	1
0.0805 	1
0.0812 	1
0.0819 	1
0.0826 	1
0.0833 	1
0.084 	1
0.0847 	1
0.0854 	1
0.0861 	1
0.0868 	1
0.0882 	1
0.0889 	1
0.0896 	1
0.0903 	1
0.091 	1
0.0917 	1
0.0924 	1
0.0931 	1
0.0938 	1
0.0945 	1
0.0952 	1
0.0959 	1
0.0966 	1
0.0973 	1
0.098 	1
0.0987 	1
0.0994 	1
0.1001 	1
0.1008 	1
0.1015 	1
0.1029 	1
0.1036 	1
0.1043 	1
0.105 	1
0.1057 	1
0.1064 	1
0.1071 	1
0.1078 	1
0.1085 	1
0.1092 	1
0.1099 	1
0.1106 	1
0.1113 	1
0.112 	1
0.1127 	1
0.1134 	1
0.1141 	1
0.1148 	1
0.1155 	1
0.1162 	1
0.1169 	1
0.1176 	1
0.1183 	1
0.119 	1
0.1197 	1
0.1204 	1
0.1211 	1
0.1218 	1
0.1225 	1
0.1232 	1
0.1239 	1
0.1246 	1
0.1253 	1
0.126 	1
0.1267 	1
0.1274 	1
0.1281 	1
0.1288 	1
0.1295 	1
0.1302 	1
0.1309 	1
0.1316 	1
0.1323 	1
0.133 	1
0.1337 	1
0.1344 	1
0.1351 	1
0.1358 	1
0.1365 	1
0.1379 	1
0.1386 	1
0.1393 	1
0.14 	1
0.1407 	1
0.1414 	1
0.1421 	1
0.1428 	1
0.1435 	1
0.1442 	1
0.1449 	1
0.1456 	1
0.1463 	1
0.147 	1
0.1477 	1
0.1484 	1
0.1491 	1
0.1498 	1
0.1505 	1
0.1512 	1
0.1519 	1
0.1526 	1
0.1533 	1
0.154 	1
0.1547 	1
0.1554 	1
0.1561 	1
0.1575 	1
0.1582 	1
0.1589 	1
0.1596 	1
0.1603 	1
0.161 	1
0.1617 	1
0.1624 	1
0.1631 	1
0.1638 	1
0.1645 	1
0.1652 	1
0.1659 	1
0.1666 	1
0.1673 	1
0.168 	1
0.1687 	1
0.1694 	1
0.1701 	1
0.1708 	1
0.1715 	1
0.1722 	1
0.1729 	1
0.1736 	1
0.1743 	1
0.175 	1
0.1757 	1
0.1764 	1
0.1771 	1
0.1778 	1
0.1792 	1
0.1799 	1
0.1806 	1
0.1813 	1
0.182 	1
0.1834 	1
0.1841 	1
0.1848 	1
0.1855 	1
0.1862 	1
0.1869 	1
0.1876 	1
0.1883 	1
0.189 	1
0.1897 	1
0.1904 	1
0.1911 	1
0.1918 	1
0.1925 	1
0.1932 	1
0.1939 	1
0.1946 	1
0.1953 	1
0.196 	1
0.1967 	1
0.1974 	1
0.1981 	1
0.1988 	1
0.1995 	1
0.2002 	1
0.2009 	1
0.2016 	1
0.2023 	1
0.203 	1
0.2037 	1
0.2044 	1
0.2051 	1
0.2058 	1
0.2065 	1
0.2072 	1
0.2079 	1
0.2086 	1
0.2093 	1
0.21 	1
0.2107 	1
0.2114 	1
0.2121 	1
0.2128 	1
0.2135 	1
0.2142 	1
0.2149 	1
0.2156 	1
0.2163 	1
0.217 	1
0.2177 	1
0.2184 	1
0.2191 	1
0.2198 	1
0.2205 	1
0.2212 	1
0.2219 	1
0.2226 	1
0.2233 	1
0.224 	1
0.2247 	1
0.2254 	1
0.2261 	1
0.2268 	1
0.2275 	1
0.2289 	1
0.2296 	1
0.2303 	0.999995
0.231 	0.999984
0.2317 	0.999974
0.2324 	0.999963
0.2331 	0.999952
0.2338 	0.999941
0.2345 	0.99993
0.2352 	0.999614
0.2359 	0.998532
0.2366 	0.99745
0.2373 	0.996367
0.238 	0.995285
0.2394 	0.993121
0.2401 	0.989695
0.2408 	0.972206
0.2415 	0.954716
0.2422 	0.937226
0.2429 	0.919736
0.2436 	0.902246
0.2443 	0.884756
0.245 	0.867266
0.2457 	0.808303
0.2464 	0.74934
0.2471 	0.690376
0.2478 	0.631413
0.2485 	0.572449
0.2492 	0.513486
0.2499 	0.454522
0.2506 	0.401468
0.2513 	0.3494
0.252 	0.297332
0.2527 	0.245264
0.2534 	0.193196
0.2541 	0.141128
0.2548 	0.0890595
0.2555 	0.0671194
0.2562 	0.0572305
0.2569 	0.047342
0.2576 	0.0374534
0.2583 	0.0275649
0.259 	0.0176763
0.2597 	0.00778781
0.2604 	0.00331877
0.2611 	0.00291437
0.2618 	0.00250998
0.2625 	0.00210559
0.2632 	0.00170121
0.2639 	0.00129682
0.2646 	0.000892433
0.2653 	0.00063838
0.266 	0.00058477
0.2667 	0.000531162
0.2674 	0.000477554
0.2681 	0.000423947
0.2688 	0.000370339
0.2695 	0.000316731
0.2702 	0.000272201
0.2709 	0.000250364
0.2716 	0.000228528
0.2723 	0.000206692
0.273 	0.000184856
0.2737 	0.00016302
0.2744 	0.000141185
0.2751 	0.000121012
0.2758 	0.000110816
0.2765 	0.000100621
0.2772 	9.04267e-05
0.2779 	8.0232e-05
0.2786 	7.00373e-05
0.2793 	5.98426e-05
0.28 	4.96479e-05
0.2807 	4.5458e-05
0.2814 	4.12681e-05
0.2821 	3.70785e-05
0.2828 	3.28889e-05
0.2842 	2.45098e-05
0.2849 	2.03202e-05
0.2856 	1.83156e-05
0.2863 	1.66752e-05
0.287 	1.5035e-05
0.2877 	1.33947e-05
0.2884 	1.17545e-05
0.2891 	1.01143e-05
0.2898 	8.47406e-06
0.2905 	7.53693e-06
0.2912 	6.88104e-06
0.2919 	6.22525e-06
0.2926 	5.56947e-06
0.2933 	4.91369e-06
0.294 	4.25791e-06
0.2947 	3.60213e-06
0.2954 	3.16557e-06
0.2961 	2.89342e-06
0.2968 	2.62131e-06
0.2975 	2.34922e-06
0.2982 	2.07712e-06
0.2989 	1.80503e-06
0.2996 	1.53293e-06
0.3003 	1.32778e-06
0.301 	1.21189e-06
0.3017 	1.09601e-06
0.3024 	9.80138e-07
0.3031 	8.64269e-07
0.3038 	7.484e-07
0.3045 	6.32531e-07
0.3052 	5.35733e-07
0.3059 	4.8661e-07
0.3066 	4.37492e-07
0.3073 	3.88381e-07
0.308 	3.39269e-07
0.3087 	2.90158e-07
0.3094 	2.41046e-07
0.3101 	1.96162e-07
0.3108 	1.76644e-07
0.3115 	1.57127e-07
0.3122 	1.37612e-07
0.3129 	1.18098e-07
0.3136 	9.85838e-08
0.3143 	7.90695e-08
0.315 	5.95552e-08
0.3157 	5.30241e-08
0.3164 	4.64932e-08
0.3171 	3.99632e-08
0.3178 	3.34332e-08
0.3185 	2.69032e-08
0.3192 	2.03732e-08
0.3199 	1.38432e-08
0.3206 	1.15645e-08
0.3213 	9.99451e-09
0.322 	8.42454e-09
0.3227 	6.85457e-09
0.3234 	5.2846e-09
0.3241 	3.71463e-09
0.3248 	2.14466e-09
0.3255 	1.5365e-09
0.3262 	1.31307e-09
0.3269 	1.08959e-09
0.3276 	8.66104e-10
0.3283 	6.4262e-10
0.329 	4.19136e-10
0.3297 	1.95652e-10
0.3304 	9.25667e-11
0.3311 	7.97812e-11
0.3318 	6.69889e-11
0.3325 	5.41947e-11
0.3332 	4.14005e-11
0.3339 	2.86063e-11
0.3346 	1.58121e-11
0.3353 	8.44526e-12
0.336 	8.31482e-12
0.3367 	8.18417e-12
0.3374 	8.05341e-12
0.3381 	7.92264e-12
0.3388 	7.79188e-12
0.3395 	7.66111e-12
0.3402 	7.55205e-12
0.3409 	7.49725e-12
0.3416 	7.44244e-12
0.343 	7.3328e-12
0.3437 	7.27798e-12
0.3444 	7.22316e-12
0.3451 	7.20249e-12
0.3458 	7.38671e-12
0.3465 	7.57049e-12
0.3472 	7.75347e-12
0.3479 	7.93646e-12
0.3486 	8.11944e-12
0.3493 	8.30242e-12
0.35 	8.48541e-12
0.3507 	9.20419e-12
0.3514 	9.92267e-12
0.3521 	1.064e-11
0.3528 	1.13574e-11
0.3535 	1.20748e-11
0.3542 	1.27921e-11
0.3549 	1.35095e-11
0.3556 	1.41103e-11
0.3563 	1.46918e-11
0.357 	1.52747e-11
0.3577 	1.58575e-11
0.3584 	1.64403e-11
0.3591 	1.70232e-11
0.3598 	1.7606e-11
0.3605 	1.73287e-11
0.3612 	1.67073e-11
0.3619 	1.60911e-11
0.3626 	1.54752e-11
0.3633 	1.48594e-11
0.364 	1.42435e-11
0.3647 	1.36277e-11
0.3654 	1.2669e-11
0.3661 	1.14533e-11
0.3668 	1.02382e-11
0.3675 	9.02332e-12
0.3682 	7.80843e-12
0.3689 	6.59353e-12
0.3696 	5.37864e-12
0.3703 	4.43136e-12
0.371 	3.8409e-12
0.3717 	3.24783e-12
0.3724 	2.6533e-12
0.3731 	2.05877e-12
0.3738 	1.46424e-12
0.3745 	8.69708e-13
0.3752 	4.27618e-13
0.3759 	3.66627e-13
0.3766 	3.05213e-13
0.3773 	2.43375e-13
0.378 	1.81537e-13
0.3787 	1.19699e-13
0.3794 	5.78616e-14
0.3801 	4.76404e-15
0.3808 	4.10768e-15
0.3815 	3.4458e-15
0.3822 	2.77401e-15
0.3829 	2.10221e-15
0.3836 	1.43042e-15
0.3843 	7.58622e-16
0.385 	8.68259e-17
0.3857 	8.12967e-17
0.3864 	7.57636e-17
0.3871 	7.02156e-17
0.3878 	6.46675e-17
0.3885 	5.91195e-17
0.3899 	4.80235e-17
0.3906 	4.34972e-17
0.392 	3.477e-17
0.3927 	3.03997e-17
0.3934 	2.60295e-17
0.3941 	2.16593e-17
0.3948 	1.72891e-17
0.3955 	1.47562e-17
0.3962 	1.29582e-17
0.3969 	1.11485e-17
0.3976 	9.33779e-18
0.3983 	7.52711e-18
0.399 	5.71643e-18
0.3997 	3.90576e-18
0.4004 	2.90872e-18
0.4011 	2.52193e-18
0.4018 	2.13235e-18
0.4025 	1.74201e-18
0.4032 	1.35167e-18
0.4039 	9.61329e-19
0.4046 	5.7099e-19
0.4053 	3.28376e-19
0.406 	2.8273e-19
0.4067 	2.36741e-19
0.4074 	1.90561e-19
0.4081 	1.44381e-19
0.4088 	9.82008e-20
0.4095 	5.20208e-20
0.4102 	1.82969e-20
0.4109 	1.57133e-20
0.4116 	1.31106e-20
0.4123 	1.0489e-20
0.413 	7.86737e-21
0.4137 	5.24575e-21
0.4144 	2.62413e-21
0.4151 	3.69617e-22
0.4158 	3.1778e-22
0.4165 	2.6559e-22
0.4172 	2.12766e-22
0.4179 	1.59943e-22
0.4186 	1.0712e-22
0.4193 	5.42962e-23
0.42 	1.47282e-24
0.4207 	1.27055e-24
0.4214 	1.06718e-24
0.4221 	8.59786e-25
0.4228 	6.52392e-25
0.4235 	4.44998e-25
0.4242 	2.37605e-25
0.4249 	3.02109e-26
0.4256 	5.14929e-28
0.4263 	4.35075e-28
0.427 	3.52766e-28
0.4277 	2.70458e-28
0.4284 	1.88149e-28
0.4291 	1.0584e-28
0.4298 	2.35318e-29
0.4305 	1.35513e-32
0.4312 	1.15115e-32
0.4319 	9.39578e-33
0.4326 	7.27421e-33
0.4333 	5.15265e-33
0.434 	3.03108e-33
0.4347 	9.09511e-34
0.4354 	2.46488e-37
0.4361 	2.10083e-37
0.4368 	1.72615e-37
0.4375 	1.34856e-37
0.4382 	9.70979e-38
0.4389 	5.93394e-38
0.4396 	2.15809e-38
0.4403 	4.32479e-42
0.441 	3.69862e-42
0.4417 	3.058e-42
0.4424 	2.40935e-42
0.4431 	1.7607e-42
0.4445 	4.63397e-43
0.4452 	7.1227e-47
0.4459 	6.11231e-47
0.4466 	5.08379e-47
0.4473 	4.03715e-47
0.448 	2.99051e-47
0.4494 	8.97232e-48
0.4508 	9.44479e-52
0.4515 	7.89997e-52
0.4522 	6.32001e-52
0.4529 	4.74005e-52
0.4536 	3.16008e-52
0.4543 	1.58012e-52
0.455 	1.61659e-56
0.4557 	1.39615e-56
0.4564 	1.17403e-56
0.4571 	9.45749e-57
0.4578 	7.1747e-57
0.4585 	4.89192e-57
0.4592 	2.60913e-57
0.4599 	3.26341e-58
0.4606 	2.01874e-61
0.4613 	1.70605e-61
0.462 	1.38329e-61
0.4627 	1.06053e-61
0.4634 	7.37769e-62
0.4641 	4.15009e-62
0.4648 	9.22495e-63
0.4655 	2.92188e-66
0.4662 	2.47979e-66
0.4669 	2.02386e-66
0.4676 	1.56687e-66
0.4683 	1.10988e-66
0.469 	6.5289e-67
0.4697 	1.95899e-67
0.4704 	4.27318e-71
0.4711 	3.63975e-71
0.4718 	2.9901e-71
0.4725 	2.33603e-71
0.4732 	1.68196e-71
0.4739 	1.02789e-71
0.4746 	3.73821e-72
0.4753 	6.29564e-76
0.476 	5.38109e-76
0.4767 	4.44794e-76
0.4774 	3.50446e-76
0.4781 	2.56098e-76
0.4788 	1.6175e-76
0.4795 	6.74013e-77
0.4802 	9.29386e-81
0.4809 	7.97039e-81
0.4816 	6.62653e-81
0.4823 	5.26227e-81
0.483 	3.89801e-81
0.4844 	1.1695e-81
0.4851 	1.37712e-85
0.4858 	1.18482e-85
0.4865 	9.90456e-86
0.4872 	7.92369e-86
0.4879 	5.94282e-86
0.4886 	3.96195e-86
0.49 	2.05408e-90
0.4907 	1.77272e-90
0.4914 	1.48958e-90
0.4921 	1.19995e-90
0.4928 	9.10313e-91
0.4935 	6.20677e-91
0.4942 	3.31041e-91
0.4949 	4.14059e-92
0.4956 	2.59301e-95
0.4963 	2.18951e-95
0.497 	1.77529e-95
0.4977 	1.36107e-95
0.4984 	9.46841e-96
0.4991 	5.32616e-96
0.4998 	1.18392e-96
0.5005 	3.77832e-100
0.5012 	3.20392e-100
0.5019 	2.61466e-100
0.5026 	2.02427e-100
0.5033 	1.43388e-100
0.504 	8.43481e-101
0.5047 	2.53087e-101
0.5054 	5.62726e-105
0.5061 	4.78941e-105
0.5068 	3.93377e-105
0.5075 	3.07328e-105
0.5082 	2.21279e-105
0.5096 	4.91802e-106
0.5103 	8.61598e-110
0.511 	7.35902e-110
0.5117 	6.08092e-110
0.5124 	4.79105e-110
0.5131 	3.50119e-110
0.5138 	2.21133e-110
0.5145 	9.21471e-111
0.5152 	1.35824e-114
0.5159 	1.16402e-114
0.5166 	9.67335e-115
0.5173 	7.68182e-115
0.518 	5.6903e-115
0.5187 	3.69877e-115
0.5194 	1.70725e-115
0.5201 	2.21084e-119
0.5208 	1.90086e-119
0.5215 	1.58815e-119
0.5222 	1.27053e-119
0.5229 	9.52904e-120
0.5236 	6.35282e-120
0.5243 	3.1766e-120
0.525 	3.72823e-124
0.5257 	3.21548e-124
0.5264 	2.7001e-124
0.5271 	2.17509e-124
0.5278 	1.65009e-124
0.5285 	1.12508e-124
0.5292 	6.00073e-125
0.5299 	7.50651e-126
0.5306 	5.64777e-129
0.5313 	4.76523e-129
0.532 	3.86372e-129
0.5327 	2.96221e-129
0.5334 	2.0607e-129
0.5341 	1.1592e-129
0.5348 	2.57688e-130
0.5355 	1.03318e-133
0.5362 	8.75424e-134
0.5369 	7.14373e-134
0.5376 	5.53068e-134
0.5383 	3.91762e-134
0.539 	2.30457e-134
0.5397 	6.91522e-135
0.5404 	1.97435e-138
0.5411 	1.67917e-138
0.5418 	1.37892e-138
0.5425 	1.07729e-138
0.5432 	7.75659e-139
0.5439 	4.7403e-139
0.5446 	1.72401e-139
0.5453 	3.958e-143
0.546 	3.37833e-143
0.5467 	2.79076e-143
0.5474 	2.1988e-143
0.5481 	1.60685e-143
0.5488 	1.01489e-143
0.5495 	4.22926e-144
0.5502 	9.39731e-148
0.5509 	8.15063e-148
0.5516 	6.89151e-148
0.5523 	5.61994e-148
0.553 	4.34837e-148
0.5537 	3.0768e-148
0.5544 	1.80522e-148
0.5551 	7.09758e-149
0.5558 	6.70913e-149
0.5565 	6.3206e-149
0.5572 	5.93193e-149
0.5579 	5.54325e-149
0.5586 	5.15458e-149
0.5593 	4.76591e-149
0.56 	4.37724e-149
0.5607 	4.11466e-149
0.5614 	3.85204e-149
0.5621 	3.58928e-149
0.5628 	3.32652e-149
0.5635 	3.06376e-149
0.5642 	2.801e-149
0.5649 	2.53824e-149
0.5656 	2.3641e-149
0.5663 	2.20472e-149
0.567 	2.04522e-149
0.5677 	1.88572e-149
0.5684 	1.72622e-149
0.5691 	1.56673e-149
0.5698 	1.40723e-149
0.5705 	1.29599e-149
0.5712 	1.20406e-149
0.5719 	1.11206e-149
0.5726 	1.02004e-149
0.574 	8.36022e-150
0.5747 	7.4401e-150
0.5754 	6.7592e-150
0.5761 	6.2577e-150
0.5768 	5.75582e-150
0.5775 	5.25384e-150
0.5782 	4.75186e-150
0.5789 	4.24988e-150
0.5796 	3.7479e-150
0.5803 	3.35038e-150
0.581 	3.09214e-150
0.5817 	2.83373e-150
0.5824 	2.57522e-150
0.5831 	2.31671e-150
0.5838 	2.0582e-150
0.5845 	1.79969e-150
0.5852 	1.57915e-150
0.5859 	1.45354e-150
0.5866 	1.32785e-150
0.5873 	1.2021e-150
0.588 	1.07635e-150
0.5887 	9.50591e-151
0.5894 	8.24837e-151
0.5901 	7.08786e-151
0.5908 	6.50956e-151
0.5915 	5.931e-151
0.5922 	5.35199e-151
0.5929 	4.77298e-151
0.5936 	4.19397e-151
0.5943 	3.61496e-151
0.595 	3.03595e-151
0.5957 	2.78323e-151
0.5964 	2.53043e-151
0.5971 	2.27737e-151
0.5978 	2.02431e-151
0.5985 	1.77126e-151
0.5992 	1.5182e-151
0.5999 	1.26515e-151
0.6006 	1.13884e-151
0.6013 	1.03366e-151
0.602 	9.28335e-152
0.6027 	8.23014e-152
0.6041 	6.12373e-152
0.6048 	5.07052e-152
0.6055 	4.4709e-152
0.6062 	4.05272e-152
0.6069 	3.63398e-152
0.6083 	2.79643e-152
0.609 	2.37765e-152
0.6097 	1.95888e-152
0.6104 	1.68834e-152
0.6111 	1.529e-152
0.6118 	1.36946e-152
0.6125 	1.20988e-152
0.6132 	1.0503e-152
0.6139 	8.90712e-153
0.6146 	7.31128e-153
0.6153 	6.14921e-153
0.616 	5.5655e-153
0.6167 	4.9812e-153
0.6174 	4.39659e-153
0.6181 	3.81198e-153
0.6188 	3.22737e-153
0.6195 	2.64276e-153
0.6202 	2.16626e-153
0.6209 	1.96006e-153
0.6216 	1.75369e-153
0.6223 	1.54716e-153
0.623 	1.34064e-153
0.6237 	1.13411e-153
0.6244 	9.2758e-154
0.6251 	7.40487e-154
0.6258 	6.70005e-154
0.6265 	5.99482e-154
0.6272 	5.28887e-154
0.6279 	4.58292e-154
0.6286 	3.87697e-154
0.6293 	3.17102e-154
0.63 	2.46507e-154
0.6307 	2.23109e-154
0.6314 	1.99703e-154
0.6321 	1.76267e-154
0.6328 	1.52831e-154
0.6335 	1.29395e-154
0.6342 	1.05959e-154
0.6349 	8.25225e-155
0.6356 	7.26804e-155
0.6363 	6.51031e-155
0.637 	5.75143e-155
0.6377 	4.99255e-155
0.6384 	4.23367e-155
0.6391 	3.47478e-155
0.6398 	2.7159e-155
0.6405 	2.32732e-155
0.6412 	2.08686e-155
0.6419 	1.84604e-155
0.6433 	1.36433e-155
0.644 	1.12348e-155
0.6447 	8.82627e-156
0.6454 	7.36426e-156
0.6461 	6.61214e-156
0.6468 	5.85908e-156
0.6475 	5.10576e-156
0.6482 	4.35244e-156
0.6489 	3.59912e-156
0.6496 	2.8458e-156
0.6503 	2.31538e-156
0.651 	2.08218e-156
0.6517 	1.84874e-156
0.6524 	1.61517e-156
0.6531 	1.38161e-156
0.6545 	9.14474e-157
0.6552 	7.27042e-157
0.6559 	6.54947e-157
0.6566 	5.82798e-157
0.6573 	5.10596e-157
0.658 	4.38394e-157
0.6594 	2.9399e-157
0.6601 	2.28912e-157
0.6608 	2.06576e-157
0.6615 	1.84229e-157
0.6622 	1.61862e-157
0.6629 	1.39495e-157
0.6636 	1.17128e-157
0.6643 	9.47614e-158
0.665 	7.23944e-158
0.6657 	6.54339e-158
0.6664 	5.84714e-158
0.6671 	5.15018e-158
0.6678 	4.45321e-158
0.6685 	3.75625e-158
0.6692 	3.05928e-158
0.6699 	2.36232e-158
0.6706 	2.07553e-158
0.6713 	1.85708e-158
0.672 	1.63838e-158
0.6727 	1.41969e-158
0.6734 	1.20099e-158
0.6741 	9.82293e-159
0.6748 	7.63596e-159
0.6755 	6.5204e-159
0.6762 	5.83339e-159
0.6769 	5.14565e-159
0.6776 	4.45785e-159
0.6783 	3.77005e-159
0.679 	3.08226e-159
0.6797 	2.39446e-159
0.6804 	1.97814e-159
0.6811 	1.76544e-159
0.6818 	1.55255e-159
0.6825 	1.33961e-159
0.6832 	1.12667e-159
0.6839 	9.13737e-160
0.6846 	7.008e-160
0.6853 	5.52522e-160
0.686 	4.90457e-160
0.6867 	4.28351e-160
0.6874 	3.66223e-160
0.6881 	3.04094e-160
0.6895 	1.79836e-160
0.6902 	1.30975e-160
0.6909 	1.15285e-160
0.6916 	9.95872e-161
0.693 	6.8176e-161
0.6937 	5.24704e-161
0.6944 	3.67647e-161
0.6951 	2.28868e-161
0.6958 	1.99754e-161
0.6965 	1.70962e-161
0.6979 	1.14541e-161
0.6986 	8.63307e-162
0.6993 	5.81202e-162
0.7 	2.99098e-162
