0 	1
0.0007 	1
0.0014 	1
0.0021 	1
0.0028 	1
0.0035 	1
0.0042 	1
0.0049 	1
0.0056 	1
0.0063 	1
0.007 	1
0.0077 	1
0.0084 	1
0.0091 	1
0.0098 	1
0.0105 	1
0.0112 	1
0.0119 	1
0.0126 	1
0.0133 	1
0.014 	1
0.0147 	1
0.0154 	1
0.0161 	1
0.0168 	1
0.0175 	1
0.0182 	1
0.0189 	1
0.0196 	1
0.0203 	1
0.021 	1
0.0217 	1
0.0224 	1
0.0231 	1
0.0238 	1
0.0245 	1
0.0252 	1
0.0259 	1
0.0266 	1
0.0273 	1
0.028 	1
0.0287 	1
0.0294 	1
0.0301 	1
0.0308 	1
0.0315 	1
0.0322 	1
0.0329 	1
0.0336 	1
0.0343 	1
0.035 	1
0.0357 	1
0.0364 	1
0.0371 	1
0.0378 	1
0.0385 	1
0.0392 	1
0.0399 	1
0.0406 	1
0.0413 	1
0.042 	1
0.0427 	1
0.0434 	1
0.0441 	1
0.0448 	1
0.0455 	1
0.0462 	1
0.0469 	1
0.0476 	1
0.0483 	1
0.049 	1
0.0497 	1
0.0504 	1
0.0511 	1
0.0518 	1
0.0525 	1
0.0532 	1
0.0539 	1
0.0546 	1
0.0553 	1
0.056 	1
0.0567 	1
0.0574 	1
0.0581 	1
0.0588 	1
0.0595 	1
0.0602 	1
0.0609 	1
0.0616 	1
0.0623 	1
0.063 	1
0.0637 	1
0.0644 	1
0.0651 	1
0.0658 	1
0.0665 	1
0.0672 	1
0.0679 	1
0.0686 	1
0.0693 	1
0.07 	1
0.0707 	1
0.0714 	1
0.0721 	1
0.0728 	1
0.0735 	1
0.0742 	1
0.0749 	1
0.0756 	1
0.0763 	1
0.077 	1
0.0777 	1
0.0784 	1
0.0791 	1
0.0798 	1
0.0805 	1
0.0812 	1
0.0819 	1
0.0826 	1
0.0833 	1
0.084 	1
0.0847 	1
0.0854 	1
0.0861 	1
0.0868 	1
0.0875 	1
0.0882 	1
0.0889 	1
0.0896 	1
0.0903 	1
0.091 	1
0.0917 	1
0.0924 	1
0.0931 	1
0.0938 	1
0.0945 	1
0.0952 	1
0.0959 	1
0.0966 	1
0.0973 	1
0.098 	1
0.0987 	1
0.0994 	1
0.1001 	1
0.1008 	1
0.1015 	1
0.1022 	1
0.1029 	1
0.1036 	1
0.1043 	1
0.105 	1
0.1057 	1
0.1064 	1
0.1071 	1
0.1078 	1
0.1085 	1
0.1092 	1
0.1099 	1
0.1106 	1
0.1113 	1
0.112 	1
0.1127 	1
0.1134 	1
0.1141 	1
0.1148 	1
0.1155 	1
0.1162 	1
0.1169 	1
0.1176 	1
0.1183 	1
0.119 	1
0.1197 	1
0.1204 	1
0.1211 	1
0.1218 	1
0.1225 	1
0.1232 	1
0.1239 	1
0.1246 	1
0.1253 	1
0.126 	1
0.1267 	1
0.1274 	1
0.1281 	1
0.1288 	1
0.1295 	1
0.1302 	1
0.1309 	1
0.1316 	1
0.1323 	1
0.133 	1
0.1337 	1
0.1344 	1
0.1351 	1
0.1358 	1
0.1365 	1
0.1372 	1
0.1379 	1
0.1386 	1
0.1393 	1
0.14 	1
0.1407 	1
0.1414 	1
0.1421 	1
0.1428 	1
0.1435 	1
0.1442 	1
0.1449 	1
0.1456 	1
0.1463 	1
0.147 	1
0.1477 	1
0.1484 	1
0.1491 	1
0.1498 	1
0.1505 	1
0.1512 	1
0.1519 	1
0.1526 	1
0.1533 	1
0.154 	1
0.1547 	1
0.1554 	1
0.1561 	1
0.1568 	1
0.1575 	1
0.1582 	1
0.1589 	1
0.1596 	1
0.1603 	1
0.161 	1
0.1617 	1
0.1624 	1
0.1631 	1
0.1638 	1
0.1645 	1
0.1652 	1
0.1659 	1
0.1666 	1
0.1673 	1
0.168 	1
0.1687 	1
0.1694 	1
0.1701 	1
0.1708 	1
0.1715 	1
0.1722 	1
0.1729 	1
0.1736 	1
0.1743 	1
0.175 	1
0.1757 	1
0.1764 	1
0.1771 	1
0.1778 	1
0.1785 	1
0.1792 	1
0.1799 	1
0.1806 	1
0.1813 	1
0.182 	1
0.1827 	1
0.1834 	1
0.1841 	1
0.1848 	1
0.1855 	1
0.1862 	1
0.1869 	1
0.1876 	1
0.1883 	1
0.189 	1
0.1897 	1
0.1904 	1
0.1911 	1
0.1918 	1
0.1925 	1
0.1932 	1
0.1939 	1
0.1946 	1
0.1953 	1
0.196 	1
0.1967 	1
0.1974 	1
0.1981 	1
0.1988 	1
0.1995 	1
0.2002 	1
0.2009 	1
0.2016 	1
0.2023 	1
0.203 	1
0.2037 	1
0.2044 	1
0.2051 	1
0.2058 	1
0.2065 	1
0.2072 	1
0.2079 	1
0.2086 	1
0.2093 	1
0.21 	1
0.2107 	1
0.2114 	1
0.2121 	1
0.2128 	1
0.2135 	1
0.2142 	1
0.2149 	1
0.2156 	1
0.2163 	1
0.217 	1
0.2177 	1
0.2184 	1
0.2191 	1
0.2198 	1
0.2205 	1
0.2212 	1
0.2219 	1
0.2226 	1
0.2233 	1
0.224 	1
0.2247 	1
0.2254 	1
0.2261 	1
0.2268 	1
0.2275 	1
0.2282 	1
0.2289 	1
0.2296 	1
0.2303 	1
0.231 	1
0.2317 	0.999998
0.2324 	0.999995
0.2331 	0.99999
0.2338 	0.999986
0.2345 	0.999978
0.2352 	0.999971
0.2359 	0.999964
0.2366 	0.999403
0.2373 	0.998273
0.238 	0.996948
0.2387 	0.995622
0.2394 	0.993267
0.2401 	0.990837
0.2408 	0.988433
0.2415 	0.97768
0.2422 	0.951896
0.2429 	0.924699
0.2436 	0.897385
0.2443 	0.8517
0.245 	0.801005
0.2457 	0.750386
0.2464 	0.695866
0.2471 	0.627044
0.2478 	0.558378
0.2485 	0.489756
0.2492 	0.409432
0.2499 	0.322606
0.2506 	0.235821
0.2513 	0.152082
0.252 	0.107869
0.2527 	0.0646327
0.2534 	0.021951
0.2541 	0.000552321
0.2548 	0.000436732
0.2555 	0.000323144
0.2562 	0.000210357
0.2569 	0.000144471
0.2576 	8.68548e-05
0.2583 	3.39874e-05
0.259 	1.03509e-09
0.2597 	8.55641e-10
0.2604 	6.46716e-10
0.2611 	4.15685e-10
0.2618 	2.71236e-10
0.2625 	1.61183e-10
0.2632 	7.09206e-11
0.2639 	2.0268e-16
0.2646 	1.78218e-16
0.2653 	1.41525e-16
0.266 	8.85231e-17
0.2667 	5.43447e-17
0.2674 	3.21094e-17
0.2681 	1.54601e-17
0.2688 	4.27409e-23
0.2695 	3.71014e-23
0.2702 	3.01031e-23
0.2709 	1.97082e-23
0.2716 	1.19914e-23
0.2723 	7.06281e-24
0.273 	3.65318e-24
0.2737 	2.43557e-25
0.2744 	5.11682e-30
0.2751 	3.9424e-30
0.2758 	2.82344e-30
0.2765 	1.83276e-30
0.2772 	1.073e-30
0.2779 	5.76686e-31
0.2786 	1.01769e-31
0.2793 	6.42093e-37
0.28 	4.68836e-37
0.2807 	3.55034e-37
0.2814 	2.44316e-37
0.2821 	1.44906e-37
0.2828 	7.81911e-38
0.2835 	2.05767e-38
0.2842 	7.29894e-44
0.2849 	5.35655e-44
0.2856 	4.05457e-44
0.2863 	2.86319e-44
0.287 	1.72208e-44
0.2877 	9.18987e-45
0.2884 	3.0633e-45
0.2891 	7.05427e-51
0.2898 	5.25271e-51
0.2905 	3.9477e-51
0.2912 	2.84131e-51
0.2919 	1.7359e-51
0.2926 	9.05883e-52
0.2933 	3.54477e-52
0.294 	5.65778e-58
0.2947 	4.2823e-58
0.2954 	3.20199e-58
0.2961 	2.34305e-58
0.2968 	1.45928e-58
0.2975 	7.37913e-59
0.2982 	3.24683e-59
0.2989 	3.7035e-65
0.2996 	2.86604e-65
0.3003 	2.15036e-65
0.301 	1.59706e-65
0.3017 	1.01577e-65
0.3024 	4.91381e-66
0.3031 	2.36591e-66
0.3038 	1.90516e-72
0.3045 	1.51174e-72
0.3052 	1.14954e-72
0.3059 	8.65377e-73
0.3066 	5.6371e-73
0.3073 	2.58004e-73
0.308 	1.3345e-73
0.3087 	8.89697e-75
0.3094 	6.86652e-80
0.3101 	5.18175e-80
0.3108 	3.94643e-80
0.3115 	2.64876e-80
0.3122 	1.23885e-80
0.3129 	6.43961e-81
0.3136 	1.13641e-81
0.3143 	2.46837e-87
0.315 	1.83004e-87
0.3157 	1.40817e-87
0.3164 	9.73382e-88
0.3171 	4.9123e-88
0.3178 	2.45346e-88
0.3185 	6.45651e-89
0.3192 	7.16193e-95
0.3199 	5.49859e-95
0.3206 	4.22826e-95
0.3213 	3.00424e-95
0.322 	1.53058e-95
0.3227 	7.01943e-96
0.3234 	2.33982e-96
0.3241 	1.61076e-102
0.3248 	1.29444e-102
0.3255 	1.00796e-102
0.3262 	7.33417e-103
0.3269 	3.88286e-103
0.3276 	1.63064e-103
0.3283 	6.38076e-104
0.329 	2.72976e-110
0.3297 	2.28456e-110
0.3304 	1.82181e-110
0.3311 	1.34592e-110
0.3318 	7.51705e-111
0.3325 	2.90414e-111
0.3332 	1.27782e-111
0.3339 	4.29811e-118
0.3346 	3.46363e-118
0.3353 	2.69409e-118
0.336 	2.0111e-118
0.3367 	1.22135e-118
0.3374 	4.98395e-119
0.3381 	2.39968e-119
0.3388 	5.50506e-126
0.3395 	4.35357e-126
0.3402 	3.29976e-126
0.3409 	2.49015e-126
0.3416 	1.59508e-126
0.3423 	6.61429e-127
0.343 	3.42119e-127
0.3437 	2.28084e-128
0.3444 	4.5829e-134
0.3451 	3.54068e-134
0.3458 	2.70721e-134
0.3465 	1.78616e-134
0.3472 	7.0748e-135
0.3479 	3.57117e-135
0.3486 	6.30211e-136
0.3493 	3.53589e-142
0.35 	2.84609e-142
0.3507 	2.20346e-142
0.3514 	1.50563e-142
0.3521 	6.05398e-143
0.3528 	2.61224e-143
0.3535 	6.87476e-144
0.3542 	4.72614e-148
0.3549 	3.22882e-148
0.3556 	2.41227e-148
0.3563 	1.70884e-148
0.357 	1.00099e-148
0.3577 	5.23803e-149
0.3584 	1.74665e-149
0.3591 	8.64171e-153
0.3598 	6.98116e-153
0.3605 	5.45479e-153
0.3612 	3.98209e-153
0.3619 	1.9996e-153
0.3626 	7.5855e-154
0.3633 	2.9685e-154
0.364 	4.38554e-158
0.3647 	4.9238e-158
0.3654 	4.51065e-158
0.3661 	3.38396e-158
0.3668 	1.53701e-158
0.3675 	1.87228e-159
0.3682 	8.23875e-160
0.3689 	1.33012e-163
0.3696 	1.57805e-163
0.3703 	1.55947e-163
0.371 	1.18553e-163
0.3717 	5.99443e-164
0.3724 	4.22478e-165
0.3731 	2.03415e-165
0.3738 	4.35795e-172
0.3745 	5.84583e-172
0.3752 	6.48321e-172
0.3759 	4.99436e-172
0.3766 	2.76137e-172
0.3773 	2.0724e-176
0.378 	1.08566e-176
0.3787 	9.89229e-178
0.3794 	3.76856e-178
0.3801 	4.47966e-178
0.3808 	3.48349e-178
0.3815 	2.13169e-178
0.3822 	1.39723e-179
0.3829 	6.02762e-183
0.3836 	1.0637e-183
0.3843 	4.23578e-256
0.385 	5.78998e-256
0.3857 	4.23435e-256
0.3864 	3.01204e-256
0.3871 	3.0119e-256
0.3878 	1.90683e-256
0.3885 	5.03203e-257
0.3892 	2.47785e-259
0.3899 	3.36564e-259
0.3906 	2.73081e-259
0.3913 	1.90567e-259
0.392 	1.90559e-259
0.3927 	1.33312e-259
0.3934 	4.45108e-260
0.3941 	1.35992e-262
0.3948 	1.87349e-262
0.3955 	1.6531e-262
0.3962 	1.13911e-262
0.3969 	1.10236e-262
0.3976 	8.44472e-263
0.3983 	3.30795e-263
0.399 	6.69098e-266
0.3997 	9.36207e-266
0.4004 	8.9794e-266
0.4011 	6.30642e-266
0.4018 	5.7335e-266
0.4025 	4.77331e-266
0.4032 	2.10174e-266
0.4039 	2.90312e-269
0.4046 	4.13222e-269
0.4053 	4.30748e-269
0.406 	3.07761e-269
0.4067 	2.63833e-269
0.4074 	2.37186e-269
0.4081 	1.14255e-269
0.4088 	1.09468e-272
0.4095 	1.58798e-272
0.4102 	1.79932e-272
0.4109 	1.30575e-272
0.4116 	1.05895e-272
0.4123 	1.02237e-272
0.413 	5.28992e-273
0.4137 	3.56098e-274
0.4144 	5.26542e-276
0.4151 	6.48788e-276
0.4158 	4.77538e-276
0.4165 	3.67447e-276
0.4172 	3.6744e-276
0.4179 	2.07986e-276
0.4186 	3.67955e-277
0.4193 	1.52446e-279
0.42 	2.04404e-279
0.4207 	1.52414e-279
0.4214 	1.11564e-279
0.4221 	1.11562e-279
0.4228 	7.05662e-280
0.4235 	1.85942e-280
0.4242 	4.25542e-283
0.4249 	5.77867e-283
0.4256 	4.68906e-283
0.4263 	3.27289e-283
0.427 	3.2727e-283
0.4277 	2.28773e-283
0.4284 	7.6344e-284
0.4291 	1.59366e-286
0.4298 	2.19355e-286
0.4305 	1.93531e-286
0.4312 	1.33383e-286
0.4319 	1.29069e-286
0.4326 	9.88056e-287
0.4333 	3.87162e-287
0.434 	1.01601e-289
0.4347 	1.4195e-289
0.4354 	1.361e-289
0.4361 	9.56005e-290
0.4368 	8.69079e-290
0.4375 	7.23016e-290
0.4382 	3.18536e-290
0.4389 	8.00886e-293
0.4396 	1.13795e-292
0.4403 	1.18553e-292
0.441 	8.47155e-293
0.4417 	7.26203e-293
0.4424 	6.5235e-293
0.4431 	3.14401e-293
0.4438 	6.09635e-296
0.4445 	8.82626e-296
0.4452 	9.99322e-296
0.4459 	7.25282e-296
0.4466 	5.88199e-296
0.4473 	5.67417e-296
0.448 	2.93706e-296
0.4487 	1.99954e-297
0.4494 	6.3535e-299
0.4501 	7.821e-299
0.4508 	5.75725e-299
0.4515 	4.43022e-299
0.4522 	4.4293e-299
0.4529 	2.5062e-299
0.4536 	4.44711e-300
0.4543 	4.03843e-302
0.455 	5.4087e-302
0.4557 	4.03341e-302
0.4564 	2.95269e-302
0.4571 	2.95209e-302
0.4578 	1.8663e-302
0.4585 	4.92346e-303
0.4592 	2.13576e-305
0.4599 	2.89735e-305
0.4606 	2.35099e-305
0.4613 	1.64122e-305
0.462 	1.64089e-305
0.4627 	1.14628e-305
0.4634 	3.8258e-306
0.4641 	8.98883e-309
0.4648 	1.2366e-308
0.4655 	1.09099e-308
0.4662 	7.52057e-309
0.4669 	7.27712e-309
0.4676 	5.56663e-309
0.4683 	2.17978e-309
0.469 	2.93239e-312
0.4697 	4.09639e-312
0.4704 	3.92766e-312
0.4711 	2.7594e-312
0.4718 	2.50865e-312
0.4725 	2.08551e-312
0.4732 	9.17981e-313
0.4739 	6.9792e-316
0.4746 	9.9267e-316
0.4753 	1.0346e-315
0.476 	7.39434e-316
0.4767 	6.33989e-316
0.4774 	5.69185e-316
0.4781 	2.74066e-316
0.4788 	2.83742e-320
0.4795 	4.11557e-320
0.4802 	4.66349e-320
0.4809 	3.38534e-320
0.4816 	2.74602e-320
0.4823 	2.64819e-320
0.483 	1.36955e-320
0.4837 	9.14021e-322
0.4844 	0
0.4851 	0
0.4858 	0
0.4865 	0
0.4872 	0
0.4879 	0
0.4886 	0
0.4893 	0
0.49 	0
0.4907 	0
0.4914 	0
0.4921 	0
0.4928 	0
0.4935 	0
0.4942 	0
0.4949 	0
0.4956 	0
0.4963 	0
0.497 	0
0.4977 	0
0.4984 	0
0.4991 	0
0.4998 	0
0.5005 	0
0.5012 	0
0.5019 	0
0.5026 	0
0.5033 	0
0.504 	0
0.5047 	0
0.5054 	0
0.5061 	0
0.5068 	0
0.5075 	0
0.5082 	0
0.5089 	0
0.5096 	0
0.5103 	0
0.511 	0
0.5117 	0
0.5124 	0
0.5131 	0
0.5138 	0
0.5145 	0
0.5152 	0
0.5159 	0
0.5166 	0
0.5173 	0
0.518 	0
0.5187 	0
0.5194 	0
0.5201 	0
0.5208 	0
0.5215 	0
0.5222 	0
0.5229 	0
0.5236 	0
0.5243 	0
0.525 	0
0.5257 	0
0.5264 	0
0.5271 	0
0.5278 	0
0.5285 	0
0.5292 	0
0.5299 	0
0.5306 	0
0.5313 	0
0.532 	0
0.5327 	0
0.5334 	0
0.5341 	0
0.5348 	0
0.5355 	0
0.5362 	0
0.5369 	0
0.5376 	0
0.5383 	0
0.539 	0
0.5397 	0
0.5404 	0
0.5411 	0
0.5418 	0
0.5425 	0
0.5432 	0
0.5439 	0
0.5446 	0
0.5453 	0
0.546 	0
0.5467 	0
0.5474 	0
0.5481 	0
0.5488 	0
0.5495 	0
0.5502 	0
0.5509 	0
0.5516 	0
0.5523 	0
0.553 	0
0.5537 	0
0.5544 	0
0.5551 	0
0.5558 	0
0.5565 	0
0.5572 	0
0.5579 	0
0.5586 	0
0.5593 	0
0.56 	0
0.5607 	0
0.5614 	0
0.5621 	0
0.5628 	0
0.5635 	0
0.5642 	0
0.5649 	0
0.5656 	0
0.5663 	0
0.567 	0
0.5677 	0
0.5684 	0
0.5691 	0
0.5698 	0
0.5705 	0
0.5712 	0
0.5719 	0
0.5726 	0
0.5733 	0
0.574 	0
0.5747 	0
0.5754 	0
0.5761 	0
0.5768 	0
0.5775 	0
0.5782 	0
0.5789 	0
0.5796 	0
0.5803 	0
0.581 	0
0.5817 	0
0.5824 	0
0.5831 	0
0.5838 	0
0.5845 	0
0.5852 	0
0.5859 	0
0.5866 	0
0.5873 	0
0.588 	0
0.5887 	0
0.5894 	0
0.5901 	0
0.5908 	0
0.5915 	0
0.5922 	0
0.5929 	0
0.5936 	0
0.5943 	0
0.595 	0
0.5957 	0
0.5964 	0
0.5971 	0
0.5978 	0
0.5985 	0
0.5992 	0
0.5999 	0
0.6006 	0
0.6013 	0
0.602 	0
0.6027 	0
0.6034 	0
0.6041 	0
0.6048 	0
0.6055 	0
0.6062 	0
0.6069 	0
0.6076 	0
0.6083 	0
0.609 	0
0.6097 	0
0.6104 	0
0.6111 	0
0.6118 	0
0.6125 	0
0.6132 	0
0.6139 	0
0.6146 	0
0.6153 	0
0.616 	0
0.6167 	0
0.6174 	0
0.6181 	0
0.6188 	0
0.6195 	0
0.6202 	0
0.6209 	0
0.6216 	0
0.6223 	0
0.623 	0
0.6237 	0
0.6244 	0
0.6251 	0
0.6258 	0
0.6265 	0
0.6272 	0
0.6279 	0
0.6286 	0
0.6293 	0
0.63 	0
0.6307 	0
0.6314 	0
0.6321 	0
0.6328 	0
0.6335 	0
0.6342 	0
0.6349 	0
0.6356 	0
0.6363 	0
0.637 	0
0.6377 	0
0.6384 	0
0.6391 	0
0.6398 	0
0.6405 	0
0.6412 	0
0.6419 	0
0.6426 	0
0.6433 	0
0.644 	0
0.6447 	0
0.6454 	0
0.6461 	0
0.6468 	0
0.6475 	0
0.6482 	0
0.6489 	0
0.6496 	0
0.6503 	0
0.651 	0
0.6517 	0
0.6524 	0
0.6531 	0
0.6538 	0
0.6545 	0
0.6552 	0
0.6559 	0
0.6566 	0
0.6573 	0
0.658 	0
0.6587 	0
0.6594 	0
0.6601 	0
0.6608 	0
0.6615 	0
0.6622 	0
0.6629 	0
0.6636 	0
0.6643 	0
0.665 	0
0.6657 	0
0.6664 	0
0.6671 	0
0.6678 	0
0.6685 	0
0.6692 	0
0.6699 	0
0.6706 	0
0.6713 	0
0.672 	0
0.6727 	0
0.6734 	0
0.6741 	0
0.6748 	0
0.6755 	0
0.6762 	0
0.6769 	0
0.6776 	0
0.6783 	0
0.679 	0
0.6797 	0
0.6804 	0
0.6811 	0
0.6818 	0
0.6825 	0
0.6832 	0
0.6839 	0
0.6846 	0
0.6853 	0
0.686 	0
0.6867 	0
0.6874 	0
0.6881 	0
0.6888 	0
0.6895 	0
0.6902 	0
0.6909 	0
0.6916 	0
0.6923 	0
0.693 	0
0.6937 	0
0.6944 	0
0.6951 	0
0.6958 	0
0.6965 	0
0.6972 	0
0.6979 	0
0.6986 	0
0.6993 	0
0.7 	0
