0 	1
0.0007 	1
0.0014 	1
0.0021 	1
0.0028 	1
0.0035 	1
0.0042 	1
0.0049 	1
0.0056 	1
0.0063 	1
0.007 	1
0.0077 	1
0.0084 	1
0.0091 	1
0.0098 	1
0.0105 	1
0.0112 	1
0.0119 	1
0.0126 	1
0.0133 	1
0.014 	1
0.0147 	1
0.0154 	1
0.0161 	1
0.0168 	1
0.0175 	1
0.0182 	1
0.0189 	1
0.0196 	1
0.0203 	1
0.021 	1
0.0217 	1
0.0224 	1
0.0231 	1
0.0238 	1
0.0245 	1
0.0252 	1
0.0259 	1
0.0266 	1
0.0273 	1
0.028 	1
0.0287 	1
0.0294 	1
0.0301 	1
0.0308 	1
0.0315 	1
0.0322 	1
0.0329 	1
0.0336 	1
0.0343 	1
0.035 	1
0.0357 	1
0.0364 	1
0.0371 	1
0.0378 	1
0.0385 	1
0.0392 	1
0.0399 	1
0.0406 	1
0.0413 	1
0.042 	1
0.0427 	1
0.0434 	1
0.0441 	1
0.0448 	1
0.0455 	1
0.0462 	1
0.0469 	1
0.0476 	1
0.0483 	1
0.049 	1
0.0497 	1
0.0504 	1
0.0511 	1
0.0518 	1
0.0525 	1
0.0532 	1
0.0539 	1
0.0546 	1
0.0553 	1
0.056 	1
0.0567 	1
0.0574 	1
0.0581 	1
0.0588 	1
0.0595 	1
0.0602 	1
0.0609 	1
0.0616 	1
0.0623 	1
0.063 	1
0.0637 	1
0.0644 	1
0.0651 	1
0.0658 	1
0.0665 	1
0.0672 	1
0.0679 	1
0.0686 	1
0.0693 	1
0.07 	1
0.0707 	1
0.0714 	1
0.0721 	1
0.0728 	1
0.0735 	1
0.0742 	1
0.0749 	1
0.0756 	1
0.0763 	1
0.077 	1
0.0777 	1
0.0784 	1
0.0791 	1
0.0798 	1
0.0805 	1
0.0812 	1
0.0819 	1
0.0826 	1
0.0833 	1
0.084 	1
0.0847 	1
0.0854 	1
0.0861 	1
0.0868 	1
0.0875 	1
0.0882 	1
0.0889 	1
0.0896 	1
0.0903 	1
0.091 	1
0.0917 	1
0.0924 	1
0.0931 	1
0.0938 	1
0.0945 	1
0.0952 	1
0.0959 	1
0.0966 	1
0.0973 	1
0.098 	1
0.0987 	1
0.0994 	1
0.1001 	1
0.1008 	1
0.1015 	1
0.1022 	1
0.1029 	1
0.1036 	1
0.1043 	1
0.105 	1
0.1057 	1
0.1064 	1
0.1071 	1
0.1078 	1
0.1085 	1
0.1092 	1
0.1099 	1
0.1106 	1
0.1113 	1
0.112 	1
0.1127 	1
0.1134 	1
0.1141 	1
0.1148 	1
0.1155 	1
0.1162 	1
0.1169 	1
0.1176 	1
0.1183 	1
0.119 	1
0.1197 	1
0.1204 	1
0.1211 	1
0.1218 	1
0.1225 	1
0.1232 	1
0.1239 	1
0.1246 	1
0.1253 	1
0.126 	1
0.1267 	1
0.1274 	1
0.1281 	1
0.1288 	1
0.1295 	1
0.1302 	1
0.1309 	1
0.1316 	1
0.1323 	1
0.133 	1
0.1337 	1
0.1344 	1
0.1351 	1
0.1358 	1
0.1365 	1
0.1372 	1
0.1379 	1
0.1386 	1
0.1393 	1
0.14 	1
0.1407 	1
0.1414 	1
0.1421 	1
0.1428 	1
0.1435 	1
0.1442 	1
0.1449 	1
0.1456 	1
0.1463 	1
0.147 	1
0.1477 	1
0.1484 	1
0.1491 	1
0.1498 	1
0.1505 	1
0.1512 	1
0.1519 	1
0.1526 	1
0.1533 	1
0.154 	1
0.1547 	1
0.1554 	1
0.1561 	1
0.1568 	1
0.1575 	1
0.1582 	1
0.1589 	1
0.1596 	1
0.1603 	1
0.161 	1
0.1617 	1
0.1624 	1
0.1631 	1
0.1638 	1
0.1645 	1
0.1652 	1
0.1659 	1
0.1666 	1
0.1673 	1
0.168 	1
0.1687 	1
0.1694 	1
0.1701 	1
0.1708 	1
0.1715 	1
0.1722 	1
0.1729 	1
0.1736 	1
0.1743 	1
0.175 	1
0.1757 	1
0.1764 	1
0.1771 	1
0.1778 	1
0.1785 	1
0.1792 	1
0.1799 	1
0.1806 	1
0.1813 	1
0.182 	1
0.1827 	1
0.1834 	1
0.1841 	1
0.1848 	1
0.1855 	1
0.1862 	1
0.1869 	1
0.1876 	1
0.1883 	1
0.189 	1
0.1897 	1
0.1904 	1
0.1911 	1
0.1918 	1
0.1925 	1
0.1932 	1
0.1939 	1
0.1946 	1
0.1953 	1
0.196 	1
0.1967 	1
0.1974 	1
0.1981 	1
0.1988 	1
0.1995 	1
0.2002 	1
0.2009 	1
0.2016 	1
0.2023 	1
0.203 	1
0.2037 	1
0.2044 	1
0.2051 	1
0.2058 	1
0.2065 	1
0.2072 	1
0.2079 	1
0.2086 	1
0.2093 	1
0.21 	1
0.2107 	1
0.2114 	1
0.2121 	1
0.2128 	1
0.2135 	1
0.2142 	1
0.2149 	1
0.2156 	1
0.2163 	1
0.217 	1
0.2177 	1
0.2184 	1
0.2191 	1
0.2198 	1
0.2205 	1
0.2212 	1
0.2219 	1
0.2226 	1
0.2233 	1
0.224 	1
0.2247 	1
0.2254 	1
0.2261 	1
0.2268 	1
0.2275 	1
0.2282 	1
0.2289 	1
0.2296 	1
0.2303 	1
0.231 	1
0.2317 	1
0.2324 	1
0.2331 	1
0.2338 	1
0.2345 	1
0.2352 	1
0.2359 	1
0.2366 	1
0.2373 	1
0.238 	0.999999
0.2387 	0.999999
0.2394 	0.999999
0.2401 	0.999821
0.2408 	0.998576
0.2415 	0.997329
0.2422 	0.996081
0.2429 	0.994832
0.2436 	0.993583
0.2443 	0.992334
0.245 	0.991085
0.2457 	0.921379
0.2464 	0.851664
0.2471 	0.781952
0.2478 	0.712239
0.2485 	0.642527
0.2492 	0.572814
0.2499 	0.503102
0.2506 	0.434191
0.2513 	0.365437
0.252 	0.296686
0.2527 	0.227934
0.2534 	0.159183
0.2541 	0.090432
0.2548 	0.0216808
0.2555 	0.00184413
0.2562 	0.00156002
0.2569 	0.00127283
0.2576 	0.000985413
0.2583 	0.000697992
0.259 	0.000410572
0.2597 	0.000123151
0.2604 	1.04494e-08
0.2611 	8.81619e-09
0.2618 	7.22447e-09
0.2625 	5.64407e-09
0.2632 	4.06367e-09
0.2639 	2.48327e-09
0.2646 	9.02867e-10
0.2653 	4.87613e-15
0.266 	4.04522e-15
0.2667 	3.29863e-15
0.2674 	2.5989e-15
0.2681 	1.89917e-15
0.2688 	1.19944e-15
0.2695 	4.9971e-16
0.2702 	1.67037e-21
0.2709 	1.34027e-21
0.2716 	1.06554e-21
0.2723 	8.46155e-22
0.273 	6.26773e-22
0.2737 	4.07392e-22
0.2744 	1.8801e-22
0.2751 	4.74187e-28
0.2758 	3.64297e-28
0.2765 	2.74076e-28
0.2772 	2.19259e-28
0.2779 	1.64442e-28
0.2786 	1.09626e-28
0.2793 	5.48089e-29
0.28 	1.21374e-34
0.2807 	8.99477e-35
0.2814 	6.26457e-35
0.2821 	5.04643e-35
0.2828 	3.82828e-35
0.2835 	2.61014e-35
0.2842 	1.39199e-35
0.2849 	1.73848e-36
0.2856 	2.17909e-41
0.2863 	1.42498e-41
0.287 	1.15538e-41
0.2877 	8.85785e-42
0.2884 	6.16186e-42
0.2891 	3.46588e-42
0.2898 	7.69897e-43
0.2905 	5.38433e-48
0.2912 	3.60579e-48
0.2919 	2.87575e-48
0.2926 	2.22637e-48
0.2933 	1.57698e-48
0.294 	9.27598e-49
0.2947 	2.78214e-49
0.2954 	1.3746e-54
0.2961 	1.00925e-54
0.2968 	7.94419e-55
0.2975 	6.20634e-55
0.2982 	4.4685e-55
0.2989 	2.73065e-55
0.2996 	9.92805e-56
0.3003 	3.61193e-61
0.301 	2.89928e-61
0.3017 	2.32738e-61
0.3024 	1.83368e-61
0.3031 	1.33998e-61
0.3038 	8.46274e-62
0.3045 	3.52573e-62
0.3052 	9.60743e-68
0.3059 	8.21672e-68
0.3066 	6.81935e-68
0.3073 	5.41532e-68
0.308 	4.0113e-68
0.3087 	2.60727e-68
0.3094 	1.20325e-68
0.3101 	2.52728e-74
0.3108 	2.24488e-74
0.3115 	1.92578e-74
0.3122 	1.54061e-74
0.3129 	1.15545e-74
0.3136 	7.70279e-75
0.3143 	3.85112e-75
0.315 	6.37222e-81
0.3157 	5.7732e-81
0.3164 	5.0905e-81
0.3171 	4.10066e-81
0.3178 	3.11081e-81
0.3185 	2.12096e-81
0.3192 	1.13111e-81
0.3199 	1.41263e-82
0.3206 	1.37149e-87
0.3213 	1.23628e-87
0.322 	1.00238e-87
0.3227 	7.68484e-88
0.3234 	5.34587e-88
0.3241 	3.0069e-88
0.3248 	6.67936e-89
0.3255 	2.97465e-94
0.3262 	2.71337e-94
0.3269 	2.22761e-94
0.3276 	1.72458e-94
0.3283 	1.22156e-94
0.329 	7.18534e-95
0.3297 	2.15509e-95
0.3304 	5.84235e-101
0.3311 	5.34536e-101
0.3318 	4.47047e-101
0.3325 	3.49253e-101
0.3332 	2.51458e-101
0.3339 	1.53663e-101
0.3346 	5.58684e-102
0.3353 	1.03519e-107
0.336 	9.48912e-108
0.3367 	8.07922e-108
0.3374 	6.36539e-108
0.3381 	4.65157e-108
0.3388 	2.93774e-108
0.3395 	1.22391e-108
0.3402 	1.65328e-114
0.3409 	1.51758e-114
0.3416 	1.31442e-114
0.3423 	1.04379e-114
0.343 	7.73169e-115
0.3437 	5.02546e-115
0.3444 	2.31923e-115
0.3451 	2.36351e-121
0.3458 	2.17204e-121
0.3465 	1.91235e-121
0.3472 	1.52987e-121
0.3479 	1.14739e-121
0.3486 	7.64905e-122
0.3493 	3.82425e-122
0.35 	3.02451e-128
0.3507 	2.78238e-128
0.3514 	2.48849e-128
0.3521 	2.0046e-128
0.3528 	1.52072e-128
0.3535 	1.03683e-128
0.3542 	5.52943e-129
0.3549 	6.90559e-130
0.3556 	3.18272e-135
0.3563 	2.89114e-135
0.357 	2.34414e-135
0.3577 	1.79714e-135
0.3584 	1.25014e-135
0.3591 	7.03138e-136
0.3598 	1.56137e-136
0.3605 	-6.41374e-140
0.3612 	-5.76055e-140
0.3619 	-4.7242e-140
0.3626 	-3.65837e-140
0.3633 	-2.59255e-140
0.364 	-1.52672e-140
0.3647 	-4.60894e-141
0.3654 	-4.03856e-143
0.3661 	-3.63839e-143
0.3668 	-3.03189e-143
0.3675 	-2.36911e-143
0.3682 	-1.70633e-143
0.3689 	-1.04355e-143
0.3696 	-3.80766e-144
0.3703 	-2.04629e-146
0.371 	-1.84736e-146
0.3717 	-1.56326e-146
0.3724 	-1.23184e-146
0.3731 	-9.00422e-147
0.3738 	-5.69005e-147
0.3745 	-2.37587e-147
0.3752 	-8.84696e-150
0.3759 	-8.00226e-150
0.3766 	-6.87274e-150
0.3773 	-5.45841e-150
0.378 	-4.04408e-150
0.3787 	-2.62974e-150
0.3794 	-1.21541e-150
0.3801 	-3.28785e-153
0.3808 	-2.97917e-153
0.3815 	-2.59541e-153
0.3822 	-2.07653e-153
0.3829 	-1.55764e-153
0.3836 	-1.03875e-153
0.3843 	-5.19868e-154
0.385 	-1.05781e-156
0.3857 	-9.60019e-157
0.3864 	-8.47875e-157
0.3871 	-6.83063e-157
0.3878 	-5.1825e-157
0.3885 	-3.53438e-157
0.3892 	-1.88625e-157
0.3899 	-2.38128e-158
0.3906 	-2.69095e-160
0.3913 	-2.40806e-160
0.392 	-1.9526e-160
0.3927 	-1.49715e-160
0.3934 	-1.04169e-160
0.3941 	-5.86228e-161
0.3948 	-1.3077e-161
0.3955 	-6.58379e-164
0.3962 	-5.93484e-164
0.3969 	-4.86805e-164
0.3976 	-3.76911e-164
0.3983 	-2.67017e-164
0.399 	-1.57123e-164
0.3997 	-4.72297e-165
0.4004 	-1.40472e-167
0.4011 	-1.26835e-167
0.4018 	-1.05742e-167
0.4025 	-8.26164e-168
0.4032 	-5.94907e-168
0.4039 	-3.6365e-168
0.4046 	-1.32393e-168
0.4053 	-2.68999e-171
0.406 	-2.43257e-171
0.4067 	-2.05981e-171
0.4074 	-1.62296e-171
0.4081 	-1.18612e-171
0.4088 	-7.49277e-172
0.4095 	-3.12434e-172
0.4102 	-4.53328e-175
0.4109 	-4.1055e-175
0.4116 	-3.52845e-175
0.4123 	-2.80213e-175
0.413 	-2.0758e-175
0.4137 	-1.34947e-175
0.4144 	-6.2314e-176
0.4151 	-6.68715e-179
0.4158 	-6.06457e-179
0.4165 	-5.28677e-179
0.4172 	-4.22956e-179
0.4179 	-3.17235e-179
0.4186 	-2.11514e-179
0.4193 	-1.05793e-179
0.42 	-8.73433e-183
0.4207 	-7.93105e-183
0.4214 	-7.008e-183
0.4221 	-5.64549e-183
0.4228 	-4.28298e-183
0.4235 	-2.92047e-183
0.4242 	-1.55797e-183
0.4249 	-1.95459e-184
0.4256 	-9.30154e-187
0.4263 	-8.32566e-187
0.427 	-6.75069e-187
0.4277 	-5.17571e-187
0.4284 	-3.60074e-187
0.4291 	-2.02577e-187
0.4298 	-4.508e-188
0.4305 	-9.64557e-191
0.4312 	-8.69411e-191
0.4319 	-7.13107e-191
0.4326 	-5.52099e-191
0.4333 	-3.9109e-191
0.434 	-2.30082e-191
0.4347 	-6.90736e-192
0.4354 	-8.79901e-195
0.4361 	-7.94172e-195
0.4368 	-6.62025e-195
0.4375 	-5.17219e-195
0.4382 	-3.72413e-195
0.4389 	-2.27607e-195
0.4396 	-8.28005e-196
0.4403 	-7.16345e-199
0.441 	-6.47331e-199
0.4417 	-5.47966e-199
0.4424 	-4.31739e-199
0.4431 	-3.15511e-199
0.4438 	-1.99284e-199
0.4445 	-8.30567e-200
0.4452 	-5.22259e-203
0.4459 	-4.72465e-203
0.4466 	-4.05797e-203
0.4473 	-3.22255e-203
0.448 	-2.38713e-203
0.4487 	-1.55171e-203
0.4494 	-7.16298e-204
0.4501 	-3.39298e-207
0.4508 	-3.07284e-207
0.4515 	-2.6759e-207
0.4522 	-2.14074e-207
0.4529 	-1.60559e-207
0.4536 	-1.07043e-207
0.4543 	-5.35276e-208
0.455 	-1.95846e-211
0.4557 	-1.7757e-211
0.4564 	-1.56682e-211
0.4571 	-1.26218e-211
0.4578 	-9.57526e-212
0.4585 	-6.52877e-212
0.4592 	-3.48228e-212
0.4599 	-4.35787e-213
0.4606 	-9.19855e-216
0.4613 	-8.21809e-216
0.462 	-6.66336e-216
0.4627 	-5.10863e-216
0.4634 	-3.55391e-216
0.4641 	-1.99918e-216
0.4648 	-4.44449e-217
0.4655 	-4.27239e-220
0.4662 	-3.84197e-220
0.4669 	-3.15063e-220
0.4676 	-2.43922e-220
0.4683 	-1.7278e-220
0.469 	-1.01639e-220
0.4697 	-3.0498e-221
0.4704 	-1.77708e-224
0.4711 	-1.59964e-224
0.4718 	-1.33259e-224
0.4725 	-1.04109e-224
0.4732 	-7.49593e-225
0.4739 	-4.58096e-225
0.4746 	-1.666e-225
0.4753 	-6.7474e-229
0.476 	-6.08258e-229
0.4767 	-5.14373e-229
0.4774 	-4.05266e-229
0.4781 	-2.96158e-229
0.4788 	-1.8705e-229
0.4795 	-7.79428e-230
0.4802 	-2.3199e-233
0.4809 	-2.09469e-233
0.4816 	-1.79709e-233
0.4823 	-1.4271e-233
0.483 	-1.05712e-233
0.4837 	-6.87136e-234
0.4844 	-3.17152e-234
0.4851 	-7.30648e-238
0.4858 	-6.60915e-238
0.4865 	-5.75014e-238
0.4872 	-4.60012e-238
0.4879 	-3.45011e-238
0.4886 	-2.30009e-238
0.4893 	-1.15007e-238
0.49 	-2.08815e-242
0.4907 	-1.89233e-242
0.4914 	-1.66895e-242
0.4921 	-1.34443e-242
0.4928 	-1.01992e-242
0.4935 	-6.95401e-243
0.4942 	-3.70885e-243
0.4949 	-4.63695e-244
0.4956 	-5.00031e-247
0.4963 	-4.46916e-247
0.497 	-3.62365e-247
0.4977 	-2.77813e-247
0.4984 	-1.93262e-247
0.4991 	-1.08711e-247
0.4998 	-2.41596e-248
0.5005 	-1.26729e-251
0.5012 	-1.14269e-251
0.5019 	-9.37267e-252
0.5026 	-7.25627e-252
0.5033 	-5.13987e-252
0.504 	-3.02347e-252
0.5047 	-9.07064e-253
0.5054 	-3.03925e-256
0.5061 	-2.75054e-256
0.5068 	-2.29434e-256
0.5075 	-1.79245e-256
0.5082 	-1.29057e-256
0.5089 	-7.88681e-257
0.5096 	-2.86795e-257
0.5103 	-6.84882e-261
0.511 	-6.22112e-261
0.5117 	-5.27731e-261
0.5124 	-4.15788e-261
0.5131 	-3.03845e-261
0.5138 	-1.91902e-261
0.5145 	-7.99589e-262
0.5152 	-1.43656e-265
0.5159 	-1.30929e-265
0.5166 	-1.12939e-265
0.5173 	-8.96867e-266
0.518 	-6.64345e-266
0.5187 	-4.31824e-266
0.5194 	-1.99302e-266
0.5201 	-2.80541e-270
0.5208 	-2.56387e-270
0.5215 	-2.24802e-270
0.5222 	-1.79842e-270
0.5229 	-1.34881e-270
0.5236 	-8.99203e-271
0.5243 	-4.49597e-271
0.525 	-5.13026e-275
0.5257 	-4.70027e-275
0.5264 	-4.18796e-275
0.5271 	-3.37363e-275
0.5278 	-2.5593e-275
0.5285 	-1.74497e-275
0.5292 	-9.30643e-276
0.5299 	-1.16314e-276
0.5306 	-8.312e-280
0.5313 	-7.52345e-280
0.532 	-6.10008e-280
0.5327 	-4.67672e-280
0.5334 	-3.25336e-280
0.5341 	-1.82999e-280
0.5348 	-4.06631e-281
0.5355 	-1.35791e-284
0.5362 	-1.23987e-284
0.5369 	-1.01799e-284
0.5376 	-7.88121e-285
0.5383 	-5.58249e-285
0.539 	-3.28378e-285
0.5397 	-9.8507e-286
0.5404 	-2.02053e-289
0.5411 	-1.84838e-289
0.5418 	-1.5458e-289
0.5425 	-1.20765e-289
0.5432 	-8.69505e-290
0.5439 	-5.31358e-290
0.5446 	-1.93211e-290
0.5453 	-2.73129e-294
0.546 	-2.50251e-294
0.5467 	-2.13031e-294
0.5474 	-1.67842e-294
0.5481 	-1.22653e-294
0.5488 	-7.74641e-295
0.5495 	-3.22753e-295
0.5502 	-3.35727e-299
0.5509 	-3.08027e-299
0.5516 	-2.6672e-299
0.5523 	-2.11806e-299
0.553 	-1.56893e-299
0.5537 	-1.01979e-299
0.5544 	-4.70654e-300
0.5551 	-3.76819e-304
0.5558 	-3.46162e-304
0.5565 	-3.0469e-304
0.5572 	-2.43751e-304
0.5579 	-1.82812e-304
0.5586 	-1.21873e-304
0.5593 	-6.09347e-305
0.56 	-3.96217e-309
0.5607 	-3.64402e-309
0.5614 	-3.25831e-309
0.5621 	-2.62474e-309
0.5628 	-1.99117e-309
0.5635 	-1.3576e-309
0.5642 	-7.24035e-310
0.5649 	-9.04655e-311
0.5656 	-3.53459e-314
0.5663 	-3.2086e-314
0.567 	-2.60155e-314
0.5677 	-1.99451e-314
0.5684 	-1.38746e-314
0.5691 	-7.80411e-315
0.5698 	-1.73363e-315
0.5705 	0
0.5712 	0
0.5719 	0
0.5726 	0
0.5733 	0
0.574 	0
0.5747 	0
0.5754 	0
0.5761 	0
0.5768 	0
0.5775 	0
0.5782 	0
0.5789 	0
0.5796 	0
0.5803 	0
0.581 	0
0.5817 	0
0.5824 	0
0.5831 	0
0.5838 	0
0.5845 	0
0.5852 	0
0.5859 	0
0.5866 	0
0.5873 	0
0.588 	0
0.5887 	0
0.5894 	0
0.5901 	0
0.5908 	0
0.5915 	0
0.5922 	0
0.5929 	0
0.5936 	0
0.5943 	0
0.595 	0
0.5957 	0
0.5964 	0
0.5971 	0
0.5978 	0
0.5985 	0
0.5992 	0
0.5999 	0
0.6006 	0
0.6013 	0
0.602 	0
0.6027 	0
0.6034 	0
0.6041 	0
0.6048 	0
0.6055 	0
0.6062 	0
0.6069 	0
0.6076 	0
0.6083 	0
0.609 	0
0.6097 	0
0.6104 	0
0.6111 	0
0.6118 	0
0.6125 	0
0.6132 	0
0.6139 	0
0.6146 	0
0.6153 	0
0.616 	0
0.6167 	0
0.6174 	0
0.6181 	0
0.6188 	0
0.6195 	0
0.6202 	0
0.6209 	0
0.6216 	0
0.6223 	0
0.623 	0
0.6237 	0
0.6244 	0
0.6251 	0
0.6258 	0
0.6265 	0
0.6272 	0
0.6279 	0
0.6286 	0
0.6293 	0
0.63 	0
0.6307 	0
0.6314 	0
0.6321 	0
0.6328 	0
0.6335 	0
0.6342 	0
0.6349 	0
0.6356 	0
0.6363 	0
0.637 	0
0.6377 	0
0.6384 	0
0.6391 	0
0.6398 	0
0.6405 	0
0.6412 	0
0.6419 	0
0.6426 	0
0.6433 	0
0.644 	0
0.6447 	0
0.6454 	0
0.6461 	0
0.6468 	0
0.6475 	0
0.6482 	0
0.6489 	0
0.6496 	0
0.6503 	0
0.651 	0
0.6517 	0
0.6524 	0
0.6531 	0
0.6538 	0
0.6545 	0
0.6552 	0
0.6559 	0
0.6566 	0
0.6573 	0
0.658 	0
0.6587 	0
0.6594 	0
0.6601 	0
0.6608 	0
0.6615 	0
0.6622 	0
0.6629 	0
0.6636 	0
0.6643 	0
0.665 	0
0.6657 	0
0.6664 	0
0.6671 	0
0.6678 	0
0.6685 	0
0.6692 	0
0.6699 	0
0.6706 	0
0.6713 	0
0.672 	0
0.6727 	0
0.6734 	0
0.6741 	0
0.6748 	0
0.6755 	0
0.6762 	0
0.6769 	0
0.6776 	0
0.6783 	0
0.679 	0
0.6797 	0
0.6804 	0
0.6811 	0
0.6818 	0
0.6825 	0
0.6832 	0
0.6839 	0
0.6846 	0
0.6853 	0
0.686 	0
0.6867 	0
0.6874 	0
0.6881 	0
0.6888 	0
0.6895 	0
0.6902 	0
0.6909 	0
0.6916 	0
0.6923 	0
0.693 	0
0.6937 	0
0.6944 	0
0.6951 	0
0.6958 	0
0.6965 	0
0.6972 	0
0.6979 	0
0.6986 	0
0.6993 	0
0.7 	0
