0 	1
0.0007 	1
0.0014 	1
0.0028 	1
0.0035 	1
0.0042 	1
0.0049 	1
0.0056 	1
0.0063 	1
0.0077 	1
0.0084 	1
0.0091 	1
0.0098 	1
0.0105 	1
0.0112 	1
0.0119 	1
0.0133 	1
0.014 	1
0.0147 	1
0.0154 	1
0.0168 	1
0.0175 	1
0.0182 	1
0.0189 	1
0.0196 	1
0.0203 	1
0.021 	1
0.0217 	1
0.0224 	1
0.0231 	1
0.0238 	1
0.0245 	1
0.0252 	1
0.0259 	1
0.0266 	1
0.0273 	1
0.028 	1
0.0294 	1
0.0301 	1
0.0308 	1
0.0315 	1
0.0322 	1
0.0329 	1
0.0336 	1
0.0343 	1
0.035 	1
0.0357 	1
0.0364 	1
0.0371 	1
0.0378 	1
0.0392 	1
0.0399 	1
0.0406 	1
0.0413 	1
0.042 	1
0.0427 	1
0.0434 	1
0.0441 	1
0.0448 	1
0.0455 	1
0.0469 	1
0.0476 	1
0.0483 	1
0.049 	1
0.0497 	1
0.0504 	1
0.0511 	1
0.0518 	1
0.0525 	1
0.0532 	1
0.0539 	1
0.0546 	1
0.0553 	1
0.056 	1
0.0567 	1
0.0574 	1
0.0581 	1
0.0588 	1
0.0595 	1
0.0602 	1
0.0609 	1
0.0616 	1
0.0623 	1
0.063 	1
0.0644 	1
0.0651 	1
0.0658 	1
0.0665 	1
0.0672 	1
0.0679 	1
0.0686 	1
0.0693 	1
0.07 	1
0.0707 	1
0.0714 	1
0.0721 	1
0.0728 	1
0.0735 	1
0.0742 	1
0.0749 	1
0.0756 	1
0.0763 	1
0.077 	1
0.0777 	1
0.0784 	1
0.0791 	1
0.0798 	1
0.0805 	1
0.0812 	1
0.0819 	1
0.0826 	1
0.0833 	1
0.084 	1
0.0847 	1
0.0854 	1
0.0861 	1
0.0868 	1
0.0875 	1
0.0889 	1
0.0896 	1
0.0903 	1
0.091 	1
0.0917 	1
0.0924 	1
0.0931 	1
0.0938 	1
0.0945 	1
0.0952 	1
0.0959 	1
0.0966 	1
0.0973 	1
0.098 	1
0.0987 	1
0.0994 	1
0.1001 	1
0.1008 	1
0.1015 	1
0.1022 	1
0.1029 	1
0.1036 	1
0.1043 	1
0.105 	1
0.1057 	1
0.1064 	1
0.1071 	1
0.1078 	1
0.1092 	1
0.1099 	1
0.1106 	1
0.1113 	1
0.1127 	1
0.1134 	1
0.1141 	1
0.1148 	1
0.1155 	1
0.1162 	1
0.1169 	1
0.1176 	1
0.1183 	1
0.119 	1
0.1197 	1
0.1204 	1
0.1211 	1
0.1218 	1
0.1225 	1
0.1232 	1
0.1239 	1
0.1246 	1
0.1253 	1
0.126 	1
0.1267 	1
0.1274 	1
0.1281 	1
0.1288 	1
0.1295 	1
0.1302 	1
0.1309 	1
0.1316 	1
0.1323 	1
0.133 	1
0.1337 	1
0.1344 	1
0.1351 	1
0.1358 	1
0.1365 	1
0.1372 	1
0.1379 	1
0.1386 	1
0.1393 	1
0.14 	1
0.1407 	1
0.1414 	1
0.1421 	1
0.1428 	1
0.1435 	1
0.1442 	1
0.1449 	1
0.1456 	1
0.1463 	1
0.147 	1
0.1477 	1
0.1484 	1
0.1491 	1
0.1498 	1
0.1505 	1
0.1512 	1
0.1519 	1
0.1526 	1
0.1533 	1
0.154 	1
0.1547 	1
0.1554 	1
0.1561 	1
0.1568 	1
0.1575 	1
0.1582 	1
0.1589 	1
0.1596 	1
0.1603 	1
0.161 	1
0.1617 	1
0.1631 	1
0.1638 	1
0.1645 	1
0.1652 	1
0.1659 	1
0.1666 	1
0.1673 	1
0.168 	1
0.1687 	1
0.1694 	1
0.1701 	1
0.1708 	1
0.1715 	1
0.1722 	1
0.1729 	1
0.1736 	1
0.1743 	1
0.175 	1
0.1757 	1
0.1764 	1
0.1771 	1
0.1778 	1
0.1785 	1
0.1792 	1
0.1799 	1
0.1806 	1
0.1813 	1
0.182 	1
0.1827 	1
0.1834 	1
0.1841 	1
0.1848 	1
0.1855 	1
0.1862 	1
0.1869 	1
0.1876 	1
0.1883 	1
0.189 	1
0.1897 	1
0.1904 	1
0.1911 	1
0.1918 	1
0.1925 	1
0.1932 	1
0.1939 	1
0.1946 	1
0.1953 	1
0.196 	1
0.1967 	1
0.1974 	1
0.1981 	1
0.1988 	1
0.1995 	1
0.2002 	1
0.2009 	1
0.2016 	1
0.2023 	1
0.203 	1
0.2037 	1
0.2044 	1
0.2051 	1
0.2058 	1
0.2065 	1
0.2072 	1
0.2079 	1
0.2086 	1
0.2093 	1
0.21 	1
0.2107 	1
0.2114 	1
0.2121 	1
0.2128 	1
0.2135 	1
0.2142 	1
0.2149 	1
0.2156 	1
0.2163 	1
0.2177 	1
0.2184 	1
0.2191 	1
0.2198 	1
0.2205 	1
0.2212 	1
0.2219 	1
0.2226 	1
0.2233 	1
0.224 	1
0.2247 	1
0.2254 	1
0.2261 	1
0.2268 	1
0.2275 	1
0.2282 	1
0.2289 	1
0.2296 	1
0.2303 	1
0.231 	1
0.2317 	1
0.2324 	1
0.2331 	1
0.2345 	1
0.2359 	1
0.2366 	1
0.238 	1
0.2387 	1
0.2394 	1
0.2401 	0.999964
0.2408 	0.999712
0.2415 	0.999446
0.2422 	0.999153
0.2429 	0.99886
0.2436 	0.998566
0.2443 	0.998273
0.245 	0.99798
0.2457 	0.92824
0.2464 	0.858508
0.2471 	0.788804
0.2478 	0.7191
0.2485 	0.649395
0.2492 	0.579691
0.2499 	0.509987
0.2506 	0.440244
0.2513 	0.370499
0.252 	0.300792
0.2527 	0.231085
0.2534 	0.161379
0.2541 	0.0916719
0.2548 	0.0219652
0.2555 	0.00186289
0.2562 	0.00160241
0.2569 	0.00130928
0.2576 	0.00101364
0.2583 	0.000717994
0.259 	0.000422351
0.2597 	0.000126707
0.2604 	2.05757e-09
0.2611 	1.80353e-09
0.2618 	1.49255e-09
0.2625 	1.16606e-09
0.2632 	8.39562e-10
0.2639 	5.13066e-10
0.2646 	1.8657e-10
0.2653 	5.6161e-16
0.266 	4.96916e-16
0.2667 	4.16954e-16
0.2674 	3.28509e-16
0.2681 	2.40064e-16
0.2695 	6.3175e-17
0.2702 	1.96961e-22
0.2709 	1.75845e-22
0.2716 	1.4986e-22
0.2723 	1.19007e-22
0.273 	8.81532e-23
0.2737 	5.72996e-23
0.2744 	2.6446e-23
0.2751 	8.53054e-29
0.2758 	7.6904e-29
0.2765 	6.67362e-29
0.2772 	5.3389e-29
0.2779 	4.00417e-29
0.2786 	2.66945e-29
0.2793 	1.33473e-29
0.28 	4.82339e-35
0.2807 	4.38568e-35
0.2814 	3.8801e-35
0.2821 	3.12564e-35
0.2828 	2.37117e-35
0.2835 	1.61671e-35
0.2842 	8.62247e-36
0.2849 	1.07783e-36
0.2856 	2.71629e-41
0.2863 	2.44578e-41
0.2877 	1.52035e-41
0.2884 	1.05764e-41
0.2891 	5.94921e-42
0.2898 	1.32206e-42
0.2905 	1.62799e-47
0.2912 	1.47197e-47
0.2919 	1.20762e-47
0.2933 	6.62243e-48
0.294 	3.89555e-48
0.2947 	1.16868e-48
0.2954 	1.38708e-53
0.2961 	1.25074e-53
0.2968 	1.04237e-53
0.2975 	8.14353e-54
0.2982 	5.86334e-54
0.2989 	3.58316e-54
0.2996 	1.30298e-54
0.3003 	1.62203e-59
0.301 	1.4628e-59
0.3017 	1.23722e-59
0.3024 	9.74779e-60
0.3031 	7.12339e-60
0.3045 	1.87459e-60
0.3052 	2.28544e-65
0.3059 	2.06448e-65
0.3066 	1.77162e-65
0.3073 	1.40687e-65
0.308 	1.04213e-65
0.3087 	6.77386e-66
0.3094 	3.12642e-66
0.3101 	3.57265e-71
0.3108 	3.23342e-71
0.3115 	2.81433e-71
0.3122 	2.25146e-71
0.3129 	1.6886e-71
0.3136 	1.12574e-71
0.315 	5.99708e-77
0.3157 	5.44452e-77
0.3164 	4.80996e-77
0.3178 	2.93942e-77
0.3185 	2.00415e-77
0.3192 	1.06889e-77
0.3199 	1.3362e-78
0.3206 	9.38832e-83
0.3213 	8.4264e-83
0.322 	6.83222e-83
0.3227 	5.23804e-83
0.3234 	3.64386e-83
0.3241 	2.04968e-83
0.3248 	4.55496e-84
0.3255 	1.48041e-88
0.3262 	1.34144e-88
0.3269 	1.10071e-88
0.3276 	8.52166e-89
0.329 	3.5507e-89
0.3297 	1.06523e-89
0.3304 	2.12484e-94
0.3311 	1.93132e-94
0.3318 	1.61267e-94
0.3325 	1.2599e-94
0.3332 	9.07127e-95
0.3339 	5.54357e-95
0.3346 	2.01586e-95
0.3353 	2.77112e-100
0.336 	2.52529e-100
0.3367 	2.14499e-100
0.3374 	1.68999e-100
0.3381 	1.235e-100
0.3388 	7.79999e-101
0.3395 	3.25001e-101
0.3402 	3.2799e-106
0.3409 	2.99563e-106
0.3416 	2.58716e-106
0.3423 	2.05451e-106
0.343 	1.52186e-106
0.3437 	9.89212e-107
0.3444 	4.56561e-107
0.3451 	3.52063e-112
0.3458 	3.2218e-112
0.3465 	2.82772e-112
0.3472 	2.26218e-112
0.3479 	1.69663e-112
0.3486 	1.13109e-112
0.35 	3.42588e-118
0.3507 	3.14058e-118
0.3514 	2.79976e-118
0.3528 	1.71097e-118
0.3535 	1.16657e-118
0.3542 	6.22171e-119
0.3549 	7.7774e-120
0.3556 	2.77475e-124
0.3563 	2.51118e-124
0.357 	2.03609e-124
0.3577 	1.56101e-124
0.3584 	1.08592e-124
0.3591 	6.1083e-125
0.3598 	1.35742e-125
0.3605 	2.22264e-130
0.3612 	2.02804e-130
0.3619 	1.66502e-130
0.3626 	1.28905e-130
0.3633 	9.13078e-131
0.364 	5.37106e-131
0.3647 	1.61133e-131
0.3654 	1.61508e-136
0.3661 	1.47602e-136
0.3668 	1.23411e-136
0.3675 	9.64148e-137
0.3682 	6.94187e-137
0.3689 	4.24226e-137
0.3696 	1.54265e-137
0.3703 	1.06547e-142
0.371 	9.75164e-143
0.3717 	8.29764e-143
0.3724 	6.53755e-143
0.3731 	4.77747e-143
0.3738 	3.01738e-143
0.3745 	1.25729e-143
0.3752 	8.46052e-148
0.3759 	7.26959e-148
0.3766 	6.05473e-148
0.3773 	4.81594e-148
0.378 	3.57715e-148
0.3794 	1.09958e-148
0.3801 	3.72061e-150
0.3808 	3.32917e-150
0.3815 	2.873e-150
0.3822 	2.30033e-150
0.3829 	1.72766e-150
0.3836 	1.15499e-150
0.3843 	5.82326e-151
0.385 	9.65722e-153
0.3857 	8.77401e-153
0.3864 	7.75756e-153
0.3871 	6.25253e-153
0.3878 	4.74751e-153
0.3885 	3.24248e-153
0.3892 	1.73745e-153
0.3899 	2.32425e-154
0.3906 	1.61272e-155
0.3913 	1.45297e-155
0.392 	1.17855e-155
0.3927 	9.04118e-156
0.3934 	6.2969e-156
0.3941 	3.55262e-156
0.3948 	8.08334e-157
0.3955 	2.27858e-158
0.3962 	2.07323e-158
0.3969 	1.70222e-158
0.3976 	1.31848e-158
0.3983 	9.34726e-159
0.399 	5.50977e-159
0.3997 	1.67228e-159
0.4004 	2.631e-161
0.4011 	2.39895e-161
0.4018 	2.00507e-161
0.4025 	1.56705e-161
0.4032 	1.12903e-161
0.4039 	6.91008e-162
0.4046 	2.52989e-162
0.4053 	2.59563e-164
0.406 	2.36979e-164
0.4067 	2.01472e-164
0.4074 	1.58785e-164
0.4081 	1.16097e-164
0.4088 	7.34102e-165
0.4095 	3.0723e-165
0.4102 	2.26618e-167
0.4109 	2.07092e-167
0.4116 	1.78928e-167
0.4123 	1.42127e-167
0.413 	1.05327e-167
0.4137 	6.85262e-168
0.4144 	3.17256e-168
0.4151 	1.80069e-170
0.4158 	1.64686e-170
0.4165 	1.44486e-170
0.4172 	1.15616e-170
0.4179 	8.67449e-171
0.4186 	5.78742e-171
0.4193 	2.90036e-171
0.42 	1.32888e-173
0.4207 	1.21643e-173
0.4214 	1.08299e-173
0.4221 	8.72583e-174
0.4228 	6.62179e-174
0.4235 	4.51776e-174
0.4242 	2.41372e-174
0.4249 	3.0968e-175
0.4256 	8.44291e-177
0.4263 	7.62426e-177
0.427 	6.18295e-177
0.4277 	4.74163e-177
0.4284 	3.30032e-177
0.4291 	1.859e-177
0.4298 	4.17684e-178
0.4305 	5.52458e-180
0.4312 	5.02775e-180
0.4319 	4.12755e-180
0.4326 	3.19633e-180
0.4333 	2.26511e-180
0.434 	1.33389e-180
0.4347 	4.02667e-181
0.4354 	3.39999e-183
0.4361 	3.09932e-183
0.4368 	2.59007e-183
0.4375 	2.02393e-183
0.4382 	1.4578e-183
0.4389 	8.91669e-184
0.4396 	3.25536e-184
0.4403 	1.95895e-186
0.441 	1.78876e-186
0.4417 	1.52075e-186
0.4424 	1.19839e-186
0.4431 	8.76039e-187
0.4438 	5.53685e-187
0.4445 	2.31331e-187
0.4452 	1.05214e-189
0.4459 	9.62352e-190
0.4466 	8.31878e-190
0.4473 	6.60718e-190
0.448 	4.89559e-190
0.4494 	1.4724e-190
0.4501 	5.25324e-193
0.4508 	4.81272e-193
0.4515 	4.22772e-193
0.4522 	3.38266e-193
0.4529 	2.53761e-193
0.4543 	8.47493e-194
0.455 	2.43569e-196
0.4557 	2.23485e-196
0.4564 	1.994e-196
0.4571 	1.60648e-196
0.4578 	1.21896e-196
0.4585 	8.31439e-197
0.4592 	4.43918e-197
0.4599 	5.6397e-198
0.4606 	9.63934e-200
0.4613 	8.73094e-200
0.4627 	5.42889e-200
0.4634 	3.77787e-200
0.4641 	2.12685e-200
0.4648 	4.75827e-201
0.4655 	3.86695e-203
0.4662 	3.53106e-203
0.4669 	2.89944e-203
0.4676 	2.24507e-203
0.4683 	1.5907e-203
0.469 	9.36329e-204
0.4697 	2.8196e-204
0.4704 	1.44566e-206
0.4711 	1.32205e-206
0.4718 	1.10562e-206
0.4725 	8.63883e-207
0.4732 	6.22143e-207
0.4739 	3.80402e-207
0.4746 	1.38661e-207
0.4753 	5.04852e-210
0.476 	4.62327e-210
0.4767 	3.93503e-210
0.4774 	3.10068e-210
0.4781 	2.26634e-210
0.4788 	1.432e-210
0.4795 	5.97651e-211
0.4802 	1.65105e-213
0.4809 	1.51395e-213
0.4816 	1.31055e-213
0.4823 	1.04084e-213
0.483 	7.71123e-214
0.4837 	5.0141e-214
0.4844 	2.31696e-214
0.4851 	5.06971e-217
0.4858 	4.65451e-217
0.4865 	4.09518e-217
0.4872 	3.27644e-217
0.4879 	2.45769e-217
0.4886 	1.63895e-217
0.4893 	8.20209e-218
0.49 	1.46543e-220
0.4907 	1.34699e-220
0.4914 	1.20379e-220
0.4921 	9.69797e-221
0.4928 	7.35803e-221
0.4935 	5.0181e-221
0.4942 	2.67816e-221
0.4949 	3.38228e-222
0.4956 	3.67867e-224
0.4963 	3.33739e-224
0.497 	2.70619e-224
0.4977 	2.07498e-224
0.4984 	1.44377e-224
0.4991 	8.12562e-225
0.4998 	1.81354e-225
0.5005 	9.50447e-228
0.5012 	8.6914e-228
0.5019 	7.1373e-228
0.5026 	5.5262e-228
0.5033 	3.91511e-228
0.504 	2.30401e-228
0.5047 	6.92911e-229
0.5054 	2.32866e-231
0.5061 	2.13205e-231
0.5068 	1.78348e-231
0.5075 	1.39347e-231
0.5082 	1.00345e-231
0.5089 	6.13439e-232
0.5096 	2.23426e-232
0.5103 	5.42264e-235
0.511 	4.97063e-235
0.5124 	3.33475e-235
0.5131 	2.43727e-235
0.5138 	1.53978e-235
0.5145 	6.42293e-236
0.5152 	1.20278e-238
0.5159 	1.10377e-238
0.5166 	9.55886e-239
0.5173 	7.59139e-239
0.518 	5.62392e-239
0.5187 	3.65645e-239
0.5194 	1.68898e-239
0.5201 	2.54641e-242
0.5208 	2.33934e-242
0.5215 	2.05917e-242
0.5222 	1.64744e-242
0.5229 	1.23571e-242
0.5236 	8.23979e-243
0.5243 	4.12247e-243
0.525 	5.15576e-246
0.5257 	4.7415e-246
0.5264 	4.23941e-246
0.5271 	3.41527e-246
0.5278 	2.59114e-246
0.5285 	1.767e-246
0.5292 	9.4286e-247
0.5299 	1.18723e-247
0.5306 	9.20785e-250
0.5313 	8.35743e-250
0.532 	6.77664e-250
0.5327 	5.19585e-250
0.5334 	3.61506e-250
0.5341 	2.03427e-250
0.5348 	4.53475e-251
0.5355 	1.7163e-253
0.5362 	1.57011e-253
0.5369 	1.28938e-253
0.5376 	9.98303e-254
0.5383 	7.07225e-254
0.539 	4.16148e-254
0.5397 	1.2507e-254
0.5404 	3.07578e-257
0.5411 	2.81701e-257
0.5418 	2.35662e-257
0.5425 	1.84123e-257
0.5432 	1.32584e-257
0.5439 	8.10447e-258
0.5446 	2.95058e-258
0.5453 	5.30813e-261
0.546 	4.86696e-261
0.5467 	4.14437e-261
0.5474 	3.26546e-261
0.5481 	2.38654e-261
0.5488 	1.50762e-261
0.5495 	6.28703e-262
0.5502 	8.83507e-265
0.5509 	8.10952e-265
0.5516 	7.02385e-265
0.5523 	5.57806e-265
0.553 	4.13227e-265
0.5537 	2.68648e-265
0.5544 	1.24069e-265
0.5551 	1.42032e-268
0.5558 	1.30505e-268
0.5565 	1.1489e-268
0.5572 	9.19163e-269
0.5579 	6.89428e-269
0.5586 	4.59692e-269
0.5593 	2.29956e-269
0.56 	2.20827e-272
0.5607 	2.03114e-272
0.5614 	1.81629e-272
0.5621 	1.46319e-272
0.5628 	1.11008e-272
0.5635 	7.5698e-273
0.5642 	4.03876e-273
0.5649 	5.07721e-274
0.5656 	3.06114e-276
0.5663 	2.77878e-276
0.567 	2.25316e-276
0.5677 	1.72753e-276
0.5684 	1.20191e-276
0.5691 	6.7628e-277
0.5698 	1.50653e-277
0.5705 	4.47274e-280
0.5712 	4.09225e-280
0.5719 	3.36057e-280
0.5726 	2.60188e-280
0.5733 	1.84319e-280
0.574 	1.08451e-280
0.5747 	3.25817e-281
0.5754 	6.34286e-284
0.5761 	5.80981e-284
0.5768 	4.86037e-284
0.5775 	3.79736e-284
0.5782 	2.73435e-284
0.5796 	6.08338e-285
0.5803 	8.73886e-288
0.581 	8.01324e-288
0.5817 	6.82374e-288
0.5824 	5.37654e-288
0.5831 	3.92933e-288
0.5838 	2.48212e-288
0.5845 	1.03492e-288
0.5852 	1.17079e-291
0.5859 	1.07472e-291
0.5866 	9.3088e-292
0.5873 	7.3926e-292
0.588 	5.4764e-292
0.5887 	3.5602e-292
0.5894 	1.644e-292
0.5901 	1.52656e-295
0.5908 	1.40276e-295
0.5915 	1.23498e-295
0.5922 	9.88022e-296
0.5929 	7.41065e-296
0.5936 	4.94108e-296
0.5943 	2.47151e-296
0.595 	1.93853e-299
0.5957 	1.78314e-299
0.5964 	1.59462e-299
0.5978 	9.74579e-300
0.5985 	6.64561e-300
0.5992 	3.54543e-300
0.5999 	4.45255e-301
0.6006 	2.2089e-303
0.6013 	2.00528e-303
0.602 	1.62595e-303
0.6027 	1.24663e-303
0.6034 	8.67308e-304
0.6041 	4.87984e-304
0.6048 	1.08661e-304
0.6055 	2.66803e-307
0.6062 	2.44122e-307
0.6076 	1.55213e-307
0.6083 	1.09952e-307
0.609 	6.46914e-308
0.6097 	1.94305e-308
0.6104 	3.1436e-311
0.6111 	2.87959e-311
0.6118 	2.40903e-311
0.6125 	1.88214e-311
0.6132 	1.35524e-311
0.6139 	8.2835e-312
0.6146 	3.01456e-312
0.6153 	3.61154e-315
0.616 	3.31195e-315
0.6167 	2.82037e-315
0.6174 	2.22213e-315
0.6181 	1.62389e-315
0.6188 	1.02564e-315
0.6195 	4.27397e-316
0.6202 	7.74448e-320
0.6209 	7.11109e-320
0.6216 	6.15952e-320
0.6223 	4.89125e-320
0.623 	3.62348e-320
0.6237 	2.35521e-320
0.6244 	1.08694e-320
0.6251 	0
0.6258 	0
0.6265 	0
0.6272 	0
0.6279 	0
0.6286 	0
0.6293 	0
0.63 	0
0.6307 	0
0.6314 	0
0.6321 	0
0.6328 	0
0.6335 	0
0.6342 	0
0.6349 	0
0.6356 	0
0.6363 	0
0.6377 	0
0.6384 	0
0.6391 	0
0.6398 	0
0.6405 	0
0.6412 	0
0.6419 	0
0.6426 	0
0.6433 	0
0.644 	0
0.6447 	0
0.6454 	0
0.6461 	0
0.6468 	0
0.6475 	0
0.6482 	0
0.6489 	0
0.6496 	0
0.6503 	0
0.651 	0
0.6517 	0
0.6524 	0
0.6531 	0
0.6538 	0
0.6545 	0
0.6552 	0
0.6559 	0
0.6566 	0
0.6573 	0
0.658 	0
0.6587 	0
0.6594 	0
0.6601 	0
0.6608 	0
0.6615 	0
0.6622 	0
0.6629 	0
0.6636 	0
0.6643 	0
0.665 	0
0.6657 	0
0.6664 	0
0.6671 	0
0.6678 	0
0.6685 	0
0.6692 	0
0.6699 	0
0.6706 	0
0.6713 	0
0.672 	0
0.6727 	0
0.6734 	0
0.6741 	0
0.6748 	0
0.6755 	0
0.6762 	0
0.6769 	0
0.6776 	0
0.6783 	0
0.679 	0
0.6797 	0
0.6804 	0
0.6811 	0
0.6818 	0
0.6825 	0
0.6832 	0
0.6839 	0
0.6846 	0
0.6853 	0
0.686 	0
0.6867 	0
0.6874 	0
0.6881 	0
0.6888 	0
0.6895 	0
0.6902 	0
0.6909 	0
0.6916 	0
0.693 	0
0.6937 	0
0.6944 	0
0.6951 	0
0.6958 	0
0.6965 	0
0.6972 	0
0.6979 	0
0.6986 	0
0.6993 	0
0.7 	0
