0 	1
0.0007 	1
0.0014 	1
0.0021 	1
0.0028 	1
0.0035 	1
0.0042 	1
0.0049 	1
0.0056 	1
0.0063 	1
0.007 	1
0.0077 	1
0.0084 	1
0.0091 	1
0.0098 	1
0.0105 	1
0.0112 	1
0.0119 	1
0.0126 	1
0.0133 	1
0.014 	1
0.0147 	1
0.0154 	1
0.0161 	1
0.0168 	1
0.0175 	1
0.0182 	1
0.0189 	1
0.0196 	1
0.0203 	1
0.021 	1
0.0217 	1
0.0224 	1
0.0231 	1
0.0238 	1
0.0245 	1
0.0252 	1
0.0259 	1
0.0266 	1
0.0273 	1
0.028 	1
0.0287 	1
0.0294 	1
0.0301 	1
0.0308 	1
0.0315 	1
0.0322 	1
0.0329 	1
0.0336 	1
0.0343 	1
0.035 	1
0.0357 	1
0.0364 	1
0.0371 	1
0.0378 	1
0.0385 	1
0.0392 	1
0.0399 	1
0.0406 	1
0.0413 	1
0.042 	1
0.0427 	1
0.0434 	1
0.0441 	1
0.0448 	1
0.0455 	1
0.0462 	1
0.0469 	1
0.0476 	1
0.0483 	1
0.049 	1
0.0497 	1
0.0504 	1
0.0511 	1
0.0518 	1
0.0525 	1
0.0532 	1
0.0539 	1
0.0546 	1
0.0553 	1
0.056 	1
0.0567 	1
0.0574 	1
0.0581 	1
0.0588 	1
0.0595 	1
0.0602 	1
0.0609 	1
0.0616 	1
0.0623 	1
0.063 	1
0.0637 	1
0.0644 	1
0.0651 	1
0.0658 	1
0.0665 	1
0.0672 	1
0.0679 	1
0.0686 	1
0.0693 	1
0.07 	1
0.0707 	1
0.0714 	1
0.0721 	1
0.0728 	1
0.0735 	1
0.0742 	1
0.0749 	1
0.0756 	1
0.0763 	1
0.077 	1
0.0777 	1
0.0784 	1
0.0791 	1
0.0798 	1
0.0805 	1
0.0812 	1
0.0819 	1
0.0826 	1
0.0833 	1
0.084 	1
0.0847 	1
0.0854 	1
0.0861 	1
0.0868 	1
0.0875 	1
0.0882 	1
0.0889 	1
0.0896 	1
0.0903 	1
0.091 	1
0.0917 	1
0.0924 	1
0.0931 	1
0.0938 	1
0.0945 	1
0.0952 	1
0.0959 	1
0.0966 	1
0.0973 	1
0.098 	1
0.0987 	1
0.0994 	1
0.1001 	1
0.1008 	1
0.1015 	1
0.1022 	1
0.1029 	1
0.1036 	1
0.1043 	1
0.105 	1
0.1057 	1
0.1064 	1
0.1071 	1
0.1078 	1
0.1085 	1
0.1092 	1
0.1099 	1
0.1106 	1
0.1113 	1
0.112 	1
0.1127 	1
0.1134 	1
0.1141 	1
0.1148 	1
0.1155 	1
0.1162 	1
0.1169 	1
0.1176 	1
0.1183 	1
0.119 	1
0.1197 	1
0.1204 	1
0.1211 	1
0.1218 	1
0.1225 	1
0.1232 	1
0.1239 	1
0.1246 	1
0.1253 	1
0.126 	1
0.1267 	1
0.1274 	1
0.1281 	1
0.1288 	1
0.1295 	1
0.1302 	1
0.1309 	1
0.1316 	1
0.1323 	1
0.133 	1
0.1337 	1
0.1344 	1
0.1351 	1
0.1358 	1
0.1365 	1
0.1372 	1
0.1379 	1
0.1386 	1
0.1393 	1
0.14 	1
0.1407 	1
0.1414 	1
0.1421 	1
0.1428 	1
0.1435 	1
0.1442 	1
0.1449 	1
0.1456 	1
0.1463 	1
0.147 	1
0.1477 	1
0.1484 	1
0.1491 	1
0.1498 	1
0.1505 	1
0.1512 	1
0.1519 	1
0.1526 	1
0.1533 	1
0.154 	1
0.1547 	1
0.1554 	1
0.1561 	1
0.1568 	1
0.1575 	1
0.1582 	1
0.1589 	1
0.1596 	1
0.1603 	1
0.161 	1
0.1617 	1
0.1624 	1
0.1631 	1
0.1638 	1
0.1645 	1
0.1652 	1
0.1659 	1
0.1666 	1
0.1673 	1
0.168 	1
0.1687 	1
0.1694 	1
0.1701 	1
0.1708 	1
0.1715 	1
0.1722 	1
0.1729 	1
0.1736 	1
0.1743 	1
0.175 	1
0.1757 	1
0.1764 	1
0.1771 	1
0.1778 	1
0.1785 	1
0.1792 	1
0.1799 	1
0.1806 	1
0.1813 	1
0.182 	1
0.1827 	1
0.1834 	1
0.1841 	1
0.1848 	1
0.1855 	1
0.1862 	1
0.1869 	1
0.1876 	1
0.1883 	1
0.189 	1
0.1897 	1
0.1904 	1
0.1911 	1
0.1918 	1
0.1925 	1
0.1932 	1
0.1939 	1
0.1946 	1
0.1953 	1
0.196 	1
0.1967 	1
0.1974 	1
0.1981 	1
0.1988 	1
0.1995 	1
0.2002 	1
0.2009 	1
0.2016 	1
0.2023 	1
0.203 	1
0.2037 	1
0.2044 	1
0.2051 	1
0.2058 	1
0.2065 	1
0.2072 	1
0.2079 	1
0.2086 	1
0.2093 	1
0.21 	1
0.2107 	1
0.2114 	1
0.2121 	1
0.2128 	1
0.2135 	1
0.2142 	1
0.2149 	1
0.2156 	0.999999
0.2163 	0.999997
0.217 	0.999996
0.2177 	0.999995
0.2184 	0.999993
0.2191 	0.999992
0.2198 	0.99999
0.2205 	0.999971
0.2212 	0.999945
0.2219 	0.999919
0.2226 	0.999893
0.2233 	0.999867
0.224 	0.99984
0.2247 	0.999814
0.2254 	0.999574
0.2261 	0.999173
0.2268 	0.998773
0.2275 	0.998372
0.2282 	0.997972
0.2289 	0.997571
0.2296 	0.99717
0.2303 	0.993085
0.231 	0.984083
0.2317 	0.975082
0.2324 	0.966081
0.2331 	0.95708
0.2338 	0.948079
0.2345 	0.939077
0.2352 	0.918526
0.2359 	0.869095
0.2366 	0.819665
0.2373 	0.770234
0.238 	0.720804
0.2387 	0.671373
0.2394 	0.621943
0.2401 	0.57108
0.2408 	0.511663
0.2415 	0.452246
0.2422 	0.392829
0.2429 	0.333412
0.2436 	0.273994
0.2443 	0.214577
0.245 	0.155163
0.2457 	0.135019
0.2464 	0.114876
0.2471 	0.0947321
0.2478 	0.0745886
0.2485 	0.054445
0.2492 	0.0343015
0.2499 	0.0141579
0.2506 	0.00994885
0.2513 	0.00839344
0.252 	0.00683797
0.2527 	0.0052825
0.2534 	0.00372703
0.2541 	0.00217156
0.2548 	0.000616094
0.2555 	0.000154695
0.2562 	0.000130705
0.2569 	0.000106713
0.2576 	8.27215e-05
0.2583 	5.87298e-05
0.259 	3.47381e-05
0.2597 	1.07464e-05
0.2604 	4.29703e-07
0.2611 	3.64969e-07
0.2618 	3.00234e-07
0.2625 	2.35498e-07
0.2632 	1.70762e-07
0.2639 	1.06027e-07
0.2646 	4.12909e-08
0.2653 	4.06886e-09
0.266 	3.51617e-09
0.2667 	2.96374e-09
0.2674 	2.41146e-09
0.2681 	1.85918e-09
0.2688 	1.3069e-09
0.2695 	7.54625e-10
0.2702 	3.4732e-10
0.2709 	3.0229e-10
0.2716 	2.57282e-10
0.2723 	2.12298e-10
0.273 	1.67313e-10
0.2737 	1.22328e-10
0.2744 	7.73438e-11
0.2751 	3.80676e-11
0.2758 	3.3016e-11
0.2765 	2.79662e-11
0.2772 	2.29197e-11
0.2779 	1.78732e-11
0.2786 	1.28267e-11
0.2793 	7.78026e-12
0.28 	2.73429e-12
0.2807 	2.3637e-12
0.2814 	1.99322e-12
0.2821 	1.62304e-12
0.2828 	1.25287e-12
0.2835 	8.827e-13
0.2842 	5.12527e-13
0.2849 	1.42355e-13
0.2856 	7.8887e-14
0.2863 	6.64921e-14
0.287 	5.41107e-14
0.2877 	4.17293e-14
0.2884 	2.93479e-14
0.2891 	1.69666e-14
0.2898 	4.58518e-15
0.2905 	9.4434e-16
0.2912 	7.97787e-16
0.2919 	6.51411e-16
0.2926 	5.05049e-16
0.2933 	3.58687e-16
0.294 	2.12325e-16
0.2947 	6.59623e-17
0.2954 	2.99196e-18
0.2961 	2.53644e-18
0.2968 	2.08141e-18
0.2975 	1.6265e-18
0.2982 	1.17159e-18
0.2989 	7.16687e-19
0.2996 	2.61781e-19
0.3003 	1.77384e-21
0.301 	1.50941e-21
0.3017 	1.24519e-21
0.3024 	9.81085e-22
0.3031 	7.16983e-22
0.3038 	4.52881e-22
0.3045 	1.88779e-22
0.3052 	1.59547e-25
0.3059 	1.36261e-25
0.3066 	1.12988e-25
0.3073 	8.97276e-26
0.308 	6.64673e-26
0.3087 	4.3207e-26
0.3094 	1.99466e-26
0.3101 	1.16942e-29
0.3108 	1.00224e-29
0.3115 	8.35121e-30
0.3122 	6.6811e-30
0.3129 	5.01098e-30
0.3136 	3.34086e-30
0.3143 	1.67074e-30
0.315 	8.24115e-34
0.3157 	7.08662e-34
0.3164 	5.93235e-34
0.3171 	4.77891e-34
0.3178 	3.62548e-34
0.3185 	2.47205e-34
0.3192 	1.31861e-34
0.3199 	1.65179e-35
0.3206 	4.77477e-38
0.3213 	4.01468e-38
0.322 	3.25519e-38
0.3227 	2.49571e-38
0.3234 	1.73622e-38
0.3241 	9.76734e-39
0.3248 	2.17248e-39
0.3255 	3.10742e-42
0.3262 	2.62375e-42
0.3269 	2.14043e-42
0.3276 	1.65714e-42
0.3283 	1.17386e-42
0.329 	6.90568e-43
0.3297 	2.07281e-43
0.3304 	2.00321e-46
0.3311 	1.69821e-46
0.3318 	1.39338e-46
0.3325 	1.0886e-46
0.3332 	7.83822e-47
0.3339 	4.79042e-47
0.3346 	1.74262e-47
0.3353 	1.32028e-50
0.336 	1.12356e-50
0.3367 	9.26912e-51
0.3374 	7.30309e-51
0.3381 	5.33706e-51
0.3388 	3.37104e-51
0.3395 	1.40501e-51
0.3402 	9.16805e-55
0.3409 	7.83066e-55
0.3416 	6.49356e-55
0.3423 	5.15676e-55
0.343 	3.81996e-55
0.3437 	2.48315e-55
0.3444 	1.14635e-55
0.3451 	6.80783e-59
0.3458 	5.83519e-59
0.3465 	4.86263e-59
0.3472 	3.89018e-59
0.3479 	2.91774e-59
0.3486 	1.9453e-59
0.3493 	9.72853e-60
0.35 	5.35787e-63
0.3507 	4.60784e-63
0.3514 	3.85783e-63
0.3521 	3.10776e-63
0.3528 	2.35769e-63
0.3535 	1.60762e-63
0.3542 	8.5755e-64
0.3549 	1.07482e-64
0.3556 	3.75849e-67
0.3563 	3.16077e-67
0.357 	2.56283e-67
0.3577 	1.9649e-67
0.3584 	1.36697e-67
0.3591 	7.69035e-68
0.3598 	1.71101e-68
0.3605 	3.08092e-71
0.3612 	2.60196e-71
0.3619 	2.12271e-71
0.3626 	1.64343e-71
0.3633 	1.16416e-71
0.364 	6.84885e-72
0.3647 	2.0561e-72
0.3654 	2.48732e-75
0.3661 	2.10912e-75
0.3668 	1.73065e-75
0.3675 	1.35211e-75
0.3682 	9.73561e-76
0.3689 	5.95015e-76
0.3696 	2.16469e-76
0.3703 	1.95492e-79
0.371 	1.66406e-79
0.3717 	1.37297e-79
0.3724 	1.08176e-79
0.3731 	7.90549e-80
0.3738 	4.99337e-80
0.3745 	2.08124e-80
0.3752 	1.48809e-83
0.3759 	1.27134e-83
0.3766 	1.05443e-83
0.3773 	8.37359e-84
0.378 	6.20287e-84
0.3787 	4.03215e-84
0.3794 	1.86144e-84
0.3801 	1.09565e-87
0.3808 	9.39347e-88
0.3815 	7.82946e-88
0.3822 	6.26368e-88
0.3829 	4.6979e-88
0.3836 	3.13212e-88
0.3843 	1.56634e-88
0.385 	7.80839e-92
0.3857 	6.71692e-92
0.3864 	5.625e-92
0.3871 	4.53132e-92
0.3878 	3.43765e-92
0.3885 	2.34397e-92
0.3892 	1.25029e-92
0.3899 	1.56616e-93
0.3906 	4.65535e-96
0.3913 	3.91612e-96
0.392 	3.17528e-96
0.3927 	2.43444e-96
0.3934 	1.6936e-96
0.3941 	9.52754e-97
0.3948 	2.11913e-97
0.3955 	3.12711e-100
0.3962 	2.64028e-100
0.3969 	2.15287e-100
0.3976 	1.66541e-100
0.3983 	1.17796e-100
0.399 	6.90498e-101
0.3997 	2.03041e-101
0.4004 	-8.12442e-103
0.4011 	-1.21916e-102
0.4018 	-1.30876e-102
0.4025 	-1.31188e-102
0.4032 	-1.31501e-102
0.4039 	-1.31813e-102
0.4046 	-1.32125e-102
0.4053 	-1.30862e-102
0.406 	-1.27498e-102
0.4067 	-1.26297e-102
0.4074 	-1.26298e-102
0.4081 	-1.26299e-102
0.4088 	-1.26301e-102
0.4095 	-1.26302e-102
0.4102 	-1.19834e-102
0.4109 	-9.718e-103
0.4116 	-8.58532e-103
0.4123 	-8.58531e-103
0.413 	-8.58531e-103
0.4137 	-8.58531e-103
0.4144 	-8.5853e-103
0.4151 	-8.27797e-103
0.4158 	-6.12452e-103
0.4165 	-4.74014e-103
0.4172 	-4.74007e-103
0.4179 	-4.74e-103
0.4186 	-4.73993e-103
0.4193 	-4.73986e-103
0.42 	-4.73981e-103
0.4207 	-3.34375e-103
0.4214 	-2.24668e-103
0.4221 	-2.24661e-103
0.4228 	-2.24654e-103
0.4235 	-2.24648e-103
0.4242 	-2.24641e-103
0.4249 	-2.24634e-103
0.4256 	-1.62056e-103
0.4263 	-9.42523e-104
0.427 	-9.4248e-104
0.4277 	-9.42437e-104
0.4284 	-9.42393e-104
0.4291 	-9.4235e-104
0.4298 	-9.42307e-104
0.4305 	-7.08179e-104
0.4312 	-3.8035e-104
0.4319 	-3.56914e-104
0.4326 	-3.56891e-104
0.4333 	-3.56869e-104
0.434 	-3.56847e-104
0.4347 	-3.56825e-104
0.4354 	-2.82234e-104
0.4361 	-1.51683e-104
0.4368 	-1.237e-104
0.4375 	-1.2369e-104
0.4382 	-1.23681e-104
0.4389 	-1.23671e-104
0.4396 	-1.23661e-104
0.4403 	-1.03497e-104
0.441 	-5.64426e-105
0.4417 	-3.96352e-105
0.4424 	-3.96314e-105
0.4431 	-3.96276e-105
0.4438 	-3.96238e-105
0.4445 	-3.96201e-105
0.4452 	-3.51737e-105
0.4459 	-1.96126e-105
0.4466 	-1.18314e-105
0.4473 	-1.18301e-105
0.448 	-1.18288e-105
0.4487 	-1.18274e-105
0.4494 	-1.18261e-105
0.4501 	-1.11445e-105
0.4508 	-6.37588e-106
0.4515 	-3.3102e-106
0.4522 	-3.30977e-106
0.4529 	-3.30935e-106
0.4536 	-3.30892e-106
0.4543 	-3.30849e-106
0.455 	-3.30807e-106
0.4557 	-1.9441e-106
0.4564 	-8.72218e-107
0.4571 	-8.72091e-107
0.4578 	-8.71964e-107
0.4585 	-8.71837e-107
0.4592 	-8.7171e-107
0.4599 	-8.71583e-107
0.4606 	-5.57547e-107
0.4613 	-2.17298e-107
0.462 	-2.17262e-107
0.4627 	-2.17227e-107
0.4634 	-2.17192e-107
0.4641 	-2.17157e-107
0.4648 	-2.17121e-107
0.4655 	-1.50816e-107
0.4662 	-5.79823e-108
0.4669 	-5.13428e-108
0.4676 	-5.13336e-108
0.4683 	-5.13244e-108
0.469 	-5.13152e-108
0.4697 	-5.1306e-108
0.4704 	-3.85813e-108
0.4711 	-1.63141e-108
0.4718 	-1.15407e-108
0.4725 	-1.15385e-108
0.4732 	-1.15362e-108
0.4739 	-1.15339e-108
0.4746 	-1.15317e-108
0.4753 	-9.35734e-109
0.476 	-4.28506e-109
0.4767 	-2.47319e-109
0.4774 	-2.47266e-109
0.4781 	-2.47214e-109
0.4788 	-2.47161e-109
0.4795 	-2.47109e-109
0.4802 	-2.15656e-109
0.4809 	-1.05644e-109
0.4816 	-5.0632e-110
0.4823 	-5.06203e-110
0.483 	-5.06087e-110
0.4837 	-5.05971e-110
0.4844 	-5.05855e-110
0.4851 	-4.73264e-110
0.4858 	-2.45576e-110
0.4865 	-9.91963e-111
0.4872 	-9.91719e-111
0.4879 	-9.91474e-111
0.4886 	-9.9123e-111
0.4893 	-9.90985e-111
0.49 	-9.90743e-111
0.4907 	-5.40274e-111
0.4914 	-1.86269e-111
0.4921 	-1.8622e-111
0.4928 	-1.86171e-111
0.4935 	-1.86122e-111
0.4942 	-1.86073e-111
0.4949 	-1.86024e-111
0.4956 	-1.1285e-111
0.4963 	-3.35704e-112
0.497 	-3.3561e-112
0.4977 	-3.35515e-112
0.4984 	-3.35421e-112
0.4991 	-3.35327e-112
0.4998 	-3.35232e-112
0.5005 	-2.24394e-112
0.5012 	-6.92229e-113
0.5019 	-5.81231e-113
0.5026 	-5.81057e-113
0.5033 	-5.80884e-113
0.504 	-5.8071e-113
0.5047 	-5.80537e-113
0.5054 	-4.2574e-113
0.5061 	-1.54901e-113
0.5068 	-9.68395e-114
0.5075 	-9.68089e-114
0.5082 	-9.67782e-114
0.5089 	-9.67475e-114
0.5096 	-9.67169e-114
0.5103 	-7.72269e-114
0.511 	-3.17741e-114
0.5117 	-1.55377e-114
0.5124 	-1.55325e-114
0.5131 	-1.55273e-114
0.5138 	-1.55221e-114
0.5145 	-1.55168e-114
0.5152 	-1.34166e-114
0.5159 	-6.07446e-115
0.5166 	-2.40298e-115
0.5173 	-2.40213e-115
0.518 	-2.40128e-115
0.5187 	-2.40043e-115
0.5194 	-2.39958e-115
0.5201 	-2.2358e-115
0.5208 	-1.09314e-115
0.5215 	-3.58521e-116
0.5222 	-3.58387e-116
0.5229 	-3.58253e-116
0.5236 	-3.5812e-116
0.5243 	-3.57986e-116
0.525 	-3.57853e-116
0.5257 	-1.8639e-116
0.5264 	-5.16437e-117
0.5271 	-5.16235e-117
0.5278 	-5.16032e-117
0.5285 	-5.1583e-117
0.5292 	-5.15627e-117
0.5299 	-5.15425e-117
0.5306 	-3.02527e-117
0.5313 	-7.18744e-118
0.532 	-7.18447e-118
0.5327 	-7.18151e-118
0.5334 	-7.17855e-118
0.5341 	-7.17559e-118
0.5348 	-7.17262e-118
0.5355 	-4.69024e-118
0.5362 	-1.21529e-118
0.5369 	-9.66686e-119
0.5376 	-9.66268e-119
0.5383 	-9.65849e-119
0.539 	-9.65431e-119
0.5397 	-9.65013e-119
0.5404 	-6.96419e-119
0.5411 	-2.2656e-119
0.5418 	-1.25831e-119
0.5425 	-1.25774e-119
0.5432 	-1.25717e-119
0.5439 	-1.2566e-119
0.5446 	-1.25603e-119
0.5453 	-9.9247e-120
0.546 	-3.78034e-120
0.5467 	-1.58544e-120
0.5474 	-1.58469e-120
0.5481 	-1.58393e-120
0.5488 	-1.58318e-120
0.5495 	-1.58242e-120
0.5502 	-1.35985e-120
0.5509 	-5.82294e-121
0.5516 	-1.93465e-121
0.5523 	-1.93369e-121
0.553 	-1.93273e-121
0.5537 	-1.93176e-121
0.5544 	-1.9308e-121
0.5551 	-1.79403e-121
0.5558 	-8.41275e-122
0.5565 	-2.2875e-122
0.5572 	-2.28631e-122
0.5579 	-2.28512e-122
0.5586 	-2.28393e-122
0.5593 	-2.28274e-122
0.56 	-2.28155e-122
0.5607 	-1.15081e-122
0.5614 	-2.62193e-123
0.5621 	-2.62051e-123
0.5628 	-2.61908e-123
0.5635 	-2.61765e-123
0.5642 	-2.61623e-123
0.5649 	-2.6148e-123
0.5656 	-1.49961e-123
0.5663 	-2.91452e-124
0.567 	-2.91287e-124
0.5677 	-2.91121e-124
0.5684 	-2.90955e-124
0.5691 	-2.9079e-124
0.5698 	-2.90624e-124
0.5705 	-1.86933e-124
0.5712 	-4.17971e-125
0.5719 	-3.1413e-125
0.5726 	-3.13943e-125
0.5733 	-3.13757e-125
0.574 	-3.1357e-125
0.5747 	-3.13384e-125
0.5754 	-2.23591e-125
0.5761 	-6.65463e-126
0.5768 	-3.2878e-126
0.5775 	-3.28576e-126
0.5782 	-3.28372e-126
0.5789 	-3.28169e-126
0.5796 	-3.27965e-126
0.5803 	-2.57207e-126
0.581 	-9.23127e-127
0.5817 	-3.3408e-127
0.5824 	-3.33864e-127
0.5831 	-3.33648e-127
0.5838 	-3.33432e-127
0.5845 	-3.33216e-127
0.5852 	-2.85072e-127
0.5859 	-1.17009e-127
0.5866 	-3.29664e-128
0.5873 	-3.29442e-128
0.588 	-3.29219e-128
0.5887 	-3.28997e-128
0.5894 	-3.28775e-128
0.5901 	-3.04852e-128
0.5908 	-1.38529e-128
0.5915 	-3.15998e-129
0.5922 	-3.15776e-129
0.5929 	-3.15554e-129
0.5936 	-3.15332e-129
0.5943 	-3.1511e-129
0.595 	-3.14888e-129
0.5957 	-1.55046e-129
0.5964 	-2.943e-130
0.5971 	-2.94085e-130
0.5978 	-2.93869e-130
0.5985 	-2.93654e-130
0.5992 	-2.93438e-130
0.5999 	-2.93223e-130
0.6006 	-1.65259e-130
0.6013 	-2.66366e-131
0.602 	-2.66163e-131
0.6027 	-2.6596e-131
0.6034 	-2.65757e-131
0.6041 	-2.65553e-131
0.6048 	-2.6535e-131
0.6055 	-1.68562e-131
0.6062 	-3.31068e-132
0.6069 	-2.34141e-132
0.6076 	-2.33955e-132
0.6083 	-2.33769e-132
0.609 	-2.33583e-132
0.6097 	-2.33397e-132
0.6104 	-1.65081e-132
0.6111 	-4.56321e-133
0.6118 	-2.00228e-133
0.6125 	-2.00063e-133
0.6132 	-1.99897e-133
0.6139 	-1.99731e-133
0.6146 	-1.99565e-133
0.6153 	-1.55609e-133
0.616 	-5.32226e-134
0.6167 	-1.6647e-134
0.6174 	-1.66326e-134
0.6181 	-1.66183e-134
0.6188 	-1.66039e-134
0.6195 	-1.65896e-134
0.6202 	-1.41433e-134
0.6209 	-5.61194e-135
0.6216 	-1.34567e-135
0.6223 	-1.34446e-135
0.623 	-1.34325e-135
0.6237 	-1.34204e-135
0.6244 	-1.34084e-135
0.6251 	-1.24119e-135
0.6258 	-5.50084e-136
0.6265 	-1.05766e-136
0.6272 	-1.05667e-136
0.6279 	-1.05569e-136
0.6286 	-1.0547e-136
0.6293 	-1.05371e-136
0.63 	-1.05272e-136
0.6307 	-5.08512e-137
0.6314 	-8.08285e-138
0.6321 	-8.07499e-138
0.6328 	-8.06713e-138
0.6335 	-8.05927e-138
0.6342 	-8.05141e-138
0.6349 	-8.04355e-138
0.6356 	-4.47074e-138
0.6363 	-6.00589e-139
0.637 	-5.99981e-139
0.6377 	-5.99373e-139
0.6384 	-5.98765e-139
0.6391 	-5.98157e-139
0.6398 	-5.97549e-139
0.6405 	-3.75811e-139
0.6412 	-6.55458e-140
0.6419 	-4.33416e-140
0.6426 	-4.32958e-140
0.6433 	-4.32501e-140
0.644 	-4.32044e-140
0.6447 	-4.31587e-140
0.6454 	-3.03121e-140
0.6461 	-7.85802e-141
0.6468 	-3.04381e-141
0.6475 	-3.04046e-141
0.6482 	-3.03712e-141
0.6489 	-3.03378e-141
0.6496 	-3.03044e-141
0.6503 	-2.3518e-141
0.651 	-7.72125e-142
0.6517 	-2.07804e-142
0.6524 	-2.07566e-142
0.6531 	-2.07329e-142
0.6538 	-2.07091e-142
0.6545 	-2.06853e-142
0.6552 	-1.75838e-142
0.6559 	-6.78124e-143
0.6566 	-1.37915e-143
0.6573 	-1.37751e-143
0.658 	-1.37586e-143
0.6587 	-1.37422e-143
0.6594 	-1.37258e-143
0.6601 	-1.26872e-143
0.6608 	-5.50645e-144
0.6615 	-8.89869e-145
0.6622 	-8.88767e-145
0.6629 	-8.87665e-145
0.6636 	-8.86563e-145
0.6643 	-8.8546e-145
0.665 	-8.84359e-145
0.6657 	-4.20429e-145
0.6664 	-5.58345e-146
0.6671 	-5.57626e-146
0.6678 	-5.56906e-146
0.6685 	-5.56187e-146
0.6692 	-5.55467e-146
0.6699 	-5.54748e-146
0.6706 	-3.04803e-146
0.6713 	-3.40837e-147
0.672 	-3.4038e-147
0.6727 	-3.39924e-147
0.6734 	-3.39467e-147
0.6741 	-3.39011e-147
0.6748 	-3.38554e-147
0.6755 	-2.11175e-147
0.6762 	-3.29846e-148
0.6769 	-2.02305e-148
0.6776 	-2.02024e-148
0.6783 	-2.01742e-148
0.679 	-2.0146e-148
0.6797 	-2.01178e-148
0.6804 	-1.40487e-148
0.6811 	-3.44566e-149
0.6818 	-1.17226e-149
0.6825 	-1.17057e-149
0.6832 	-1.16887e-149
0.6839 	-1.16718e-149
0.6846 	-1.16548e-149
0.6853 	-9.01049e-150
0.686 	-2.86052e-150
0.6867 	-6.63456e-151
0.6874 	-6.62463e-151
0.6881 	-6.61471e-151
0.6888 	-6.60478e-151
0.6895 	-6.59485e-151
0.6902 	-5.59309e-151
0.6909 	-2.10966e-151
0.6916 	-3.67653e-152
0.6923 	-3.67085e-152
0.693 	-3.66517e-152
0.6937 	-3.65949e-152
0.6944 	-3.65381e-152
0.6951 	-3.38759e-152
0.6958 	-1.55589e-152
0.6965 	-3.78264e-153
0.6972 	-3.77963e-153
0.6979 	-3.77661e-153
0.6986 	-3.7736e-153
0.6993 	-3.77058e-153
0.7 	-3.76757e-153
