0 	1
0.0007 	1
0.0014 	1
0.0021 	1
0.0028 	1
0.0035 	1
0.0042 	1
0.0049 	1
0.0056 	1
0.0063 	1
0.007 	1
0.0077 	1
0.0084 	1
0.0091 	1
0.0098 	1
0.0105 	1
0.0112 	1
0.0119 	1
0.0126 	1
0.0133 	1
0.014 	1
0.0147 	1
0.0154 	1
0.0161 	1
0.0168 	1
0.0175 	1
0.0182 	1
0.0189 	1
0.0196 	1
0.0203 	1
0.021 	1
0.0217 	1
0.0224 	1
0.0231 	1
0.0238 	1
0.0245 	1
0.0252 	1
0.0259 	1
0.0266 	1
0.0273 	1
0.0287 	1
0.0294 	1
0.0301 	1
0.0315 	1
0.0322 	1
0.0329 	1
0.0336 	1
0.0343 	1
0.035 	1
0.0357 	1
0.0364 	1
0.0371 	1
0.0378 	1
0.0385 	1
0.0392 	1
0.0399 	1
0.0406 	1
0.0413 	1
0.042 	1
0.0427 	1
0.0434 	1
0.0441 	1
0.0448 	1
0.0455 	1
0.0462 	1
0.0469 	1
0.0476 	1
0.0483 	1
0.049 	1
0.0497 	1
0.0504 	1
0.0511 	1
0.0518 	1
0.0525 	1
0.0532 	1
0.0539 	1
0.0546 	1
0.0553 	1
0.056 	1
0.0567 	1
0.0574 	1
0.0581 	1
0.0588 	1
0.0595 	1
0.0602 	1
0.0609 	1
0.0616 	1
0.0623 	1
0.0637 	1
0.0644 	1
0.0651 	1
0.0658 	1
0.0665 	1
0.0672 	1
0.0679 	1
0.0686 	1
0.0693 	1
0.07 	1
0.0707 	1
0.0714 	1
0.0721 	1
0.0728 	1
0.0735 	1
0.0742 	1
0.0749 	1
0.0756 	1
0.0763 	1
0.077 	1
0.0777 	1
0.0784 	1
0.0791 	1
0.0798 	1
0.0805 	1
0.0812 	1
0.0819 	1
0.0826 	1
0.0833 	1
0.084 	1
0.0847 	1
0.0854 	1
0.0868 	1
0.0875 	1
0.0882 	1
0.0889 	1
0.0896 	1
0.0903 	1
0.091 	1
0.0917 	1
0.0924 	1
0.0931 	1
0.0938 	1
0.0945 	1
0.0952 	1
0.0959 	1
0.0966 	1
0.0973 	1
0.098 	1
0.0987 	1
0.0994 	1
0.1001 	1
0.1008 	1
0.1015 	1
0.1022 	1
0.1029 	1
0.1036 	1
0.1043 	1
0.105 	1
0.1057 	1
0.1064 	1
0.1071 	1
0.1078 	1
0.1085 	1
0.1092 	1
0.1099 	1
0.1106 	1
0.1113 	1
0.112 	1
0.1127 	1
0.1134 	1
0.1141 	1
0.1148 	1
0.1155 	1
0.1162 	1
0.1169 	1
0.1176 	1
0.1183 	1
0.119 	1
0.1197 	1
0.1204 	1
0.1211 	1
0.1218 	1
0.1225 	1
0.1232 	1
0.1239 	1
0.1246 	1
0.1253 	1
0.126 	1
0.1267 	1
0.1274 	1
0.1281 	1
0.1288 	1
0.1295 	1
0.1302 	1
0.1309 	1
0.1316 	1
0.1323 	1
0.133 	1
0.1337 	1
0.1344 	1
0.1351 	1
0.1358 	1
0.1372 	1
0.1379 	1
0.1386 	1
0.1393 	1
0.14 	1
0.1407 	1
0.1414 	1
0.1421 	1
0.1428 	1
0.1435 	1
0.1442 	1
0.1449 	1
0.1456 	1
0.1463 	1
0.147 	1
0.1477 	1
0.1484 	1
0.1491 	1
0.1498 	1
0.1505 	1
0.1512 	1
0.1519 	1
0.1526 	1
0.1533 	1
0.154 	1
0.1547 	1
0.1554 	1
0.1568 	1
0.1575 	1
0.1582 	1
0.1589 	1
0.1596 	1
0.1603 	1
0.161 	1
0.1617 	1
0.1624 	1
0.1631 	1
0.1638 	1
0.1645 	1
0.1652 	1
0.1659 	1
0.1666 	1
0.1673 	1
0.168 	1
0.1687 	1
0.1694 	1
0.1701 	1
0.1708 	1
0.1715 	1
0.1722 	1
0.1729 	1
0.1736 	1
0.1743 	1
0.175 	1
0.1757 	1
0.1764 	1
0.1778 	1
0.1785 	1
0.1792 	1
0.1799 	1
0.1806 	1
0.182 	1
0.1827 	1
0.1834 	1
0.1841 	1
0.1848 	1
0.1855 	1
0.1869 	1
0.1876 	1
0.1883 	1
0.189 	1
0.1897 	1
0.1904 	1
0.1918 	1
0.1925 	1
0.1932 	1
0.1939 	1
0.1946 	1
0.1953 	1
0.196 	1
0.1967 	1
0.1974 	1
0.1981 	1
0.1988 	1
0.1995 	1
0.2002 	1
0.2009 	1
0.2016 	1
0.2023 	1
0.203 	1
0.2037 	1
0.2044 	1
0.2051 	1
0.2058 	1
0.2065 	1
0.2072 	1
0.2079 	1
0.2086 	1
0.2093 	1
0.21 	1
0.2107 	1
0.2114 	1
0.2121 	1
0.2128 	1
0.2135 	1
0.2142 	1
0.2149 	1
0.2156 	1
0.2163 	1
0.217 	1
0.2177 	1
0.2184 	1
0.2191 	1
0.2198 	1
0.2205 	0.999997
0.2212 	0.999993
0.2226 	0.999985
0.2233 	0.999981
0.224 	0.999977
0.2247 	0.999972
0.2254 	0.999643
0.2261 	0.99907
0.2275 	0.997924
0.2282 	0.997351
0.2289 	0.996778
0.2296 	0.996205
0.2303 	0.990644
0.231 	0.978433
0.2317 	0.966221
0.2324 	0.954009
0.2331 	0.941798
0.2338 	0.929586
0.2345 	0.917374
0.2352 	0.893377
0.2366 	0.786459
0.238 	0.679541
0.2394 	0.572622
0.2401 	0.518618
0.2408 	0.461345
0.2415 	0.404072
0.2429 	0.289526
0.2436 	0.232254
0.2443 	0.174981
0.245 	0.117709
0.2457 	0.101754
0.2464 	0.0857988
0.2471 	0.0698445
0.2478 	0.0538902
0.2485 	0.0379359
0.2492 	0.0219817
0.2499 	0.00602737
0.2506 	0.00331069
0.2513 	0.00280028
0.252 	0.00228989
0.2527 	0.00177949
0.2534 	0.0012691
0.2541 	0.000758705
0.2548 	0.00024831
0.2555 	9.30609e-05
0.2562 	7.98699e-05
0.2569 	6.66784e-05
0.2576 	5.34868e-05
0.2583 	4.02952e-05
0.259 	2.71036e-05
0.2597 	1.39121e-05
0.2604 	7.67806e-06
0.2611 	6.66224e-06
0.2618 	5.64635e-06
0.2625 	4.63044e-06
0.2632 	3.61453e-06
0.2639 	2.59863e-06
0.2646 	1.58272e-06
0.2653 	9.48393e-07
0.266 	8.22841e-07
0.2667 	6.97285e-07
0.2674 	5.71727e-07
0.2681 	4.4617e-07
0.2688 	3.20612e-07
0.2695 	1.95054e-07
0.2702 	1.01505e-07
0.2709 	8.79762e-08
0.2716 	7.44481e-08
0.2723 	6.09204e-08
0.273 	4.73928e-08
0.2737 	3.38651e-08
0.2744 	2.03375e-08
0.2751 	8.57935e-09
0.2758 	7.43815e-09
0.2765 	6.29704e-09
0.2772 	5.15609e-09
0.2779 	4.01515e-09
0.2786 	2.8742e-09
0.2793 	1.73326e-09
0.28 	5.9231e-10
0.2807 	5.14054e-10
0.2814 	4.35804e-10
0.2821 	3.57577e-10
0.2828 	2.7935e-10
0.2835 	2.01123e-10
0.2842 	1.22896e-10
0.2849 	4.46685e-11
0.2856 	2.96403e-11
0.2863 	2.51453e-11
0.287 	2.06523e-11
0.2877 	1.61593e-11
0.2884 	1.16664e-11
0.2891 	7.17338e-12
0.2898 	2.6804e-12
0.2905 	1.25924e-12
0.2912 	1.0668e-12
0.2919 	8.7447e-13
0.2926 	6.82143e-13
0.2933 	4.89817e-13
0.294 	2.9749e-13
0.2947 	1.05163e-13
0.2954 	2.09242e-14
0.2961 	1.77513e-14
0.2968 	1.45802e-14
0.2975 	1.14097e-14
0.2982 	8.23906e-15
0.2989 	5.06846e-15
0.2996 	1.89787e-15
0.3003 	8.09348e-17
0.3017 	5.68244e-17
0.3024 	4.47763e-17
0.3031 	3.27283e-17
0.3038 	2.06802e-17
0.3045 	8.63217e-18
0.3052 	2.53594e-20
0.3059 	2.16588e-20
0.3066 	1.79601e-20
0.3073 	1.42633e-20
0.308 	1.05664e-20
0.3087 	6.86956e-21
0.3094 	3.1727e-21
0.3101 	3.88763e-24
0.3108 	3.33191e-24
0.3115 	2.77638e-24
0.3122 	2.22119e-24
0.3129 	1.66601e-24
0.3136 	1.11082e-24
0.3143 	5.55639e-25
0.315 	4.54429e-28
0.3157 	3.9077e-28
0.3164 	3.27123e-28
0.3171 	2.63523e-28
0.3178 	1.99923e-28
0.3185 	1.36324e-28
0.3192 	7.27237e-29
0.3199 	9.12378e-30
0.3206 	3.35043e-32
0.3213 	2.81708e-32
0.322 	2.28417e-32
0.3227 	1.75125e-32
0.3234 	1.21833e-32
0.3241 	6.85412e-33
0.3248 	1.52493e-33
0.3255 	2.07901e-36
0.3262 	1.75542e-36
0.3269 	1.43206e-36
0.3276 	1.10871e-36
0.3283 	7.85367e-37
0.329 	4.62023e-37
0.3297 	1.38678e-37
0.3304 	9.33541e-41
0.3311 	7.91419e-41
0.3318 	6.49361e-41
0.3325 	5.0732e-41
0.3332 	3.6528e-41
0.3339 	2.23239e-41
0.3346 	8.11984e-42
0.3353 	3.04072e-45
0.336 	2.58774e-45
0.3367 	2.13486e-45
0.3374 	1.68202e-45
0.3388 	7.76359e-46
0.3395 	3.23526e-46
0.3402 	7.18461e-50
0.3409 	6.1369e-50
0.3416 	5.08917e-50
0.3423 	4.04142e-50
0.343 	2.99368e-50
0.3437 	1.94594e-50
0.3444 	8.98192e-51
0.3451 	1.2343e-54
0.3458 	1.05804e-54
0.3465 	8.81751e-55
0.3472 	7.05405e-55
0.3479 	5.29058e-55
0.3486 	3.52711e-55
0.3493 	1.76365e-55
0.35 	1.80245e-59
0.3507 	1.5503e-59
0.3514 	1.2981e-59
0.3521 	1.04569e-59
0.3528 	7.9329e-60
0.3535 	5.40887e-60
0.3542 	2.88484e-60
0.3549 	3.60802e-61
0.3556 	1.989e-64
0.3563 	1.67295e-64
0.357 	1.35645e-64
0.3577 	1.03995e-64
0.3584 	7.23452e-65
0.3591 	4.06952e-65
0.3598 	9.04527e-66
0.3605 	2.18009e-69
0.3619 	1.50238e-69
0.3626 	1.16313e-69
0.3633 	8.23894e-70
0.364 	4.84653e-70
0.3647 	1.45412e-70
0.3654 	2.11964e-74
0.3661 	1.79779e-74
0.3668 	1.47527e-74
0.3675 	1.15256e-74
0.3682 	8.29846e-75
0.3689 	5.07136e-75
0.3696 	1.84426e-75
0.3703 	1.89578e-79
0.371 	1.61417e-79
0.3717 	1.33197e-79
0.3724 	1.04943e-79
0.3731 	7.66897e-80
0.3738 	4.84362e-80
0.3745 	2.01827e-80
0.3752 	1.61102e-84
0.3766 	1.1421e-84
0.3773 	9.06963e-85
0.378 	6.71828e-85
0.3787 	4.36693e-85
0.3794 	2.01558e-85
0.3801 	1.33162e-89
0.3808 	1.14202e-89
0.3815 	9.5213e-90
0.3822 	7.61707e-90
0.3829 	5.71283e-90
0.3836 	3.80859e-90
0.3843 	1.90435e-90
0.385 	1.08897e-94
0.3857 	9.37065e-95
0.3864 	7.85006e-95
0.3871 	6.32368e-95
0.3878 	4.7973e-95
0.3885 	3.27091e-95
0.3892 	1.74453e-95
0.3899 	2.18142e-96
0.3906 	7.67877e-100
0.3913 	6.4622e-100
0.392 	5.23963e-100
0.3934 	2.7945e-100
0.3948 	3.49374e-101
0.3955 	6.32393e-105
0.3962 	5.34491e-105
0.3969 	4.36066e-105
0.3976 	3.37601e-105
0.3983 	2.39135e-105
0.399 	1.4067e-105
0.3997 	4.22051e-106
0.4004 	5.25642e-110
0.4011 	4.46053e-110
0.4018 	3.66079e-110
0.4025 	2.86e-110
0.4032 	2.05921e-110
0.4039 	1.25843e-110
0.4046 	4.5764e-111
0.4053 	4.42613e-115
0.4067 	3.11182e-115
0.4074 	2.45174e-115
0.4081 	1.79167e-115
0.4088 	1.13159e-115
0.4095 	4.71521e-116
0.4102 	3.77751e-120
0.4116 	2.67978e-120
0.4123 	2.12806e-120
0.413 	1.57635e-120
0.4137 	1.02464e-120
0.4144 	4.72929e-121
0.4151 	3.26884e-125
0.4158 	2.80444e-125
0.4165 	2.33885e-125
0.4172 	1.87108e-125
0.4179 	1.40332e-125
0.4186 	9.35555e-126
0.4193 	4.67792e-126
0.42 	2.86442e-130
0.4207 	2.46566e-130
0.4214 	2.06625e-130
0.4221 	1.66449e-130
0.4228 	1.26272e-130
0.4235 	8.60953e-131
0.4242 	4.59187e-131
0.4249 	5.74201e-132
0.4256 	2.1926e-135
0.427 	1.49668e-135
0.4277 	1.14746e-135
0.4284 	7.98239e-136
0.4291 	4.49019e-136
0.4298 	9.9799e-137
0.4305 	1.96772e-140
0.4312 	1.66368e-140
0.4319 	1.35736e-140
0.4326 	1.05086e-140
0.4333 	7.44368e-141
0.434 	4.37871e-141
0.4347 	1.31375e-141
0.4354 	1.77916e-145
0.4368 	1.2396e-145
0.4375 	9.6847e-146
0.4382 	6.97339e-146
0.4389 	4.26207e-146
0.4396 	1.55076e-146
0.4403 	1.35947e-149
0.441 	1.19072e-149
0.4417 	1.02162e-149
0.4424 	8.52317e-150
0.4431 	6.83014e-150
0.4438 	5.13712e-150
0.4445 	3.44409e-150
0.4452 	2.15842e-150
0.4459 	1.89113e-150
0.4466 	1.62355e-150
0.448 	1.08784e-150
0.4487 	8.19988e-151
0.4494 	5.52133e-151
0.4501 	3.16957e-151
0.4515 	2.38719e-151
0.4529 	1.60359e-151
0.4536 	1.2118e-151
0.4543 	8.19999e-152
0.455 	4.28202e-152
0.4557 	3.75417e-152
0.4564 	3.22609e-152
0.4571 	2.69713e-152
0.4578 	2.16817e-152
0.4585 	1.6392e-152
0.4592 	1.11024e-152
0.4599 	5.81278e-153
0.4606 	4.5159e-153
0.4613 	3.88435e-153
0.462 	3.25136e-153
0.4627 	2.61837e-153
0.4634 	1.98537e-153
0.4641 	1.35238e-153
0.4648 	7.19385e-154
0.4655 	4.90015e-154
0.4662 	4.22095e-154
0.4669 	3.53995e-154
0.4676 	2.85882e-154
0.4683 	2.17768e-154
0.469 	1.49655e-154
0.4697 	8.15416e-155
0.4704 	4.85462e-155
0.4711 	4.18891e-155
0.4718 	3.52153e-155
0.4725 	2.85369e-155
0.4732 	2.18585e-155
0.4739 	1.51802e-155
0.4746 	8.50179e-156
0.4753 	4.42847e-156
0.476 	3.82856e-156
0.4767 	3.22727e-156
0.4774 	2.62521e-156
0.4781 	2.02315e-156
0.4788 	1.42109e-156
0.4795 	8.1903e-157
0.4802 	3.74677e-157
0.4809 	3.24589e-157
0.4816 	2.74402e-157
0.4823 	2.24115e-157
0.483 	1.73828e-157
0.4837 	1.23541e-157
0.4844 	7.32543e-158
0.4851 	2.95939e-158
0.4865 	2.17856e-158
0.4879 	1.39491e-158
0.4886 	1.00308e-158
0.4893 	6.11257e-159
0.49 	2.19432e-159
0.4907 	1.90925e-159
0.4914 	1.62388e-159
0.4921 	1.33742e-159
0.4928 	1.05097e-159
0.4935 	7.64517e-160
0.4942 	4.78063e-160
0.4949 	1.9161e-160
0.4956 	1.33849e-160
0.4963 	1.14196e-160
0.497 	9.44461e-161
0.4977 	7.46962e-161
0.4984 	5.49463e-161
0.4991 	3.51964e-161
0.4998 	1.54465e-161
0.5005 	8.88793e-162
0.5012 	7.60591e-162
0.5019 	6.31696e-162
0.5026 	5.02748e-162
0.5033 	3.738e-162
0.504 	2.44852e-162
0.5047 	1.15904e-162
0.5054 	5.60969e-163
0.5061 	4.81458e-163
0.5068 	4.01551e-163
0.5075 	3.21536e-163
0.5082 	2.41521e-163
0.5089 	1.61505e-163
0.5096 	8.14903e-164
0.5103 	3.37527e-164
0.511 	2.9052e-164
0.5117 	2.43304e-164
0.5124 	1.95972e-164
0.5131 	1.4864e-164
0.5138 	1.01308e-164
0.5145 	5.39758e-165
0.5152 	1.94084e-165
0.5166 	1.40865e-165
0.5173 	1.14106e-165
0.518 	8.73472e-166
0.5187 	6.05884e-166
0.5194 	3.38295e-166
0.5201 	1.06881e-166
0.5215 	7.80943e-167
0.5222 	6.36049e-167
0.5229 	4.91155e-167
0.5236 	3.46261e-167
0.5243 	2.01367e-167
0.525 	5.64726e-168
0.5257 	4.90099e-168
0.5264 	4.15331e-168
0.5271 	3.40045e-168
0.5285 	1.89472e-168
0.5292 	1.14185e-168
0.5299 	3.88985e-169
0.5306 	2.49511e-169
0.5313 	2.12243e-169
0.532 	1.74643e-169
0.5327 	1.37044e-169
0.5334 	9.94441e-170
0.5341 	6.18446e-170
0.5348 	2.42451e-170
0.5355 	1.22245e-170
0.5362 	1.04355e-170
0.5369 	8.62933e-171
0.5376 	6.82179e-171
0.5383 	5.01424e-171
0.539 	3.2067e-171
0.5397 	1.39916e-171
0.5404 	5.77172e-172
0.5411 	4.94345e-172
0.5418 	4.10785e-172
0.5425 	3.27026e-172
0.5432 	2.43266e-172
0.5439 	1.59506e-172
0.5446 	7.57468e-173
0.5453 	2.62978e-173
0.546 	2.25965e-173
0.5467 	1.8866e-173
0.5474 	1.51194e-173
0.5481 	1.13728e-173
0.5488 	7.62614e-174
0.5495 	3.87952e-174
0.5502 	1.15769e-174
0.5509 	9.97853e-175
0.5516 	8.36948e-175
0.5523 	6.74982e-175
0.553 	5.13015e-175
0.5537 	3.51049e-175
0.5544 	1.89082e-175
0.5551 	4.92993e-176
0.5558 	4.2621e-176
0.5565 	3.59082e-176
0.5572 	2.91333e-176
0.5586 	1.55833e-176
0.5593 	8.80833e-177
0.56 	2.03335e-177
0.5607 	1.76306e-177
0.5614 	1.49185e-177
0.5621 	1.21729e-177
0.5628 	9.42721e-178
0.5635 	6.68156e-178
0.5642 	3.9359e-178
0.5649 	1.19024e-178
0.5656 	7.07076e-179
0.5663 	6.00859e-179
0.567 	4.92936e-179
0.5684 	2.7709e-179
0.5691 	1.69167e-179
0.5698 	6.12442e-180
0.5705 	2.7522e-180
0.5712 	2.34801e-180
0.5719 	1.93667e-180
0.5726 	1.52479e-180
0.5733 	1.1129e-180
0.574 	7.0102e-181
0.5747 	2.89135e-181
0.5754 	1.04063e-181
0.5761 	8.91006e-182
0.5768 	7.38908e-182
0.5775 	5.86137e-182
0.5789 	2.80593e-182
0.5796 	1.27822e-182
0.5803 	3.82174e-183
0.581 	3.28367e-183
0.5817 	2.73754e-183
0.5824 	2.18694e-183
0.5831 	1.63634e-183
0.5838 	1.08574e-183
0.5845 	5.35146e-184
0.5852 	1.36485e-184
0.5859 	1.17667e-184
0.5866 	9.86049e-185
0.5873 	7.92998e-185
0.588 	5.99947e-185
0.5887 	4.06896e-185
0.5894 	2.13845e-185
0.5901 	4.74572e-186
0.5908 	4.10489e-186
0.5915 	3.45746e-186
0.5922 	2.79814e-186
0.5929 	2.13883e-186
0.5936 	1.47951e-186
0.5943 	8.20198e-187
0.595 	1.60883e-187
0.5957 	1.39607e-187
0.5964 	1.18184e-187
0.5971 	9.62207e-188
0.5978 	7.42577e-188
0.5985 	5.22946e-188
0.5992 	3.03316e-188
0.5999 	8.3685e-189
0.6006 	4.63927e-189
0.602 	3.23194e-189
0.6027 	2.51666e-189
0.6034 	1.80138e-189
0.6041 	1.0861e-189
0.6048 	3.70825e-190
0.6055 	1.50812e-190
0.6069 	1.06167e-190
0.6076 	8.33662e-191
0.6083 	6.05649e-191
0.609 	3.77637e-191
0.6097 	1.49625e-191
0.6104 	4.80141e-192
0.6111 	4.12049e-192
0.6118 	3.41493e-192
0.6125 	2.70264e-192
0.6132 	1.99036e-192
0.6139 	1.27808e-192
0.6146 	5.65794e-193
0.6153 	1.49882e-193
0.616 	1.29132e-193
0.6167 	1.07688e-193
0.6174 	8.58567e-194
0.6181 	6.40257e-194
0.6188 	4.21948e-194
0.6195 	2.03639e-194
0.6202 	4.593e-195
0.6209 	3.97236e-195
0.6216 	3.33341e-195
0.623 	2.01886e-195
0.6237 	1.36159e-195
0.6244 	7.04317e-196
0.6251 	1.38334e-196
0.6258 	1.20093e-196
0.6265 	1.01415e-196
0.6272 	8.19522e-197
0.6286 	4.30264e-197
0.6293 	2.35636e-197
0.63 	4.10071e-198
0.6314 	3.03699e-198
0.6321 	2.46934e-198
0.6328 	1.90169e-198
0.6335 	1.33404e-198
0.6342 	7.66391e-199
0.6349 	1.9874e-199
0.6356 	1.04762e-199
0.6363 	8.96377e-200
0.637 	7.33096e-200
0.6377 	5.69815e-200
0.6384 	4.06533e-200
0.6391 	2.43252e-200
0.6398 	7.99711e-201
0.6405 	3.03019e-201
0.6412 	2.60774e-201
0.6419 	2.14697e-201
0.6426 	1.68324e-201
0.6433 	1.21951e-201
0.644 	7.55784e-202
0.6447 	2.92057e-202
0.6454 	8.66139e-203
0.6461 	7.48847e-203
0.6468 	6.21363e-203
0.6475 	4.91099e-203
0.6482 	3.60834e-203
0.6489 	2.3057e-203
0.6496 	1.00306e-203
0.6503 	2.44892e-204
0.6517 	1.77894e-204
0.6524 	1.41668e-204
0.6531 	1.05441e-204
0.6538 	6.92139e-205
0.6545 	3.29871e-205
0.6552 	6.86048e-206
0.6559 	5.98441e-206
0.6566 	5.04682e-206
0.6573 	4.0477e-206
0.658 	3.04859e-206
0.6587 	2.04948e-206
0.6594 	1.05036e-206
0.6601 	1.90601e-207
0.6608 	1.6697e-207
0.6615 	1.4201e-207
0.6622 	1.1466e-207
0.6636 	5.99604e-208
0.6643 	3.26104e-208
0.665 	5.26044e-209
0.6657 	4.62717e-209
0.6664 	3.9701e-209
0.6671 	3.22573e-209
0.6678 	2.48136e-209
0.6685 	1.73699e-209
0.6692 	9.9262e-210
0.6699 	2.48251e-210
0.6706 	1.27451e-210
0.6713 	1.10343e-210
0.672 	9.01889e-211
0.6727 	7.00343e-211
0.6734 	4.98798e-211
0.6741 	2.97253e-211
0.6748 	9.57072e-212
0.6755 	3.49263e-212
0.6769 	2.50858e-212
0.6776 	1.96518e-212
0.6783 	1.42178e-212
0.679 	8.78374e-213
0.6797 	3.34972e-213
0.6804 	9.53256e-214
0.6818 	6.94863e-214
0.6825 	5.48824e-214
0.6832 	4.02785e-214
0.6839 	2.56746e-214
0.6846 	1.10707e-214
0.6853 	2.59196e-215
0.6867 	1.91721e-215
0.6874 	1.52592e-215
0.6881 	1.13462e-215
0.6888 	7.43333e-216
0.6895 	3.52042e-216
0.6902 	7.02052e-217
0.6916 	5.26799e-217
0.6923 	4.22273e-217
0.693 	3.17747e-217
0.6937 	2.13221e-217
0.6944 	1.08695e-217
0.6951 	1.87962e-218
0.6958 	1.6664e-218
0.6965 	1.43151e-218
0.6972 	1.15763e-218
0.6979 	8.83751e-219
0.6986 	6.09871e-219
0.6993 	3.35991e-219
0.7 	6.21115e-220
