0 	1
0.0007 	1
0.0014 	1
0.0021 	1
0.0028 	1
0.0035 	1
0.0042 	1
0.0049 	1
0.0056 	1
0.0063 	1
0.007 	1
0.0077 	1
0.0084 	1
0.0091 	1
0.0098 	1
0.0105 	1
0.0112 	1
0.0119 	1
0.0126 	1
0.0133 	1
0.014 	1
0.0147 	1
0.0154 	1
0.0161 	1
0.0168 	1
0.0175 	1
0.0182 	1
0.0189 	1
0.0196 	1
0.0203 	1
0.021 	1
0.0217 	1
0.0224 	1
0.0231 	1
0.0238 	1
0.0245 	1
0.0252 	1
0.0259 	1
0.0266 	1
0.0273 	1
0.028 	1
0.0287 	1
0.0294 	1
0.0301 	1
0.0308 	1
0.0315 	1
0.0322 	1
0.0329 	1
0.0336 	1
0.0343 	1
0.035 	1
0.0357 	1
0.0364 	1
0.0371 	1
0.0378 	1
0.0385 	1
0.0392 	1
0.0399 	1
0.0406 	1
0.0413 	1
0.042 	1
0.0427 	1
0.0434 	1
0.0441 	1
0.0448 	1
0.0455 	1
0.0462 	1
0.0469 	1
0.0476 	1
0.0483 	1
0.049 	1
0.0497 	1
0.0504 	1
0.0511 	1
0.0518 	1
0.0525 	1
0.0532 	1
0.0539 	1
0.0546 	1
0.0553 	1
0.056 	1
0.0567 	1
0.0574 	1
0.0581 	1
0.0588 	1
0.0595 	1
0.0602 	1
0.0609 	1
0.0616 	1
0.0623 	1
0.063 	1
0.0637 	1
0.0644 	1
0.0651 	1
0.0658 	1
0.0665 	1
0.0672 	1
0.0679 	1
0.0686 	1
0.0693 	1
0.07 	1
0.0707 	1
0.0714 	1
0.0721 	1
0.0728 	1
0.0735 	1
0.0742 	1
0.0749 	1
0.0756 	1
0.0763 	1
0.077 	1
0.0777 	1
0.0784 	1
0.0791 	1
0.0798 	1
0.0805 	1
0.0812 	1
0.0819 	1
0.0826 	1
0.0833 	1
0.084 	1
0.0847 	1
0.0854 	1
0.0861 	1
0.0868 	1
0.0875 	1
0.0882 	1
0.0889 	1
0.0896 	1
0.0903 	1
0.091 	1
0.0917 	1
0.0924 	1
0.0931 	1
0.0938 	1
0.0945 	1
0.0952 	1
0.0959 	1
0.0966 	1
0.0973 	1
0.098 	1
0.0987 	1
0.0994 	1
0.1001 	1
0.1008 	1
0.1015 	1
0.1022 	1
0.1029 	1
0.1036 	1
0.1043 	1
0.105 	1
0.1057 	1
0.1064 	1
0.1071 	1
0.1078 	1
0.1085 	1
0.1092 	1
0.1099 	1
0.1106 	1
0.1113 	0.999999
0.112 	0.999999
0.1127 	0.999998
0.1134 	0.999998
0.1141 	0.999997
0.1148 	0.999997
0.1155 	0.999996
0.1162 	0.999995
0.1169 	0.999994
0.1176 	0.999993
0.1183 	0.999992
0.119 	0.99999
0.1197 	0.999989
0.1204 	0.999987
0.1211 	0.999986
0.1218 	0.999985
0.1225 	0.999985
0.1232 	0.999984
0.1239 	0.999984
0.1246 	0.999984
0.1253 	0.999983
0.126 	0.999983
0.1267 	0.999984
0.1274 	0.999985
0.1281 	0.999985
0.1288 	0.999986
0.1295 	0.999987
0.1302 	0.999989
0.1309 	0.99999
0.1316 	0.999991
0.1323 	0.999991
0.133 	0.999992
0.1337 	0.999992
0.1344 	0.999993
0.1351 	0.999992
0.1358 	0.999991
0.1365 	0.999987
0.1372 	0.999984
0.1379 	0.999982
0.1386 	0.999979
0.1393 	0.999977
0.14 	0.999968
0.1407 	0.999964
0.1414 	0.999953
0.1421 	0.999945
0.1428 	0.999937
0.1435 	0.999929
0.1442 	0.999921
0.1449 	0.999905
0.1456 	0.999899
0.1463 	0.999895
0.147 	0.99989
0.1477 	0.999885
0.1484 	0.999879
0.1491 	0.999874
0.1498 	0.999866
0.1505 	0.999865
0.1512 	0.999875
0.1519 	0.999881
0.1526 	0.999885
0.1533 	0.99989
0.154 	0.999895
0.1547 	0.999899
0.1554 	0.99991
0.1561 	0.999909
0.1568 	0.999902
0.1575 	0.999893
0.1582 	0.999885
0.1589 	0.999877
0.1596 	0.999868
0.1603 	0.999826
0.161 	0.999759
0.1617 	0.999685
0.1624 	0.999609
0.1631 	0.999533
0.1638 	0.999456
0.1645 	0.99938
0.1652 	0.999223
0.1659 	0.99901
0.1666 	0.99886
0.1673 	0.99871
0.168 	0.998559
0.1687 	0.998409
0.1694 	0.998259
0.1701 	0.998137
0.1708 	0.997803
0.1715 	0.997702
0.1722 	0.997604
0.1729 	0.997506
0.1736 	0.997408
0.1743 	0.997311
0.175 	0.997392
0.1757 	0.997235
0.1764 	0.997316
0.1771 	0.997413
0.1778 	0.997511
0.1785 	0.997609
0.1792 	0.997706
0.1799 	0.9979
0.1806 	0.998167
0.1813 	0.998298
0.182 	0.998428
0.1827 	0.998558
0.1834 	0.998689
0.1841 	0.998819
0.1848 	0.998948
0.1855 	0.99901
0.1862 	0.999031
0.1869 	0.998964
0.1876 	0.998897
0.1883 	0.998848
0.189 	0.998799
0.1897 	0.99875
0.1904 	0.998588
0.1911 	0.998623
0.1918 	0.998621
0.1925 	0.998615
0.1932 	0.998997
0.1939 	0.999274
0.1946 	0.999515
0.1953 	0.999694
0.196 	0.999764
0.1967 	0.999852
0.1974 	0.999943
0.1981 	0.999972
0.1988 	0.999994
0.1995 	0.999996
0.2002 	0.999997
0.2009 	0.999999
0.2016 	1
0.2023 	1
0.203 	1
0.2037 	1
0.2044 	1
0.2051 	1
0.2058 	1
0.2065 	1
0.2086 	0.999997
0.2093 	0.99994
0.2107 	0.994381
0.2114 	0.974441
0.2121 	0.901502
0.2128 	0.759308
0.2149 	0.103136
0.2156 	0.039527
0.2163 	0.00235128
0.217 	0.00102988
0.2177 	7.56676e-05
0.2198 	6.23118e-05
0.2205 	7.50897e-05
0.2212 	8.20468e-05
0.2219 	5.39712e-05
0.2226 	2.60957e-05
0.2247 	1.13156e-05
0.2254 	1.35938e-05
0.2261 	1.62097e-05
0.2268 	1.54692e-05
0.2275 	1.38131e-05
0.2282 	9.54893e-06
0.2289 	5.8304e-06
0.2296 	4.11276e-06
0.2303 	4.17474e-06
0.2317 	8.07221e-06
0.2324 	8.99478e-06
0.2331 	6.88223e-06
0.2345 	3.10938e-06
0.2352 	2.66771e-06
0.2359 	4.25189e-06
0.2366 	5.60221e-06
0.2373 	6.71863e-06
0.238 	6.01537e-06
0.2387 	4.58425e-06
0.2394 	3.10718e-06
0.2401 	1.797e-06
0.2408 	1.50947e-06
0.2415 	1.37176e-06
0.2422 	1.5037e-06
0.2429 	1.41966e-06
0.2436 	1.17363e-06
0.2443 	8.42196e-07
0.245 	4.87535e-07
0.2457 	3.04063e-07
0.2464 	1.50986e-07
0.2471 	1.09329e-07
0.2478 	8.55243e-08
0.2485 	8.55243e-08
0.2499 	8.55243e-08
0.2513 	3.60454e-07
0.252 	1.0045e-06
0.2527 	1.58185e-06
0.2534 	1.99247e-06
0.2541 	1.97174e-06
0.2548 	1.51959e-06
0.2555 	1.00748e-06
0.2562 	4.71396e-07
0.2569 	2.57342e-07
0.2576 	1.38879e-07
0.2583 	4.45195e-07
0.259 	9.17061e-07
0.2597 	1.68689e-06
0.2604 	2.1765e-06
0.2611 	2.45596e-06
0.2618 	2.01515e-06
0.2625 	1.3779e-06
0.2632 	7.74435e-07
0.2639 	2.68233e-07
0.2646 	1.18718e-07
0.2653 	8.41679e-08
0.266 	2.02905e-07
0.2667 	6.11484e-07
0.2674 	1.18105e-06
0.2681 	1.63925e-06
0.2688 	2.02123e-06
0.2695 	1.65407e-06
0.2702 	1.2354e-06
0.2709 	6.87971e-07
0.2716 	3.2314e-07
0.2723 	1.40902e-07
0.273 	1.87187e-07
0.2737 	3.24882e-07
0.2744 	4.7414e-07
0.2751 	5.91188e-07
0.2758 	5.09612e-07
0.2765 	3.95631e-07
0.2772 	2.23353e-07
0.2779 	1.0619e-07
0.2786 	3.03638e-08
0.28 	5.99795e-10
0.2807 	4.97506e-10
0.2814 	4.17174e-10
0.2828 	4.31879e-10
0.2842 	6.81033e-10
0.2863 	3.0184e-09
0.2877 	6.3769e-09
0.2884 	7.54767e-09
0.2891 	8.60879e-09
0.2898 	9.55951e-09
0.2905 	2.79236e-08
0.2912 	5.3253e-08
0.2919 	1.53079e-07
0.294 	4.44498e-07
0.2954 	4.58453e-07
0.2961 	3.68864e-07
0.2968 	2.32169e-07
0.2975 	8.26926e-08
0.2982 	4.19585e-08
0.2989 	9.44544e-09
0.2996 	7.03536e-09
0.3003 	7.55081e-09
0.301 	1.1967e-08
0.3017 	1.71876e-08
0.3024 	2.28576e-08
0.3031 	3.10075e-08
0.3038 	3.94156e-08
0.3045 	4.56398e-08
0.3059 	4.81261e-08
0.3066 	4.1006e-08
0.3073 	2.8298e-08
0.308 	1.59809e-08
0.3094 	1.90779e-09
0.3101 	1.09997e-09
0.3108 	2.15433e-09
0.3115 	3.2719e-09
0.3122 	4.50454e-09
0.3129 	5.44454e-09
0.3136 	6.16508e-09
0.3143 	5.82594e-09
0.315 	5.19663e-09
0.3157 	3.62237e-09
0.3164 	2.16964e-09
0.3171 	1.16361e-09
0.3178 	4.70381e-10
0.3185 	1.94214e-10
0.3192 	8.91152e-11
0.3199 	7.92309e-11
0.3206 	7.31721e-11
0.3213 	6.698e-11
0.322 	5.0658e-11
0.3227 	3.46967e-11
0.3234 	1.96369e-11
0.3255 	3.89602e-12
0.3262 	3.16979e-12
0.3269 	2.99591e-12
0.3276 	2.87352e-12
0.3283 	2.80694e-12
0.329 	2.71071e-12
0.3304 	2.31554e-12
0.3311 	1.99834e-12
0.3325 	1.23e-12
0.3332 	9.28534e-13
0.3346 	4.81585e-13
0.3353 	3.44148e-13
0.336 	2.54141e-13
0.3374 	1.43381e-13
0.3381 	1.13144e-13
0.3388 	8.65919e-14
0.3395 	6.97766e-14
0.3402 	5.46258e-14
0.3409 	4.36359e-14
0.3416 	3.44324e-14
0.3423 	2.70143e-14
0.343 	2.1298e-14
0.3444 	1.27738e-14
0.3451 	9.57132e-15
0.3458 	7.37334e-15
0.3465 	5.46399e-15
0.3472 	4.0739e-15
0.3486 	2.14129e-15
0.3493 	1.56385e-15
0.3507 	7.74434e-16
0.3514 	5.15869e-16
0.3521 	3.59487e-16
0.3528 	2.35311e-16
0.3535 	1.54077e-16
0.3542 	9.94961e-17
0.3549 	5.97211e-17
0.3556 	3.84803e-17
0.3563 	2.10794e-17
0.357 	1.34403e-17
0.3577 	7.14463e-18
0.3584 	4.20765e-18
0.3591 	2.22337e-18
0.3598 	1.19197e-18
0.3612 	3.2288e-19
0.3626 	1.0391e-19
0.364 	4.05829e-20
0.3647 	2.66322e-20
0.3654 	1.71591e-20
0.3661 	1.10442e-20
0.3668 	7.35551e-21
0.3675 	4.32862e-21
0.3682 	2.93662e-21
0.3689 	1.68828e-21
0.3696 	9.66805e-22
0.3703 	4.54914e-22
0.371 	2.2247e-22
0.3717 	9.51314e-23
0.3724 	2.62339e-23
0.3731 	9.91195e-24
0.3738 	2.77668e-24
0.3745 	1.19324e-24
0.3752 	5.37752e-26
0.3759 	2.42075e-26
0.3773 	1.50567e-27
0.3787 	-6.88108e-39
0.3794 	-6.81793e-39
0.3801 	-6.6852e-39
0.3808 	-6.36375e-39
0.3815 	-5.8298e-39
0.3829 	-3.61194e-39
0.3843 	5.00722e-34
0.385 	1.13832e-33
0.3857 	4.27183e-30
0.3864 	2.33323e-28
0.3871 	1.28844e-27
0.3878 	1.18549e-26
0.3885 	3.51033e-26
0.3892 	1.10727e-25
0.3899 	2.15509e-25
0.3906 	3.82442e-25
0.3913 	5.5711e-25
0.392 	6.98343e-25
0.3927 	8.15483e-25
0.3941 	8.98378e-25
0.3948 	8.93421e-25
0.3983 	3.15747e-25
0.399 	2.11695e-25
0.3997 	1.47169e-25
0.4004 	1.02545e-25
0.4011 	7.28463e-26
0.4018 	5.41545e-26
0.4025 	3.84601e-26
0.4032 	2.91096e-26
0.4039 	2.05689e-26
0.4046 	1.49894e-26
0.4053 	1.04584e-26
0.406 	7.32523e-27
0.4067 	5.13942e-27
0.4074 	3.47906e-27
0.4081 	2.51112e-27
0.4088 	1.68859e-27
0.4095 	1.25391e-27
0.4102 	8.79143e-28
0.4109 	6.54184e-28
0.4116 	4.81158e-28
0.4123 	3.59972e-28
0.413 	2.75615e-28
0.4137 	2.05991e-28
0.4144 	1.61164e-28
0.4151 	1.20401e-28
0.4158 	9.26624e-29
0.4165 	6.84283e-29
0.4172 	5.04879e-29
0.4179 	3.64448e-29
0.4186 	2.53247e-29
0.4193 	1.78921e-29
0.42 	1.14629e-29
0.4207 	8.03165e-30
0.4214 	4.97405e-30
0.4221 	3.28411e-30
0.4228 	1.98813e-30
0.4235 	1.21744e-30
0.4242 	7.32287e-31
0.4249 	4.05575e-31
0.4256 	2.48204e-31
0.4263 	1.24896e-31
0.427 	7.71771e-32
0.4277 	3.83751e-32
0.4291 	1.09335e-32
0.4298 	5.57637e-33
0.4312 	1.24839e-33
0.4319 	6.98497e-34
0.4326 	2.80264e-34
0.4333 	1.54644e-34
0.434 	6.25799e-35
0.4347 	3.08481e-35
0.4354 	1.29764e-35
0.4361 	5.49975e-36
0.4389 	5.96939e-37
0.4396 	6.95493e-37
0.4403 	9.31107e-37
0.441 	1.34947e-36
0.4417 	1.80353e-36
0.4424 	2.27742e-36
0.4459 	2.71505e-36
0.4466 	2.51103e-36
0.4473 	2.18508e-36
0.448 	1.75492e-36
0.4487 	1.28308e-36
0.4501 	6.10964e-37
0.4508 	4.45599e-37
0.4515 	3.12161e-37
0.4522 	2.36133e-37
0.4529 	1.8005e-37
0.4536 	1.38925e-37
0.4543 	1.09735e-37
0.455 	8.37989e-38
0.4557 	6.65491e-38
0.4564 	5.05743e-38
0.4599 	1.26597e-38
0.4606 	9.66563e-39
0.4613 	6.9942e-39
0.462 	5.32501e-39
0.4627 	3.8482e-39
0.4648 	1.48184e-39
0.4655 	1.07812e-39
0.4662 	7.45593e-40
0.4669 	5.48909e-40
0.4676 	3.74683e-40
0.4683 	2.72356e-40
0.469 	1.86815e-40
0.4697 	1.31524e-40
0.4704 	9.10212e-41
0.4711 	6.16105e-41
0.4718 	4.321e-41
0.4725 	2.78178e-41
0.4732 	1.9914e-41
0.4739 	1.28532e-41
0.4746 	8.88859e-42
0.4753 	5.79415e-42
0.4781 	1.16394e-42
0.4788 	7.52603e-43
0.4795 	5.51436e-43
0.4802 	3.7903e-43
0.4809 	2.78529e-43
0.4816 	2.00348e-43
0.4823 	1.44494e-43
0.483 	1.04313e-43
0.4837 	7.04007e-44
0.4844 	4.91562e-44
0.4851 	3.02545e-44
0.4858 	1.95956e-44
0.4865 	1.10821e-44
0.4872 	6.42415e-45
0.4879 	3.45935e-45
0.4886 	1.76441e-45
0.4893 	9.80827e-46
0.49 	4.45364e-46
0.4907 	2.85013e-46
0.4914 	1.477e-46
0.4921 	9.47713e-47
0.4928 	5.52631e-47
0.4935 	3.36482e-47
0.4942 	1.97136e-47
0.4949 	1.00506e-47
0.4956 	5.53224e-48
0.4963 	2.06084e-48
0.497 	1.06774e-48
0.4977 	3.07244e-49
0.4984 	1.28259e-49
0.4991 	2.90074e-50
0.4998 	9.59959e-51
0.5005 	3.10935e-51
0.5012 	1.78611e-51
0.5019 	1.16167e-51
0.5026 	6.7236e-52
0.5033 	6.7236e-52
0.504 	6.94697e-52
0.5047 	7.57234e-52
0.5054 	1.32894e-49
0.5061 	3.64088e-49
0.5068 	4.3138e-49
0.5075 	4.5404e-49
0.5082 	2.22659e-49
0.5089 	3.60071e-50
0.5096 	1.31125e-50
0.5103 	2.36604e-53
0.511 	9.03402e-54
0.5124 	5.38716e-55
0.5131 	1.37567e-55
0.5138 	1.14285e-56
0.5145 	8.09093e-57
0.5152 	5.34491e-57
0.5159 	4.07777e-57
0.5166 	3.04357e-57
0.5173 	2.24238e-57
0.518 	1.67531e-57
0.5187 	1.20189e-57
0.5201 	6.4478e-58
0.5208 	4.8222e-58
0.5215 	3.44491e-58
0.5222 	2.51465e-58
0.5229 	1.81535e-58
0.525 	6.50465e-59
0.5257 	4.86693e-59
0.5264 	3.38606e-59
0.5285 	1.2508e-59
0.5292 	8.96855e-60
0.5299 	6.23295e-60
0.5306 	4.55971e-60
0.5313 	3.11211e-60
0.5327 	1.58573e-60
0.5334 	1.1411e-60
0.5341 	7.9786e-61
0.5348 	5.55979e-61
0.5355 	3.93204e-61
0.5362 	2.62072e-61
0.5376 	1.21672e-61
0.5383 	8.46261e-62
0.539 	5.41053e-62
0.5397 	3.53275e-62
0.5404 	2.21516e-62
0.5411 	1.31773e-62
0.5418 	8.15136e-63
0.5432 	2.63803e-63
0.5439 	1.28964e-63
0.5453 	3.48633e-64
0.546 	1.76286e-64
0.5467 	8.38122e-65
0.5474 	3.57702e-65
0.5488 	6.87324e-66
0.5495 	3.91097e-66
0.5502 	1.58623e-66
0.5509 	8.55309e-67
0.5516 	3.92065e-67
0.5523 	1.96614e-67
0.553 	9.97839e-68
0.5537 	4.24024e-68
0.5544 	2.24428e-68
0.5551 	7.26039e-69
0.5558 	3.46496e-69
0.5565 	9.07264e-70
0.5579 	3.13573e-70
0.5586 	9.52794e-71
0.5593 	2.71531e-71
0.56 	1.40449e-82
0.5607 	1.02524e-69
0.5614 	1.84717e-69
0.5635 	4.99184e-70
0.5642 	8.41208e-71
0.5649 	8.9149e-72
0.5656 	-1.97835e-72
0.5663 	-2.14619e-72
0.567 	-2.22691e-72
0.5677 	-2.3006e-72
0.5684 	-2.35672e-72
0.5691 	-2.40637e-72
0.5698 	-2.44953e-72
0.5705 	-2.49013e-72
0.5712 	-2.5297e-72
0.5719 	-2.57032e-72
0.5726 	-2.61136e-72
0.5747 	-2.74381e-72
0.5754 	-2.79064e-72
0.5761 	-2.8385e-72
0.5768 	-2.88834e-72
0.5775 	-2.93871e-72
0.5782 	-2.99176e-72
0.5789 	-3.04539e-72
0.5796 	-3.10115e-72
0.5803 	-3.15812e-72
0.581 	-3.21672e-72
0.5817 	-3.26994e-72
0.5824 	-3.32016e-72
0.5831 	-3.35833e-72
0.5838 	-3.39389e-72
0.5845 	-3.42152e-72
0.5852 	-3.44688e-72
0.5859 	-3.46654e-72
0.5866 	-3.48198e-72
0.5873 	-3.49321e-72
0.588 	-3.49943e-72
0.5887 	-3.50364e-72
0.5894 	-3.50357e-72
0.5901 	-3.50241e-72
0.5908 	-3.4966e-72
0.5915 	-3.48853e-72
0.5922 	-3.47642e-72
0.5929 	-3.46006e-72
0.5936 	-3.44051e-72
0.5943 	-3.41429e-72
0.595 	-3.38625e-72
0.5957 	-3.34872e-72
0.5964 	-3.30902e-72
0.5971 	-3.26135e-72
0.5978 	-3.20921e-72
0.5985 	-3.15109e-72
0.5992 	-3.08631e-72
0.5999 	-3.01783e-72
0.6013 	-2.86193e-72
0.602 	-2.77467e-72
0.6027 	-2.68525e-72
0.6034 	-2.59041e-72
0.6041 	-2.49253e-72
0.6048 	-2.39163e-72
0.6055 	-2.28769e-72
0.6062 	-2.18254e-72
0.6069 	-2.07516e-72
0.6076 	-1.96755e-72
0.6083 	-1.85957e-72
0.609 	-1.75206e-72
0.6097 	-1.6454e-72
0.6104 	-1.54049e-72
0.6111 	-1.43689e-72
0.6132 	-1.14446e-72
0.6139 	-1.05261e-72
0.6146 	-9.66041e-73
0.6153 	-8.82663e-73
0.616 	-8.0354e-73
0.6167 	-7.29457e-73
0.6174 	-6.58174e-73
0.6188 	-5.31074e-73
0.6195 	-4.75734e-73
0.6202 	-4.22582e-73
0.6209 	-3.74898e-73
0.6237 	-2.20757e-73
0.6251 	-1.65372e-73
0.6258 	-1.42804e-73
0.6272 	-1.0388e-73
0.6279 	-8.81093e-74
0.6286 	-7.4005e-74
0.6293 	-6.24381e-74
0.6321 	-2.94023e-74
0.6328 	-2.39773e-74
0.6335 	-1.94966e-74
0.6342 	-1.58311e-74
0.6349 	-1.26184e-74
0.6356 	-1.02227e-74
0.6363 	-8.0132e-75
0.637 	-6.45393e-75
0.6377 	-5.03873e-75
0.6384 	-3.98368e-75
0.6391 	-3.1058e-75
0.6398 	-2.40505e-75
0.6405 	-1.87782e-75
0.6412 	-1.41998e-75
0.6419 	-1.11353e-75
0.6426 	-8.34121e-76
0.6433 	-6.47185e-76
0.644 	-4.85307e-76
0.6447 	-3.68525e-76
0.6454 	-2.77374e-76
0.6461 	-2.05448e-76
0.6468 	-1.55701e-76
0.6475 	-1.12001e-76
0.6489 	-6.18896e-77
0.6496 	-4.63808e-77
0.6503 	-3.36342e-77
0.651 	-2.45704e-77
0.6517 	-1.79704e-77
0.6524 	-1.27393e-77
0.6531 	-9.43586e-78
0.6538 	-6.54678e-78
0.6545 	-4.86726e-78
0.6552 	-3.4005e-78
0.6559 	-2.46566e-78
0.6566 	-1.74098e-78
0.6573 	-1.22647e-78
0.658 	-8.79354e-79
0.6587 	-5.99186e-79
0.6594 	-4.3888e-79
0.6601 	-2.97843e-79
0.6615 	-1.49814e-79
0.6622 	-1.06917e-79
0.6629 	-7.55671e-80
0.6636 	-5.28789e-80
0.6643 	-3.85887e-80
0.6671 	-1.10111e-80
0.6678 	-8.22721e-81
0.6685 	-6.32284e-81
0.6692 	-4.94062e-81
0.6699 	-3.84857e-81
0.6706 	-3.13054e-81
0.6713 	-2.49212e-81
0.672 	-2.07802e-81
0.6727 	-1.70379e-81
0.6734 	-1.42924e-81
0.6741 	-1.19716e-81
0.6748 	-1.0075e-81
0.6755 	-8.56717e-82
0.6762 	-7.21487e-82
0.6769 	-6.2023e-82
0.6776 	-5.25219e-82
0.6783 	-4.52066e-82
0.679 	-3.85446e-82
0.6797 	-3.30571e-82
0.6804 	-2.83345e-82
0.6811 	-2.41857e-82
0.6818 	-2.08228e-82
0.6832 	-1.52833e-82
0.6839 	-1.30174e-82
0.6846 	-1.12071e-82
0.6853 	-9.58639e-83
0.686 	-8.21839e-83
0.6867 	-7.06424e-83
0.6874 	-6.02877e-83
0.6881 	-5.20906e-83
0.6888 	-4.4339e-83
0.6895 	-3.7699e-83
0.6909 	-2.39163e-83
0.6916 	-1.77974e-83
0.6923 	-1.259e-83
0.693 	-9.18172e-84
0.6958 	-1.60037e-84
0.6965 	-6.91785e-85
0.6972 	-2.08516e-85
0.6979 	-1.50436e-89
0.6986 	-5.6489e-90
0.6993 	-2.07648e-90
0.7 	-1.37698e-101
