0 	1
0.0007 	1
0.0014 	1
0.0021 	1
0.0028 	1
0.0035 	1
0.0042 	1
0.0049 	1
0.0056 	1
0.0063 	1
0.007 	1
0.0077 	1
0.0084 	1
0.0091 	1
0.0098 	1
0.0105 	1
0.0112 	1
0.0119 	1
0.0126 	1
0.0133 	1
0.014 	1
0.0147 	1
0.0154 	1
0.0161 	1
0.0168 	1
0.0175 	1
0.0182 	1
0.0189 	1
0.0196 	1
0.0203 	1
0.021 	1
0.0217 	1
0.0224 	1
0.0231 	1
0.0238 	1
0.0245 	1
0.0252 	1
0.0259 	1
0.0266 	1
0.0273 	1
0.028 	1
0.0287 	1
0.0294 	1
0.0301 	1
0.0308 	1
0.0315 	1
0.0322 	1
0.0329 	1
0.0336 	1
0.0343 	1
0.035 	1
0.0357 	1
0.0364 	1
0.0371 	1
0.0378 	1
0.0385 	1
0.0392 	1
0.0399 	1
0.0406 	1
0.0413 	1
0.042 	1
0.0427 	1
0.0434 	1
0.0441 	1
0.0448 	1
0.0455 	1
0.0462 	1
0.0469 	1
0.0476 	1
0.0483 	1
0.049 	1
0.0497 	1
0.0504 	1
0.0511 	1
0.0518 	1
0.0525 	1
0.0532 	1
0.0539 	1
0.0546 	1
0.0553 	1
0.056 	1
0.0567 	1
0.0574 	1
0.0581 	1
0.0588 	1
0.0595 	1
0.0602 	1
0.0609 	1
0.0616 	1
0.0623 	1
0.063 	1
0.0637 	1
0.0644 	1
0.0651 	1
0.0658 	1
0.0665 	1
0.0672 	1
0.0679 	1
0.0686 	1
0.0693 	1
0.07 	1
0.0707 	1
0.0714 	1
0.0721 	1
0.0728 	1
0.0735 	1
0.0742 	1
0.0749 	1
0.0756 	1
0.0763 	1
0.077 	1
0.0777 	1
0.0784 	1
0.0791 	1
0.0798 	1
0.0805 	1
0.0812 	1
0.0819 	1
0.0826 	1
0.0833 	1
0.084 	1
0.0847 	1
0.0854 	1
0.0861 	1
0.0868 	1
0.0875 	1
0.0882 	1
0.0889 	1
0.0896 	1
0.0903 	1
0.091 	1
0.0917 	1
0.0924 	1
0.0931 	1
0.0938 	1
0.0945 	1
0.0952 	1
0.0959 	1
0.0966 	1
0.0973 	1
0.098 	1
0.0987 	1
0.0994 	1
0.1001 	1
0.1008 	1
0.1015 	1
0.1022 	1
0.1029 	1
0.1036 	1
0.1043 	1
0.105 	1
0.1057 	1
0.1064 	1
0.1071 	1
0.1078 	1
0.1085 	1
0.1092 	1
0.1099 	1
0.1106 	1
0.1113 	1
0.112 	1
0.1127 	1
0.1134 	1
0.1141 	1
0.1148 	1
0.1155 	1
0.1162 	1
0.1169 	1
0.1176 	1
0.1183 	1
0.119 	1
0.1197 	1
0.1204 	1
0.1211 	1
0.1218 	1
0.1225 	1
0.1232 	1
0.1239 	1
0.1246 	1
0.1253 	1
0.126 	1
0.1267 	1
0.1274 	1
0.1281 	1
0.1288 	1
0.1295 	1
0.1302 	1
0.1309 	1
0.1316 	1
0.1323 	1
0.133 	1
0.1337 	1
0.1344 	1
0.1351 	1
0.1358 	1
0.1365 	1
0.1372 	1
0.1379 	1
0.1386 	1
0.1393 	1
0.14 	1
0.1407 	1
0.1414 	1
0.1421 	1
0.1428 	1
0.1435 	1
0.1442 	1
0.1449 	1
0.1456 	1
0.1463 	1
0.147 	1
0.1477 	1
0.1484 	1
0.1491 	1
0.1498 	1
0.1505 	1
0.1512 	1
0.1519 	1
0.1526 	1
0.1533 	1
0.154 	1
0.1547 	1
0.1554 	1
0.1561 	1
0.1568 	1
0.1575 	1
0.1582 	1
0.1589 	1
0.1596 	1
0.1603 	1
0.161 	1
0.1617 	1
0.1624 	1
0.1631 	1
0.1638 	1
0.1645 	1
0.1652 	1
0.1659 	1
0.1666 	1
0.1673 	1
0.168 	1
0.1687 	1
0.1694 	1
0.1701 	1
0.1708 	1
0.1715 	1
0.1722 	1
0.1729 	1
0.1736 	1
0.1743 	1
0.175 	1
0.1757 	1
0.1764 	1
0.1771 	1
0.1778 	1
0.1785 	1
0.1792 	1
0.1799 	1
0.1806 	1
0.1813 	1
0.182 	1
0.1827 	1
0.1834 	1
0.1841 	1
0.1848 	1
0.1855 	1
0.1862 	1
0.1869 	1
0.1876 	1
0.1883 	1
0.189 	1
0.1897 	1
0.1904 	1
0.1911 	1
0.1918 	1
0.1925 	1
0.1932 	1
0.1939 	1
0.1946 	1
0.1953 	1
0.196 	1
0.1967 	1
0.1974 	1
0.1981 	1
0.1988 	1
0.1995 	1
0.2002 	0.999999
0.2009 	0.999997
0.2016 	0.999994
0.2023 	0.999991
0.203 	0.999989
0.2037 	0.999986
0.2044 	0.999983
0.2051 	0.999919
0.2058 	0.999486
0.2065 	0.999052
0.2072 	0.998618
0.2079 	0.998185
0.2086 	0.997751
0.2093 	0.997318
0.21 	0.996884
0.2107 	0.986464
0.2114 	0.976039
0.2121 	0.965613
0.2128 	0.955187
0.2135 	0.944761
0.2142 	0.934335
0.2149 	0.923909
0.2156 	0.879153
0.2163 	0.828661
0.217 	0.77817
0.2177 	0.727678
0.2184 	0.677186
0.2191 	0.626694
0.2198 	0.576202
0.2205 	0.519798
0.2212 	0.461079
0.2219 	0.40236
0.2226 	0.343642
0.2233 	0.284923
0.224 	0.226204
0.2247 	0.167486
0.2254 	0.131449
0.2261 	0.11241
0.2268 	0.0933727
0.2275 	0.074335
0.2282 	0.0552973
0.2289 	0.0362597
0.2296 	0.017222
0.2303 	0.00598977
0.231 	0.00513873
0.2317 	0.00428771
0.2324 	0.00343671
0.2331 	0.00258571
0.2338 	0.00173471
0.2345 	0.000883711
0.2352 	0.000265848
0.2359 	0.000229056
0.2366 	0.000192265
0.2373 	0.000155476
0.238 	0.000118686
0.2387 	8.18963e-05
0.2394 	4.51068e-05
0.2401 	1.33353e-05
0.2408 	1.15204e-05
0.2415 	9.70565e-06
0.2422 	7.89104e-06
0.2429 	6.07642e-06
0.2436 	4.26181e-06
0.2443 	2.4472e-06
0.245 	6.33709e-07
0.2457 	5.48814e-07
0.2464 	4.63965e-07
0.2471 	3.79135e-07
0.2478 	2.94305e-07
0.2485 	2.09474e-07
0.2492 	1.24644e-07
0.2499 	3.98138e-08
0.2506 	2.45545e-08
0.2513 	2.08304e-08
0.252 	1.71083e-08
0.2527 	1.33862e-08
0.2534 	9.66419e-09
0.2541 	5.94213e-09
0.2548 	2.22008e-09
0.2555 	1.04874e-09
0.2562 	8.94487e-10
0.2569 	7.40392e-10
0.2576 	5.86308e-10
0.2583 	4.32225e-10
0.259 	2.78141e-10
0.2597 	1.24058e-10
0.2604 	5.41394e-11
0.2611 	4.71779e-11
0.2618 	4.02259e-11
0.2625 	3.32764e-11
0.2632 	2.6327e-11
0.2639 	1.93775e-11
0.2646 	1.24281e-11
0.2653 	8.12979e-12
0.266 	7.35762e-12
0.2667 	6.58655e-12
0.2674 	5.81608e-12
0.2681 	5.04561e-12
0.2688 	4.27515e-12
0.2695 	3.50468e-12
0.2702 	2.888e-12
0.2709 	2.65484e-12
0.2716 	2.42207e-12
0.2723 	2.18968e-12
0.273 	1.9573e-12
0.2737 	1.72491e-12
0.2744 	1.49253e-12
0.2751 	1.27835e-12
0.2758 	1.17305e-12
0.2765 	1.06794e-12
0.2772 	9.63157e-13
0.2779 	8.58372e-13
0.2786 	7.53586e-13
0.2793 	6.48801e-13
0.28 	5.44044e-13
0.2807 	4.94668e-13
0.2814 	4.45369e-13
0.2821 	3.96309e-13
0.2828 	3.47248e-13
0.2835 	2.98187e-13
0.2842 	2.49126e-13
0.2849 	2.00065e-13
0.2856 	1.76553e-13
0.2863 	1.57296e-13
0.287 	1.38168e-13
0.2877 	1.19039e-13
0.2884 	9.99103e-14
0.2891 	8.07816e-14
0.2898 	6.16529e-14
0.2905 	5.19592e-14
0.2912 	4.60317e-14
0.2919 	4.01477e-14
0.2926 	3.42671e-14
0.2933 	2.83864e-14
0.294 	2.25058e-14
0.2947 	1.66252e-14
0.2954 	1.32325e-14
0.2961 	1.17022e-14
0.2968 	1.01822e-14
0.2975 	8.66504e-15
0.2982 	7.14786e-15
0.2989 	5.63067e-15
0.2996 	4.11349e-15
0.3003 	3.09248e-15
0.301 	2.73168e-15
0.3017 	2.373e-15
0.3024 	2.01551e-15
0.3031 	1.65801e-15
0.3038 	1.30052e-15
0.3045 	9.43029e-16
0.3052 	6.65257e-16
0.3059 	5.86284e-16
0.3066 	5.07695e-16
0.3073 	4.29491e-16
0.308 	3.51288e-16
0.3087 	2.73084e-16
0.3094 	1.9488e-16
0.3101 	1.25709e-16
0.3108 	1.10497e-16
0.3115 	9.53405e-17
0.3122 	8.02849e-17
0.3129 	6.52293e-17
0.3136 	5.01738e-17
0.3143 	3.51182e-17
0.315 	2.00707e-17
0.3157 	1.76109e-17
0.3164 	1.51577e-17
0.3171 	1.27255e-17
0.3178 	1.02933e-17
0.3185 	7.86105e-18
0.3192 	5.42883e-18
0.3199 	2.99661e-18
0.3206 	2.36535e-18
0.3213 	2.03307e-18
0.322 	1.70429e-18
0.3227 	1.37551e-18
0.3234 	1.04672e-18
0.3241 	7.17942e-19
0.3248 	3.89159e-19
0.3255 	2.68332e-19
0.3262 	2.30438e-19
0.3269 	1.92958e-19
0.3276 	1.5551e-19
0.3283 	1.18062e-19
0.329 	8.06148e-20
0.3297 	4.3167e-20
0.3304 	2.51083e-20
0.3311 	2.15541e-20
0.3318 	1.8034e-20
0.3325 	1.45232e-20
0.3332 	1.10124e-20
0.3339 	7.50159e-21
0.3346 	3.99079e-21
0.3353 	1.87314e-21
0.336 	1.60813e-21
0.3367 	1.34528e-21
0.3374 	1.08363e-21
0.3381 	8.21983e-22
0.3388 	5.60337e-22
0.3395 	2.9869e-22
0.3402 	1.07631e-22
0.3409 	9.24657e-23
0.3416 	7.74014e-23
0.3423 	6.24376e-23
0.343 	4.74739e-23
0.3437 	3.25102e-23
0.3444 	1.75464e-23
0.3451 	4.63769e-24
0.3458 	3.99096e-24
0.3465 	3.34747e-24
0.3472 	2.70984e-24
0.3479 	2.0722e-24
0.3486 	1.43457e-24
0.3493 	7.96931e-25
0.35 	1.5973e-25
0.3507 	1.38002e-25
0.3514 	1.16354e-25
0.3521 	9.49663e-26
0.3528 	7.35785e-26
0.3535 	5.21908e-26
0.3542 	3.0803e-26
0.3549 	9.41527e-27
0.3556 	5.64575e-27
0.3563 	4.7971e-27
0.357 	3.96089e-27
0.3577 	3.12468e-27
0.3584 	2.28847e-27
0.3591 	1.45227e-27
0.3598 	6.16057e-28
0.3605 	3.41292e-28
0.3612 	2.9037e-28
0.3619 	2.40134e-28
0.3626 	1.89952e-28
0.3633 	1.39769e-28
0.364 	8.95861e-29
0.3647 	3.94034e-29
0.3654 	1.65182e-29
0.3661 	1.40498e-29
0.3668 	1.1607e-29
0.3675 	9.17126e-30
0.3682 	6.73549e-30
0.3689 	4.29972e-30
0.3696 	1.86395e-30
0.3703 	4.45462e-31
0.371 	3.79513e-31
0.3717 	3.14074e-31
0.3724 	2.4892e-31
0.3731 	1.83766e-31
0.3738 	1.18612e-31
0.3745 	5.34578e-32
0.3752 	6.6849e-33
0.3759 	5.70738e-33
0.3766 	4.7348e-33
0.3773 	3.76717e-33
0.378 	2.79953e-33
0.3787 	1.83189e-33
0.3794 	8.6425e-34
0.3801 	3.48136e-35
0.3808 	2.98178e-35
0.3815 	2.48343e-35
0.3822 	1.98729e-35
0.3829 	1.49114e-35
0.3836 	9.94997e-36
0.3843 	4.98851e-36
0.385 	3.05812e-38
0.3857 	2.62903e-38
0.3864 	2.20037e-38
0.3871 	1.77258e-38
0.3878 	1.34478e-38
0.3885 	9.16981e-39
0.3892 	4.89185e-39
0.3899 	6.13877e-40
0.3906 	5.07666e-42
0.3913 	4.26472e-42
0.392 	3.46735e-42
0.3927 	2.66999e-42
0.3934 	1.87263e-42
0.3941 	1.07526e-42
0.3948 	2.779e-43
0.3955 	4.54684e-44
0.3962 	3.82352e-44
0.3969 	3.12694e-44
0.3976 	2.43242e-44
0.3983 	1.73789e-44
0.399 	1.04337e-44
0.3997 	3.4884e-45
0.4004 	4.7417e-46
0.4011 	3.99841e-46
0.4018 	3.27878e-46
0.4025 	2.56561e-46
0.4032 	1.85243e-46
0.4039 	1.13926e-46
0.4046 	4.26085e-47
0.4053 	1.78787e-48
0.406 	1.51321e-48
0.4067 	1.24544e-48
0.4074 	9.81502e-49
0.4081 	7.17566e-49
0.4088 	4.53629e-49
0.4095 	1.89693e-49
0.4102 	1.29635e-51
0.4109 	1.10185e-51
0.4116 	9.10839e-52
0.4123 	7.23311e-52
0.413 	5.35782e-52
0.4137 	3.48254e-52
0.4144 	1.60726e-52
0.4151 	1.16303e-55
0.4158 	9.9251e-56
0.4165 	8.24029e-56
0.4172 	6.59217e-56
0.4179 	4.94405e-56
0.4186 	3.29593e-56
0.4193 	1.64781e-56
0.42 	8.38962e-60
0.4207 	7.18814e-60
0.4214 	5.99492e-60
0.4221 	4.82922e-60
0.4228 	3.66352e-60
0.4235 	2.49783e-60
0.4242 	1.33213e-60
0.4249 	1.66436e-61
0.4256 	6.45775e-64
0.4263 	5.58185e-64
0.427 	4.71879e-64
0.4277 	3.85572e-64
0.4284 	2.99266e-64
0.4291 	2.12959e-64
0.4298 	1.26653e-64
0.4305 	1.01574e-64
0.4312 	1.00903e-64
0.4319 	9.96792e-65
0.4326 	9.84125e-65
0.4333 	9.71458e-65
0.434 	9.5879e-65
0.4347 	9.46123e-65
0.4354 	9.34509e-65
0.4361 	9.2374e-65
0.4368 	9.05002e-65
0.4375 	8.8409e-65
0.4382 	8.63178e-65
0.4389 	8.42266e-65
0.4396 	8.21354e-65
0.4403 	8.02206e-65
0.441 	7.85508e-65
0.4417 	7.5839e-65
0.4424 	7.25484e-65
0.4431 	6.92577e-65
0.4438 	6.59671e-65
0.4445 	6.26765e-65
0.4452 	5.97516e-65
0.4459 	5.77681e-65
0.4466 	5.48098e-65
0.4473 	5.08766e-65
0.448 	4.69434e-65
0.4487 	4.30103e-65
0.4494 	3.90771e-65
0.4501 	3.54843e-65
0.4508 	3.39798e-65
0.4515 	3.19454e-65
0.4522 	2.89574e-65
0.4529 	2.59693e-65
0.4536 	2.29813e-65
0.4543 	1.99932e-65
0.455 	1.90438e-65
0.4557 	1.6177e-65
0.4564 	1.51782e-65
0.4571 	1.35407e-65
0.4578 	1.19032e-65
0.4585 	1.02657e-65
0.4592 	8.62816e-66
0.4599 	6.99065e-66
0.4606 	6.44763e-66
0.4613 	6.06349e-66
0.462 	5.35129e-66
0.4627 	4.63908e-66
0.4634 	3.92687e-66
0.4641 	3.21467e-66
0.4648 	2.50246e-66
0.4655 	2.20643e-66
0.4662 	2.07755e-66
0.4669 	1.83098e-66
0.4676 	1.57536e-66
0.4683 	1.31974e-66
0.469 	1.06412e-66
0.4697 	8.08494e-67
0.4704 	6.75821e-67
0.4711 	6.35593e-67
0.4718 	5.64307e-67
0.4725 	4.8455e-67
0.4732 	4.04794e-67
0.4739 	3.25037e-67
0.4746 	2.4528e-67
0.4753 	1.94676e-67
0.476 	1.83028e-67
0.4767 	1.64034e-67
0.4774 	1.40961e-67
0.4781 	1.17887e-67
0.4788 	9.48131e-68
0.4795 	7.17394e-68
0.4802 	5.43177e-68
0.4809 	5.10577e-68
0.4816 	4.62092e-68
0.4823 	3.97723e-68
0.483 	3.33354e-68
0.4837 	2.68984e-68
0.4844 	2.04615e-68
0.4851 	1.48065e-68
0.4858 	1.38641e-68
0.4865 	1.25996e-68
0.4872 	1.07555e-68
0.4879 	8.91134e-69
0.4886 	7.06718e-69
0.4893 	5.22303e-69
0.49 	3.50586e-69
0.4907 	3.15021e-69
0.4914 	2.87666e-69
0.4921 	2.43657e-69
0.4928 	1.99648e-69
0.4935 	1.5564e-69
0.4942 	1.11631e-69
0.4949 	6.76222e-70
0.4956 	5.74151e-70
0.4963 	5.25531e-70
0.497 	4.37914e-70
0.4977 	3.50298e-70
0.4984 	2.62682e-70
0.4991 	1.75065e-70
0.4998 	8.74491e-71
0.5005 	5.87779e-71
0.5012 	5.36614e-71
0.5019 	4.48184e-71
0.5026 	3.56888e-71
0.5033 	2.65592e-71
0.504 	1.74296e-71
0.5047 	8.29997e-72
0.5054 	4.18359e-72
0.5061 	3.82193e-72
0.5068 	3.22649e-72
0.5075 	2.5673e-72
0.5082 	1.90811e-72
0.5089 	1.24892e-72
0.5096 	5.89724e-73
0.5103 	2.05259e-73
0.511 	1.86423e-73
0.5117 	1.59136e-73
0.5124 	1.27153e-73
0.5131 	9.51698e-74
0.5138 	6.31869e-74
0.5145 	3.1204e-74
0.5152 	8.1749e-75
0.5159 	7.47759e-75
0.5166 	6.48032e-75
0.5173 	5.18309e-75
0.518 	3.88586e-75
0.5187 	2.58863e-75
0.5194 	1.2914e-75
0.5201 	1.78031e-76
0.5208 	1.62718e-76
0.5215 	1.4275e-76
0.5222 	1.14399e-76
0.5229 	8.60494e-77
0.5236 	5.76993e-77
0.5243 	2.93492e-77
0.525 	1.23001e-78
0.5257 	1.08399e-78
0.5264 	1.00086e-78
0.5271 	3.58899e-79
0.5278 	-2.83066e-79
0.5285 	-9.25031e-79
0.5292 	-1.567e-78
0.5299 	-2.20896e-78
0.5306 	-1.89631e-78
0.5313 	-1.45884e-78
0.532 	-1.46591e-78
0.5327 	-1.47298e-78
0.5334 	-1.48004e-78
0.5341 	-1.48711e-78
0.5348 	-1.49417e-78
0.5355 	-1.24829e-78
0.5362 	-9.00921e-79
0.5369 	-8.76705e-79
0.5376 	-8.77346e-79
0.5383 	-8.77988e-79
0.539 	-8.7863e-79
0.5397 	-8.79272e-79
0.5404 	-7.53608e-79
0.5411 	-5.32966e-79
0.5418 	-4.85797e-79
0.5425 	-4.85938e-79
0.5432 	-4.86079e-79
0.5439 	-4.86221e-79
0.5446 	-4.86362e-79
0.5453 	-4.30974e-79
0.546 	-3.01352e-79
0.5467 	-2.55072e-79
0.5474 	-2.55092e-79
0.5481 	-2.55113e-79
0.5488 	-2.55134e-79
0.5495 	-2.55155e-79
0.5502 	-2.34787e-79
0.5509 	-1.63285e-79
0.5516 	-1.27535e-79
0.5523 	-1.27537e-79
0.553 	-1.27539e-79
0.5537 	-1.27541e-79
0.5544 	-1.27543e-79
0.5551 	-1.22239e-79
0.5558 	-8.49371e-80
0.5565 	-6.09569e-80
0.5572 	-6.09568e-80
0.5579 	-6.09566e-80
0.5586 	-6.09565e-80
0.5593 	-6.09563e-80
0.56 	-6.09779e-80
0.5607 	-4.24709e-80
0.5614 	-2.79374e-80
0.5621 	-2.79368e-80
0.5628 	-2.79362e-80
0.5635 	-2.79356e-80
0.5642 	-2.7935e-80
0.5649 	-2.79344e-80
0.5656 	-2.04372e-80
0.5663 	-1.23092e-80
0.567 	-1.23087e-80
0.5677 	-1.23083e-80
0.5684 	-1.23079e-80
0.5691 	-1.23074e-80
0.5698 	-1.2307e-80
0.5705 	-9.47598e-81
0.5712 	-5.50924e-81
0.5719 	-5.22567e-81
0.5726 	-5.22542e-81
0.5733 	-5.22517e-81
0.574 	-5.22492e-81
0.5747 	-5.22467e-81
0.5754 	-4.23898e-81
0.5761 	-2.51231e-81
0.5768 	-2.14221e-81
0.5775 	-2.14208e-81
0.5782 	-2.14196e-81
0.5789 	-2.14183e-81
0.5796 	-2.14171e-81
0.5803 	-1.83188e-81
0.581 	-1.10807e-81
0.5817 	-8.49524e-82
0.5824 	-8.49465e-82
0.5831 	-8.49405e-82
0.5838 	-8.49345e-82
0.5845 	-8.49285e-82
0.5852 	-7.6575e-82
0.5859 	-4.72881e-82
0.5866 	-3.26433e-82
0.5873 	-3.26406e-82
0.588 	-3.26379e-82
0.5887 	-3.26352e-82
0.5894 	-3.26325e-82
0.5901 	-3.10001e-82
0.5908 	-1.95396e-82
0.5915 	-1.21716e-82
0.5922 	-1.21705e-82
0.5929 	-1.21693e-82
0.5936 	-1.21681e-82
0.5943 	-1.2167e-82
0.595 	-1.21701e-82
0.5957 	-7.82361e-83
0.5964 	-4.40965e-83
0.5971 	-4.40916e-83
0.5978 	-4.40868e-83
0.5985 	-4.40819e-83
0.5992 	-4.40771e-83
0.5999 	-4.40723e-83
0.6006 	-3.0382e-83
0.6013 	-1.55406e-83
0.602 	-1.55387e-83
0.6027 	-1.55367e-83
0.6034 	-1.55348e-83
0.6041 	-1.55328e-83
0.6048 	-1.55309e-83
0.6055 	-1.14537e-83
0.6062 	-5.74134e-84
0.6069 	-5.33262e-84
0.6076 	-5.33187e-84
0.6083 	-5.33113e-84
0.609 	-5.33038e-84
0.6097 	-5.32963e-84
0.6104 	-4.19568e-84
0.6111 	-2.20966e-84
0.6118 	-1.78387e-84
0.6125 	-1.78359e-84
0.6132 	-1.78331e-84
0.6139 	-1.78303e-84
0.6146 	-1.78275e-84
0.6153 	-1.49483e-84
0.616 	-8.22417e-85
0.6167 	-5.82204e-85
0.6174 	-5.82104e-85
0.6181 	-5.82003e-85
0.6188 	-5.81902e-85
0.6195 	-5.81802e-85
0.6202 	-5.18459e-85
0.6209 	-2.96528e-85
0.6216 	-1.85546e-85
0.6223 	-1.85511e-85
0.623 	-1.85476e-85
0.6237 	-1.8544e-85
0.6244 	-1.85405e-85
0.6251 	-1.75209e-85
0.6258 	-1.03739e-85
0.6265 	-5.77891e-86
0.6272 	-5.77772e-86
0.6279 	-5.77653e-86
0.6286 	-5.77534e-86
0.6293 	-5.77414e-86
0.63 	-5.77495e-86
0.6307 	-3.52655e-86
0.6314 	-1.76035e-86
0.6321 	-1.75995e-86
0.6328 	-1.75956e-86
0.6335 	-1.75917e-86
0.6342 	-1.75878e-86
0.6349 	-1.75839e-86
0.6356 	-1.16648e-86
0.6363 	-5.2484e-87
0.637 	-5.24715e-87
0.6377 	-5.24589e-87
0.6384 	-5.24464e-87
0.6391 	-5.24339e-87
0.6398 	-5.24213e-87
0.6405 	-3.75884e-87
0.6412 	-1.68095e-87
0.6419 	-1.53217e-87
0.6426 	-1.53178e-87
0.6433 	-1.53139e-87
0.644 	-1.531e-87
0.6447 	-1.53061e-87
0.6454 	-1.18127e-87
0.6461 	-5.69559e-88
0.6468 	-4.38386e-88
0.6475 	-4.38268e-88
0.6482 	-4.3815e-88
0.6489 	-4.38032e-88
0.6496 	-4.37913e-88
0.6503 	-3.62348e-88
0.651 	-1.85934e-88
0.6517 	-1.22906e-88
0.6524 	-1.22871e-88
0.6531 	-1.22837e-88
0.6538 	-1.22802e-88
0.6545 	-1.22767e-88
0.6552 	-1.08526e-88
0.6559 	-5.86625e-89
0.6566 	-3.37257e-89
0.6573 	-3.37158e-89
0.658 	-3.37058e-89
0.6587 	-3.36959e-89
0.6594 	-3.3686e-89
0.6601 	-3.1713e-89
0.6608 	-1.7903e-89
0.6615 	-9.02409e-90
0.6622 	-9.02133e-90
0.6629 	-9.01857e-90
0.6636 	-9.01581e-90
0.6643 	-9.01306e-90
0.665 	-9.01338e-90
0.6657 	-5.27256e-90
0.6664 	-2.33381e-90
0.6671 	-2.33307e-90
0.6678 	-2.33233e-90
0.6685 	-2.33159e-90
0.6692 	-2.33085e-90
0.6699 	-2.33011e-90
0.6706 	-1.48705e-90
0.6713 	-5.73188e-91
0.672 	-5.72998e-91
0.6727 	-5.72808e-91
0.6734 	-5.72618e-91
0.6741 	-5.72428e-91
0.6748 	-5.72238e-91
0.6755 	-3.95252e-91
0.6762 	-1.47336e-91
0.6769 	-1.29586e-91
0.6776 	-1.2954e-91
0.6783 	-1.29494e-91
0.679 	-1.29448e-91
0.6797 	-1.29402e-91
0.6804 	-9.62261e-92
0.6811 	-3.81409e-92
0.6818 	-2.56861e-92
0.6825 	-2.5676e-92
0.6832 	-2.56659e-92
0.6839 	-2.56557e-92
0.6846 	-2.56456e-92
0.6853 	-2.04834e-92
0.686 	-8.4348e-93
0.6867 	-4.13046e-93
0.6874 	-4.12852e-93
0.6881 	-4.12658e-93
0.6888 	-4.12464e-93
0.6895 	-4.1227e-93
0.6902 	-3.53851e-93
0.6909 	-1.49436e-93
0.6916 	-4.72139e-94
0.6923 	-4.71841e-94
0.693 	-4.71543e-94
0.6937 	-4.71245e-94
0.6944 	-4.70947e-94
0.6951 	-4.33198e-94
0.6958 	-1.69622e-94
0.6965 	-1.6927e-97
0.6972 	-1.37591e-97
0.6979 	-1.05911e-97
0.6986 	-7.42312e-98
0.6993 	-4.25515e-98
0.7 	-1.08911e-98
