0 	1
0.0007 	1
0.0014 	1
0.0021 	1
0.0028 	1
0.0035 	1
0.0042 	1
0.0049 	1
0.0056 	1
0.0063 	1
0.007 	1
0.0077 	1
0.0084 	1
0.0091 	1
0.0098 	1
0.0105 	1
0.0112 	1
0.0119 	1
0.0126 	1
0.0133 	1
0.014 	1
0.0147 	1
0.0154 	1
0.0161 	1
0.0168 	1
0.0175 	1
0.0182 	1
0.0189 	1
0.0196 	1
0.0203 	1
0.021 	1
0.0217 	1
0.0224 	1
0.0231 	1
0.0238 	1
0.0245 	1
0.0252 	1
0.0259 	1
0.0266 	1
0.0273 	1
0.028 	1
0.0287 	1
0.0294 	1
0.0301 	1
0.0308 	1
0.0315 	1
0.0322 	1
0.0329 	1
0.0336 	1
0.0343 	1
0.035 	1
0.0357 	1
0.0364 	1
0.0371 	1
0.0378 	1
0.0385 	1
0.0392 	1
0.0399 	1
0.0406 	1
0.0413 	1
0.042 	1
0.0427 	1
0.0434 	1
0.0441 	1
0.0448 	1
0.0455 	1
0.0462 	1
0.0469 	1
0.0476 	1
0.0483 	1
0.049 	1
0.0497 	1
0.0504 	1
0.0511 	1
0.0518 	1
0.0525 	1
0.0532 	1
0.0539 	1
0.0546 	1
0.0553 	1
0.056 	1
0.0567 	1
0.0574 	1
0.0581 	1
0.0588 	1
0.0595 	1
0.0602 	1
0.0609 	1
0.0616 	1
0.0623 	1
0.063 	1
0.0637 	1
0.0644 	1
0.0651 	1
0.0658 	1
0.0665 	1
0.0672 	1
0.0679 	1
0.0686 	1
0.0693 	1
0.07 	1
0.0707 	1
0.0714 	1
0.0721 	1
0.0728 	1
0.0735 	1
0.0742 	1
0.0749 	1
0.0756 	1
0.0763 	1
0.077 	1
0.0777 	1
0.0784 	1
0.0791 	1
0.0798 	1
0.0805 	1
0.0812 	1
0.0819 	1
0.0826 	1
0.0833 	1
0.084 	1
0.0847 	1
0.0854 	1
0.0861 	1
0.0868 	1
0.0875 	1
0.0882 	1
0.0889 	1
0.0896 	1
0.0903 	1
0.091 	1
0.0917 	1
0.0924 	1
0.0931 	1
0.0938 	1
0.0945 	1
0.0952 	1
0.0959 	1
0.0966 	1
0.0973 	1
0.098 	1
0.0987 	1
0.0994 	1
0.1001 	1
0.1008 	1
0.1015 	1
0.1022 	1
0.1029 	1
0.1036 	1
0.1043 	1
0.105 	1
0.1057 	1
0.1064 	1
0.1071 	1
0.1078 	1
0.1085 	1
0.1092 	1
0.1099 	1
0.1106 	1
0.1113 	1
0.112 	1
0.1127 	1
0.1134 	1
0.1141 	1
0.1148 	1
0.1155 	1
0.1162 	1
0.1169 	1
0.1176 	1
0.1183 	1
0.119 	1
0.1197 	1
0.1204 	1
0.1211 	1
0.1218 	1
0.1225 	1
0.1232 	1
0.1239 	1
0.1246 	1
0.1253 	1
0.126 	1
0.1267 	1
0.1274 	1
0.1281 	1
0.1288 	1
0.1295 	1
0.1302 	1
0.1309 	1
0.1316 	1
0.1323 	1
0.133 	1
0.1337 	1
0.1344 	1
0.1351 	1
0.1358 	1
0.1365 	1
0.1372 	1
0.1379 	1
0.1386 	1
0.1393 	1
0.14 	1
0.1407 	1
0.1414 	1
0.1421 	1
0.1428 	1
0.1435 	1
0.1442 	1
0.1449 	1
0.1456 	1
0.1463 	1
0.147 	1
0.1477 	1
0.1484 	1
0.1491 	1
0.1498 	1
0.1505 	1
0.1512 	1
0.1519 	1
0.1526 	1
0.1533 	1
0.154 	1
0.1547 	1
0.1554 	1
0.1561 	1
0.1568 	1
0.1575 	1
0.1582 	1
0.1589 	1
0.1596 	1
0.1603 	1
0.161 	1
0.1617 	1
0.1624 	1
0.1631 	1
0.1638 	1
0.1645 	1
0.1652 	1
0.1659 	1
0.1666 	1
0.1673 	1
0.168 	1
0.1687 	1
0.1694 	1
0.1701 	1
0.1708 	1
0.1715 	1
0.1722 	1
0.1729 	1
0.1736 	1
0.1743 	1
0.175 	1
0.1757 	1
0.1764 	1
0.1771 	1
0.1778 	1
0.1785 	1
0.1792 	1
0.1799 	1
0.1806 	1
0.1813 	1
0.182 	1
0.1827 	1
0.1834 	1
0.1841 	1
0.1848 	1
0.1855 	1
0.1862 	1
0.1869 	1
0.1876 	1
0.1883 	1
0.189 	1
0.1897 	1
0.1904 	1
0.1911 	1
0.1918 	1
0.1925 	1
0.1932 	1
0.1939 	1
0.1946 	1
0.1953 	1
0.196 	1
0.1967 	1
0.1974 	1
0.1981 	1
0.1988 	1
0.1995 	1
0.2002 	1
0.2009 	1
0.2016 	1
0.2023 	1
0.203 	1
0.2037 	1
0.2044 	1
0.2051 	1
0.2058 	1
0.2065 	1
0.2072 	1
0.2079 	1
0.2086 	1
0.2093 	1
0.21 	1
0.2107 	1
0.2114 	1
0.2121 	1
0.2128 	1
0.2135 	1
0.2142 	1
0.2149 	1
0.2156 	0.999999
0.2163 	0.999999
0.217 	0.999998
0.2177 	0.999997
0.2184 	0.999996
0.2191 	0.999995
0.2198 	0.999995
0.2205 	0.999861
0.2212 	0.999675
0.2219 	0.999489
0.2226 	0.999302
0.2233 	0.999116
0.224 	0.998929
0.2247 	0.998743
0.2254 	0.99507
0.2261 	0.988781
0.2268 	0.982492
0.2275 	0.976202
0.2282 	0.969913
0.2289 	0.963624
0.2296 	0.957335
0.2303 	0.936069
0.231 	0.89483
0.2317 	0.85359
0.2324 	0.812351
0.2331 	0.771111
0.2338 	0.729872
0.2345 	0.688632
0.2352 	0.641489
0.2359 	0.579611
0.2366 	0.517733
0.2373 	0.455855
0.238 	0.393977
0.2387 	0.3321
0.2394 	0.270222
0.2401 	0.213112
0.2408 	0.18461
0.2415 	0.156108
0.2422 	0.127606
0.2429 	0.0991036
0.2436 	0.0706015
0.2443 	0.0420995
0.245 	0.0136015
0.2457 	0.0117729
0.2464 	0.00994445
0.2471 	0.00811599
0.2478 	0.00628753
0.2485 	0.00445907
0.2492 	0.00263061
0.2499 	0.000802154
0.2506 	0.000479572
0.2513 	0.000407657
0.252 	0.000335741
0.2527 	0.000263825
0.2534 	0.000191908
0.2541 	0.000119992
0.2548 	4.80758e-05
0.2555 	2.49221e-05
0.2562 	2.12587e-05
0.2569 	1.75952e-05
0.2576 	1.39318e-05
0.2583 	1.02684e-05
0.259 	6.60497e-06
0.2597 	2.94155e-06
0.2604 	1.26756e-06
0.2611 	1.08468e-06
0.2618 	9.01823e-07
0.2625 	7.18966e-07
0.2632 	5.36108e-07
0.2639 	3.5325e-07
0.2646 	1.70393e-07
0.2653 	6.21535e-08
0.266 	5.33406e-08
0.2667 	4.45293e-08
0.2674 	3.57187e-08
0.2681 	2.69082e-08
0.2688 	1.80977e-08
0.2695 	9.28714e-09
0.2702 	2.88099e-09
0.2709 	2.48102e-09
0.2716 	2.08116e-09
0.2723 	1.68143e-09
0.273 	1.28169e-09
0.2737 	8.81959e-10
0.2744 	4.82224e-10
0.2751 	1.37143e-10
0.2758 	1.19552e-10
0.2765 	1.01967e-10
0.2772 	8.43944e-11
0.2779 	6.68218e-11
0.2786 	4.92492e-11
0.2793 	3.16766e-11
0.28 	1.41067e-11
0.2807 	1.28672e-11
0.2814 	1.16282e-11
0.2821 	1.03906e-11
0.2828 	9.15293e-12
0.2835 	7.9153e-12
0.2842 	6.67766e-12
0.2849 	5.44003e-12
0.2856 	4.98236e-12
0.2863 	4.65452e-12
0.287 	4.32688e-12
0.2877 	3.99924e-12
0.2884 	3.6716e-12
0.2891 	3.34397e-12
0.2898 	3.01633e-12
0.2905 	2.77412e-12
0.2912 	2.56608e-12
0.2919 	2.35802e-12
0.2926 	2.14996e-12
0.2933 	1.9419e-12
0.294 	1.73384e-12
0.2947 	1.52578e-12
0.2954 	1.36511e-12
0.2961 	1.23998e-12
0.2968 	1.11485e-12
0.2975 	9.89721e-13
0.2982 	8.64591e-13
0.2989 	7.3946e-13
0.2996 	6.1433e-13
0.3003 	5.203e-13
0.301 	4.67722e-13
0.3017 	4.1515e-13
0.3024 	3.62582e-13
0.3031 	3.10014e-13
0.3038 	2.57445e-13
0.3045 	2.04877e-13
0.3052 	1.62487e-13
0.3059 	1.4553e-13
0.3066 	1.28575e-13
0.3073 	1.1162e-13
0.308 	9.46651e-14
0.3087 	7.77104e-14
0.3094 	6.07556e-14
0.3101 	4.55311e-14
0.3108 	4.06777e-14
0.3115 	3.58241e-14
0.3122 	3.09699e-14
0.3129 	2.61157e-14
0.3136 	2.12616e-14
0.3143 	1.64074e-14
0.315 	1.15539e-14
0.3157 	1.02847e-14
0.3164 	9.01551e-15
0.3171 	7.74592e-15
0.3178 	6.47633e-15
0.3185 	5.20674e-15
0.3192 	3.93715e-15
0.3199 	2.66756e-15
0.3206 	2.24153e-15
0.3213 	1.95591e-15
0.322 	1.67013e-15
0.3227 	1.38434e-15
0.3234 	1.09855e-15
0.3241 	8.12763e-16
0.3248 	5.26975e-16
0.3255 	4.07472e-16
0.3262 	3.54433e-16
0.3269 	3.01347e-16
0.3276 	2.48258e-16
0.3283 	1.95169e-16
0.329 	1.42079e-16
0.3297 	8.89901e-17
0.3304 	6.15971e-17
0.3311 	5.34637e-17
0.3318 	4.53215e-17
0.3325 	3.71769e-17
0.3332 	2.90324e-17
0.3339 	2.08878e-17
0.3346 	1.27433e-17
0.3353 	7.65293e-18
0.336 	6.63207e-18
0.3367 	5.60996e-18
0.3374 	4.58716e-18
0.3381 	3.56437e-18
0.3388 	2.54157e-18
0.3395 	1.51878e-18
0.3402 	7.59251e-19
0.3409 	6.57337e-19
0.3416 	5.55293e-19
0.3423 	4.53119e-19
0.343 	3.50944e-19
0.3437 	2.4877e-19
0.3444 	1.46595e-19
0.3451 	5.79207e-20
0.3458 	5.01276e-20
0.3465 	4.23249e-20
0.3472 	3.45052e-20
0.3479 	2.66854e-20
0.3486 	1.88656e-20
0.3493 	1.10458e-20
0.35 	3.2275e-21
0.3507 	2.79435e-21
0.3514 	2.36083e-21
0.3521 	1.92575e-21
0.3528 	1.49067e-21
0.3535 	1.05559e-21
0.3542 	6.2051e-22
0.3549 	1.8543e-22
0.3556 	1.0908e-22
0.3563 	9.24159e-23
0.357 	7.56532e-23
0.3577 	5.88905e-23
0.3584 	4.21278e-23
0.3591 	2.53651e-23
0.3598 	8.60241e-24
0.3605 	3.45659e-24
0.3612 	2.95295e-24
0.3619 	2.4451e-24
0.3626 	1.93692e-24
0.3633 	1.42874e-24
0.364 	9.20565e-25
0.3647 	4.12387e-25
0.3654 	1.80335e-25
0.3661 	1.5521e-25
0.3668 	1.29879e-25
0.3675 	1.04491e-25
0.3682 	7.91024e-26
0.3689 	5.37143e-26
0.3696 	2.83262e-26
0.3703 	1.30349e-26
0.371 	1.11955e-26
0.3717 	9.34309e-27
0.3724 	7.48342e-27
0.3731 	5.62374e-27
0.3738 	3.76406e-27
0.3745 	1.90438e-27
0.3752 	5.54071e-28
0.3759 	4.75905e-28
0.3766 	3.97255e-28
0.3773 	3.18119e-28
0.378 	2.38984e-28
0.3787 	1.59848e-28
0.3794 	8.07123e-29
0.3801 	1.26451e-29
0.3808 	1.08751e-29
0.3815 	9.09621e-30
0.3822 	7.30146e-30
0.3829 	5.50671e-30
0.3836 	3.71196e-30
0.3843 	1.9172e-30
0.385 	1.22837e-31
0.3857 	1.05885e-31
0.3864 	8.88742e-32
0.3871 	7.16385e-32
0.3878 	5.44028e-32
0.3885 	3.71671e-32
0.3892 	1.99314e-32
0.3899 	2.69575e-33
0.3906 	2.09245e-34
0.3913 	1.76514e-34
0.392 	1.43127e-34
0.3927 	1.0974e-34
0.3934 	7.63525e-35
0.3941 	4.29654e-35
0.3948 	9.5782e-36
0.3955 	4.18041e-38
0.3962 	3.5449e-38
0.3969 	2.89296e-38
0.3976 	2.23975e-38
0.3983 	1.58654e-38
0.399 	9.33333e-39
0.3997 	2.80125e-39
0.4004 	2.98152e-42
0.4011 	2.54081e-42
0.4018 	2.08832e-42
0.4025 	1.63261e-42
0.4032 	1.1769e-42
0.4039 	7.21189e-43
0.4046 	2.65481e-43
0.4053 	4.87985e-45
0.406 	4.18651e-45
0.4067 	3.46842e-45
0.4074 	2.73658e-45
0.4081 	2.00474e-45
0.4088 	1.2729e-45
0.4095 	5.41064e-46
0.4102 	1.77789e-47
0.4109 	1.53108e-47
0.4116 	1.2765e-47
0.4123 	1.01413e-47
0.413 	7.51764e-48
0.4137 	4.89396e-48
0.4144 	2.27028e-48
0.4151 	2.15922e-50
0.4158 	1.86592e-50
0.4165 	1.56557e-50
0.4172 	1.25252e-50
0.4179 	9.39477e-51
0.4186 	6.26431e-51
0.4193 	3.13385e-51
0.42 	4.10208e-54
0.4207 	3.55614e-54
0.4214 	3.00215e-54
0.4221 	2.41844e-54
0.4228 	1.83473e-54
0.4235 	1.25101e-54
0.4242 	6.67301e-55
0.4249 	8.3588e-56
0.4256 	2.96197e-58
0.4263 	2.51394e-58
0.427 	2.03836e-58
0.4277 	1.56278e-58
0.4284 	1.0872e-58
0.4291 	6.11614e-59
0.4298 	1.36032e-59
0.4305 	2.36015e-62
0.4312 	2.01164e-62
0.4319 	1.6424e-62
0.4326 	1.27156e-62
0.4333 	9.00719e-63
0.434 	5.29879e-63
0.4347 	1.59039e-63
0.4354 	1.78826e-66
0.4361 	1.52925e-66
0.4368 	1.2576e-66
0.4375 	9.82519e-67
0.4382 	7.07434e-67
0.4389 	4.32348e-67
0.4396 	1.57263e-67
0.4403 	1.28113e-70
0.441 	1.09911e-70
0.4417 	9.1001e-71
0.4424 	7.16987e-71
0.4431 	5.23964e-71
0.4438 	3.30941e-71
0.4445 	1.37918e-71
0.4452 	8.69107e-75
0.4459 	7.47943e-75
0.4466 	6.23209e-75
0.4473 	4.94907e-75
0.448 	3.66605e-75
0.4487 	2.38302e-75
0.4494 	1.1e-75
0.4501 	5.61272e-79
0.4508 	4.84475e-79
0.4515 	4.06099e-79
0.4522 	3.24883e-79
0.4529 	2.43666e-79
0.4536 	1.62449e-79
0.4543 	8.12321e-80
0.455 	3.46262e-83
0.4557 	2.99744e-83
0.4564 	2.52671e-83
0.4571 	2.03542e-83
0.4578 	1.54413e-83
0.4585 	1.05285e-83
0.4592 	5.61557e-84
0.4599 	7.02676e-85
0.4606 	1.77984e-87
0.4613 	1.50832e-87
0.462 	1.22297e-87
0.4627 	9.37618e-88
0.4634 	6.5227e-88
0.4641 	3.66921e-88
0.4648 	8.15718e-89
0.4655 	1.01448e-91
0.4662 	8.63361e-92
0.4669 	7.04739e-92
0.4676 	5.45539e-92
0.4683 	3.86339e-92
0.469 	2.27139e-92
0.4697 	6.79385e-93
0.4704 	-2.40866e-95
0.4711 	-2.22049e-95
0.4718 	-2.24749e-95
0.4725 	-2.33316e-95
0.4732 	-2.41884e-95
0.4739 	-2.50451e-95
0.4746 	-2.59019e-95
0.4753 	-2.4842e-95
0.476 	-2.12252e-95
0.4767 	-1.99331e-95
0.4774 	-1.99327e-95
0.4781 	-1.99323e-95
0.4788 	-1.99319e-95
0.4795 	-1.99315e-95
0.4802 	-1.90351e-95
0.4809 	-1.58958e-95
0.4816 	-1.43259e-95
0.4823 	-1.43253e-95
0.483 	-1.43247e-95
0.4837 	-1.43242e-95
0.4844 	-1.43236e-95
0.4851 	-1.39634e-95
0.4858 	-1.1441e-95
0.4865 	-9.81926e-96
0.4872 	-9.81878e-96
0.4879 	-9.8183e-96
0.4886 	-9.81782e-96
0.4893 	-9.81734e-96
0.49 	-9.81822e-96
0.4907 	-7.91949e-96
0.4914 	-6.42825e-96
0.4921 	-6.42787e-96
0.4928 	-6.42749e-96
0.4935 	-6.42711e-96
0.4942 	-6.42673e-96
0.4949 	-6.42635e-96
0.4956 	-5.27363e-96
0.4963 	-4.02453e-96
0.497 	-4.02425e-96
0.4977 	-4.02397e-96
0.4984 	-4.02368e-96
0.4991 	-4.0234e-96
0.4998 	-4.02312e-96
0.5005 	-3.37895e-96
0.5012 	-2.47691e-96
0.5019 	-2.4123e-96
0.5026 	-2.4121e-96
0.5033 	-2.4119e-96
0.504 	-2.41171e-96
0.5047 	-2.41151e-96
0.5054 	-2.08347e-96
0.5061 	-1.50929e-96
0.5068 	-1.38615e-96
0.5075 	-1.38602e-96
0.5082 	-1.38589e-96
0.5089 	-1.38576e-96
0.5096 	-1.38563e-96
0.5103 	-1.23655e-96
0.511 	-8.88685e-97
0.5117 	-7.64394e-97
0.5124 	-7.64313e-97
0.5131 	-7.64231e-97
0.5138 	-7.6415e-97
0.5145 	-7.64069e-97
0.5152 	-7.06613e-97
0.5159 	-5.05545e-97
0.5166 	-4.04987e-97
0.5173 	-4.04939e-97
0.518 	-4.0489e-97
0.5187 	-4.04842e-97
0.5194 	-4.04793e-97
0.5201 	-3.88908e-97
0.5208 	-2.77808e-97
0.5215 	-2.06377e-97
0.5222 	-2.0635e-97
0.5229 	-2.06322e-97
0.5236 	-2.06294e-97
0.5243 	-2.06267e-97
0.525 	-2.06269e-97
0.5257 	-1.47461e-97
0.5264 	-1.01263e-97
0.5271 	-1.01248e-97
0.5278 	-1.01233e-97
0.5285 	-1.01218e-97
0.5292 	-1.01203e-97
0.5299 	-1.01188e-97
0.5306 	-7.56095e-98
0.5313 	-4.78929e-98
0.532 	-4.78851e-98
0.5327 	-4.78773e-98
0.5334 	-4.78695e-98
0.5341 	-4.78617e-98
0.5348 	-4.78539e-98
0.5355 	-3.74557e-98
0.5362 	-2.28961e-98
0.5369 	-2.18525e-98
0.5376 	-2.18486e-98
0.5383 	-2.18447e-98
0.539 	-2.18408e-98
0.5397 	-2.18369e-98
0.5404 	-1.7932e-98
0.5411 	-1.10982e-98
0.5418 	-9.63235e-99
0.5425 	-9.63049e-99
0.5432 	-9.62863e-99
0.5439 	-9.62677e-99
0.5446 	-9.62491e-99
0.5453 	-8.30011e-99
0.546 	-5.20952e-99
0.5467 	-4.10519e-99
0.5474 	-4.10433e-99
0.5481 	-4.10347e-99
0.5488 	-4.10262e-99
0.5495 	-4.10176e-99
0.5502 	-3.71621e-99
0.5509 	-2.36772e-99
0.5516 	-1.69328e-99
0.5523 	-1.6929e-99
0.553 	-1.69252e-99
0.5537 	-1.69214e-99
0.5544 	-1.69176e-99
0.5551 	-1.61039e-99
0.5558 	-1.04203e-99
0.5565 	-6.76606e-100
0.5572 	-6.76444e-100
0.5579 	-6.76281e-100
0.5586 	-6.76119e-100
0.5593 	-6.75957e-100
0.56 	-6.75894e-100
0.5607 	-4.44192e-100
0.5614 	-2.62156e-100
0.5621 	-2.62089e-100
0.5628 	-2.62022e-100
0.5635 	-2.61956e-100
0.5642 	-2.61889e-100
0.5649 	-2.61822e-100
0.5656 	-1.83475e-100
0.5663 	-9.8582e-101
0.567 	-9.85554e-101
0.5677 	-9.85287e-101
0.5684 	-9.85021e-101
0.5691 	-9.84754e-101
0.5698 	-9.84487e-101
0.5705 	-7.34742e-101
0.5712 	-3.85078e-101
0.5719 	-3.60007e-101
0.5726 	-3.59904e-101
0.5733 	-3.59801e-101
0.574 	-3.59699e-101
0.5747 	-3.59596e-101
0.5754 	-2.85441e-101
0.5761 	-1.55689e-101
0.5768 	-1.27855e-101
0.5775 	-1.27817e-101
0.5782 	-1.27778e-101
0.5789 	-1.2774e-101
0.5796 	-1.27701e-101
0.5803 	-1.07652e-101
0.581 	-6.08929e-102
0.5817 	-4.41842e-102
0.5824 	-4.41703e-102
0.5831 	-4.41564e-102
0.5838 	-4.41425e-102
0.5845 	-4.41286e-102
0.5852 	-3.94429e-102
0.5859 	-2.30628e-102
0.5866 	-1.48702e-102
0.5873 	-1.48653e-102
0.588 	-1.48605e-102
0.5887 	-1.48556e-102
0.5894 	-1.48507e-102
0.5901 	-1.40504e-102
0.5908 	-8.4674e-103
0.5915 	-4.87774e-103
0.5922 	-4.87607e-103
0.5929 	-4.87441e-103
0.5936 	-4.87274e-103
0.5943 	-4.87107e-103
0.595 	-4.87012e-103
0.5957 	-3.0168e-103
0.5964 	-1.56068e-103
0.5971 	-1.56013e-103
0.5978 	-1.55957e-103
0.5985 	-1.55902e-103
0.5992 	-1.55846e-103
0.5999 	-1.55791e-103
0.6006 	-1.04414e-103
0.6013 	-4.87462e-104
0.602 	-4.87283e-104
0.6027 	-4.87104e-104
0.6034 	-4.86925e-104
0.6041 	-4.86745e-104
0.6048 	-4.86566e-104
0.6055 	-3.51434e-104
0.6062 	-1.6225e-104
0.6069 	-1.48685e-104
0.6076 	-1.48628e-104
0.6083 	-1.48572e-104
0.609 	-1.48515e-104
0.6097 	-1.48459e-104
0.6104 	-1.15144e-104
0.6111 	-5.68585e-105
0.6118 	-4.43551e-105
0.6125 	-4.43378e-105
0.6132 	-4.43204e-105
0.6139 	-4.43031e-105
0.6146 	-4.42858e-105
0.6153 	-3.67611e-105
0.616 	-1.92157e-105
0.6167 	-1.29461e-105
0.6174 	-1.29409e-105
0.6181 	-1.29357e-105
0.6188 	-1.29305e-105
0.6195 	-1.29253e-105
0.6202 	-1.14474e-105
0.6209 	-6.28279e-106
0.6216 	-3.69973e-106
0.6223 	-3.69821e-106
0.623 	-3.69669e-106
0.6237 	-3.69517e-106
0.6244 	-3.69364e-106
0.6251 	-3.48021e-106
0.6258 	-1.99249e-106
0.6265 	-1.03595e-106
0.6272 	-1.03552e-106
0.6279 	-1.03508e-106
0.6286 	-1.03465e-106
0.6293 	-1.03421e-106
0.63 	-1.03393e-106
0.6307 	-6.14191e-107
0.6314 	-2.84404e-107
0.6321 	-2.84282e-107
0.6328 	-2.8416e-107
0.6335 	-2.84038e-107
0.6342 	-2.83916e-107
0.6349 	-2.83794e-107
0.6356 	-1.8435e-107
0.6363 	-7.66006e-108
0.637 	-7.65671e-108
0.6377 	-7.65336e-108
0.6384 	-7.65001e-108
0.6391 	-7.64666e-108
0.6398 	-7.64331e-108
0.6405 	-5.39599e-108
0.6412 	-2.24989e-108
0.6419 	-2.02433e-108
0.6426 	-2.02343e-108
0.6433 	-2.02253e-108
0.644 	-2.02163e-108
0.6447 	-2.02073e-108
0.6454 	-1.54225e-108
0.6461 	-7.05186e-109
0.6468 	-5.2563e-109
0.6475 	-5.25392e-109
0.6482 	-5.25154e-109
0.6489 	-5.24916e-109
0.6496 	-5.24679e-109
0.6503 	-4.30889e-109
0.651 	-2.12225e-109
0.6517 	-1.34091e-109
0.6524 	-1.34029e-109
0.6531 	-1.33968e-109
0.6538 	-1.33906e-109
0.6545 	-1.33844e-109
0.6552 	-1.17784e-109
0.6559 	-6.16758e-110
0.6566 	-3.36136e-110
0.6573 	-3.35978e-110
0.658 	-3.3582e-110
0.6587 	-3.35662e-110
0.6594 	-3.35504e-110
0.6601 	-3.15197e-110
0.6608 	-1.73729e-110
0.6615 	-8.2771e-111
0.6622 	-8.27311e-111
0.6629 	-8.26913e-111
0.6636 	-8.26515e-111
0.6643 	-8.26116e-111
0.665 	-8.25843e-111
0.6657 	-4.75278e-111
0.6664 	-1.99836e-111
0.6671 	-1.99737e-111
0.6678 	-1.99639e-111
0.6685 	-1.9954e-111
0.6692 	-1.99441e-111
0.6699 	-1.99342e-111
0.6706 	-1.2623e-111
0.6713 	-4.70129e-112
0.672 	-4.69888e-112
0.6727 	-4.69648e-112
0.6734 	-4.69407e-112
0.6741 	-4.69166e-112
0.6748 	-4.68925e-112
0.6755 	-3.23749e-112
0.6762 	-1.20521e-112
0.6769 	-1.05952e-112
0.6776 	-1.05895e-112
0.6783 	-1.05837e-112
0.679 	-1.0578e-112
0.6797 	-1.05722e-112
0.6804 	-7.89474e-113
0.6811 	-3.21123e-113
0.6818 	-2.20658e-113
0.6825 	-2.20526e-113
0.6832 	-2.20394e-113
0.6839 	-2.20262e-113
0.6846 	-2.2013e-113
0.6853 	-1.7674e-113
0.686 	-7.56101e-114
0.6867 	-3.94741e-114
0.6874 	-3.94457e-114
0.6881 	-3.94173e-114
0.6888 	-3.93889e-114
0.6895 	-3.93605e-114
0.6902 	-3.38971e-114
0.6909 	-1.48282e-114
0.6916 	-5.29106e-115
0.6923 	-5.28576e-115
0.693 	-5.28045e-115
0.6937 	-5.27515e-115
0.6944 	-5.26984e-115
0.6951 	-4.84515e-115
0.6958 	-1.89856e-115
0.6965 	-4.05619e-118
0.6972 	-3.31677e-118
0.6979 	-2.57735e-118
0.6986 	-1.83792e-118
0.6993 	-1.0985e-118
0.7 	-3.59297e-119
