0 	1
0.0007 	1
0.0014 	1
0.0021 	1
0.0028 	1
0.0035 	1
0.0042 	1
0.0049 	1
0.0056 	1
0.0063 	1
0.007 	1
0.0077 	1
0.0084 	1
0.0091 	1
0.0098 	1
0.0105 	1
0.0112 	1
0.0119 	1
0.0126 	1
0.0133 	1
0.014 	1
0.0147 	1
0.0154 	1
0.0161 	1
0.0168 	1
0.0175 	1
0.0182 	1
0.0189 	1
0.0196 	1
0.0203 	1
0.021 	1
0.0217 	1
0.0224 	1
0.0231 	1
0.0238 	1
0.0245 	1
0.0252 	1
0.0259 	1
0.0266 	1
0.0273 	1
0.028 	1
0.0287 	1
0.0294 	1
0.0301 	1
0.0308 	1
0.0315 	1
0.0322 	1
0.0329 	1
0.0336 	1
0.0343 	1
0.035 	1
0.0357 	1
0.0364 	1
0.0371 	1
0.0378 	1
0.0385 	1
0.0392 	1
0.0399 	1
0.0406 	1
0.0413 	1
0.042 	1
0.0427 	1
0.0434 	1
0.0441 	1
0.0448 	1
0.0455 	1
0.0462 	1
0.0469 	1
0.0476 	1
0.0483 	1
0.049 	1
0.0497 	1
0.0504 	1
0.0511 	1
0.0518 	1
0.0525 	1
0.0532 	1
0.0539 	1
0.0546 	1
0.0553 	1
0.056 	1
0.0567 	1
0.0574 	1
0.0581 	1
0.0588 	1
0.0595 	1
0.0602 	1
0.0609 	1
0.0616 	1
0.0623 	1
0.063 	1
0.0637 	1
0.0644 	1
0.0651 	1
0.0658 	1
0.0665 	1
0.0672 	1
0.0679 	1
0.0686 	1
0.0693 	1
0.07 	1
0.0707 	1
0.0714 	1
0.0721 	1
0.0728 	1
0.0735 	1
0.0742 	1
0.0749 	1
0.0756 	1
0.0763 	1
0.077 	1
0.0777 	1
0.0784 	1
0.0791 	1
0.0798 	1
0.0805 	1
0.0812 	1
0.0819 	1
0.0826 	1
0.0833 	1
0.084 	1
0.0847 	1
0.0854 	1
0.0861 	1
0.0868 	1
0.0875 	1
0.0882 	1
0.0889 	1
0.0896 	1
0.0903 	1
0.091 	1
0.0917 	1
0.0924 	1
0.0931 	1
0.0938 	1
0.0945 	1
0.0952 	1
0.0959 	1
0.0966 	1
0.0973 	1
0.098 	1
0.0987 	1
0.0994 	1
0.1001 	1
0.1008 	1
0.1015 	1
0.1022 	1
0.1029 	1
0.1036 	1
0.1043 	1
0.105 	1
0.1057 	1
0.1064 	1
0.1071 	1
0.1078 	1
0.1085 	1
0.1092 	1
0.1099 	1
0.1106 	1
0.1113 	1
0.112 	1
0.1127 	1
0.1134 	1
0.1141 	1
0.1148 	1
0.1155 	1
0.1162 	1
0.1169 	1
0.1176 	1
0.1183 	1
0.119 	1
0.1197 	1
0.1204 	1
0.1211 	1
0.1218 	1
0.1225 	1
0.1232 	1
0.1239 	1
0.1246 	1
0.1253 	1
0.126 	1
0.1267 	1
0.1274 	1
0.1281 	1
0.1288 	1
0.1295 	1
0.1302 	1
0.1309 	1
0.1316 	1
0.1323 	1
0.133 	1
0.1337 	1
0.1344 	1
0.1351 	1
0.1358 	1
0.1365 	1
0.1372 	1
0.1379 	1
0.1386 	1
0.1393 	1
0.14 	1
0.1407 	1
0.1414 	1
0.1421 	1
0.1428 	1
0.1435 	1
0.1442 	1
0.1449 	1
0.1456 	1
0.1463 	1
0.147 	1
0.1477 	1
0.1484 	1
0.1491 	1
0.1498 	1
0.1505 	1
0.1512 	1
0.1519 	1
0.1526 	1
0.1533 	1
0.154 	1
0.1547 	1
0.1554 	1
0.1561 	1
0.1568 	1
0.1575 	1
0.1582 	1
0.1589 	1
0.1596 	1
0.1603 	1
0.161 	1
0.1617 	1
0.1624 	1
0.1631 	1
0.1638 	1
0.1645 	1
0.1652 	1
0.1659 	1
0.1666 	1
0.1673 	1
0.168 	1
0.1687 	1
0.1694 	1
0.1701 	1
0.1708 	1
0.1715 	1
0.1722 	1
0.1729 	1
0.1736 	1
0.1743 	1
0.175 	1
0.1757 	1
0.1764 	1
0.1771 	1
0.1778 	1
0.1785 	1
0.1792 	1
0.1799 	1
0.1806 	1
0.1813 	1
0.182 	1
0.1827 	1
0.1834 	1
0.1841 	1
0.1848 	1
0.1855 	1
0.1862 	1
0.1869 	1
0.1876 	1
0.1883 	1
0.189 	1
0.1897 	1
0.1904 	1
0.1911 	1
0.1918 	1
0.1925 	1
0.1932 	1
0.1939 	1
0.1946 	1
0.1953 	1
0.196 	1
0.1967 	1
0.1974 	1
0.1981 	1
0.1988 	1
0.1995 	1
0.2002 	1
0.2009 	1
0.2016 	1
0.2023 	1
0.203 	1
0.2037 	1
0.2044 	1
0.2051 	1
0.2058 	1
0.2065 	1
0.2072 	1
0.2079 	1
0.2086 	1
0.2093 	1
0.21 	1
0.2107 	1
0.2114 	1
0.2121 	1
0.2128 	1
0.2135 	1
0.2142 	1
0.2149 	1
0.2156 	1
0.2163 	1
0.217 	1
0.2177 	1
0.2184 	1
0.2191 	1
0.2198 	1
0.2205 	1
0.2212 	1
0.2219 	1
0.2226 	1
0.2233 	1
0.224 	1
0.2247 	1
0.2254 	1
0.2261 	1
0.2268 	1
0.2275 	1
0.2282 	1
0.2289 	1
0.2296 	1
0.2303 	1
0.231 	1
0.2317 	1
0.2324 	1
0.2331 	1
0.2338 	1
0.2345 	1
0.2352 	1
0.2359 	1
0.2366 	1
0.2373 	1
0.238 	1
0.2387 	1
0.2394 	1
0.2401 	1
0.2408 	1
0.2415 	1
0.2422 	1
0.2429 	1
0.2436 	1
0.2443 	1
0.245 	1
0.2457 	1
0.2464 	1
0.2471 	1
0.2478 	1
0.2485 	0.999999
0.2492 	0.999999
0.2499 	0.999999
0.2506 	0.999998
0.2513 	0.999997
0.252 	0.999995
0.2527 	0.999994
0.2534 	0.999993
0.2541 	0.999991
0.2548 	0.99999
0.2555 	0.999977
0.2562 	0.999956
0.2569 	0.999934
0.2576 	0.999912
0.2583 	0.999891
0.259 	0.999869
0.2597 	0.999847
0.2604 	0.999577
0.2611 	0.998845
0.2618 	0.998112
0.2625 	0.997379
0.2632 	0.996646
0.2639 	0.995913
0.2646 	0.995179
0.2653 	0.991665
0.266 	0.978617
0.2667 	0.965557
0.2674 	0.952492
0.2681 	0.939427
0.2688 	0.926362
0.2695 	0.913296
0.2702 	0.890725
0.2709 	0.83627
0.2716 	0.781805
0.2723 	0.727329
0.273 	0.672854
0.2737 	0.618379
0.2744 	0.563903
0.2751 	0.496826
0.2758 	0.43732
0.2765 	0.381052
0.2772 	0.324794
0.2779 	0.268536
0.2786 	0.212278
0.2793 	0.15602
0.28 	0.108815
0.2807 	0.0920533
0.2814 	0.0772653
0.2821 	0.0624945
0.2828 	0.0477238
0.2835 	0.0329531
0.2842 	0.0181823
0.2849 	0.00486192
0.2856 	0.00408373
0.2863 	0.00342933
0.287 	0.00277612
0.2877 	0.0021229
0.2884 	0.00146969
0.2891 	0.000816478
0.2898 	0.000163265
0.2905 	0.000120163
0.2912 	0.000100761
0.2919 	8.13952e-05
0.2926 	6.20326e-05
0.2933 	4.267e-05
0.294 	2.33075e-05
0.2947 	3.94487e-06
0.2954 	3.98252e-07
0.2961 	3.35118e-07
0.2968 	2.72154e-07
0.2975 	2.09238e-07
0.2982 	1.46321e-07
0.2989 	8.3404e-08
0.2996 	2.04872e-08
0.3003 	2.82172e-11
0.301 	2.50916e-11
0.3017 	2.19774e-11
0.3024 	1.88694e-11
0.3031 	1.57615e-11
0.3038 	1.26535e-11
0.3045 	9.54556e-12
0.3052 	8.48231e-12
0.3059 	8.87731e-12
0.3066 	9.27205e-12
0.3073 	9.66652e-12
0.308 	1.0061e-11
0.3087 	1.04555e-11
0.3094 	1.08499e-11
0.3101 	1.12359e-11
0.3108 	1.12672e-11
0.3115 	1.13054e-11
0.3122 	1.13434e-11
0.3129 	1.13814e-11
0.3136 	1.14194e-11
0.3143 	1.14574e-11
0.315 	1.14792e-11
0.3157 	1.10859e-11
0.3164 	1.07043e-11
0.3171 	1.03226e-11
0.3178 	9.94087e-12
0.3185 	9.55917e-12
0.3192 	9.17746e-12
0.3199 	8.76512e-12
0.3206 	8.08182e-12
0.3213 	7.48538e-12
0.322 	6.88924e-12
0.3227 	6.29309e-12
0.3234 	5.69695e-12
0.3241 	5.1008e-12
0.3248 	4.50466e-12
0.3255 	3.94753e-12
0.3262 	3.53104e-12
0.3269 	3.11498e-12
0.3276 	2.69894e-12
0.3283 	2.2829e-12
0.329 	1.86687e-12
0.3297 	1.45083e-12
0.3304 	1.20736e-12
0.3311 	1.05983e-12
0.3318 	9.1248e-13
0.3325 	7.65188e-13
0.3332 	6.17895e-13
0.3339 	4.70602e-13
0.3346 	3.2331e-13
0.3353 	2.51096e-13
0.336 	2.20314e-13
0.3367 	1.89574e-13
0.3374 	1.58858e-13
0.3381 	1.28141e-13
0.3388 	9.7425e-14
0.3395 	6.67088e-14
0.3402 	4.95993e-14
0.3409 	4.38423e-14
0.3416 	3.80904e-14
0.3423 	3.23434e-14
0.343 	2.65964e-14
0.3437 	2.08495e-14
0.3444 	1.51025e-14
0.3451 	1.11593e-14
0.3458 	9.87873e-15
0.3465 	8.61927e-15
0.3472 	7.35973e-15
0.3479 	6.10018e-15
0.3486 	4.84063e-15
0.3493 	3.58109e-15
0.35 	2.54318e-15
0.3507 	2.22178e-15
0.3514 	1.92534e-15
0.3521 	1.62825e-15
0.3528 	1.33116e-15
0.3535 	1.03408e-15
0.3542 	7.36988e-16
0.3549 	4.60703e-16
0.3556 	3.9205e-16
0.3563 	3.35827e-16
0.357 	2.79316e-16
0.3577 	2.22804e-16
0.3584 	1.66293e-16
0.3591 	1.09781e-16
0.3598 	5.32698e-17
0.3605 	4.30306e-17
0.3612 	3.66164e-17
0.3619 	3.01523e-17
0.3626 	2.36844e-17
0.3633 	1.72164e-17
0.364 	1.07485e-17
0.3647 	4.28054e-18
0.3654 	2.72593e-18
0.3661 	2.3169e-18
0.3668 	1.90429e-18
0.3675 	1.49071e-18
0.3682 	1.07714e-18
0.3689 	6.63558e-19
0.3696 	2.49979e-19
0.3703 	1.05697e-19
0.371 	8.98693e-20
0.3717 	7.3903e-20
0.3724 	5.78597e-20
0.3731 	4.18164e-20
0.3738 	2.57731e-20
0.3745 	9.72979e-21
0.3752 	2.04837e-21
0.3759 	1.74481e-21
0.3766 	1.43872e-21
0.3773 	1.1301e-21
0.378 	8.21479e-22
0.3787 	5.12856e-22
0.3794 	2.04233e-22
0.3801 	1.33136e-23
0.3808 	1.13696e-23
0.3815 	9.42231e-24
0.3822 	7.44906e-24
0.3829 	5.4758e-24
0.3836 	3.50255e-24
0.3843 	1.5293e-24
0.385 	2.58764e-26
0.3857 	2.22917e-26
0.3864 	1.87604e-26
0.3871 	1.51625e-26
0.3878 	1.15647e-26
0.3885 	7.96682e-27
0.3892 	4.36896e-27
0.3899 	1.11179e-27
0.3906 	9.96331e-28
0.3913 	8.68216e-28
0.392 	7.3809e-28
0.3927 	6.07965e-28
0.3934 	4.7784e-28
0.3941 	3.47714e-28
0.3948 	2.17589e-28
0.3955 	1.91823e-28
0.3962 	1.65947e-28
0.3969 	1.3964e-28
0.3976 	1.13299e-28
0.3983 	8.69585e-29
0.399 	6.0618e-29
0.3997 	3.42774e-29
0.4004 	2.71211e-29
0.4011 	2.31759e-29
0.4018 	1.91676e-29
0.4025 	1.5142e-29
0.4032 	1.11165e-29
0.4039 	7.09091e-30
0.4046 	3.06536e-30
0.4053 	1.64103e-30
0.406 	1.39652e-30
0.4067 	1.14823e-30
0.4074 	8.97852e-31
0.4081 	6.47471e-31
0.4088 	3.9709e-31
0.4095 	1.46709e-31
0.4102 	2.6339e-32
0.4109 	2.246e-32
0.4116 	1.85246e-32
0.4123 	1.45327e-32
0.413 	1.05408e-32
0.4137 	6.54894e-33
0.4144 	2.55706e-33
0.4151 	7.19249e-35
0.4158 	6.15424e-35
0.4165 	5.10686e-35
0.4172 	4.03585e-35
0.4179 	2.96484e-35
0.4186 	1.89383e-35
0.4193 	8.22817e-36
0.42 	2.28407e-38
0.4207 	1.9609e-38
0.4214 	1.63813e-38
0.4221 	1.3045e-38
0.4228 	9.70868e-39
0.4235 	6.37238e-39
0.4242 	3.03607e-39
0.4249 	1.25058e-42
0.4256 	1.12192e-42
0.4263 	9.42715e-43
0.427 	7.56166e-43
0.4277 	5.69617e-43
0.4284 	3.83068e-43
0.4291 	1.96519e-43
0.4298 	9.97006e-45
0.4305 	6.26361e-47
0.4312 	5.28919e-47
0.4319 	4.27397e-47
0.4326 	3.2556e-47
0.4333 	2.23723e-47
0.434 	1.21887e-47
0.4347 	2.00498e-48
0.4354 	3.44319e-51
0.4361 	2.91945e-51
0.4368 	2.37693e-51
0.4375 	1.82929e-51
0.4382 	1.28165e-51
0.4389 	7.34015e-52
0.4396 	1.86375e-52
0.4403 	1.88384e-55
0.441 	1.60346e-55
0.4417 	1.31481e-55
0.4424 	1.02157e-55
0.4431 	7.28333e-56
0.4438 	4.35096e-56
0.4445 	1.41859e-56
0.4452 	1.03485e-59
0.4459 	8.8403e-60
0.4466 	7.29766e-60
0.4473 	5.72055e-60
0.448 	4.14343e-60
0.4487 	2.56631e-60
0.4494 	9.89191e-61
0.4501 	5.73285e-64
0.4508 	4.91145e-64
0.4515 	4.08011e-64
0.4522 	3.22486e-64
0.4529 	2.36961e-64
0.4536 	1.51436e-64
0.4543 	6.59107e-65
0.455 	3.19776e-68
0.4557 	2.74617e-68
0.4564 	2.29502e-68
0.4571 	1.82799e-68
0.4578 	1.36096e-68
0.4585 	8.93936e-69
0.4592 	4.2691e-69
0.4599 	1.7149e-72
0.4606 	1.53883e-72
0.4613 	1.29334e-72
0.462 	1.03762e-72
0.4627 	7.8189e-73
0.4634 	5.26165e-73
0.4641 	2.7044e-73
0.4648 	1.47142e-74
0.4655 	8.56597e-77
0.4662 	7.20887e-77
0.4669 	5.8139e-77
0.4676 	4.41603e-77
0.4683 	3.01816e-77
0.469 	1.62028e-77
0.4697 	2.22408e-78
0.4704 	-7.80691e-79
0.4711 	-1.36336e-78
0.4718 	-1.48982e-78
0.4725 	-1.49185e-78
0.4732 	-1.49388e-78
0.4739 	-1.49591e-78
0.4746 	-1.49794e-78
0.4753 	-1.6029e-78
0.476 	-2.11957e-78
0.4767 	-2.30517e-78
0.4774 	-2.30684e-78
0.4781 	-2.30851e-78
0.4788 	-2.31018e-78
0.4795 	-2.31184e-78
0.4802 	-2.33823e-78
0.4809 	-2.76736e-78
0.4816 	-2.98271e-78
0.4823 	-2.98427e-78
0.483 	-2.98583e-78
0.4837 	-2.98738e-78
0.4844 	-2.98894e-78
0.4851 	-3.02514e-78
0.4858 	-3.26755e-78
0.4865 	-3.46254e-78
0.4872 	-3.46385e-78
0.4879 	-3.46516e-78
0.4886 	-3.46647e-78
0.4893 	-3.46778e-78
0.49 	-3.57419e-78
0.4907 	-3.57802e-78
0.4914 	-3.68884e-78
0.4921 	-3.68975e-78
0.4928 	-3.69065e-78
0.4935 	-3.69156e-78
0.4942 	-3.69247e-78
0.4949 	-3.73264e-78
0.4956 	-3.6747e-78
0.4963 	-3.64721e-78
0.497 	-3.64763e-78
0.4977 	-3.64804e-78
0.4984 	-3.64845e-78
0.4991 	-3.64887e-78
0.4998 	-3.64928e-78
0.5005 	-3.56202e-78
0.5012 	-3.38372e-78
0.5019 	-3.37091e-78
0.5026 	-3.37082e-78
0.5033 	-3.37074e-78
0.504 	-3.37065e-78
0.5047 	-3.37057e-78
0.5054 	-3.27215e-78
0.5061 	-2.98905e-78
0.5068 	-2.928e-78
0.5075 	-2.9275e-78
0.5082 	-2.927e-78
0.5089 	-2.9265e-78
0.5096 	-2.926e-78
0.5103 	-2.85691e-78
0.511 	-2.52141e-78
0.5117 	-2.40109e-78
0.5124 	-2.40031e-78
0.5131 	-2.39954e-78
0.5138 	-2.39876e-78
0.5145 	-2.39798e-78
0.5152 	-2.37613e-78
0.5159 	-2.03629e-78
0.5166 	-1.86592e-78
0.5173 	-1.86502e-78
0.518 	-1.86412e-78
0.5187 	-1.86321e-78
0.5194 	-1.86231e-78
0.5201 	-1.87775e-78
0.5208 	-1.57742e-78
0.5215 	-1.37862e-78
0.5222 	-1.37772e-78
0.5229 	-1.37683e-78
0.5236 	-1.37593e-78
0.5243 	-1.37503e-78
0.525 	-1.40636e-78
0.5257 	-1.17377e-78
0.5264 	-9.71209e-79
0.5271 	-9.70408e-79
0.5278 	-9.69608e-79
0.5285 	-9.68807e-79
0.5292 	-9.68006e-79
0.5299 	-9.74972e-79
0.5306 	-8.39925e-79
0.5313 	-6.54048e-79
0.532 	-6.53391e-79
0.5327 	-6.52735e-79
0.5334 	-6.52079e-79
0.5341 	-6.51422e-79
0.5348 	-6.50766e-79
0.5355 	-5.7854e-79
0.5362 	-4.32421e-79
0.5369 	-4.21519e-79
0.5376 	-4.21017e-79
0.5383 	-4.20516e-79
0.539 	-4.20014e-79
0.5397 	-4.19512e-79
0.5404 	-3.83916e-79
0.5411 	-2.82995e-79
0.5418 	-2.61086e-79
0.5425 	-2.60726e-79
0.5432 	-2.60365e-79
0.5439 	-2.60005e-79
0.5446 	-2.59645e-79
0.5453 	-2.45645e-79
0.546 	-1.7938e-79
0.5467 	-1.55557e-79
0.5474 	-1.55312e-79
0.5481 	-1.55067e-79
0.5488 	-1.54821e-79
0.5495 	-1.54576e-79
0.5502 	-1.51672e-79
0.5509 	-1.10146e-79
0.5516 	-8.93043e-80
0.5523 	-8.91456e-80
0.553 	-8.8987e-80
0.5537 	-8.88284e-80
0.5544 	-8.86697e-80
0.5551 	-8.91361e-80
0.5558 	-6.55298e-80
0.5565 	-4.94774e-80
0.5572 	-4.93794e-80
0.5579 	-4.92814e-80
0.5586 	-4.91834e-80
0.5593 	-4.90854e-80
0.56 	-4.98945e-80
0.5607 	-3.7781e-80
0.5614 	-2.64917e-80
0.5621 	-2.64337e-80
0.5628 	-2.63757e-80
0.5635 	-2.63177e-80
0.5642 	-2.62597e-80
0.5649 	-2.63631e-80
0.5656 	-2.11153e-80
0.5663 	-1.37261e-80
0.567 	-1.36931e-80
0.5677 	-1.36601e-80
0.5684 	-1.36272e-80
0.5691 	-1.35942e-80
0.5698 	-1.35612e-80
0.5705 	-1.14438e-80
0.5712 	-7.19264e-81
0.5719 	-6.87224e-81
0.5726 	-6.85419e-81
0.5733 	-6.83615e-81
0.574 	-6.81811e-81
0.5747 	-6.80006e-81
0.5754 	-6.01698e-81
0.5761 	-3.82286e-81
0.5768 	-3.34522e-81
0.5775 	-3.33569e-81
0.5782 	-3.32617e-81
0.5789 	-3.31665e-81
0.5796 	-3.30713e-81
0.5803 	-3.07069e-81
0.581 	-1.9753e-81
0.5817 	-1.58097e-81
0.5824 	-1.57611e-81
0.5831 	-1.57126e-81
0.5838 	-1.5664e-81
0.5845 	-1.56155e-81
0.5852 	-1.52186e-81
0.5859 	-9.92159e-82
0.5866 	-7.26111e-82
0.5873 	-7.23717e-82
0.588 	-7.21322e-82
0.5887 	-7.18928e-82
0.5894 	-7.16533e-82
0.5901 	-7.18415e-82
0.5908 	-4.84479e-82
0.5915 	-3.24373e-82
0.5922 	-3.23229e-82
0.5929 	-3.22085e-82
0.5936 	-3.2094e-82
0.5943 	-3.19796e-82
0.595 	-3.23369e-82
0.5957 	-2.30047e-82
0.5964 	-1.41059e-82
0.5971 	-1.40529e-82
0.5978 	-1.39998e-82
0.5985 	-1.39468e-82
0.5992 	-1.38937e-82
0.5999 	-1.39071e-82
0.6006 	-1.06255e-82
0.6013 	-5.97584e-83
0.602 	-5.95196e-83
0.6027 	-5.92808e-83
0.6034 	-5.9042e-83
0.6041 	-5.88033e-83
0.6048 	-5.85645e-83
0.6055 	-4.77597e-83
0.6062 	-2.62116e-83
0.6069 	-2.45754e-83
0.6076 	-2.4471e-83
0.6083 	-2.43665e-83
0.609 	-2.4262e-83
0.6097 	-2.41575e-83
0.6104 	-2.09002e-83
0.6111 	-1.18688e-83
0.6118 	-9.8986e-84
0.6125 	-9.85412e-84
0.6132 	-9.80963e-84
0.6139 	-9.76515e-84
0.6146 	-9.72067e-84
0.6153 	-8.90914e-84
0.616 	-5.22083e-84
0.6167 	-3.89172e-84
0.6174 	-3.87328e-84
0.6181 	-3.85484e-84
0.6188 	-3.8364e-84
0.6195 	-3.81796e-84
0.6202 	-3.70116e-84
0.6209 	-2.23244e-84
0.6216 	-1.49436e-84
0.6223 	-1.48691e-84
0.623 	-1.47946e-84
0.6237 	-1.47201e-84
0.6244 	-1.46456e-84
0.6251 	-1.465e-84
0.6258 	-9.28617e-85
0.6265 	-5.60715e-85
0.6272 	-5.5778e-85
0.6279 	-5.54845e-85
0.6286 	-5.51911e-85
0.6293 	-5.48976e-85
0.63 	-5.5264e-85
0.6307 	-3.76026e-85
0.6314 	-2.05694e-85
0.6321 	-2.04566e-85
0.6328 	-2.03437e-85
0.6335 	-2.02309e-85
0.6342 	-2.01181e-85
0.6349 	-2.00819e-85
0.6356 	-1.48329e-85
0.6363 	-7.38065e-86
0.637 	-7.3383e-86
0.6377 	-7.29595e-86
0.6384 	-7.25361e-86
0.6391 	-7.21126e-86
0.6398 	-7.16891e-86
0.6405 	-5.70361e-86
0.6412 	-2.79794e-86
0.6419 	-2.57597e-86
0.6426 	-2.56044e-86
0.6433 	-2.54491e-86
0.644 	-2.52938e-86
0.6447 	-2.51385e-86
0.6454 	-2.13929e-86
0.6461 	-1.11012e-86
0.6468 	-8.85212e-87
0.6475 	-8.79645e-87
0.6482 	-8.74079e-87
0.6489 	-8.68512e-87
0.6496 	-8.62946e-87
0.6503 	-7.83152e-87
0.651 	-4.26527e-87
0.6517 	-2.97907e-87
0.6524 	-2.95956e-87
0.6531 	-2.94004e-87
0.6538 	-2.92053e-87
0.6545 	-2.90102e-87
0.6552 	-2.79981e-87
0.6559 	-1.5903e-87
0.6566 	-9.82197e-88
0.6573 	-9.75505e-88
0.658 	-9.68813e-88
0.6587 	-9.62121e-88
0.6594 	-9.55429e-88
0.6601 	-9.53705e-88
0.6608 	-5.76367e-88
0.6615 	-3.17358e-88
0.6622 	-3.15111e-88
0.6629 	-3.12865e-88
0.6636 	-3.10618e-88
0.6643 	-3.08372e-88
0.665 	-3.09245e-88
0.6657 	-2.03336e-88
0.6664 	-1.00524e-88
0.6671 	-9.9786e-89
0.6678 	-9.90476e-89
0.6685 	-9.83092e-89
0.6692 	-9.75708e-89
0.6699 	-9.71404e-89
0.6706 	-6.99086e-89
0.6713 	-3.12246e-89
0.672 	-3.09869e-89
0.6727 	-3.07491e-89
0.6734 	-3.05114e-89
0.6741 	-3.02737e-89
0.6748 	-3.00359e-89
0.6755 	-2.34467e-89
0.6762 	-1.04375e-89
0.6769 	-9.43866e-90
0.6776 	-9.36365e-90
0.6783 	-9.28865e-90
0.679 	-9.21364e-90
0.6797 	-9.13864e-90
0.6804 	-7.67787e-90
0.6811 	-3.69296e-90
0.6818 	-2.82083e-90
0.6825 	-2.79763e-90
0.6832 	-2.77444e-90
0.6839 	-2.75124e-90
0.6846 	-2.72805e-90
0.6853 	-2.45656e-90
0.686 	-1.25939e-90
0.6867 	-8.27313e-91
0.6874 	-8.20279e-91
0.6881 	-8.13245e-91
0.6888 	-8.06212e-91
0.6895 	-7.99178e-91
0.6902 	-7.68444e-91
0.6909 	-4.15614e-91
0.6916 	-2.38153e-91
0.6923 	-2.36061e-91
0.693 	-2.3397e-91
0.6937 	-2.31878e-91
0.6944 	-2.29786e-91
0.6951 	-2.28922e-91
0.6958 	-1.54235e-91
0.6965 	-1.03019e-91
0.6972 	-1.02545e-91
0.6979 	-1.02071e-91
0.6986 	-1.01597e-91
0.6993 	-1.01123e-91
0.7 	-1.01464e-91
