0 	1
0.0007 	1
0.0014 	1
0.0021 	1
0.0028 	1
0.0035 	1
0.0042 	1
0.0049 	1
0.0056 	1
0.0063 	1
0.007 	1
0.0077 	1
0.0084 	1
0.0091 	1
0.0098 	1
0.0105 	1
0.0112 	1
0.0119 	1
0.0126 	1
0.0133 	1
0.014 	1
0.0147 	1
0.0154 	1
0.0161 	1
0.0168 	1
0.0175 	1
0.0182 	1
0.0189 	1
0.0196 	1
0.0203 	1
0.021 	1
0.0217 	1
0.0224 	1
0.0231 	1
0.0238 	1
0.0245 	1
0.0252 	1
0.0259 	1
0.0266 	1
0.0273 	1
0.028 	1
0.0287 	1
0.0294 	1
0.0301 	1
0.0308 	1
0.0315 	1
0.0322 	1
0.0329 	1
0.0336 	1
0.0343 	1
0.035 	1
0.0357 	1
0.0364 	1
0.0371 	1
0.0378 	1
0.0385 	1
0.0392 	1
0.0399 	1
0.0406 	1
0.0413 	1
0.042 	1
0.0427 	1
0.0434 	1
0.0441 	1
0.0448 	1
0.0455 	1
0.0462 	1
0.0469 	1
0.0476 	1
0.0483 	1
0.049 	1
0.0497 	1
0.0504 	1
0.0511 	1
0.0518 	1
0.0525 	1
0.0532 	1
0.0539 	1
0.0546 	1
0.0553 	1
0.056 	1
0.0567 	1
0.0574 	1
0.0581 	1
0.0588 	1
0.0595 	1
0.0602 	1
0.0609 	1
0.0616 	1
0.0623 	1
0.063 	1
0.0637 	1
0.0644 	1
0.0651 	1
0.0658 	1
0.0665 	1
0.0672 	1
0.0679 	1
0.0686 	1
0.0693 	1
0.07 	1
0.0707 	1
0.0714 	1
0.0721 	1
0.0728 	1
0.0735 	1
0.0742 	1
0.0749 	1
0.0756 	1
0.0763 	1
0.077 	1
0.0777 	1
0.0784 	1
0.0791 	1
0.0798 	1
0.0805 	1
0.0812 	1
0.0819 	1
0.0826 	1
0.0833 	1
0.084 	1
0.0847 	1
0.0854 	1
0.0861 	1
0.0868 	1
0.0875 	1
0.0882 	1
0.0889 	1
0.0896 	1
0.0903 	1
0.091 	1
0.0917 	1
0.0924 	1
0.0931 	1
0.0938 	1
0.0945 	1
0.0952 	1
0.0959 	1
0.0966 	1
0.0973 	1
0.098 	1
0.0987 	1
0.0994 	1
0.1001 	1
0.1008 	1
0.1015 	1
0.1022 	1
0.1029 	1
0.1036 	1
0.1043 	1
0.105 	1
0.1057 	1
0.1064 	1
0.1071 	1
0.1078 	1
0.1085 	1
0.1092 	1
0.1099 	1
0.1106 	1
0.1113 	1
0.112 	1
0.1127 	1
0.1134 	1
0.1141 	1
0.1148 	1
0.1155 	1
0.1162 	1
0.1169 	1
0.1176 	1
0.1183 	1
0.119 	1
0.1197 	1
0.1204 	1
0.1211 	1
0.1218 	0.999999
0.1225 	0.999999
0.1232 	0.999999
0.1239 	0.999999
0.1246 	0.999999
0.1253 	0.999999
0.126 	0.999999
0.1267 	0.999998
0.1274 	0.999998
0.1281 	0.999998
0.1288 	0.999997
0.1295 	0.999997
0.1302 	0.999997
0.1309 	0.999996
0.1316 	0.999996
0.1323 	0.999995
0.133 	0.999995
0.1337 	0.999994
0.1344 	0.999994
0.1351 	0.999993
0.1358 	0.999993
0.1365 	0.999993
0.1372 	0.999993
0.1379 	0.999993
0.1386 	0.999994
0.1393 	0.999994
0.14 	0.999994
0.1407 	0.999994
0.1414 	0.999995
0.1421 	0.999995
0.1428 	0.999996
0.1435 	0.999996
0.1442 	0.999997
0.1449 	0.999997
0.1456 	0.999998
0.1463 	0.999998
0.147 	0.999998
0.1477 	0.999998
0.1484 	0.999998
0.1491 	0.999998
0.1498 	0.999998
0.1505 	0.999998
0.1512 	0.999998
0.1519 	0.999998
0.1526 	0.999997
0.1533 	0.999997
0.154 	0.999996
0.1547 	0.999996
0.1554 	0.999995
0.1561 	0.999995
0.1568 	0.999994
0.1575 	0.999994
0.1582 	0.999993
0.1589 	0.999993
0.1596 	0.999992
0.1603 	0.999992
0.161 	0.999991
0.1617 	0.999991
0.1624 	0.999991
0.1631 	0.999991
0.1638 	0.999991
0.1645 	0.999991
0.1652 	0.999991
0.1659 	0.99999
0.1666 	0.99999
0.1673 	0.99999
0.168 	0.999989
0.1687 	0.999989
0.1694 	0.999989
0.1701 	0.999985
0.1708 	0.999985
0.1715 	0.999981
0.1722 	0.999978
0.1729 	0.999975
0.1736 	0.999972
0.1743 	0.999969
0.175 	0.999957
0.1757 	0.99996
0.1764 	0.999957
0.1771 	0.999954
0.1778 	0.999951
0.1785 	0.999948
0.1792 	0.999946
0.1799 	0.999942
0.1806 	0.999944
0.1813 	0.999947
0.182 	0.999949
0.1827 	0.999951
0.1834 	0.999953
0.1841 	0.999956
0.1848 	0.999958
0.1855 	0.999962
0.1862 	0.999961
0.1869 	0.999962
0.1876 	0.999964
0.1883 	0.999964
0.189 	0.999964
0.1897 	0.999964
0.1904 	0.999945
0.1911 	0.999906
0.1918 	0.999867
0.1925 	0.999829
0.1932 	0.999801
0.1939 	0.999772
0.1946 	0.999743
0.1953 	0.999733
0.196 	0.999761
0.1967 	0.999793
0.1974 	0.999827
0.1981 	0.999877
0.1988 	0.999912
0.1995 	0.999915
0.2002 	0.999938
0.2009 	0.999946
0.2023 	0.999804
0.2037 	0.994801
0.2051 	0.938576
0.2065 	0.730651
0.2079 	0.413922
0.2093 	0.156141
0.2107 	0.0378139
0.2121 	0.00732982
0.2135 	0.00166306
0.2149 	0.000537126
0.2163 	0.00022262
0.2177 	9.23949e-05
0.2191 	5.52058e-05
0.2205 	6.14494e-05
0.2219 	0.000121101
0.2233 	0.000213577
0.2247 	0.000206394
0.2261 	9.44131e-05
0.2275 	2.49335e-05
0.2282 	3.6445e-05
0.2289 	5.25938e-05
0.2303 	0.000112631
0.231 	0.000130863
0.2317 	0.000130926
0.2324 	0.000120887
0.2338 	8.49622e-05
0.2352 	6.63431e-05
0.2366 	6.40791e-05
0.238 	6.78628e-05
0.2394 	5.39759e-05
0.2408 	2.34801e-05
0.2422 	1.19267e-05
0.2429 	1.25521e-05
0.2436 	1.47423e-05
0.245 	1.58021e-05
0.2464 	1.85337e-05
0.2471 	2.19741e-05
0.2478 	2.43153e-05
0.2485 	2.51911e-05
0.2499 	1.74627e-05
0.2513 	4.40391e-06
0.252 	2.25436e-06
0.2527 	9.19662e-07
0.2534 	1.6221e-06
0.2548 	6.45637e-06
0.2562 	1.18237e-05
0.2576 	1.27637e-05
0.2583 	1.2697e-05
0.2597 	1.26761e-05
0.2604 	1.30183e-05
0.2618 	1.37143e-05
0.2625 	1.36946e-05
0.2632 	1.06187e-05
0.2639 	7.46783e-06
0.2653 	1.6614e-06
0.2667 	2.06051e-07
0.2674 	7.87922e-08
0.2688 	3.73668e-08
0.2695 	6.80943e-08
0.2709 	2.12067e-07
0.2716 	3.44199e-07
0.273 	6.4505e-07
0.2744 	7.63665e-07
0.2751 	7.4861e-07
0.2765 	5.88037e-07
0.2779 	2.93244e-07
0.2793 	9.19912e-08
0.2807 	3.44092e-08
0.2814 	2.17456e-08
0.2828 	1.17491e-08
0.2842 	7.48802e-09
0.2856 	5.07025e-09
0.287 	3.58804e-09
0.2884 	2.85505e-09
0.2898 	2.42837e-09
0.2912 	2.24202e-09
0.2926 	3.07538e-09
0.294 	6.53722e-09
0.2954 	1.04232e-08
0.2968 	1.80814e-08
0.2982 	2.90443e-08
0.2996 	2.25117e-08
0.301 	9.2165e-09
0.3024 	7.3904e-09
0.3038 	1.72769e-08
0.3052 	3.07572e-08
0.3059 	3.55129e-08
0.3073 	3.50354e-08
0.3087 	2.83694e-08
0.3101 	1.78772e-08
0.3108 	1.10851e-08
0.3115 	6.02415e-09
0.3129 	8.22411e-09
0.3136 	1.69623e-08
0.3143 	1.22349e-07
0.3157 	7.80729e-07
0.3164 	1.32831e-06
0.3178 	2.32372e-06
0.3185 	2.35826e-06
0.3192 	2.04862e-06
0.3206 	1.01896e-06
0.3213 	5.05397e-07
0.3227 	5.82709e-08
0.3234 	2.09737e-08
0.3248 	3.84789e-10
0.3262 	7.46375e-12
0.3276 	9.18405e-12
0.329 	9.7698e-12
0.3304 	8.76066e-12
0.3311 	7.6696e-12
0.3325 	4.33779e-12
0.3339 	1.5002e-12
0.3353 	3.05521e-13
0.3367 	4.56329e-14
0.3381 	9.99387e-15
0.3388 	4.99682e-15
0.3395 	3.03117e-15
0.3409 	7.03683e-16
0.3423 	9.33031e-17
0.3437 	6.39289e-18
0.3451 	5.84811e-19
0.3465 	8.57611e-20
0.3479 	1.19767e-20
0.3493 	1.66138e-21
0.3507 	3.45292e-22
0.3521 	1.78128e-22
0.3528 	1.63137e-22
0.3535 	1.60796e-22
0.3542 	1.59641e-22
0.3549 	1.59143e-22
0.3563 	1.56822e-22
0.3577 	1.48836e-22
0.3591 	1.29035e-22
0.3605 	9.43563e-23
0.3612 	7.32864e-23
0.3626 	3.40054e-23
0.3633 	2.13871e-23
0.364 	1.14756e-23
0.3654 	3.46564e-24
0.3668 	1.42113e-24
0.3682 	7.84843e-25
0.3696 	4.35017e-25
0.3703 	3.07836e-25
0.371 	2.0972e-25
0.3724 	8.61482e-26
0.3738 	3.30912e-26
0.3745 	2.24328e-26
0.3759 	8.93066e-27
0.3766 	5.62509e-27
0.3773 	3.59322e-27
0.3787 	1.45103e-27
0.3801 	6.29208e-28
0.3815 	2.89104e-28
0.3822 	1.98975e-28
0.3836 	8.88293e-29
0.3843 	6.06739e-29
0.385 	3.72394e-29
0.3857 	2.54782e-29
0.3871 	9.56244e-30
0.3878 	5.42949e-30
0.3892 	1.74029e-30
0.3899 	8.8105e-31
0.3913 	2.41491e-31
0.3927 	8.14965e-32
0.3934 	5.44247e-32
0.3948 	2.82062e-32
0.3962 	2.06531e-32
0.3976 	1.7681e-32
0.399 	1.5518e-32
0.4004 	1.31576e-32
0.4011 	1.17991e-32
0.4025 	8.52218e-33
0.4039 	4.96398e-33
0.4053 	2.14897e-33
0.406 	1.21998e-33
0.4067 	6.52013e-34
0.4074 	2.84218e-34
0.4081 	1.48926e-34
0.4088 	5.7701e-35
0.4102 	1.76658e-35
0.4109 	1.1034e-35
0.4116 	6.41897e-36
0.4123 	3.82057e-36
0.4137 	1.17641e-36
0.4151 	3.13122e-37
0.4158 	1.73855e-37
0.4165 	7.06443e-38
0.4179 	1.13766e-38
0.4193 	1.02137e-39
0.4207 	4.35595e-41
0.4221 	2.04118e-42
0.4235 	4.89879e-43
0.4249 	1.81402e-43
0.4256 	1.07176e-43
0.427 	2.30092e-44
0.4277 	6.37284e-45
0.4291 	8.16099e-46
0.4298 	4.98036e-46
0.4312 	2.9816e-46
0.4319 	2.50324e-46
0.4333 	1.59406e-46
0.4347 	8.07751e-47
0.4361 	2.8974e-47
0.4375 	6.28552e-48
0.4389 	1.07956e-48
0.4403 	1.72806e-49
0.441 	7.97257e-50
0.4417 	3.39448e-50
0.4431 	7.40878e-51
0.4445 	1.48809e-51
0.4459 	2.74088e-52
0.4473 	5.62917e-53
0.4487 	1.37061e-53
0.4501 	3.47099e-54
0.4515 	6.93508e-55
0.4522 	2.92463e-55
0.4536 	2.23719e-56
0.455 	2.93667e-58
0.4564 	4.37344e-60
0.4571 	1.69496e-60
0.4585 	5.51783e-62
0.4599 	1.11507e-62
0.4613 	3.31101e-63
0.462 	1.8983e-63
0.4627 	7.69108e-64
0.4641 	1.03136e-64
0.4655 	8.47863e-66
0.4669 	1.73459e-66
0.4683 	6.74299e-67
0.469 	3.6442e-67
0.4704 	7.28574e-68
0.4718 	9.70938e-69
0.4732 	7.60295e-69
0.4739 	7.49494e-69
0.4746 	6.68488e-69
0.4753 	5.74517e-69
0.4767 	3.55046e-69
0.4774 	2.48616e-69
0.4788 	1.56292e-69
0.4802 	2.61992e-69
0.4816 	6.58792e-69
0.4823 	9.35666e-69
0.4837 	1.8806e-68
0.4851 	3.6027e-68
0.4865 	4.77692e-68
0.4872 	4.94851e-68
0.4886 	4.80467e-68
0.49 	3.92709e-68
0.4914 	2.21541e-68
0.4928 	7.08472e-69
0.4935 	2.94572e-69
0.4942 	9.59027e-70
0.4956 	2.58096e-71
0.497 	-1.2423e-71
0.4984 	-1.70781e-71
0.4998 	-2.02788e-71
0.5012 	-2.20917e-71
0.5026 	-2.27496e-71
0.504 	-2.26022e-71
0.5054 	-2.19127e-71
0.5068 	-2.08553e-71
0.5082 	-1.95579e-71
0.5096 	-1.81146e-71
0.5103 	-1.73622e-71
0.5117 	-1.58257e-71
0.5131 	-1.42929e-71
0.5145 	-1.27997e-71
0.5152 	-1.20742e-71
0.5166 	-1.06933e-71
0.5173 	-1.00339e-71
0.5187 	-8.79447e-72
0.5201 	-7.66941e-72
0.5215 	-6.65733e-72
0.5229 	-5.75249e-72
0.5243 	-4.95003e-72
0.525 	-4.57587e-72
0.5264 	-3.91889e-72
0.5271 	-3.62456e-72
0.5285 	-3.08575e-72
0.5299 	-2.61869e-72
0.5313 	-2.21731e-72
0.532 	-2.04304e-72
0.5334 	-1.72341e-72
0.5348 	-1.44972e-72
0.5362 	-1.21609e-72
0.5376 	-1.01921e-72
0.539 	-8.52815e-73
0.5404 	-7.11783e-73
0.5411 	-6.48646e-73
0.5425 	-5.38425e-73
0.5432 	-4.92078e-73
0.5439 	-4.4718e-73
0.5453 	-3.70495e-73
0.5467 	-3.06216e-73
0.5481 	-2.52469e-73
0.5495 	-2.07646e-73
0.5509 	-1.70357e-73
0.5523 	-1.39417e-73
0.5537 	-1.13809e-73
0.5551 	-9.29076e-74
0.5565 	-7.57682e-74
0.5579 	-6.16509e-74
0.5593 	-5.00509e-74
0.5607 	-4.05411e-74
0.5621 	-3.27637e-74
0.5635 	-2.64178e-74
0.5642 	-2.37444e-74
0.5649 	-2.12522e-74
0.5663 	-1.70827e-74
0.5677 	-1.37432e-74
0.5684 	-1.23274e-74
0.5691 	-1.1035e-74
0.5698 	-9.8658e-75
0.5712 	-7.87898e-75
0.5726 	-6.29918e-75
0.574 	-5.03514e-75
0.5754 	-4.01787e-75
0.5768 	-3.2008e-75
0.5775 	-2.84053e-75
0.5789 	-2.26252e-75
0.5803 	-1.79962e-75
0.5817 	-1.42956e-75
0.5831 	-1.13419e-75
0.5845 	-8.98828e-76
0.5852 	-7.9811e-76
0.5859 	-7.11581e-76
0.5873 	-5.62853e-76
0.5887 	-4.44897e-76
0.5901 	-3.52743e-76
0.5915 	-2.80174e-76
0.5929 	-2.22607e-76
0.5943 	-1.76987e-76
0.5957 	-1.4086e-76
0.5964 	-1.25356e-76
0.5978 	-1.00247e-76
0.5992 	-8.03379e-77
0.6006 	-6.45457e-77
0.602 	-5.20083e-77
0.6034 	-4.20393e-77
0.6048 	-3.40952e-77
0.6062 	-2.77454e-77
0.6076 	-2.27138e-77
0.609 	-1.86713e-77
0.6104 	-1.53811e-77
0.6111 	-1.39426e-77
0.6125 	-1.14856e-77
0.6139 	-9.49708e-78
0.6153 	-7.84668e-78
0.6167 	-6.47215e-78
0.6174 	-5.85898e-78
0.6181 	-5.32452e-78
0.6188 	-4.80876e-78
0.6202 	-3.94057e-78
0.6216 	-3.21439e-78
0.623 	-2.60816e-78
0.6244 	-2.10365e-78
0.6258 	-1.6855e-78
0.6272 	-1.34069e-78
0.6279 	-1.19361e-78
0.6286 	-1.05802e-78
0.63 	-8.27852e-79
0.6314 	-6.45389e-79
0.6328 	-4.98716e-79
0.6342 	-3.81787e-79
0.6356 	-2.89385e-79
0.637 	-2.17052e-79
0.6384 	-1.60989e-79
0.6398 	-1.17996e-79
0.6412 	-8.53943e-80
0.6426 	-6.13728e-80
0.644 	-4.36953e-80
0.6454 	-3.0705e-80
0.6461 	-2.54612e-80
0.6475 	-1.73908e-80
0.6489 	-1.18481e-80
0.6503 	-7.95399e-81
0.6517 	-5.25775e-81
0.6531 	-3.41917e-81
0.6545 	-2.18548e-81
0.6559 	-1.37152e-81
0.6573 	-8.44024e-82
0.6587 	-5.08568e-82
0.6601 	-3.04687e-82
0.6615 	-1.80588e-82
0.6629 	-1.05003e-82
0.6643 	-5.98437e-83
0.6657 	-3.33946e-83
0.6671 	-1.82248e-83
0.6685 	-9.71223e-84
0.6692 	-7.11341e-84
0.6706 	-3.73329e-84
0.672 	-1.91586e-84
0.6734 	-9.60151e-85
0.6748 	-4.69207e-85
0.6762 	-2.23121e-85
0.6769 	-1.61214e-85
0.6783 	-7.64401e-86
0.6797 	-3.54616e-86
0.6811 	-1.60913e-86
0.6825 	-7.14331e-87
0.6839 	-3.323e-87
0.6846 	-2.32316e-87
0.686 	-1.04794e-87
0.6867 	-7.16003e-88
0.6881 	-3.3581e-88
0.6895 	-1.6011e-88
0.6909 	-7.81046e-89
0.6923 	-3.91458e-89
0.6937 	-2.01826e-89
0.6944 	-1.52905e-89
0.6951 	-1.09601e-89
0.6958 	-8.37855e-90
0.6972 	-5.05424e-90
0.6979 	-4.27544e-90
0.6993 	-3.70442e-90
0.7 	-3.67971e-90
