0 	1
0.0007 	1
0.0014 	1
0.0021 	1
0.0028 	1
0.0035 	1
0.0042 	1
0.0049 	1
0.0056 	1
0.0063 	1
0.007 	1
0.0077 	1
0.0084 	1
0.0091 	1
0.0098 	1
0.0105 	1
0.0112 	1
0.0119 	1
0.0126 	1
0.0133 	1
0.014 	1
0.0147 	1
0.0154 	1
0.0161 	1
0.0168 	1
0.0175 	1
0.0182 	1
0.0189 	1
0.0196 	1
0.0203 	1
0.021 	1
0.0217 	1
0.0224 	1
0.0231 	1
0.0238 	1
0.0245 	1
0.0252 	1
0.0259 	1
0.0266 	1
0.0273 	1
0.028 	1
0.0287 	1
0.0294 	1
0.0301 	1
0.0308 	1
0.0315 	1
0.0322 	1
0.0329 	1
0.0336 	1
0.0343 	1
0.035 	1
0.0357 	1
0.0364 	1
0.0371 	1
0.0378 	1
0.0385 	1
0.0392 	1
0.0399 	1
0.0406 	1
0.0413 	1
0.042 	1
0.0427 	1
0.0434 	1
0.0441 	1
0.0448 	1
0.0455 	1
0.0462 	1
0.0469 	1
0.0476 	1
0.0483 	1
0.049 	1
0.0497 	1
0.0504 	1
0.0511 	1
0.0518 	1
0.0525 	1
0.0532 	1
0.0539 	1
0.0546 	1
0.0553 	1
0.056 	1
0.0567 	1
0.0574 	1
0.0581 	1
0.0588 	1
0.0595 	1
0.0602 	1
0.0609 	1
0.0616 	1
0.0623 	1
0.063 	1
0.0637 	1
0.0644 	1
0.0651 	1
0.0658 	1
0.0665 	1
0.0672 	1
0.0679 	1
0.0686 	1
0.0693 	1
0.07 	1
0.0707 	1
0.0714 	1
0.0721 	1
0.0728 	1
0.0735 	1
0.0742 	1
0.0749 	1
0.0756 	1
0.0763 	1
0.077 	1
0.0777 	1
0.0784 	1
0.0791 	1
0.0798 	1
0.0805 	1
0.0812 	1
0.0819 	1
0.0826 	1
0.0833 	1
0.084 	1
0.0847 	1
0.0854 	1
0.0861 	1
0.0868 	1
0.0875 	1
0.0882 	1
0.0889 	1
0.0896 	1
0.0903 	1
0.091 	1
0.0917 	1
0.0924 	1
0.0931 	1
0.0938 	1
0.0945 	1
0.0952 	1
0.0959 	1
0.0966 	1
0.0973 	1
0.098 	1
0.0987 	1
0.0994 	1
0.1001 	1
0.1008 	1
0.1015 	1
0.1022 	1
0.1029 	1
0.1036 	1
0.1043 	1
0.105 	1
0.1057 	1
0.1064 	1
0.1071 	1
0.1078 	1
0.1085 	1
0.1092 	1
0.1099 	1
0.1106 	1
0.1113 	1
0.112 	1
0.1127 	1
0.1134 	1
0.1141 	1
0.1148 	1
0.1155 	1
0.1162 	1
0.1169 	1
0.1176 	1
0.1183 	1
0.119 	1
0.1197 	1
0.1204 	1
0.1211 	1
0.1218 	1
0.1225 	1
0.1232 	1
0.1239 	1
0.1246 	1
0.1253 	1
0.126 	1
0.1267 	1
0.1274 	1
0.1281 	1
0.1288 	1
0.1295 	1
0.1302 	1
0.1309 	1
0.1316 	1
0.1323 	1
0.133 	1
0.1337 	1
0.1344 	1
0.1351 	1
0.1358 	1
0.1365 	1
0.1372 	1
0.1379 	1
0.1386 	1
0.1393 	1
0.14 	1
0.1407 	1
0.1414 	1
0.1421 	1
0.1428 	1
0.1435 	1
0.1442 	1
0.1449 	1
0.1456 	1
0.1463 	1
0.147 	1
0.1477 	1
0.1484 	1
0.1491 	1
0.1498 	1
0.1505 	1
0.1512 	1
0.1519 	1
0.1526 	1
0.1533 	1
0.154 	1
0.1547 	1
0.1554 	1
0.1561 	1
0.1568 	1
0.1575 	1
0.1582 	1
0.1589 	1
0.1596 	1
0.1603 	1
0.161 	1
0.1617 	1
0.1624 	1
0.1631 	1
0.1638 	1
0.1645 	1
0.1652 	1
0.1659 	1
0.1666 	1
0.1673 	1
0.168 	1
0.1687 	1
0.1694 	1
0.1701 	1
0.1708 	1
0.1715 	1
0.1722 	1
0.1729 	1
0.1736 	1
0.1743 	1
0.175 	1
0.1757 	1
0.1764 	1
0.1771 	1
0.1778 	1
0.1785 	1
0.1792 	1
0.1799 	1
0.1806 	1
0.1813 	1
0.182 	1
0.1827 	1
0.1834 	1
0.1841 	1
0.1848 	1
0.1855 	1
0.1862 	1
0.1869 	1
0.1876 	1
0.1883 	1
0.189 	1
0.1897 	1
0.1904 	1
0.1911 	1
0.1918 	1
0.1925 	1
0.1932 	1
0.1939 	1
0.1946 	1
0.1953 	1
0.196 	1
0.1967 	1
0.1974 	1
0.1981 	1
0.1988 	1
0.1995 	1
0.2002 	1
0.2009 	1
0.2016 	1
0.2023 	1
0.203 	1
0.2037 	1
0.2044 	1
0.2051 	1
0.2058 	1
0.2065 	1
0.2072 	1
0.2079 	1
0.2086 	1
0.2093 	1
0.21 	1
0.2107 	1
0.2114 	1
0.2121 	1
0.2128 	1
0.2135 	1
0.2142 	1
0.2149 	1
0.2156 	1
0.2163 	1
0.217 	1
0.2177 	1
0.2184 	1
0.2191 	1
0.2198 	1
0.2205 	1
0.2212 	1
0.2219 	1
0.2226 	1
0.2233 	1
0.224 	1
0.2247 	1
0.2254 	1
0.2261 	1
0.2268 	1
0.2275 	1
0.2282 	1
0.2289 	1
0.2296 	1
0.2303 	1
0.231 	1
0.2317 	1
0.2324 	1
0.2331 	1
0.2338 	1
0.2345 	1
0.2352 	1
0.2359 	1
0.2366 	1
0.2373 	1
0.238 	1
0.2387 	1
0.2394 	1
0.2401 	0.999997
0.2408 	0.999978
0.2415 	0.99996
0.2422 	0.999941
0.2429 	0.999922
0.2436 	0.999904
0.2443 	0.999885
0.245 	0.999866
0.2457 	0.998364
0.2464 	0.996862
0.2471 	0.99536
0.2478 	0.993858
0.2485 	0.992355
0.2492 	0.990853
0.2499 	0.98935
0.2506 	0.971295
0.2513 	0.950481
0.252 	0.929665
0.2527 	0.908848
0.2534 	0.888031
0.2541 	0.867214
0.2548 	0.846398
0.2555 	0.797089
0.2562 	0.736385
0.2569 	0.675679
0.2576 	0.614973
0.2583 	0.554267
0.259 	0.493561
0.2597 	0.432855
0.2604 	0.378905
0.2611 	0.330022
0.2618 	0.281142
0.2625 	0.232262
0.2632 	0.183382
0.2639 	0.134503
0.2646 	0.0856228
0.2653 	0.0543577
0.266 	0.0465785
0.2667 	0.0388003
0.2674 	0.0310228
0.2681 	0.0232452
0.2688 	0.0154676
0.2695 	0.00769001
0.2702 	0.00205344
0.2709 	0.00176933
0.2716 	0.00148524
0.2723 	0.00120118
0.273 	0.000917114
0.2737 	0.00063305
0.2744 	0.000348986
0.2751 	0.000103499
0.2758 	8.9465e-05
0.2765 	7.54314e-05
0.2772 	6.13989e-05
0.2779 	4.73665e-05
0.2786 	3.3334e-05
0.2793 	1.93016e-05
0.28 	5.26918e-06
0.2807 	4.56414e-06
0.2814 	3.85912e-06
0.2821 	3.15419e-06
0.2828 	2.44925e-06
0.2835 	1.74432e-06
0.2842 	1.03938e-06
0.2849 	3.34443e-07
0.2856 	2.06585e-07
0.2863 	1.74905e-07
0.287 	1.43232e-07
0.2877 	1.11559e-07
0.2884 	7.98858e-08
0.2891 	4.82127e-08
0.2898 	1.65397e-08
0.2905 	6.74743e-09
0.2912 	5.70731e-09
0.2919 	4.66767e-09
0.2926 	3.62808e-09
0.2933 	2.58848e-09
0.294 	1.54888e-09
0.2947 	5.09278e-10
0.2954 	5.89305e-11
0.2961 	5.05144e-11
0.2968 	4.21046e-11
0.2975 	3.36965e-11
0.2982 	2.52885e-11
0.2989 	1.68804e-11
0.2996 	8.47238e-12
0.3003 	3.64286e-12
0.301 	3.58464e-12
0.3017 	3.5266e-12
0.3024 	3.46865e-12
0.3031 	3.41071e-12
0.3038 	3.35276e-12
0.3045 	3.29481e-12
0.3052 	3.18504e-12
0.3059 	2.94571e-12
0.3066 	2.70635e-12
0.3073 	2.46695e-12
0.308 	2.22754e-12
0.3087 	1.98814e-12
0.3094 	1.74874e-12
0.3101 	1.52087e-12
0.3108 	1.36219e-12
0.3115 	1.2034e-12
0.3122 	1.04441e-12
0.3129 	8.85426e-13
0.3136 	7.26439e-13
0.3143 	5.67451e-13
0.315 	4.08464e-13
0.3157 	3.65163e-13
0.3164 	3.21839e-13
0.3171 	2.78436e-13
0.3178 	2.35034e-13
0.3185 	1.91631e-13
0.3192 	1.48228e-13
0.3199 	1.04825e-13
0.3206 	8.89172e-14
0.3213 	7.75892e-14
0.322 	6.62291e-14
0.3227 	5.48691e-14
0.3234 	4.3509e-14
0.3241 	3.2149e-14
0.3248 	2.07889e-14
0.3255 	1.59938e-14
0.3262 	1.38245e-14
0.3269 	1.1647e-14
0.3276 	9.46893e-15
0.3283 	7.29082e-15
0.329 	5.11271e-15
0.3297 	2.9346e-15
0.3304 	1.85249e-15
0.3311 	1.59236e-15
0.3318 	1.33113e-15
0.3325 	1.0696e-15
0.3332 	8.08073e-16
0.3339 	5.46544e-16
0.3346 	2.85015e-16
0.3353 	1.2773e-16
0.336 	1.09434e-16
0.3367 	9.10535e-17
0.3374 	7.26259e-17
0.3381 	5.41984e-17
0.3388 	3.57709e-17
0.3395 	1.73433e-17
0.3402 	4.01627e-18
0.3409 	3.44005e-18
0.3416 	2.8609e-18
0.3423 	2.27881e-18
0.343 	1.69672e-18
0.3437 	1.11463e-18
0.3444 	5.32539e-19
0.3451 	3.29435e-20
0.3458 	2.82969e-20
0.3465 	2.36249e-20
0.3472 	1.8907e-20
0.3479 	1.41892e-20
0.3486 	9.47137e-21
0.3493 	4.75354e-21
0.35 	3.57323e-23
0.3507 	3.08129e-23
0.3514 	2.58699e-23
0.3521 	2.08402e-23
0.3528 	1.58106e-23
0.3535 	1.0781e-23
0.3542 	5.75133e-24
0.3549 	7.21693e-25
0.3556 	2.8228e-27
0.3563 	2.38398e-27
0.357 	1.93299e-27
0.3577 	1.48199e-27
0.3584 	1.031e-27
0.3591 	5.80011e-28
0.3598 	1.29019e-28
0.3605 	1.50334e-31
0.3612 	1.2751e-31
0.3619 	1.04062e-31
0.3626 	8.05663e-32
0.3633 	5.70703e-32
0.364 	3.35743e-32
0.3647 	1.00783e-32
0.3654 	8.00427e-36
0.3661 	6.8144e-36
0.3668 	5.59744e-36
0.3675 	4.3731e-36
0.3682 	3.14875e-36
0.3689 	1.92441e-36
0.3696 	7.00061e-37
0.3703 	4.14773e-40
0.371 	3.54398e-40
0.3717 	2.92898e-40
0.3724 	2.30772e-40
0.3731 	1.68647e-40
0.3738 	1.06522e-40
0.3745 	4.43963e-41
0.3752 	2.05381e-44
0.3759 	1.76105e-44
0.3766 	1.46398e-44
0.3773 	1.16259e-44
0.378 	8.61203e-45
0.3787 	5.59816e-45
0.3794 	2.58429e-45
0.3801 	9.65893e-49
0.3808 	8.31025e-49
0.3815 	6.94705e-49
0.3822 	5.55773e-49
0.3829 	4.1684e-49
0.3836 	2.77908e-49
0.3843 	1.38975e-49
0.385 	4.3233e-53
0.3857 	3.7317e-53
0.3864 	3.1362e-53
0.3871 	2.52642e-53
0.3878 	1.91664e-53
0.3885 	1.30685e-53
0.3892 	6.97072e-54
0.3899 	8.72905e-55
0.3906 	1.60513e-57
0.3913 	1.35584e-57
0.392 	1.09934e-57
0.3927 	8.42846e-58
0.3934 	5.8635e-58
0.3941 	3.29854e-58
0.3948 	7.33572e-59
0.3955 	6.65926e-62
0.3962 	5.64984e-62
0.3969 	4.61098e-62
0.3976 	3.56986e-62
0.3983 	2.52873e-62
0.399 	1.48761e-62
0.3997 	4.46482e-63
0.4004 	2.68253e-66
0.4011 	2.28455e-66
0.4018 	1.87672e-66
0.4025 	1.46621e-66
0.4032 	1.0557e-66
0.4039 	6.45195e-67
0.4046 	2.34686e-67
0.4053 	1.05385e-70
0.406 	9.00737e-71
0.4067 	7.44532e-71
0.4074 	5.86609e-71
0.4081 	4.28687e-71
0.4088 	2.70765e-71
0.4095 	1.12843e-71
0.4102 	4.04913e-75
0.4109 	3.47272e-75
0.4116 	2.8873e-75
0.4123 	2.29289e-75
0.413 	1.69848e-75
0.4137 	1.10406e-75
0.4144 	5.0965e-76
0.4151 	1.5228e-79
0.4158 	1.31031e-79
0.4165 	1.09547e-79
0.4172 	8.76383e-80
0.4179 	6.57301e-80
0.4186 	4.38219e-80
0.4193 	2.19137e-80
0.42 	5.60496e-84
0.4207 	4.83801e-84
0.4214 	4.066e-84
0.4221 	3.27542e-84
0.4228 	2.48485e-84
0.4235 	1.69428e-84
0.4242 	9.03706e-85
0.4249 	1.13133e-85
0.4256 	1.74663e-88
0.4263 	1.47524e-88
0.427 	1.19615e-88
0.4277 	9.17067e-89
0.4284 	6.3798e-89
0.4291 	3.58893e-89
0.4298 	7.9806e-90
0.4305 	6.16167e-93
0.4312 	5.22692e-93
0.4319 	4.26577e-93
0.4326 	3.30258e-93
0.4333 	2.33939e-93
0.434 	1.37621e-93
0.4347 	4.13019e-94
0.4354 	2.12262e-97
0.4361 	1.80739e-97
0.4368 	1.48468e-97
0.4375 	1.15992e-97
0.4382 	8.35159e-98
0.4389 	5.104e-98
0.4396 	1.8564e-98
0.4403 	6.10798e-102
0.441 	5.06205e-102
0.4417 	4.00081e-102
0.4424 	2.93106e-102
0.4431 	1.86132e-102
0.4438 	7.91574e-103
0.4445 	-2.7817e-103
0.4452 	-1.01137e-102
0.4459 	-9.03245e-103
0.4466 	-8.49198e-103
0.4473 	-8.49231e-103
0.448 	-8.49264e-103
0.4487 	-8.49297e-103
0.4494 	-8.4933e-103
0.4501 	-8.2968e-103
0.4508 	-6.91921e-103
0.4515 	-6.03361e-103
0.4522 	-6.03358e-103
0.4529 	-6.03355e-103
0.4536 	-6.03352e-103
0.4543 	-6.03349e-103
0.455 	-6.03348e-103
0.4557 	-4.84186e-103
0.4564 	-3.90558e-103
0.4571 	-3.90554e-103
0.4578 	-3.9055e-103
0.4585 	-3.90546e-103
0.4592 	-3.90542e-103
0.4599 	-3.90538e-103
0.4606 	-3.15681e-103
0.4613 	-2.34586e-103
0.462 	-2.34582e-103
0.4627 	-2.34579e-103
0.4634 	-2.34575e-103
0.4641 	-2.34572e-103
0.4648 	-2.34568e-103
0.4655 	-1.93486e-103
0.4662 	-1.35972e-103
0.4669 	-1.31862e-103
0.4676 	-1.31859e-103
0.4683 	-1.31857e-103
0.469 	-1.31854e-103
0.4697 	-1.31852e-103
0.4704 	-1.11969e-103
0.4711 	-7.7176e-104
0.4718 	-6.9719e-104
0.4725 	-6.97173e-104
0.4732 	-6.97157e-104
0.4739 	-6.9714e-104
0.4746 	-6.97123e-104
0.4753 	-6.13325e-104
0.476 	-4.17814e-104
0.4767 	-3.47982e-104
0.4774 	-3.47972e-104
0.4781 	-3.47962e-104
0.4788 	-3.47952e-104
0.4795 	-3.47942e-104
0.4802 	-3.18576e-104
0.4809 	-2.15818e-104
0.4816 	-1.64437e-104
0.4823 	-1.64431e-104
0.483 	-1.64426e-104
0.4837 	-1.6442e-104
0.4844 	-1.64414e-104
0.4851 	-1.57157e-104
0.4858 	-1.06388e-104
0.4865 	-7.37504e-105
0.4872 	-7.37475e-105
0.4879 	-7.37446e-105
0.4886 	-7.37416e-105
0.4893 	-7.37387e-105
0.49 	-7.37361e-105
0.4907 	-5.00642e-105
0.4914 	-3.14646e-105
0.4921 	-3.14632e-105
0.4928 	-3.14618e-105
0.4935 	-3.14604e-105
0.4942 	-3.14589e-105
0.4949 	-3.14575e-105
0.4956 	-2.24997e-105
0.4963 	-1.27954e-105
0.497 	-1.27948e-105
0.4977 	-1.27941e-105
0.4984 	-1.27935e-105
0.4991 	-1.27928e-105
0.4998 	-1.27921e-105
0.5005 	-9.66279e-106
0.5012 	-5.28194e-106
0.5019 	-4.96875e-106
0.5026 	-4.96846e-106
0.5033 	-4.96818e-106
0.504 	-4.96789e-106
0.5047 	-4.9676e-106
0.5054 	-3.96859e-106
0.5061 	-2.22051e-106
0.5068 	-1.84582e-106
0.5075 	-1.8457e-106
0.5082 	-1.84559e-106
0.5089 	-1.84547e-106
0.5096 	-1.84535e-106
0.5103 	-1.5601e-106
0.511 	-8.94679e-107
0.5117 	-6.56998e-107
0.5124 	-6.56951e-107
0.5131 	-6.56904e-107
0.5138 	-6.56856e-107
0.5145 	-6.56809e-107
0.5152 	-5.87598e-107
0.5159 	-3.4547e-107
0.5166 	-2.24397e-107
0.5173 	-2.24379e-107
0.518 	-2.24362e-107
0.5187 	-2.24344e-107
0.5194 	-2.24326e-107
0.5201 	-2.12258e-107
0.5208 	-1.27886e-107
0.5215 	-7.36445e-108
0.5222 	-7.36382e-108
0.5229 	-7.36318e-108
0.5236 	-7.36254e-108
0.5243 	-7.36191e-108
0.525 	-7.3613e-108
0.5257 	-4.54127e-108
0.5264 	-2.3255e-108
0.5271 	-2.32528e-108
0.5278 	-2.32506e-108
0.5285 	-2.32484e-108
0.5292 	-2.32462e-108
0.5299 	-2.32441e-108
0.5306 	-1.54824e-108
0.5313 	-7.07422e-109
0.532 	-7.0735e-109
0.5327 	-7.07277e-109
0.5334 	-7.07205e-109
0.5341 	-7.07133e-109
0.5348 	-7.07061e-109
0.5355 	-5.07242e-109
0.5362 	-2.27522e-109
0.5369 	-2.07521e-109
0.5376 	-2.07498e-109
0.5383 	-2.07475e-109
0.539 	-2.07452e-109
0.5397 	-2.0743e-109
0.5404 	-1.59858e-109
0.5411 	-7.66243e-110
0.5418 	-5.8783e-110
0.5425 	-5.87761e-110
0.5432 	-5.87691e-110
0.5439 	-5.87622e-110
0.5446 	-5.87552e-110
0.5453 	-4.85139e-110
0.546 	-2.46264e-110
0.5467 	-1.60938e-110
0.5474 	-1.60918e-110
0.5481 	-1.60898e-110
0.5488 	-1.60877e-110
0.5495 	-1.60857e-110
0.5502 	-1.41929e-110
0.5509 	-7.57291e-111
0.5516 	-4.26264e-111
0.5523 	-4.26207e-111
0.553 	-4.26149e-111
0.5537 	-4.26091e-111
0.5544 	-4.26034e-111
0.5551 	-4.00653e-111
0.5558 	-2.23327e-111
0.5565 	-1.09327e-111
0.5572 	-1.09311e-111
0.5579 	-1.09295e-111
0.5586 	-1.09279e-111
0.5593 	-1.09264e-111
0.56 	-1.09248e-111
0.5607 	-6.32886e-112
0.5614 	-2.71767e-112
0.5621 	-2.71725e-112
0.5628 	-2.71683e-112
0.5635 	-2.71642e-112
0.5642 	-2.716e-112
0.5649 	-2.71559e-112
0.5656 	-1.72662e-112
0.5663 	-6.55297e-113
0.567 	-6.55191e-113
0.5677 	-6.55085e-113
0.5684 	-6.54979e-113
0.5691 	-6.54873e-113
0.5698 	-6.54767e-113
0.5705 	-4.54196e-113
0.5712 	-1.73438e-113
0.5719 	-1.53359e-113
0.5726 	-1.53333e-113
0.5733 	-1.53307e-113
0.574 	-1.53281e-113
0.5747 	-1.53254e-113
0.5754 	-1.15367e-113
0.5761 	-4.90827e-114
0.5768 	-3.48741e-114
0.5775 	-3.48678e-114
0.5782 	-3.48615e-114
0.5789 	-3.48552e-114
0.5796 	-3.48489e-114
0.5803 	-2.83332e-114
0.581 	-1.31381e-114
0.5817 	-7.71038e-115
0.5824 	-7.70892e-115
0.5831 	-7.70746e-115
0.5838 	-7.706e-115
0.5845 	-7.70453e-115
0.5852 	-6.73633e-115
0.5859 	-3.3512e-115
0.5866 	-1.65848e-115
0.5873 	-1.65815e-115
0.588 	-1.65782e-115
0.5887 	-1.65749e-115
0.5894 	-1.65716e-115
0.5901 	-1.55211e-115
0.5908 	-8.18751e-116
0.5915 	-3.47279e-116
0.5922 	-3.47207e-116
0.5929 	-3.47134e-116
0.5936 	-3.47062e-116
0.5943 	-3.4699e-116
0.595 	-3.46919e-116
0.5957 	-1.92315e-116
0.5964 	-7.08383e-117
0.5971 	-7.08229e-117
0.5978 	-7.08075e-117
0.5985 	-7.0792e-117
0.5992 	-7.07766e-117
0.5999 	-7.07611e-117
0.6006 	-4.35557e-117
0.6013 	-1.40851e-117
0.602 	-1.40819e-117
0.6027 	-1.40787e-117
0.6034 	-1.40755e-117
0.6041 	-1.40723e-117
0.6048 	-1.40691e-117
0.6055 	-9.53355e-118
0.6062 	-3.18507e-118
0.6069 	-2.731e-118
0.6076 	-2.73036e-118
0.6083 	-2.72971e-118
0.609 	-2.72906e-118
0.6097 	-2.72841e-118
0.6104 	-2.02056e-118
0.6111 	-7.82293e-119
0.6118 	-5.16849e-119
0.6125 	-5.16722e-119
0.6132 	-5.16594e-119
0.6139 	-5.16466e-119
0.6146 	-5.16339e-119
0.6153 	-4.15288e-119
0.616 	-1.7967e-119
0.6167 	-9.55043e-120
0.6174 	-9.54798e-120
0.6181 	-9.54553e-120
0.6188 	-9.54308e-120
0.6195 	-9.54063e-120
0.6202 	-8.28855e-120
0.6209 	-3.91232e-120
0.6216 	-1.72398e-120
0.6223 	-1.72352e-120
0.623 	-1.72306e-120
0.6237 	-1.7226e-120
0.6244 	-1.72214e-120
0.6251 	-1.60834e-120
0.6258 	-8.14516e-121
0.6265 	-3.04167e-121
0.6272 	-3.04083e-121
0.6279 	-3.03999e-121
0.6286 	-3.03914e-121
0.6293 	-3.0383e-121
0.63 	-3.03747e-121
0.6307 	-1.63039e-121
0.6314 	-5.24794e-122
0.6321 	-5.24643e-122
0.6328 	-5.24493e-122
0.6335 	-5.24343e-122
0.6342 	-5.24192e-122
0.6349 	-5.24042e-122
0.6356 	-3.15015e-122
0.6363 	-8.85896e-123
0.637 	-8.85634e-123
0.6377 	-8.85371e-123
0.6384 	-8.85108e-123
0.6391 	-8.84846e-123
0.6398 	-8.84583e-123
0.6405 	-5.89253e-123
0.6412 	-1.75893e-123
0.6419 	-1.46326e-123
0.6426 	-1.46281e-123
0.6433 	-1.46236e-123
0.644 	-1.46191e-123
0.6447 	-1.46146e-123
0.6454 	-1.06944e-123
0.6461 	-3.83728e-124
0.6468 	-2.3673e-124
0.6475 	-2.36655e-124
0.6482 	-2.3658e-124
0.6489 	-2.36505e-124
0.6496 	-2.3643e-124
0.6503 	-1.88661e-124
0.651 	-7.7298e-125
0.6517 	-3.75176e-125
0.6524 	-3.75053e-125
0.6531 	-3.7493e-125
0.6538 	-3.74808e-125
0.6545 	-3.74685e-125
0.6552 	-3.23987e-125
0.6559 	-1.46849e-125
0.6566 	-5.82692e-126
0.6573 	-5.82496e-126
0.658 	-5.82299e-126
0.6587 	-5.82103e-126
0.6594 	-5.81906e-126
0.6601 	-5.42299e-126
0.6608 	-2.66216e-126
0.6615 	-8.87232e-127
0.6622 	-8.86924e-127
0.6629 	-8.86616e-127
0.6636 	-8.86308e-127
0.6643 	-8.85999e-127
0.665 	-8.85694e-127
0.6657 	-4.63907e-127
0.6664 	-1.32493e-127
0.6671 	-1.32445e-127
0.6678 	-1.32398e-127
0.6685 	-1.32351e-127
0.6692 	-1.32303e-127
0.6699 	-1.32256e-127
0.6706 	-7.80874e-128
0.6713 	-1.94114e-128
0.672 	-1.94043e-128
0.6727 	-1.93971e-128
0.6734 	-1.939e-128
0.6741 	-1.93828e-128
0.6748 	-1.93757e-128
0.6755 	-1.27406e-128
0.6762 	-3.45431e-129
0.6769 	-2.79002e-129
0.6776 	-2.78896e-129
0.6783 	-2.7879e-129
0.679 	-2.78684e-129
0.6797 	-2.78579e-129
0.6804 	-2.02004e-129
0.6811 	-6.8076e-130
0.6818 	-3.93651e-130
0.6825 	-3.93497e-130
0.6832 	-3.93343e-130
0.6839 	-3.93189e-130
0.6846 	-3.93036e-130
0.6853 	-3.11661e-130
0.686 	-1.21989e-130
0.6867 	-5.4235e-131
0.6874 	-5.4213e-131
0.6881 	-5.4191e-131
0.6888 	-5.4169e-131
0.6895 	-5.4147e-131
0.6902 	-4.65905e-131
0.6909 	-2.0197e-131
0.6916 	-6.99866e-132
0.6923 	-6.99556e-132
0.693 	-6.99246e-132
0.6937 	-6.98935e-132
0.6944 	-6.98625e-132
0.6951 	-6.42513e-132
0.6958 	-2.5157e-132
0.6965 	-2.34216e-135
0.6972 	-1.92842e-135
0.6979 	-1.51469e-135
0.6986 	-1.10096e-135
0.6993 	-6.8723e-136
0.7 	-2.73502e-136
