0 	1
0.0007 	1
0.0014 	1
0.0021 	1
0.0028 	1
0.0035 	1
0.0042 	1
0.0049 	1
0.0056 	1
0.0063 	1
0.007 	1
0.0077 	1
0.0084 	1
0.0091 	1
0.0098 	1
0.0105 	1
0.0112 	1
0.0119 	1
0.0126 	1
0.0133 	1
0.014 	1
0.0147 	1
0.0154 	1
0.0161 	1
0.0168 	1
0.0175 	1
0.0182 	1
0.0189 	1
0.0196 	1
0.0203 	1
0.021 	1
0.0217 	1
0.0224 	1
0.0231 	1
0.0238 	1
0.0245 	1
0.0252 	1
0.0259 	1
0.0266 	1
0.0273 	1
0.028 	1
0.0287 	1
0.0294 	1
0.0301 	1
0.0308 	1
0.0315 	1
0.0322 	1
0.0329 	1
0.0336 	1
0.0343 	1
0.035 	1
0.0357 	1
0.0364 	1
0.0371 	1
0.0378 	1
0.0385 	1
0.0392 	1
0.0399 	1
0.0406 	1
0.0413 	1
0.042 	1
0.0427 	1
0.0434 	1
0.0441 	1
0.0448 	1
0.0455 	1
0.0462 	1
0.0469 	1
0.0476 	1
0.0483 	1
0.049 	1
0.0497 	1
0.0504 	1
0.0511 	1
0.0518 	1
0.0525 	1
0.0532 	1
0.0539 	1
0.0546 	1
0.0553 	1
0.056 	1
0.0567 	1
0.0574 	1
0.0581 	1
0.0588 	1
0.0595 	1
0.0602 	1
0.0609 	1
0.0616 	1
0.0623 	1
0.063 	1
0.0637 	1
0.0644 	1
0.0651 	1
0.0658 	1
0.0665 	1
0.0672 	1
0.0679 	1
0.0686 	1
0.0693 	1
0.07 	1
0.0707 	1
0.0714 	1
0.0721 	1
0.0728 	1
0.0735 	1
0.0742 	1
0.0749 	1
0.0756 	1
0.0763 	1
0.077 	1
0.0777 	1
0.0784 	1
0.0791 	1
0.0798 	1
0.0805 	1
0.0812 	1
0.0819 	1
0.0826 	1
0.0833 	1
0.084 	1
0.0847 	1
0.0854 	1
0.0861 	1
0.0868 	1
0.0875 	1
0.0882 	1
0.0889 	1
0.0896 	1
0.0903 	1
0.091 	1
0.0917 	1
0.0924 	1
0.0931 	1
0.0938 	1
0.0945 	1
0.0952 	1
0.0959 	1
0.0966 	1
0.0973 	1
0.098 	1
0.0987 	1
0.0994 	1
0.1001 	1
0.1008 	1
0.1015 	1
0.1022 	1
0.1029 	1
0.1036 	1
0.1043 	1
0.105 	1
0.1057 	1
0.1064 	1
0.1071 	1
0.1078 	1
0.1085 	1
0.1092 	1
0.1099 	1
0.1106 	1
0.1113 	1
0.112 	1
0.1127 	1
0.1134 	1
0.1141 	1
0.1148 	1
0.1155 	1
0.1162 	1
0.1169 	1
0.1176 	1
0.1183 	1
0.119 	1
0.1197 	1
0.1204 	1
0.1211 	1
0.1218 	1
0.1225 	1
0.1232 	1
0.1239 	1
0.1246 	1
0.1253 	1
0.126 	1
0.1267 	1
0.1274 	1
0.1281 	1
0.1288 	1
0.1295 	1
0.1302 	1
0.1309 	1
0.1316 	1
0.1323 	1
0.133 	1
0.1337 	1
0.1344 	1
0.1351 	1
0.1358 	1
0.1365 	1
0.1372 	1
0.1379 	1
0.1386 	1
0.1393 	1
0.14 	1
0.1407 	1
0.1414 	1
0.1421 	1
0.1428 	1
0.1435 	1
0.1442 	1
0.1449 	1
0.1456 	1
0.1463 	1
0.147 	1
0.1477 	1
0.1484 	1
0.1491 	1
0.1498 	1
0.1505 	1
0.1512 	1
0.1519 	1
0.1526 	1
0.1533 	1
0.154 	1
0.1547 	1
0.1554 	1
0.1561 	1
0.1568 	1
0.1575 	1
0.1582 	1
0.1589 	1
0.1596 	1
0.1603 	1
0.161 	1
0.1617 	1
0.1624 	1
0.1631 	1
0.1638 	1
0.1645 	1
0.1652 	1
0.1659 	1
0.1666 	1
0.1673 	1
0.168 	1
0.1687 	1
0.1694 	1
0.1701 	1
0.1708 	1
0.1715 	1
0.1722 	1
0.1729 	1
0.1736 	1
0.1743 	1
0.175 	1
0.1757 	1
0.1764 	1
0.1771 	1
0.1778 	1
0.1785 	1
0.1792 	1
0.1799 	1
0.1806 	1
0.1813 	1
0.182 	1
0.1827 	1
0.1834 	1
0.1841 	1
0.1848 	1
0.1855 	1
0.1862 	1
0.1869 	1
0.1876 	1
0.1883 	1
0.189 	1
0.1897 	1
0.1904 	1
0.1911 	1
0.1918 	1
0.1925 	1
0.1932 	1
0.1939 	1
0.1946 	1
0.1953 	1
0.196 	1
0.1967 	1
0.1974 	1
0.1981 	1
0.1988 	1
0.1995 	1
0.2002 	1
0.2009 	1
0.2016 	1
0.2023 	1
0.203 	1
0.2037 	1
0.2044 	1
0.2051 	1
0.2058 	1
0.2065 	1
0.2072 	1
0.2079 	1
0.2086 	1
0.2093 	1
0.21 	1
0.2107 	1
0.2114 	1
0.2121 	1
0.2128 	1
0.2135 	1
0.2142 	1
0.2149 	1
0.2156 	1
0.2163 	1
0.217 	1
0.2177 	1
0.2184 	1
0.2191 	1
0.2198 	1
0.2205 	1
0.2212 	1
0.2219 	1
0.2226 	1
0.2233 	1
0.224 	1
0.2247 	1
0.2254 	1
0.2261 	1
0.2268 	1
0.2275 	1
0.2282 	1
0.2289 	1
0.2296 	1
0.2303 	1
0.231 	1
0.2317 	1
0.2324 	1
0.2331 	1
0.2338 	1
0.2345 	1
0.2352 	1
0.2359 	0.999999
0.2366 	0.999998
0.2373 	0.999997
0.238 	0.999996
0.2387 	0.999995
0.2394 	0.999995
0.2401 	0.999994
0.2408 	0.999983
0.2415 	0.99997
0.2422 	0.999957
0.2429 	0.999943
0.2436 	0.99993
0.2443 	0.999917
0.245 	0.999902
0.2457 	0.999737
0.2464 	0.999495
0.2471 	0.999253
0.2478 	0.99901
0.2485 	0.998768
0.2492 	0.998526
0.2499 	0.99826
0.2506 	0.99432
0.2513 	0.986937
0.252 	0.979545
0.2527 	0.972153
0.2534 	0.964762
0.2541 	0.95737
0.2548 	0.949763
0.2555 	0.925552
0.2562 	0.877144
0.2569 	0.828723
0.2576 	0.7803
0.2583 	0.731878
0.259 	0.683455
0.2597 	0.635033
0.2604 	0.562527
0.2611 	0.501477
0.2618 	0.440432
0.2625 	0.379389
0.2632 	0.318346
0.2639 	0.257303
0.2646 	0.19626
0.2653 	0.148722
0.266 	0.127394
0.2667 	0.106076
0.2674 	0.0847622
0.2681 	0.0634487
0.2688 	0.0421352
0.2695 	0.0208218
0.2702 	0.0104412
0.2709 	0.00871532
0.2716 	0.0071622
0.2723 	0.00561001
0.273 	0.00405781
0.2737 	0.00250561
0.2744 	0.000953411
0.2751 	0.000136123
0.2758 	0.000107086
0.2765 	8.81673e-05
0.2772 	6.92685e-05
0.2779 	5.03697e-05
0.2786 	3.14709e-05
0.2793 	1.25721e-05
0.28 	2.16384e-07
0.2807 	1.53612e-07
0.2814 	1.27075e-07
0.2821 	1.00581e-07
0.2828 	7.4086e-08
0.2835 	4.75913e-08
0.2842 	2.10965e-08
0.2849 	2.66972e-11
0.2856 	1.76693e-11
0.2863 	1.46884e-11
0.287 	1.17138e-11
0.2877 	8.73907e-12
0.2884 	5.76439e-12
0.2891 	2.78971e-12
0.2898 	1.01843e-15
0.2905 	6.9281e-16
0.2912 	5.78675e-16
0.2919 	4.64751e-16
0.2926 	3.50843e-16
0.2933 	2.36936e-16
0.294 	1.23028e-16
0.2947 	9.12039e-18
0.2954 	3.01819e-20
0.2961 	2.53252e-20
0.2968 	2.04744e-20
0.2975 	1.56253e-20
0.2982 	1.07762e-20
0.2989 	5.92702e-21
0.2996 	1.07788e-21
0.3003 	1.37498e-24
0.301 	1.15879e-24
0.3017 	9.42723e-25
0.3024 	7.26724e-25
0.3031 	5.10725e-25
0.3038 	2.94726e-25
0.3045 	7.87265e-26
0.3052 	6.74666e-29
0.3059 	5.38737e-29
0.3066 	4.40903e-29
0.3073 	3.43069e-29
0.308 	2.45235e-29
0.3087 	1.47401e-29
0.3094 	4.95668e-30
0.3101 	3.40941e-33
0.3108 	2.44493e-33
0.3115 	2.01236e-33
0.3122 	1.57948e-33
0.3129 	1.1466e-33
0.3136 	7.13724e-34
0.3143 	2.80846e-34
0.315 	1.62681e-37
0.3157 	1.05927e-37
0.3164 	8.76645e-38
0.3171 	6.93665e-38
0.3178 	5.10684e-38
0.3185 	3.27704e-38
0.3192 	1.44723e-38
0.3199 	6.57905e-42
0.3206 	4.37392e-42
0.3213 	3.63907e-42
0.322 	2.90138e-42
0.3227 	2.16369e-42
0.3234 	1.426e-42
0.3241 	6.88304e-43
0.3248 	2.54796e-46
0.3255 	1.73722e-46
0.3262 	1.45268e-46
0.3269 	1.16655e-46
0.3276 	8.8029e-47
0.3283 	5.94033e-47
0.329 	3.07776e-47
0.3297 	2.1519e-48
0.3304 	6.70418e-51
0.3311 	5.63284e-51
0.3318 	4.55469e-51
0.3325 	3.47469e-51
0.3332 	2.39468e-51
0.3339 	1.31468e-51
0.3346 	2.34672e-52
0.3353 	2.52581e-55
0.336 	2.13178e-55
0.3367 	1.73518e-55
0.3374 	1.33715e-55
0.3381 	9.39115e-56
0.3388 	5.41083e-56
0.3395 	1.4305e-56
0.3402 	9.9114e-60
0.3409 	7.85787e-60
0.3416 	6.43659e-60
0.3423 	5.00671e-60
0.343 	3.57683e-60
0.3437 	2.14695e-60
0.3444 	7.17069e-61
0.3451 	3.98558e-64
0.3458 	2.80336e-64
0.3465 	2.31028e-64
0.3472 	1.81276e-64
0.3479 	1.31524e-64
0.3486 	8.17714e-65
0.3493 	3.20192e-65
0.35 	1.52149e-68
0.3507 	9.61586e-69
0.3514 	7.97078e-69
0.3521 	6.30522e-69
0.3528 	4.63966e-69
0.3535 	2.9741e-69
0.3542 	1.30855e-69
0.3549 	4.85527e-73
0.3556 	3.1573e-73
0.3563 	2.6318e-73
0.357 	2.09772e-73
0.3577 	1.56364e-73
0.3584 	1.02956e-73
0.3591 	4.95476e-74
0.3598 	1.47425e-77
0.3605 	9.90719e-78
0.3612 	8.30042e-78
0.3619 	6.66496e-78
0.3626 	5.02729e-78
0.3633 	3.38962e-78
0.364 	1.75195e-78
0.3647 	1.14275e-79
0.3654 	2.97229e-82
0.3661 	2.50168e-82
0.3668 	2.02338e-82
0.3675 	1.54298e-82
0.3682 	1.06257e-82
0.3689 	5.82169e-83
0.3696 	1.01765e-83
0.3703 	8.53826e-87
0.371 	7.21769e-87
0.3717 	5.87814e-87
0.3724 	4.52805e-87
0.3731 	3.17796e-87
0.3738 	1.82786e-87
0.3745 	4.77772e-88
0.3752 	2.56913e-91
0.3759 	1.99629e-91
0.3766 	1.63655e-91
0.3773 	1.27253e-91
0.378 	9.08512e-92
0.3787 	5.44493e-92
0.3794 	1.80474e-92
0.3801 	2.02527e-96
0.3808 	-2.33988e-97
0.3815 	-1.50753e-96
0.3822 	-2.44951e-96
0.3829 	-3.39149e-96
0.3836 	-4.33347e-96
0.3843 	-5.27545e-96
0.385 	-7.3717e-96
0.3857 	-3.67339e-96
0.3864 	-9.59455e-97
0.3871 	-9.59402e-97
0.3878 	-9.59348e-97
0.3885 	-9.59294e-97
0.3892 	-9.5924e-97
0.3899 	-1.10769e-96
0.3906 	-6.64782e-97
0.3913 	-1.11442e-97
0.392 	-1.11433e-97
0.3927 	-1.11424e-97
0.3934 	-1.11415e-97
0.3941 	-1.11406e-97
0.3948 	-1.17525e-97
0.3955 	-8.66225e-98
0.3962 	-1.5913e-98
0.3969 	-1.08615e-98
0.3976 	-1.08606e-98
0.3983 	-1.08597e-98
0.399 	-1.08588e-98
0.3997 	-1.08579e-98
0.4004 	-9.4156e-99
0.4011 	-2.43747e-99
0.4018 	-9.421e-100
0.4025 	-9.42022e-100
0.4032 	-9.41944e-100
0.4039 	-9.41866e-100
0.4046 	-9.41788e-100
0.4053 	-9.03319e-100
0.406 	-2.92818e-100
0.4067 	-7.47783e-101
0.4074 	-7.47721e-101
0.4081 	-7.47658e-101
0.4088 	-7.47596e-101
0.4095 	-7.47533e-101
0.4102 	-7.90028e-101
0.4109 	-2.99038e-101
0.4116 	-5.511e-102
0.4123 	-5.51053e-102
0.413 	-5.51006e-102
0.4137 	-5.50959e-102
0.4144 	-5.50913e-102
0.4151 	-6.38057e-102
0.4158 	-2.7044e-102
0.4165 	-3.79792e-103
0.4172 	-3.79759e-103
0.4179 	-3.79727e-103
0.4186 	-3.79694e-103
0.4193 	-3.79661e-103
0.42 	-4.78236e-103
0.4207 	-2.21363e-103
0.4214 	-2.45439e-104
0.4221 	-2.45417e-104
0.4228 	-2.45395e-104
0.4235 	-2.45374e-104
0.4242 	-2.45352e-104
0.4249 	-2.84501e-104
0.4256 	-1.65932e-104
0.4263 	-1.48824e-105
0.427 	-1.4881e-105
0.4277 	-1.48797e-105
0.4284 	-1.48783e-105
0.4291 	-1.4877e-105
0.4298 	-1.57602e-105
0.4305 	-1.14631e-105
0.4312 	-1.55424e-106
0.4319 	-8.46397e-107
0.4326 	-8.46319e-107
0.4333 	-8.4624e-107
0.434 	-8.46162e-107
0.4347 	-8.46084e-107
0.4354 	-7.32491e-107
0.4361 	-1.66442e-107
0.4368 	-4.51426e-108
0.4375 	-4.51383e-108
0.4382 	-4.5134e-108
0.4389 	-4.51297e-108
0.4396 	-4.51254e-108
0.4403 	-4.33987e-108
0.441 	-1.30844e-108
0.4417 	-2.25771e-109
0.4424 	-2.25748e-109
0.4431 	-2.25726e-109
0.4438 	-2.25703e-109
0.4445 	-2.25681e-109
0.4452 	-2.39536e-109
0.4459 	-8.66905e-110
0.4466 	-1.05928e-110
0.4473 	-1.05916e-110
0.448 	-1.05905e-110
0.4487 	-1.05894e-110
0.4494 	-1.05883e-110
0.4501 	-1.23162e-110
0.4508 	-5.07364e-111
0.4515 	-4.66675e-112
0.4522 	-4.66623e-112
0.4529 	-4.66571e-112
0.4536 	-4.6652e-112
0.4543 	-4.66468e-112
0.455 	-5.90133e-112
0.4557 	-2.68229e-112
0.4564 	-1.93331e-113
0.4571 	-1.93308e-113
0.4578 	-1.93285e-113
0.4585 	-1.93262e-113
0.4592 	-1.93239e-113
0.4599 	-2.25048e-113
0.4606 	-1.29779e-113
0.4613 	-7.54569e-115
0.462 	-7.5447e-115
0.4627 	-7.54371e-115
0.4634 	-7.54272e-115
0.4641 	-7.54173e-115
0.4648 	-8.02431e-115
0.4655 	-5.79836e-115
0.4662 	-6.46132e-116
0.4669 	-2.78079e-116
0.4676 	-2.78038e-116
0.4683 	-2.77998e-116
0.469 	-2.77957e-116
0.4697 	-2.77916e-116
0.4704 	-2.40894e-116
0.4711 	-5.05047e-117
0.4718 	-9.70583e-118
0.4725 	-9.7042e-118
0.4732 	-9.70257e-118
0.4739 	-9.70094e-118
0.4746 	-9.69931e-118
0.4753 	-9.36136e-118
0.476 	-2.70065e-118
0.4767 	-3.21784e-119
0.4774 	-3.21721e-119
0.4781 	-3.21657e-119
0.4788 	-3.21594e-119
0.4795 	-3.2153e-119
0.4802 	-3.42776e-119
0.4809 	-1.20812e-119
0.4816 	-1.0166e-120
0.4823 	-1.01635e-120
0.483 	-1.01611e-120
0.4837 	-1.01587e-120
0.4844 	-1.01563e-120
0.4851 	-1.18655e-120
0.4858 	-4.80969e-121
0.4865 	-3.06987e-122
0.4872 	-3.06897e-122
0.4879 	-3.06807e-122
0.4886 	-3.06716e-122
0.4893 	-3.06626e-122
0.49 	-3.89599e-122
0.4907 	-1.75342e-122
0.4914 	-8.88506e-124
0.4921 	-8.88176e-124
0.4928 	-8.87846e-124
0.4935 	-8.87516e-124
0.4942 	-8.87186e-124
0.4949 	-1.03764e-123
0.4956 	-5.9486e-124
0.4963 	-2.47e-125
0.497 	-2.46882e-125
0.4977 	-2.46764e-125
0.4984 	-2.46646e-125
0.4991 	-2.46528e-125
0.4998 	-2.63392e-125
0.5005 	-1.89699e-125
0.5012 	-1.88107e-126
0.5019 	-6.60059e-127
0.5026 	-6.59649e-127
0.5033 	-6.59238e-127
0.504 	-6.58828e-127
0.5047 	-6.58418e-127
0.5054 	-5.72337e-127
0.5061 	-1.14999e-127
0.5068 	-1.69867e-128
0.5075 	-1.69728e-128
0.5082 	-1.69589e-128
0.5089 	-1.6945e-128
0.5096 	-1.69311e-128
0.5103 	-1.64052e-128
0.511 	-4.62751e-129
0.5117 	-4.20911e-130
0.5124 	-4.20455e-130
0.5131 	-4.19999e-130
0.5138 	-4.19544e-130
0.5145 	-4.19088e-130
0.5152 	-4.48635e-130
0.5159 	-1.56009e-130
0.5166 	-1.00436e-131
0.5173 	-1.00291e-131
0.518 	-1.00147e-131
0.5187 	-1.00002e-131
0.5194 	-9.98573e-132
0.5201 	-1.17112e-131
0.5208 	-4.7077e-132
0.5215 	-2.30878e-133
0.5222 	-2.30434e-133
0.5229 	-2.29991e-133
0.5236 	-2.29547e-133
0.5243 	-2.29103e-133
0.525 	-2.9208e-133
0.5257 	-1.30768e-133
0.5264 	-5.11833e-135
0.5271 	-5.10519e-135
0.5278 	-5.09206e-135
0.5285 	-5.07892e-135
0.5292 	-5.06579e-135
0.5299 	-5.94082e-135
0.5306 	-3.39485e-135
0.5313 	-1.0965e-136
0.532 	-1.09276e-136
0.5327 	-1.08901e-136
0.5334 	-1.08526e-136
0.5341 	-1.08152e-136
0.5348 	-1.15746e-136
0.5355 	-8.32081e-137
0.5362 	-7.67196e-138
0.5369 	-2.26698e-138
0.5376 	-2.2567e-138
0.5383 	-2.24641e-138
0.539 	-2.23612e-138
0.5397 	-2.22584e-138
0.5404 	-1.94128e-138
0.5411 	-3.80453e-139
0.5418 	-4.57764e-140
0.5425 	-4.55046e-140
0.5432 	-4.52328e-140
0.5439 	-4.4961e-140
0.5446 	-4.46892e-140
0.5453 	-4.34384e-140
0.546 	-1.21007e-140
0.5467 	-9.04223e-142
0.5474 	-8.97315e-142
0.5481 	-8.90408e-142
0.5488 	-8.83501e-142
0.5495 	-8.76594e-142
0.5502 	-9.40357e-142
0.5509 	-3.24791e-142
0.5516 	-1.75597e-143
0.5523 	-1.7391e-143
0.553 	-1.72223e-143
0.5537 	-1.70536e-143
0.5544 	-1.68848e-143
0.5551 	-1.98061e-143
0.5558 	-7.93367e-144
0.5565 	-3.36587e-145
0.5572 	-3.32626e-145
0.5579 	-3.28666e-145
0.5586 	-3.24705e-145
0.5593 	-3.20745e-145
0.56 	-4.07975e-145
0.5607 	-1.82354e-145
0.5614 	-6.38114e-147
0.5621 	-6.29183e-147
0.5628 	-6.20251e-147
0.5635 	-6.11319e-147
0.5642 	-6.02387e-147
0.5649 	-7.02828e-147
0.5656 	-4.01327e-147
0.5663 	-1.19611e-148
0.567 	-1.17675e-148
0.5677 	-1.1574e-148
0.5684 	-1.13805e-148
0.5691 	-1.1187e-148
0.5698 	-1.18742e-148
0.5705 	-8.53302e-149
0.5712 	-7.74975e-150
0.5719 	-2.1709e-150
0.5726 	-2.13062e-150
0.5733 	-2.09035e-150
0.574 	-2.05007e-150
0.5747 	-2.00979e-150
0.5754 	-1.75903e-150
0.5761 	-3.43348e-151
0.5768 	-3.93539e-152
0.5775 	-3.85483e-152
0.5782 	-3.77428e-152
0.5789 	-3.69372e-152
0.5796 	-3.61316e-152
0.5803 	-3.51652e-152
0.581 	-9.77567e-153
0.5817 	-6.98029e-154
0.5824 	-6.82544e-154
0.5831 	-6.67059e-154
0.5838 	-6.51575e-154
0.5845 	-6.3609e-154
0.5852 	-6.81591e-154
0.5859 	-2.35048e-154
0.5866 	-1.20662e-155
0.5873 	-1.17801e-155
0.588 	-1.14939e-155
0.5887 	-1.12078e-155
0.5894 	-1.09216e-155
0.5901 	-1.27668e-155
0.5908 	-5.10724e-156
0.5915 	-2.02615e-157
0.5922 	-1.9753e-157
0.5929 	-1.92444e-157
0.5936 	-1.87359e-157
0.5943 	-1.82273e-157
0.595 	-2.30578e-157
0.5957 	-1.02946e-157
0.5964 	-3.29712e-159
0.5971 	-3.21017e-159
0.5978 	-3.12322e-159
0.5985 	-3.03626e-159
0.5992 	-2.94931e-159
0.5999 	-3.41713e-159
0.6006 	-1.94926e-159
0.6013 	-5.19118e-161
0.602 	-5.04808e-161
0.6027 	-4.90497e-161
0.6034 	-4.76187e-161
0.6041 	-4.61877e-161
0.6048 	-4.86248e-161
0.6055 	-3.49145e-161
0.6062 	-3.06349e-162
0.6069 	-7.67362e-163
0.6076 	-7.44684e-163
0.6083 	-7.22006e-163
0.609 	-6.99329e-163
0.6097 	-6.76651e-163
0.6104 	-5.94215e-163
0.6111 	-1.14367e-163
0.6118 	-1.12703e-164
0.6125 	-1.09241e-164
0.6132 	-1.05779e-164
0.6139 	-1.02317e-164
0.6146 	-9.88552e-165
0.6153 	-9.63936e-165
0.616 	-2.65691e-165
0.6167 	-1.59908e-166
0.6174 	-1.54814e-166
0.6181 	-1.4972e-166
0.6188 	-1.44627e-166
0.6195 	-1.39533e-166
0.6202 	-1.49564e-166
0.6209 	-5.12873e-167
0.6216 	-2.19198e-168
0.6223 	-2.11971e-168
0.623 	-2.04745e-168
0.6237 	-1.97518e-168
0.6244 	-1.90292e-168
0.6251 	-2.22154e-168
0.6258 	-8.85376e-169
0.6265 	-2.90355e-170
0.6272 	-2.80465e-170
0.6279 	-2.70576e-170
0.6286 	-2.60686e-170
0.6293 	-2.50796e-170
0.63 	-3.16341e-170
0.6307 	-1.40888e-170
0.6314 	-3.7178e-172
0.6321 	-3.58717e-172
0.6328 	-3.45655e-172
0.6335 	-3.32592e-172
0.6342 	-3.1953e-172
0.6349 	-3.68546e-172
0.6356 	-2.09897e-172
0.6363 	-4.60319e-174
0.637 	-4.43659e-174
0.6377 	-4.26999e-174
0.6384 	-4.10339e-174
0.6391 	-3.9368e-174
0.6398 	-4.11897e-174
0.6405 	-2.95472e-174
0.6412 	-2.48302e-175
0.6419 	-5.30803e-176
0.6426 	-5.10276e-176
0.6433 	-4.89749e-176
0.644 	-4.69222e-176
0.6447 	-4.48695e-176
0.6454 	-3.95348e-176
0.6461 	-7.49867e-177
0.6468 	-6.14572e-178
0.6475 	-5.90125e-178
0.6482 	-5.65677e-178
0.6489 	-5.4123e-178
0.6496 	-5.16783e-178
0.6503 	-5.04874e-178
0.651 	-1.38071e-178
0.6517 	-6.8887e-180
0.6524 	-6.6071e-180
0.6531 	-6.32551e-180
0.6538 	-6.04391e-180
0.6545 	-5.76232e-180
0.6552 	-6.17742e-180
0.6559 	-2.10823e-180
0.6566 	-7.47821e-182
0.6573 	-7.16433e-182
0.658 	-6.85046e-182
0.6587 	-6.53659e-182
0.6594 	-6.22272e-182
0.6601 	-7.25153e-182
0.6608 	-2.88137e-182
0.6615 	-7.86548e-184
0.6622 	-7.52674e-184
0.6629 	-7.188e-184
0.6636 	-6.84926e-184
0.6643 	-6.51053e-184
0.665 	-8.18054e-184
0.6657 	-3.63641e-184
0.6664 	-8.0185e-186
0.6671 	-7.66434e-186
0.6678 	-7.31019e-186
0.6685 	-6.95604e-186
0.6692 	-6.60189e-186
0.6699 	-7.5693e-186
0.6706 	-4.30575e-186
0.6713 	-7.92642e-188
0.672 	-7.56753e-188
0.6727 	-7.20863e-188
0.6734 	-6.84974e-188
0.6741 	-6.49085e-188
0.6748 	-6.73546e-188
0.6755 	-4.82812e-188
0.6762 	-3.92579e-189
0.6769 	-7.24803e-190
0.6776 	-6.89533e-190
0.6783 	-6.54264e-190
0.679 	-6.18994e-190
0.6797 	-5.83724e-190
0.6804 	-5.1578e-190
0.6811 	-9.67854e-191
0.6818 	-6.73675e-192
0.6825 	-6.40049e-192
0.6832 	-6.06423e-192
0.6839 	-5.72797e-192
0.6846 	-5.39171e-192
0.6853 	-5.27117e-192
0.686 	-1.43342e-192
0.6867 	-6.07882e-194
0.6874 	-5.76768e-194
0.6881 	-5.45655e-194
0.6888 	-5.14541e-194
0.6895 	-4.83427e-194
0.6902 	-5.17294e-194
0.6909 	-1.75949e-194
0.6916 	-5.32706e-196
0.6923 	-5.04757e-196
0.693 	-4.76808e-196
0.6937 	-4.48859e-196
0.6944 	-4.2091e-196
0.6951 	-4.88197e-196
0.6958 	-1.95364e-196
0.6965 	-7.88655e-198
0.6972 	-7.64481e-198
0.6979 	-7.40306e-198
0.6986 	-7.16132e-198
0.6993 	-6.91957e-198
0.7 	-8.80508e-198
