0 	1
0.0007 	1
0.0014 	1
0.0021 	1
0.0028 	1
0.0035 	1
0.0042 	1
0.0049 	1
0.0056 	1
0.0063 	1
0.0077 	1
0.0084 	1
0.0091 	1
0.0098 	1
0.0105 	1
0.0112 	1
0.0119 	1
0.0126 	1
0.0133 	1
0.014 	1
0.0147 	1
0.0154 	1
0.0161 	1
0.0168 	1
0.0175 	1
0.0182 	1
0.0196 	1
0.0203 	1
0.021 	1
0.0217 	1
0.0224 	1
0.0231 	1
0.0238 	1
0.0245 	1
0.0252 	1
0.0259 	1
0.0266 	1
0.0273 	1
0.028 	1
0.0287 	1
0.0294 	1
0.0301 	1
0.0308 	1
0.0315 	1
0.0322 	1
0.0329 	1
0.0336 	1
0.0343 	1
0.035 	1
0.0357 	1
0.0371 	1
0.0378 	1
0.0385 	1
0.0392 	1
0.0399 	1
0.0406 	1
0.0413 	1
0.042 	1
0.0427 	1
0.0434 	1
0.0441 	1
0.0448 	1
0.0455 	1
0.0462 	1
0.0469 	1
0.0476 	1
0.0483 	1
0.049 	1
0.0497 	1
0.0504 	1
0.0511 	1
0.0518 	1
0.0525 	1
0.0532 	1
0.0539 	1
0.0546 	1
0.0553 	1
0.056 	1
0.0567 	1
0.0574 	1
0.0581 	1
0.0588 	1
0.0595 	1
0.0602 	1
0.0609 	1
0.0616 	1
0.0623 	1
0.063 	1
0.0644 	1
0.0651 	1
0.0658 	1
0.0665 	1
0.0672 	1
0.0679 	1
0.0686 	1
0.0693 	1
0.07 	1
0.0707 	1
0.0714 	1
0.0721 	1
0.0728 	1
0.0735 	1
0.0742 	1
0.0749 	1
0.0756 	1
0.0763 	1
0.077 	1
0.0777 	1
0.0784 	1
0.0791 	1
0.0798 	1
0.0805 	1
0.0812 	1
0.0819 	1
0.0826 	1
0.084 	1
0.0847 	1
0.0854 	1
0.0861 	1
0.0868 	1
0.0875 	1
0.0882 	1
0.0889 	1
0.0896 	1
0.0903 	1
0.091 	1
0.0917 	1
0.0924 	1
0.0931 	1
0.0938 	1
0.0945 	1
0.0952 	1
0.0959 	1
0.0966 	1
0.0973 	1
0.098 	1
0.0987 	1
0.0994 	1
0.1001 	1
0.1008 	1
0.1015 	1
0.1022 	1
0.1029 	1
0.1036 	1
0.1043 	1
0.105 	1
0.1057 	1
0.1064 	1
0.1071 	1
0.1078 	1
0.1085 	1
0.1092 	1
0.1099 	1
0.1106 	1
0.1113 	1
0.112 	1
0.1127 	1
0.1134 	1
0.1141 	1
0.1148 	1
0.1155 	1
0.1162 	1
0.1169 	1
0.1176 	1
0.1183 	1
0.119 	1
0.1197 	1
0.1204 	1
0.1211 	1
0.1218 	1
0.1225 	1
0.1232 	1
0.1239 	1
0.1246 	1
0.1253 	1
0.126 	1
0.1267 	1
0.1274 	1
0.1281 	1
0.1288 	1
0.1295 	1
0.1302 	1
0.1309 	1
0.1316 	1
0.1323 	1
0.133 	1
0.1337 	1
0.1344 	1
0.1351 	1
0.1358 	1
0.1365 	1
0.1372 	1
0.1379 	1
0.1386 	1
0.14 	1
0.1407 	1
0.1414 	1
0.1421 	1
0.1428 	1
0.1435 	1
0.1442 	1
0.1449 	1
0.1456 	1
0.1463 	1
0.147 	1
0.1477 	1
0.1484 	1
0.1491 	1
0.1498 	1
0.1505 	1
0.1512 	1
0.1519 	1
0.1526 	1
0.1533 	1
0.154 	1
0.1547 	1
0.1554 	1
0.1561 	1
0.1568 	1
0.1575 	1
0.1582 	1
0.1589 	1
0.1596 	1
0.1603 	1
0.161 	1
0.1617 	1
0.1624 	1
0.1631 	1
0.1638 	1
0.1645 	1
0.1652 	1
0.1659 	1
0.1666 	1
0.1673 	1
0.168 	1
0.1687 	1
0.1694 	1
0.1701 	1
0.1708 	1
0.1715 	1
0.1722 	1
0.1729 	1
0.1736 	1
0.1743 	1
0.175 	1
0.1757 	1
0.1764 	1
0.1771 	1
0.1778 	1
0.1785 	1
0.1792 	1
0.1799 	1
0.1806 	1
0.1813 	1
0.182 	1
0.1827 	1
0.1834 	1
0.1841 	1
0.1848 	1
0.1855 	1
0.1862 	1
0.1869 	1
0.1876 	1
0.1883 	1
0.189 	1
0.1897 	1
0.1904 	1
0.1911 	1
0.1918 	1
0.1932 	1
0.1939 	1
0.1946 	1
0.1953 	1
0.196 	1
0.1967 	1
0.1974 	1
0.1981 	1
0.1995 	1
0.2009 	1
0.2016 	1
0.2023 	1
0.203 	1
0.2037 	1
0.2044 	1
0.2051 	1
0.2058 	1
0.2065 	1
0.2072 	1
0.2079 	1
0.2086 	1
0.2093 	1
0.21 	1
0.2107 	1
0.2114 	1
0.2121 	1
0.2128 	1
0.2135 	1
0.2142 	1
0.2149 	1
0.2156 	1
0.2163 	1
0.217 	1
0.2177 	1
0.2184 	1
0.2191 	1
0.2198 	1
0.2205 	1
0.2212 	1
0.2219 	1
0.2226 	1
0.2233 	1
0.2247 	1
0.2254 	1
0.2261 	1
0.2268 	1
0.2282 	1
0.2289 	1
0.2296 	1
0.2303 	1
0.231 	1
0.2317 	1
0.2324 	1
0.2331 	1
0.2338 	1
0.2345 	1
0.2352 	1
0.2359 	1
0.2366 	1
0.2373 	1
0.238 	1
0.2387 	1
0.2394 	1
0.2401 	0.999909
0.2408 	0.999275
0.2415 	0.998628
0.2422 	0.997955
0.2429 	0.997283
0.2436 	0.99661
0.2443 	0.995938
0.245 	0.995265
0.2457 	0.925583
0.2464 	0.855908
0.2471 	0.786258
0.2478 	0.716608
0.2485 	0.646958
0.2492 	0.577308
0.2499 	0.507658
0.2506 	0.438251
0.2513 	0.368888
0.252 	0.29956
0.2527 	0.230233
0.2534 	0.160905
0.2541 	0.0915776
0.2548 	0.0222501
0.2555 	0.00221515
0.2569 	0.00154967
0.2576 	0.00119974
0.2583 	0.00084982
0.259 	0.000499895
0.2597 	0.00014997
0.2604 	1.89701e-09
0.2611 	1.65868e-09
0.2618 	1.37183e-09
0.2625 	1.07174e-09
0.2632 	7.71653e-10
0.2639 	4.71566e-10
0.2646 	1.71479e-10
0.2653 	5.0969e-16
0.266 	4.49928e-16
0.2667 	3.77155e-16
0.2674 	2.97152e-16
0.2681 	2.1715e-16
0.2688 	1.37147e-16
0.2695 	5.71449e-17
0.2702 	2.82582e-22
0.2709 	2.54522e-22
0.2716 	2.18046e-22
0.2723 	1.73154e-22
0.273 	1.28263e-22
0.2737 	8.33714e-23
0.2744 	3.84799e-23
0.2751 	1.42316e-27
0.2758 	1.30597e-27
0.2765 	1.14859e-27
0.2779 	6.89154e-28
0.2786 	4.59438e-28
0.2793 	2.29721e-28
0.28 	4.1766e-33
0.2807 	3.84105e-33
0.2814 	3.4343e-33
0.2821 	2.76652e-33
0.2828 	2.09874e-33
0.2835 	1.43096e-33
0.2849 	9.54044e-35
0.2856 	6.85399e-39
0.2863 	6.22221e-39
0.2877 	3.86787e-39
0.2884 	2.69069e-39
0.2891 	1.51352e-39
0.2898 	3.36344e-40
0.2905 	8.15861e-45
0.2912 	7.46563e-45
0.2919 	6.13067e-45
0.2926 	4.74633e-45
0.2933 	3.36199e-45
0.294 	1.97764e-45
0.2947 	5.93297e-46
0.2954 	6.75545e-51
0.2961 	6.18869e-51
0.2968 	5.17738e-51
0.2975 	4.04483e-51
0.2989 	1.77973e-51
0.2996 	6.47176e-52
0.3003 	4.02414e-57
0.301 	3.69045e-57
0.3017 	3.14272e-57
0.3024 	2.47608e-57
0.3031 	1.80944e-57
0.3038 	1.14281e-57
0.3045 	4.76171e-58
0.3052 	1.79478e-63
0.3059 	1.64745e-63
0.3066 	1.4269e-63
0.3073 	1.13313e-63
0.308 	8.39355e-64
0.3087 	5.45581e-64
0.3094 	2.51807e-64
0.3101 	6.39975e-70
0.3108 	5.87555e-70
0.3115 	5.16933e-70
0.3122 	4.13547e-70
0.3129 	3.1016e-70
0.3136 	2.06773e-70
0.3143 	1.03387e-70
0.315 	2.28455e-76
0.3157 	2.09095e-76
0.3164 	1.86128e-76
0.3171 	1.49936e-76
0.3178 	1.13745e-76
0.3185 	7.75533e-77
0.3192 	4.13618e-77
0.3199 	5.17038e-78
0.3206 	1.53249e-82
0.3213 	1.37361e-82
0.322 	1.11374e-82
0.3227 	8.53865e-83
0.3234 	5.93994e-83
0.3241 	3.34123e-83
0.3248 	7.42515e-84
0.3255 	2.4122e-88
0.3262 	2.17721e-88
0.3269 	1.78595e-88
0.3276 	1.38267e-88
0.3283 	9.79393e-89
0.329 	5.76115e-89
0.3297 	1.72838e-89
0.3304 	4.30847e-94
0.3311 	3.90327e-94
0.3318 	3.25669e-94
0.3325 	2.54429e-94
0.3332 	1.83189e-94
0.3339 	1.11949e-94
0.3346 	4.07093e-95
0.3353 	7.23897e-100
0.336 	6.58001e-100
0.3367 	5.58331e-100
0.3374 	4.39897e-100
0.3381 	3.21464e-100
0.3388 	2.0303e-100
0.3395 	8.45966e-101
0.3402 	1.11593e-105
0.3409 	1.01719e-105
0.3416 	8.77489e-106
0.3423 	6.9683e-106
0.343 	5.16171e-106
0.3437 	3.35512e-106
0.3444 	1.54852e-106
0.3451 	1.56978e-111
0.3458 	1.43428e-111
0.3465 	1.25735e-111
0.3472 	1.00588e-111
0.3479 	7.54413e-112
0.3486 	5.02942e-112
0.3493 	2.51472e-112
0.35 	2.0144e-117
0.3507 	1.84431e-117
0.3514 	1.64224e-117
0.3521 	1.32292e-117
0.3528 	1.00359e-117
0.3535 	6.84269e-118
0.3542 	3.64945e-118
0.3549 	4.56201e-119
0.3556 	2.15741e-123
0.3563 	1.95027e-123
0.357 	1.5813e-123
0.3577 	1.21233e-123
0.3584 	8.43363e-124
0.3591 	4.74393e-124
0.3598 	1.05422e-124
0.3605 	2.29432e-129
0.3612 	2.09135e-129
0.3619 	1.71686e-129
0.3626 	1.32918e-129
0.364 	5.53828e-130
0.3647 	1.6615e-130
0.3654 	2.21698e-135
0.3661 	2.02441e-135
0.3668 	1.69228e-135
0.3675 	1.32209e-135
0.3682 	9.51908e-136
0.3689 	5.81722e-136
0.3696 	2.11537e-136
0.3703 	1.94607e-141
0.371 	1.77989e-141
0.3717 	1.51408e-141
0.3724 	1.19291e-141
0.3731 	8.71743e-142
0.3738 	5.50576e-142
0.3745 	2.29408e-142
0.3752 	2.5158e-147
0.3759 	2.22488e-147
0.3766 	1.8863e-147
0.3773 	1.50006e-147
0.378 	1.11383e-147
0.3787 	7.27589e-148
0.3794 	3.41354e-148
0.3801 	1.01211e-149
0.3808 	8.90851e-150
0.3815 	7.58959e-150
0.3822 	6.07922e-150
0.3829 	4.56885e-150
0.3836 	3.05849e-150
0.3843 	1.54812e-150
0.385 	3.7752e-152
0.3857 	3.36908e-152
0.3864 	2.92842e-152
0.3871 	2.36111e-152
0.3878 	1.79381e-152
0.3885 	1.2265e-152
0.3892 	6.59197e-153
0.3899 	9.18909e-154
0.3906 	9.93205e-155
0.3913 	8.8218e-155
0.392 	7.15744e-155
0.3927 	5.49307e-155
0.3941 	2.16434e-155
0.3948 	4.99978e-156
0.3955 	2.28321e-157
0.3962 	2.05742e-157
0.3969 	1.68824e-157
0.3976 	1.30803e-157
0.3983 	9.27817e-158
0.399 	5.47607e-158
0.3997 	1.67397e-158
0.4004 	4.22413e-160
0.4011 	3.83009e-160
0.4018 	3.19728e-160
0.4025 	2.49934e-160
0.4032 	1.8014e-160
0.4039 	1.10346e-160
0.4046 	4.05522e-161
0.4053 	6.45243e-163
0.406 	5.87464e-163
0.4067 	4.98912e-163
0.4074 	3.93263e-163
0.4081 	2.87615e-163
0.4088 	1.81966e-163
0.4095 	7.63172e-164
0.4102 	8.33194e-166
0.4109 	7.60738e-166
0.4116 	6.56978e-166
0.4123 	5.21911e-166
0.413 	3.86845e-166
0.4137 	2.51778e-166
0.4144 	1.16712e-166
0.4151 	9.2929e-169
0.4158 	8.50243e-169
0.4165 	7.46192e-169
0.4172 	5.97135e-169
0.4179 	4.48078e-169
0.4186 	2.99021e-169
0.4193 	1.49964e-169
0.42 	9.07411e-172
0.4207 	8.31533e-172
0.4214 	7.41069e-172
0.4221 	5.97124e-172
0.4228 	4.53179e-172
0.4235 	3.09234e-172
0.4242 	1.6529e-172
0.4249 	2.13449e-173
0.4256 	7.25439e-175
0.4263 	6.56055e-175
0.427 	5.32052e-175
0.4277 	4.08048e-175
0.4284 	2.84044e-175
0.4291 	1.6004e-175
0.4298 	3.60368e-176
0.4305 	5.70998e-178
0.4312 	5.20381e-178
0.4319 	4.27268e-178
0.4326 	3.30885e-178
0.4333 	2.34503e-178
0.4347 	4.17375e-179
0.4354 	4.102e-181
0.4368 	3.12863e-181
0.4375 	2.44486e-181
0.4382 	1.76109e-181
0.4396 	3.93557e-182
0.4403 	2.73062e-184
0.441 	2.49449e-184
0.4417 	2.12114e-184
0.4431 	1.222e-184
0.4438 	7.72424e-185
0.4445 	3.22852e-185
0.4452 	1.68779e-187
0.4459 	1.54365e-187
0.4466 	1.33433e-187
0.4473 	1.05982e-187
0.448 	7.85307e-188
0.4487 	5.10796e-188
0.4494 	2.36285e-188
0.4501 	9.7872e-191
0.4508 	8.96233e-191
0.4515 	7.87028e-191
0.4522 	6.29729e-191
0.4529 	4.7243e-191
0.4536 	3.15131e-191
0.4543 	1.57832e-191
0.455 	5.33329e-194
0.4557 	4.89002e-194
0.4564 	4.36017e-194
0.4571 	3.51288e-194
0.4578 	2.66559e-194
0.4585 	1.81831e-194
0.4592 	9.7102e-195
0.4599 	1.23734e-195
0.4606 	2.50168e-197
0.4613 	2.26375e-197
0.4627 	1.40768e-197
0.4641 	5.51613e-198
0.4648 	1.2358e-198
0.4655 	1.20922e-200
0.4662 	1.10298e-200
0.4676 	7.01257e-201
0.4683 	4.96892e-201
0.469 	2.92526e-201
0.4697 	8.81611e-202
0.4704 	5.48857e-204
0.4711 	5.01393e-204
0.4718 	4.19211e-204
0.4725 	3.27562e-204
0.4732 	2.35912e-204
0.4739 	1.44263e-204
0.4746 	5.26132e-205
0.4753 	2.33512e-207
0.476 	2.13626e-207
0.4767 	1.81753e-207
0.4774 	1.4322e-207
0.4781 	1.04686e-207
0.4788 	6.61532e-208
0.4795 	2.76199e-208
0.4802 	9.38769e-211
0.4809 	8.60034e-211
0.4816 	7.44105e-211
0.4823 	5.90981e-211
0.483 	4.37857e-211
0.4837 	2.84732e-211
0.4844 	1.31608e-211
0.4851 	3.54722e-214
0.4858 	3.2541e-214
0.4865 	2.86137e-214
0.4872 	2.28935e-214
0.4879 	1.71732e-214
0.4886 	1.1453e-214
0.4893 	5.73281e-215
0.49 	1.25897e-217
0.4907 	1.15641e-217
0.4914 	1.03281e-217
0.4921 	8.32065e-218
0.4928 	6.31323e-218
0.4935 	4.3058e-218
0.4949 	2.90947e-219
0.4956 	3.88124e-221
0.4963 	3.51882e-221
0.497 	2.85334e-221
0.4977 	2.18787e-221
0.4984 	1.5224e-221
0.4991 	8.56921e-222
0.4998 	1.91446e-222
0.5005 	1.23447e-224
0.5012 	1.12817e-224
0.5019 	9.26414e-225
0.5026 	7.17312e-225
0.5033 	5.08209e-225
0.504 	2.99107e-225
0.5047 	9.00041e-226
0.5054 	3.70691e-228
0.5061 	3.3922e-228
0.5068 	2.83729e-228
0.5075 	2.21687e-228
0.5082 	1.59645e-228
0.5096 	3.55615e-229
0.5103 	1.0528e-231
0.511 	9.64623e-232
0.5117 	8.21192e-232
0.5124 	6.47061e-232
0.5131 	4.72931e-232
0.5138 	2.98801e-232
0.5145 	1.2467e-232
0.5152 	2.84743e-235
0.5159 	2.61208e-235
0.5166 	2.26167e-235
0.5173 	1.79618e-235
0.518 	1.3307e-235
0.5187 	8.65215e-236
0.5194 	3.9973e-236
0.5201 	7.3521e-239
0.5208 	6.75224e-239
0.5215 	5.9423e-239
0.5222 	4.7542e-239
0.5229 	3.5661e-239
0.5236 	2.378e-239
0.5243 	1.1899e-239
0.525 	1.80656e-242
0.5257 	1.66101e-242
0.5264 	1.4848e-242
0.5278 	9.07538e-243
0.5285 	6.18909e-243
0.5292 	3.3028e-243
0.5299 	4.16511e-244
0.5306 	3.89527e-246
0.5313 	3.53476e-246
0.532 	2.86619e-246
0.5327 	2.19763e-246
0.5334 	1.52907e-246
0.5341 	8.60506e-247
0.5348 	1.91944e-247
0.5355 	8.72374e-250
0.5362 	7.97916e-250
0.5369 	6.55249e-250
0.5376 	5.07334e-250
0.5383 	3.59419e-250
0.539 	2.11504e-250
0.5397 	6.35893e-251
0.5404 	1.8822e-253
0.5411 	1.72359e-253
0.5418 	1.44185e-253
0.5425 	1.12654e-253
0.5432 	8.11219e-254
0.5439 	4.95902e-254
0.5446 	1.80585e-254
0.5453 	3.90408e-257
0.546 	3.57919e-257
0.5467 	3.04767e-257
0.5474 	2.40137e-257
0.5481 	1.75506e-257
0.5488 	1.10875e-257
0.5495 	4.62444e-258
0.5502 	7.77467e-261
0.5509 	7.13558e-261
0.5516 	6.18001e-261
0.5523 	4.90797e-261
0.553 	3.63592e-261
0.5537 	2.36388e-261
0.5544 	1.09183e-261
0.5551 	1.48865e-264
0.5558 	1.36775e-264
0.5565 	1.20405e-264
0.5572 	9.63295e-265
0.5579 	7.2254e-265
0.5586 	4.81785e-265
0.5593 	2.4103e-265
0.56 	2.74453e-268
0.5607 	2.52427e-268
0.5614 	2.25717e-268
0.5628 	1.37957e-268
0.5642 	5.01969e-269
0.5656 	4.49155e-272
0.5663 	4.07711e-272
0.567 	3.30592e-272
0.5677 	2.53473e-272
0.5684 	1.76354e-272
0.5691 	9.92353e-273
0.5698 	2.21163e-273
0.5705 	7.76324e-276
0.5712 	7.10266e-276
0.5719 	5.83276e-276
0.5726 	4.51599e-276
0.5733 	3.19923e-276
0.574 	1.88246e-276
0.5747 	5.65692e-277
0.5754 	1.30127e-279
0.5761 	1.1919e-279
0.5768 	9.97117e-280
0.5775 	7.79046e-280
0.5782 	5.60974e-280
0.5789 	3.42903e-280
0.5796 	1.24831e-280
0.5803 	2.11123e-283
0.581 	1.93592e-283
0.5817 	1.64856e-283
0.5824 	1.29893e-283
0.5831 	9.49313e-284
0.5838 	5.99691e-284
0.5845 	2.50069e-284
0.5852 	3.31916e-287
0.5859 	3.04682e-287
0.5866 	2.63904e-287
0.5873 	2.09581e-287
0.588 	1.55259e-287
0.5887 	1.00936e-287
0.5894 	4.66135e-288
0.5901 	5.06167e-291
0.5908 	4.65123e-291
0.5915 	4.09493e-291
0.5929 	2.45726e-291
0.5943 	8.19586e-292
0.595 	7.49486e-295
0.5957 	6.89415e-295
0.5964 	6.16532e-295
0.5971 	4.96672e-295
0.5978 	3.76811e-295
0.5985 	2.56951e-295
0.5992 	1.3709e-295
0.5999 	1.72296e-296
0.6006 	9.93109e-299
0.6013 	9.01571e-299
0.602 	7.31032e-299
0.6027 	5.60492e-299
0.6034 	3.89953e-299
0.6041 	2.19413e-299
0.6048 	4.88732e-300
0.6055 	1.39156e-302
0.6062 	1.27328e-302
0.6069 	1.04563e-302
0.6076 	8.09564e-303
0.6083 	5.73499e-303
0.609 	3.37435e-303
0.6097 	1.0137e-303
0.6104 	1.90393e-306
0.6111 	1.74405e-306
0.6118 	1.45906e-306
0.6125 	1.13994e-306
0.6132 	8.20834e-307
0.6139 	5.01724e-307
0.6146 	1.82613e-307
0.6153 	2.55118e-310
0.616 	2.3395e-310
0.6167 	1.99227e-310
0.6174 	1.56974e-310
0.6181 	1.14721e-310
0.6188 	7.24681e-311
0.6195 	3.02149e-311
0.6202 	3.33267e-314
0.6209 	3.05938e-314
0.6216 	2.64995e-314
0.6223 	2.10437e-314
0.623 	1.55879e-314
0.6237 	1.01322e-314
0.6244 	4.67638e-315
0.6251 	0
0.6258 	0
0.6265 	0
0.6272 	0
0.6279 	0
0.6286 	0
0.6293 	0
0.63 	0
0.6307 	0
0.6314 	0
0.6321 	0
0.6328 	0
0.6335 	0
0.6342 	0
0.6349 	0
0.6356 	0
0.6363 	0
0.637 	0
0.6377 	0
0.6384 	0
0.6391 	0
0.6398 	0
0.6405 	0
0.6412 	0
0.6419 	0
0.6426 	0
0.6433 	0
0.644 	0
0.6447 	0
0.6454 	0
0.6461 	0
0.6468 	0
0.6475 	0
0.6489 	0
0.6503 	0
0.6517 	0
0.6524 	0
0.6531 	0
0.6538 	0
0.6545 	0
0.6552 	0
0.6559 	0
0.6566 	0
0.6573 	0
0.658 	0
0.6587 	0
0.6594 	0
0.6601 	0
0.6608 	0
0.6615 	0
0.6622 	0
0.6629 	0
0.6636 	0
0.6643 	0
0.665 	0
0.6657 	0
0.6664 	0
0.6671 	0
0.6678 	0
0.6685 	0
0.6692 	0
0.6699 	0
0.6706 	0
0.6713 	0
0.672 	0
0.6727 	0
0.6734 	0
0.6741 	0
0.6748 	0
0.6755 	0
0.6762 	0
0.6769 	0
0.6776 	0
0.6783 	0
0.679 	0
0.6797 	0
0.6804 	0
0.6811 	0
0.6818 	0
0.6825 	0
0.6832 	0
0.6839 	0
0.6846 	0
0.6853 	0
0.686 	0
0.6867 	0
0.6874 	0
0.6881 	0
0.6888 	0
0.6895 	0
0.6902 	0
0.6909 	0
0.6916 	0
0.6923 	0
0.693 	0
0.6937 	0
0.6951 	0
0.6958 	0
0.6965 	0
0.6972 	0
0.6979 	0
0.6986 	0
0.6993 	0
0.7 	0
