0 	1
0.0007 	1
0.0014 	1
0.0021 	1
0.0028 	1
0.0035 	1
0.0042 	1
0.0049 	1
0.0056 	1
0.0063 	1
0.007 	1
0.0077 	1
0.0084 	1
0.0091 	1
0.0098 	1
0.0105 	1
0.0112 	1
0.0119 	1
0.0126 	1
0.0133 	1
0.014 	1
0.0147 	1
0.0154 	1
0.0161 	1
0.0168 	1
0.0175 	1
0.0182 	1
0.0189 	1
0.0196 	1
0.0203 	1
0.021 	1
0.0217 	1
0.0224 	1
0.0231 	1
0.0238 	1
0.0245 	1
0.0252 	1
0.0259 	1
0.0266 	1
0.0273 	1
0.028 	1
0.0287 	1
0.0294 	1
0.0301 	1
0.0308 	1
0.0315 	1
0.0322 	1
0.0329 	1
0.0336 	1
0.0343 	1
0.035 	1
0.0357 	1
0.0364 	1
0.0371 	1
0.0378 	1
0.0385 	1
0.0392 	1
0.0399 	1
0.0406 	1
0.0413 	1
0.042 	1
0.0427 	1
0.0434 	1
0.0441 	1
0.0448 	1
0.0455 	1
0.0462 	1
0.0469 	1
0.0476 	1
0.0483 	1
0.049 	1
0.0497 	1
0.0504 	1
0.0511 	1
0.0518 	1
0.0525 	1
0.0532 	1
0.0539 	1
0.0546 	1
0.0553 	1
0.056 	1
0.0567 	1
0.0574 	1
0.0581 	1
0.0588 	1
0.0595 	1
0.0602 	1
0.0609 	1
0.0616 	1
0.0623 	1
0.063 	1
0.0637 	1
0.0644 	1
0.0651 	1
0.0658 	1
0.0665 	1
0.0672 	1
0.0679 	1
0.0686 	1
0.0693 	1
0.07 	1
0.0707 	1
0.0714 	1
0.0721 	1
0.0728 	1
0.0735 	1
0.0742 	1
0.0749 	1
0.0756 	1
0.0763 	1
0.077 	1
0.0777 	1
0.0784 	1
0.0791 	1
0.0798 	1
0.0805 	1
0.0812 	1
0.0819 	1
0.0826 	1
0.0833 	1
0.084 	1
0.0847 	1
0.0854 	1
0.0861 	1
0.0868 	1
0.0875 	1
0.0882 	1
0.0889 	1
0.0896 	1
0.0903 	1
0.091 	1
0.0917 	1
0.0924 	1
0.0931 	1
0.0938 	1
0.0945 	1
0.0952 	1
0.0959 	1
0.0966 	1
0.0973 	1
0.098 	1
0.0987 	1
0.0994 	1
0.1001 	1
0.1008 	1
0.1015 	1
0.1022 	1
0.1029 	1
0.1036 	1
0.1043 	1
0.105 	1
0.1057 	1
0.1064 	1
0.1071 	1
0.1078 	1
0.1085 	1
0.1092 	1
0.1099 	1
0.1106 	1
0.1113 	1
0.112 	1
0.1127 	1
0.1134 	1
0.1141 	1
0.1148 	1
0.1155 	1
0.1162 	1
0.1169 	1
0.1176 	1
0.1183 	1
0.119 	1
0.1197 	1
0.1204 	1
0.1211 	1
0.1218 	1
0.1225 	1
0.1232 	1
0.1239 	1
0.1246 	1
0.1253 	1
0.126 	1
0.1267 	1
0.1274 	1
0.1281 	1
0.1288 	1
0.1295 	1
0.1302 	1
0.1309 	1
0.1316 	1
0.1323 	1
0.133 	1
0.1337 	1
0.1344 	1
0.1351 	1
0.1358 	1
0.1365 	1
0.1372 	1
0.1379 	1
0.1386 	1
0.1393 	1
0.14 	1
0.1407 	1
0.1414 	1
0.1421 	1
0.1428 	1
0.1435 	1
0.1442 	1
0.1449 	1
0.1456 	1
0.1463 	1
0.147 	1
0.1477 	1
0.1484 	1
0.1491 	1
0.1498 	1
0.1505 	1
0.1512 	1
0.1519 	1
0.1526 	1
0.1533 	1
0.154 	1
0.1547 	1
0.1554 	1
0.1561 	1
0.1568 	1
0.1575 	1
0.1582 	1
0.1589 	1
0.1596 	1
0.1603 	1
0.161 	1
0.1617 	1
0.1624 	1
0.1631 	1
0.1638 	1
0.1645 	1
0.1652 	1
0.1659 	1
0.1666 	1
0.1673 	1
0.168 	1
0.1687 	1
0.1694 	1
0.1701 	1
0.1708 	1
0.1715 	1
0.1722 	1
0.1729 	1
0.1736 	1
0.1743 	1
0.175 	1
0.1757 	1
0.1764 	1
0.1771 	1
0.1778 	1
0.1785 	1
0.1792 	1
0.1799 	1
0.1806 	1
0.1813 	1
0.182 	1
0.1827 	1
0.1834 	1
0.1841 	1
0.1848 	1
0.1855 	1
0.1862 	1
0.1869 	1
0.1876 	1
0.1883 	1
0.189 	1
0.1897 	1
0.1904 	1
0.1911 	1
0.1918 	1
0.1925 	1
0.1932 	1
0.1939 	1
0.1946 	1
0.1953 	1
0.196 	1
0.1967 	1
0.1974 	1
0.1981 	1
0.1988 	1
0.1995 	1
0.2002 	1
0.2009 	1
0.2016 	1
0.2023 	1
0.203 	1
0.2037 	1
0.2044 	1
0.2051 	1
0.2058 	1
0.2065 	1
0.2072 	1
0.2079 	1
0.2086 	1
0.2093 	1
0.21 	1
0.2107 	1
0.2114 	1
0.2121 	1
0.2128 	1
0.2135 	1
0.2142 	1
0.2149 	1
0.2156 	1
0.2163 	1
0.217 	1
0.2177 	1
0.2184 	1
0.2191 	1
0.2198 	1
0.2205 	1
0.2212 	1
0.2219 	1
0.2226 	1
0.2233 	1
0.224 	1
0.2247 	1
0.2254 	1
0.2261 	1
0.2268 	0.999997
0.2275 	0.999994
0.2282 	0.99999
0.2289 	0.999986
0.2296 	0.999979
0.2303 	0.999973
0.231 	0.999966
0.2317 	0.999571
0.2324 	0.99896
0.2331 	0.998349
0.2338 	0.997708
0.2345 	0.996565
0.2352 	0.995422
0.2359 	0.99428
0.2366 	0.986907
0.2373 	0.973303
0.238 	0.959699
0.2387 	0.946147
0.2394 	0.922246
0.2401 	0.897433
0.2408 	0.872497
0.2415 	0.835888
0.2422 	0.778267
0.2429 	0.720646
0.2436 	0.663026
0.2443 	0.580709
0.245 	0.491497
0.2457 	0.401921
0.2464 	0.319488
0.2471 	0.263247
0.2478 	0.207006
0.2485 	0.150765
0.2492 	0.115052
0.2499 	0.0909598
0.2506 	0.0666513
0.2513 	0.0432051
0.252 	0.0314378
0.2527 	0.0196705
0.2534 	0.00790325
0.2541 	0.00170151
0.2548 	0.00134573
0.2555 	0.000966104
0.2562 	0.000576935
0.2569 	0.000409364
0.2576 	0.000258839
0.2583 	0.000108314
0.259 	6.6834e-07
0.2597 	5.75706e-07
0.2604 	4.21973e-07
0.2611 	2.22417e-07
0.2618 	1.4307e-07
0.2625 	9.65069e-08
0.2632 	4.99437e-08
0.2639 	6.25719e-12
0.2646 	6.11351e-12
0.2653 	4.96745e-12
0.266 	2.48489e-12
0.2667 	1.34999e-12
0.2674 	9.63783e-13
0.2681 	5.77575e-13
0.2688 	4.2035e-17
0.2695 	4.49721e-17
0.2702 	4.12474e-17
0.2709 	2.08681e-17
0.2716 	9.46775e-18
0.2723 	7.04619e-18
0.273 	4.62464e-18
0.2737 	1.2848e-18
0.2744 	2.72823e-22
0.2751 	3.00478e-22
0.2758 	1.53659e-22
0.2765 	5.49858e-23
0.2772 	4.29719e-23
0.2779 	3.0958e-23
0.2786 	1.8944e-23
0.2793 	1.34008e-27
0.28 	1.85418e-27
0.2807 	9.71456e-28
0.2814 	2.67641e-28
0.2821 	2.19797e-28
0.2828 	1.71953e-28
0.2835 	1.24109e-28
0.2842 	5.39166e-33
0.2849 	8.61352e-33
0.2856 	5.26145e-33
0.2863 	1.12028e-33
0.287 	9.64049e-34
0.2877 	8.07819e-34
0.2884 	6.51589e-34
0.2891 	1.79687e-38
0.2898 	3.3581e-38
0.2905 	2.44629e-38
0.2912 	5.45267e-39
0.2919 	3.69766e-39
0.2926 	3.26991e-39
0.2933 	2.84217e-39
0.294 	4.99012e-44
0.2947 	1.1132e-43
0.2954 	9.7879e-44
0.2961 	2.82925e-44
0.2968 	1.25798e-44
0.2975 	1.15596e-44
0.2982 	1.05394e-44
0.2989 	1.16116e-49
0.2996 	3.17585e-49
0.3003 	3.38432e-49
0.301 	1.1845e-49
0.3017 	3.84042e-50
0.3024 	3.60989e-50
0.3031 	3.37936e-50
0.3038 	2.30982e-55
0.3045 	7.9123e-55
0.3052 	1.01829e-54
0.3059 	4.12375e-55
0.3066 	1.06572e-55
0.3073 	1.00876e-55
0.308 	9.51804e-56
0.3087 	4.29174e-56
0.3094 	1.76108e-60
0.3101 	2.69778e-60
0.3108 	1.2258e-60
0.3115 	2.73552e-61
0.3122 	2.56819e-61
0.3129 	2.40086e-61
0.3136 	2.23352e-61
0.3143 	3.63126e-66
0.315 	6.42835e-66
0.3157 	3.20653e-66
0.3164 	6.63736e-67
0.3171 	6.1064e-67
0.3178 	5.57543e-67
0.3185 	5.04447e-67
0.3192 	7.25926e-72
0.3199 	1.26031e-71
0.3206 	7.70146e-72
0.3213 	1.55311e-72
0.322 	1.3952e-72
0.3227 	1.23729e-72
0.3234 	1.07938e-72
0.3241 	1.44699e-77
0.3248 	2.47311e-77
0.3255 	1.80024e-77
0.3262 	4.47758e-78
0.3269 	3.13425e-78
0.3276 	2.72791e-78
0.3283 	2.32156e-78
0.329 	2.81812e-83
0.3297 	5.04951e-83
0.3304 	4.32928e-83
0.3311 	1.39536e-83
0.3318 	6.9814e-84
0.3325 	6.1092e-84
0.3332 	5.237e-84
0.3339 	5.02361e-89
0.3346 	1.05721e-88
0.3353 	1.08356e-88
0.336 	4.05265e-89
0.3367 	1.53211e-89
0.3374 	1.37957e-89
0.3381 	1.22702e-89
0.3388 	7.45746e-95
0.3395 	2.14849e-94
0.3402 	2.70022e-94
0.3409 	1.12439e-94
0.3416 	3.25891e-95
0.3423 	3.04708e-95
0.343 	2.83525e-95
0.3437 	1.11383e-95
0.3444 	4.00432e-100
0.3451 	6.28928e-100
0.3458 	2.86509e-100
0.3465 	6.55819e-101
0.3472 	6.33374e-101
0.3479 	6.10928e-101
0.3486 	5.88483e-101
0.3493 	3.84047e-106
0.35 	6.84206e-106
0.3507 	3.69017e-106
0.3514 	1.21009e-106
0.3521 	1.1933e-106
0.3528 	1.1765e-106
0.3535 	1.1597e-106
0.3542 	-3.54033e-108
0.3549 	-9.03428e-108
0.3556 	-5.11003e-108
0.3563 	-8.34738e-111
0.357 	-5.82196e-111
0.3577 	-3.29654e-111
0.3584 	-7.71121e-112
0.3591 	-3.71617e-110
0.3598 	-1.11178e-109
0.3605 	-7.94548e-110
0.3612 	-5.43633e-111
0.3619 	-1.09195e-112
0.3626 	-6.57294e-113
0.3633 	-2.22634e-113
0.364 	-3.09484e-112
0.3647 	-1.17006e-111
0.3654 	-1.04709e-111
0.3661 	-1.86438e-112
0.3668 	-1.55506e-114
0.3675 	-9.67467e-115
0.3682 	-3.79877e-115
0.3689 	-1.90387e-114
0.3696 	-1.06733e-113
0.3703 	-1.19256e-113
0.371 	-3.15504e-114
0.3717 	-1.84721e-116
0.3724 	-1.18347e-116
0.3731 	-5.19725e-117
0.3738 	-5.95188e-117
0.3745 	-8.58151e-116
0.3752 	-1.20038e-115
0.3759 	-4.01603e-116
0.3766 	-1.89381e-118
0.3773 	-1.24554e-118
0.378 	-5.97272e-119
0.3787 	-2.35304e-120
0.3794 	-6.16067e-118
0.3801 	-1.08823e-117
0.3808 	-4.27004e-118
0.3815 	-1.72728e-120
0.3822 	-1.16298e-120
0.3829 	-5.98676e-121
0.3836 	-3.43753e-122
0.3843 	-3.97694e-120
0.385 	-9.01547e-120
0.3857 	-3.97531e-120
0.3864 	-1.42556e-122
0.3871 	-9.80266e-123
0.3878 	-5.34977e-123
0.3885 	-8.96878e-124
0.3892 	-2.30611e-122
0.3899 	-5.87225e-122
0.3906 	-3.32375e-122
0.3913 	-1.07503e-124
0.392 	-7.53433e-125
0.3927 	-4.31839e-125
0.3934 	-1.10246e-125
0.3941 	-1.18795e-124
0.3948 	-3.54495e-124
0.3955 	-2.53395e-124
0.3962 	-1.75754e-125
0.3969 	-5.32903e-127
0.3976 	-3.18456e-127
0.3983 	-1.04009e-127
0.399 	-5.27872e-127
0.3997 	-1.98874e-126
0.4004 	-1.77953e-126
0.4011 	-3.17765e-127
0.4018 	-3.49079e-129
0.4025 	-2.16243e-129
0.4032 	-8.34076e-130
0.4039 	-1.86284e-129
0.4046 	-1.03825e-128
0.4053 	-1.1597e-128
0.406 	-3.07112e-129
0.4067 	-2.12585e-131
0.4074 	-1.35881e-131
0.4081 	-5.91758e-132
0.4088 	-3.55966e-132
0.4095 	-5.0437e-131
0.4102 	-7.05162e-131
0.4109 	-2.35996e-131
0.4116 	-1.20753e-133
0.4123 	-7.93407e-134
0.413 	-3.79281e-134
0.4137 	-1.51277e-135
0.4144 	-2.27544e-133
0.4151 	-4.01676e-133
0.4158 	-1.57613e-133
0.4165 	-6.42077e-136
0.4172 	-4.32331e-136
0.4179 	-2.22585e-136
0.4186 	-1.28392e-137
0.4193 	-9.49004e-136
0.42 	-2.14957e-135
0.4207 	-9.47723e-136
0.4214 	-3.20747e-138
0.4221 	-2.20754e-138
0.4228 	-1.2076e-138
0.4235 	-2.07671e-139
0.4242 	-3.62729e-138
0.4249 	-9.22732e-138
0.4256 	-5.2216e-138
0.4263 	-1.50978e-140
0.427 	-1.05982e-140
0.4277 	-6.09861e-141
0.4284 	-1.59903e-141
0.4291 	-1.24994e-140
0.4298 	-3.72511e-140
0.4305 	-2.66201e-140
0.4312 	-1.83592e-141
0.4319 	-4.79409e-143
0.4326 	-2.87979e-143
0.4333 	-9.65496e-144
0.434 	-3.75422e-143
0.4347 	-1.41175e-142
0.4354 	-1.26285e-142
0.4361 	-2.25036e-143
0.4368 	-2.04495e-145
0.4375 	-1.27466e-145
0.4382 	-5.04374e-146
0.4389 	-9.01621e-146
0.4396 	-5.00869e-145
0.4403 	-5.59267e-145
0.441 	-1.47919e-145
0.4417 	-8.22461e-148
0.4424 	-5.29447e-148
0.4431 	-2.36433e-148
0.4438 	-1.18189e-148
0.4445 	-1.65714e-147
0.4452 	-2.31596e-147
0.4459 	-7.74411e-148
0.4466 	-3.1172e-150
0.4473 	-2.06448e-150
0.448 	-1.01175e-150
0.4487 	-5.97757e-152
0.4494 	-5.08652e-150
0.4501 	-8.9748e-150
0.4508 	-3.51941e-150
0.4515 	-1.11258e-152
0.4522 	-7.55737e-153
0.4529 	-3.98896e-153
0.4536 	-4.56132e-154
0.4543 	-1.43832e-152
0.455 	-3.25588e-152
0.4557 	-1.43481e-152
0.4564 	-3.73706e-155
0.4571 	-2.59699e-155
0.4578 	-1.45691e-155
0.4585 	-3.16839e-156
0.4592 	-3.70887e-155
0.4599 	-9.42692e-155
0.4606 	-5.33255e-155
0.4613 	-1.18087e-157
0.462 	-8.37804e-158
0.4627 	-4.9474e-158
0.4634 	-1.51677e-158
0.4641 	-8.57792e-158
0.4648 	-2.55334e-157
0.4655 	-1.82404e-157
0.4662 	-1.24809e-158
0.4669 	-2.53893e-160
0.4676 	-1.56676e-160
0.4683 	-5.94598e-161
0.469 	-1.72267e-160
0.4697 	-6.46582e-160
0.4704 	-5.78201e-160
0.4711 	-1.02798e-160
0.4718 	-7.23803e-163
0.4725 	-4.64168e-163
0.4732 	-2.04533e-163
0.4739 	-2.76439e-163
0.4746 	-1.53033e-162
0.4753 	-1.70816e-162
0.476 	-4.51257e-163
0.4767 	-1.94547e-165
0.4774 	-1.2909e-165
0.4781 	-6.36327e-166
0.4788 	-2.43941e-166
0.4795 	-3.38259e-165
0.4802 	-4.72548e-165
0.4809 	-1.57897e-165
0.4816 	-4.94256e-168
0.4823 	-3.3816e-168
0.483 	-1.82063e-168
0.4837 	-1.87838e-169
0.4844 	-6.96454e-168
0.4851 	-1.22826e-167
0.4858 	-4.81422e-168
0.4865 	-1.18913e-170
0.4872 	-8.36495e-171
0.4879 	-4.83859e-171
0.4886 	-1.24456e-171
0.4893 	-1.32764e-170
0.49 	-3.00366e-170
0.4907 	-1.32321e-170
0.4914 	-2.71043e-173
0.4921 	-1.9557e-173
0.4928 	-1.20097e-173
0.4935 	-4.46245e-174
0.4942 	-2.31588e-173
0.4949 	-5.88268e-173
0.4956 	-3.32681e-173
0.4963 	-5.84357e-176
0.497 	-4.31635e-176
0.4977 	-2.78912e-176
0.4984 	-1.26189e-176
0.4991 	-3.61922e-176
0.4998 	-1.07662e-175
0.5005 	-7.68959e-176
0.5012 	-5.23498e-177
0.5019 	-8.96384e-179
0.5026 	-6.05463e-179
0.5033 	-3.14542e-179
0.504 	-4.86942e-179
0.5047 	-1.82665e-178
0.5054 	-1.63324e-178
0.5061 	-2.89985e-179
0.5068 	-1.74344e-181
0.5075 	-1.22504e-181
0.5082 	-7.06628e-182
0.5089 	-5.14267e-182
0.5096 	-2.8463e-181
0.5103 	-3.17685e-181
0.511 	-8.38739e-182
0.5117 	-3.15996e-184
0.5124 	-2.30201e-184
0.5131 	-1.44406e-184
0.5138 	-2.90356e-185
0.5145 	-4.03334e-184
0.5152 	-5.63475e-184
0.5159 	-1.88222e-184
0.5166 	-5.31404e-187
0.5173 	-4.00452e-187
0.518 	-2.69501e-187
0.5187 	-4.61752e-188
0.5194 	-5.14444e-187
0.5201 	-9.07409e-187
0.5208 	-3.55614e-187
0.5215 	-8.2623e-190
0.5222 	-6.43114e-190
0.5229 	-4.59998e-190
0.5236 	-2.27995e-190
0.5243 	-5.83372e-190
0.525 	-1.32023e-189
0.5257 	-5.81592e-190
0.5264 	-1.18376e-192
0.5271 	-9.50951e-193
0.5278 	-7.18144e-193
0.5285 	-4.85337e-193
0.5292 	-5.78236e-193
0.5299 	-1.46951e-192
0.5306 	-8.31112e-193
0.5313 	-1.55792e-195
0.532 	-1.29141e-195
0.5327 	-1.02491e-195
0.5334 	-7.58399e-196
0.5341 	-4.89157e-196
0.5348 	-1.45612e-195
0.5355 	-1.04018e-195
0.5362 	-7.10793e-197
0.5369 	-1.60932e-198
0.5376 	-1.3372e-198
0.5383 	-1.06509e-198
0.539 	-3.412e-199
0.5397 	-1.28107e-198
0.5404 	-1.14569e-198
0.5411 	-2.03857e-199
0.5418 	-1.84534e-201
0.5425 	-1.59782e-201
0.5432 	-1.35031e-201
0.5439 	-1.82543e-202
0.5446 	-1.01115e-201
0.5453 	-1.12882e-201
0.546 	-2.98596e-202
0.5467 	-1.9579e-204
0.5474 	-1.75378e-204
0.5481 	-1.54966e-204
0.5488 	-5.25176e-206
0.5495 	-7.28217e-205
0.5502 	-1.01744e-204
0.5509 	-3.40484e-205
0.5516 	-1.92844e-207
0.5523 	-1.77107e-207
0.553 	-1.61371e-207
0.5537 	-3.74283e-208
0.5544 	-4.72876e-208
0.5551 	-8.33865e-208
0.5558 	-3.27387e-208
0.5565 	-1.75625e-210
0.5572 	-1.64315e-210
0.5579 	-1.53004e-210
0.5586 	-1.05827e-210
0.5593 	-2.57419e-211
0.56 	-5.81867e-211
0.5607 	-2.5685e-211
0.5614 	-1.46639e-213
0.5621 	-1.39632e-213
0.5628 	-1.32626e-213
0.5635 	-1.2562e-213
0.5642 	-1.04286e-214
0.5649 	-2.6403e-214
0.5656 	-1.49697e-214
0.5663 	-1.11213e-216
0.567 	-1.07937e-216
0.5677 	-1.04662e-216
0.5684 	-1.01387e-216
0.5691 	-2.72488e-218
0.5698 	-7.9957e-218
0.5705 	-5.73091e-218
0.5712 	-4.51875e-219
0.5719 	-7.39203e-220
0.5726 	-7.29526e-220
0.5733 	-7.1985e-220
0.574 	-3.89563e-222
0.5747 	-1.35613e-221
0.5754 	-1.21737e-221
0.5761 	-2.49618e-222
0.5768 	-4.21559e-223
0.5775 	-4.20411e-223
0.5782 	-4.19263e-223
0.5789 	-4.43027e-226
0.5796 	-1.66046e-225
0.5803 	-1.83419e-225
0.581 	-6.16317e-226
0.5817 	-1.81421e-226
0.5824 	-1.81508e-226
0.5831 	-1.81595e-226
0.5838 	-7.96608e-230
0.5845 	-4.85591e-229
0.5852 	-6.595e-229
0.5859 	-2.53356e-229
0.5866 	-5.02916e-230
0.5873 	-5.03032e-230
0.588 	-5.03149e-230
0.5887 	-1.18808e-230
0.5894 	-1.01806e-232
0.5901 	-1.74689e-232
0.5908 	-7.25452e-233
0.5915 	-6.87959e-234
0.5922 	-6.87342e-234
0.5929 	-6.86725e-234
0.5936 	-4.82302e-234
0.5943 	-1.30718e-236
0.595 	-2.89619e-236
0.5957 	-1.30547e-236
0.5964 	-5.55891e-238
0.5971 	-5.54152e-238
0.5978 	-5.52414e-238
0.5985 	-5.50676e-238
0.5992 	-7.70306e-241
0.5999 	-1.58127e-240
0.6006 	-1.00242e-240
0.6013 	-2.49849e-241
0.602 	-2.50085e-241
0.6027 	-2.50321e-241
0.6034 	-2.50557e-241
0.6041 	-2.30542e-244
0.6048 	-5.15475e-244
0.6055 	-3.93479e-244
0.6062 	-1.08711e-244
0.6069 	-8.8446e-245
0.6076 	-8.85272e-245
0.6083 	-8.86085e-245
0.609 	-3.52579e-248
0.6097 	-8.80149e-248
0.6104 	-8.04952e-248
0.6111 	-2.77681e-248
0.6118 	-1.64811e-248
0.6125 	-1.64958e-248
0.6132 	-1.65105e-248
0.6139 	1.1183e-285
0.6146 	3.23846e-285
0.6153 	3.54184e-285
0.616 	1.42286e-285
0.6167 	6.66449e-286
0.6174 	6.67026e-286
0.6181 	6.67604e-286
0.6188 	4.78427e-291
0.6195 	1.71605e-290
0.6202 	2.24665e-290
0.6209 	1.00969e-290
0.6216 	3.91381e-291
0.6223 	3.9171e-291
0.623 	3.92038e-291
0.6237 	8.83793e-292
0.6244 	9.63113e-296
0.6251 	1.51542e-295
0.6258 	7.42651e-296
0.6265 	2.45944e-296
0.6272 	2.46141e-296
0.6279 	2.46338e-296
0.6286 	1.65673e-296
0.6293 	3.96065e-299
0.63 	7.54612e-299
0.6307 	3.96248e-299
0.6314 	1.14695e-299
0.6321 	1.14786e-299
0.6328 	1.14876e-299
0.6335 	1.14966e-299
0.6342 	1.2451e-302
0.6349 	2.53725e-302
0.6356 	1.61484e-302
0.6363 	4.15607e-303
0.637 	4.15922e-303
0.6377 	4.16238e-303
0.6384 	4.16553e-303
0.6391 	1.96484e-306
0.6398 	4.35372e-306
0.6405 	3.33073e-306
0.6412 	9.43008e-307
0.6419 	7.72981e-307
0.6426 	7.73545e-307
0.6433 	7.74109e-307
0.644 	0
0.6447 	0
0.6454 	0
0.6461 	0
0.6468 	0
0.6475 	0
0.6482 	0
0.6489 	0
0.6496 	0
0.6503 	0
0.651 	0
0.6517 	0
0.6524 	0
0.6531 	0
0.6538 	0
0.6545 	0
0.6552 	0
0.6559 	0
0.6566 	0
0.6573 	0
0.658 	0
0.6587 	0
0.6594 	0
0.6601 	0
0.6608 	0
0.6615 	0
0.6622 	0
0.6629 	0
0.6636 	0
0.6643 	0
0.665 	0
0.6657 	0
0.6664 	0
0.6671 	0
0.6678 	0
0.6685 	0
0.6692 	0
0.6699 	0
0.6706 	0
0.6713 	0
0.672 	0
0.6727 	0
0.6734 	0
0.6741 	0
0.6748 	0
0.6755 	0
0.6762 	0
0.6769 	0
0.6776 	0
0.6783 	0
0.679 	0
0.6797 	0
0.6804 	0
0.6811 	0
0.6818 	0
0.6825 	0
0.6832 	0
0.6839 	0
0.6846 	0
0.6853 	0
0.686 	0
0.6867 	0
0.6874 	0
0.6881 	0
0.6888 	0
0.6895 	0
0.6902 	0
0.6909 	0
0.6916 	0
0.6923 	0
0.693 	0
0.6937 	0
0.6944 	0
0.6951 	0
0.6958 	0
0.6965 	0
0.6972 	0
0.6979 	0
0.6986 	0
0.6993 	0
0.7 	0
