0 	1
0.0007 	1
0.0014 	1
0.0021 	1
0.0028 	1
0.0035 	1
0.0042 	1
0.0049 	1
0.0056 	1
0.0063 	1
0.007 	1
0.0077 	1
0.0084 	1
0.0091 	1
0.0098 	1
0.0105 	1
0.0112 	1
0.0119 	1
0.0126 	1
0.0133 	1
0.014 	1
0.0147 	1
0.0154 	1
0.0161 	1
0.0168 	1
0.0175 	1
0.0182 	1
0.0189 	1
0.0196 	1
0.0203 	1
0.021 	1
0.0217 	1
0.0224 	1
0.0231 	1
0.0238 	1
0.0245 	1
0.0252 	1
0.0259 	1
0.0266 	1
0.0273 	1
0.028 	1
0.0287 	1
0.0294 	1
0.0301 	1
0.0308 	1
0.0315 	1
0.0322 	1
0.0329 	1
0.0336 	1
0.0343 	1
0.035 	1
0.0357 	1
0.0364 	1
0.0371 	1
0.0378 	1
0.0385 	1
0.0392 	1
0.0399 	1
0.0406 	1
0.0413 	1
0.042 	1
0.0427 	1
0.0434 	1
0.0441 	1
0.0448 	1
0.0455 	1
0.0462 	1
0.0469 	1
0.0476 	1
0.0483 	1
0.049 	1
0.0497 	1
0.0504 	1
0.0511 	1
0.0518 	1
0.0525 	1
0.0532 	1
0.0539 	1
0.0546 	1
0.0553 	1
0.056 	1
0.0567 	1
0.0574 	1
0.0581 	1
0.0588 	1
0.0595 	1
0.0602 	1
0.0609 	1
0.0616 	1
0.0623 	1
0.063 	1
0.0637 	1
0.0644 	1
0.0651 	1
0.0658 	1
0.0665 	1
0.0672 	1
0.0679 	1
0.0686 	1
0.0693 	1
0.07 	1
0.0707 	1
0.0714 	1
0.0721 	1
0.0728 	1
0.0735 	1
0.0742 	1
0.0749 	1
0.0756 	1
0.0763 	1
0.077 	1
0.0777 	1
0.0784 	1
0.0791 	1
0.0798 	1
0.0805 	1
0.0812 	1
0.0819 	1
0.0826 	1
0.0833 	1
0.084 	1
0.0847 	1
0.0854 	1
0.0861 	1
0.0868 	1
0.0875 	1
0.0882 	1
0.0889 	1
0.0896 	1
0.0903 	1
0.091 	1
0.0917 	1
0.0924 	1
0.0931 	1
0.0938 	1
0.0945 	1
0.0952 	1
0.0959 	1
0.0966 	1
0.0973 	1
0.098 	1
0.0987 	1
0.0994 	1
0.1001 	1
0.1008 	1
0.1015 	1
0.1022 	1
0.1029 	1
0.1036 	1
0.1043 	1
0.105 	1
0.1057 	1
0.1064 	1
0.1071 	1
0.1078 	1
0.1085 	1
0.1092 	1
0.1099 	1
0.1106 	1
0.1113 	1
0.112 	1
0.1127 	1
0.1134 	1
0.1141 	1
0.1148 	1
0.1155 	1
0.1162 	1
0.1169 	1
0.1176 	1
0.1183 	1
0.119 	1
0.1197 	1
0.1204 	1
0.1211 	1
0.1218 	1
0.1225 	1
0.1232 	1
0.1239 	1
0.1246 	1
0.1253 	1
0.126 	1
0.1267 	1
0.1274 	1
0.1281 	1
0.1288 	1
0.1295 	1
0.1302 	1
0.1309 	1
0.1316 	1
0.1323 	1
0.133 	1
0.1337 	1
0.1344 	1
0.1351 	1
0.1358 	1
0.1365 	1
0.1372 	1
0.1379 	1
0.1386 	1
0.1393 	1
0.14 	1
0.1407 	1
0.1414 	1
0.1421 	1
0.1428 	1
0.1435 	1
0.1442 	1
0.1449 	1
0.1456 	1
0.1463 	1
0.147 	1
0.1477 	1
0.1484 	1
0.1491 	1
0.1498 	1
0.1505 	1
0.1512 	1
0.1519 	1
0.1526 	1
0.1533 	1
0.154 	1
0.1547 	1
0.1554 	1
0.1561 	1
0.1568 	1
0.1575 	1
0.1582 	1
0.1589 	1
0.1596 	1
0.1603 	1
0.161 	1
0.1617 	1
0.1624 	1
0.1631 	1
0.1638 	1
0.1645 	1
0.1652 	1
0.1659 	1
0.1666 	1
0.1673 	1
0.168 	1
0.1687 	1
0.1694 	1
0.1701 	1
0.1708 	1
0.1715 	1
0.1722 	1
0.1729 	1
0.1736 	1
0.1743 	1
0.175 	1
0.1757 	1
0.1764 	1
0.1771 	1
0.1778 	1
0.1785 	1
0.1792 	1
0.1799 	1
0.1806 	1
0.1813 	1
0.182 	1
0.1827 	1
0.1834 	1
0.1841 	1
0.1848 	1
0.1855 	1
0.1862 	1
0.1869 	1
0.1876 	1
0.1883 	1
0.189 	1
0.1897 	1
0.1904 	1
0.1911 	1
0.1918 	1
0.1925 	1
0.1932 	1
0.1939 	1
0.1946 	1
0.1953 	1
0.196 	1
0.1967 	1
0.1974 	1
0.1981 	1
0.1988 	1
0.1995 	1
0.2002 	1
0.2009 	1
0.2016 	1
0.2023 	1
0.203 	1
0.2037 	1
0.2044 	1
0.2051 	1
0.2058 	1
0.2065 	1
0.2072 	1
0.2079 	1
0.2086 	1
0.2093 	1
0.21 	1
0.2107 	1
0.2114 	1
0.2121 	1
0.2128 	1
0.2135 	1
0.2142 	1
0.2149 	1
0.2156 	1
0.2163 	1
0.217 	1
0.2177 	1
0.2184 	1
0.2191 	1
0.2198 	1
0.2205 	1
0.2212 	1
0.2219 	1
0.2226 	1
0.2233 	1
0.224 	1
0.2247 	1
0.2254 	1
0.2261 	1
0.2268 	1
0.2275 	1
0.2282 	1
0.2289 	1
0.2296 	1
0.2303 	1
0.231 	1
0.2317 	1
0.2324 	1
0.2331 	1
0.2338 	1
0.2345 	1
0.2352 	0.999993
0.2359 	0.99997
0.2366 	0.999946
0.2373 	0.999922
0.238 	0.999899
0.2387 	0.999875
0.2394 	0.999851
0.2401 	0.998823
0.2408 	0.991764
0.2415 	0.984704
0.2422 	0.977642
0.2429 	0.970581
0.2436 	0.963519
0.2443 	0.956458
0.245 	0.949396
0.2457 	0.880077
0.2464 	0.810752
0.2471 	0.741429
0.2478 	0.672106
0.2485 	0.602784
0.2492 	0.533461
0.2499 	0.464138
0.2506 	0.400272
0.2513 	0.337332
0.252 	0.274393
0.2527 	0.211455
0.2534 	0.148516
0.2541 	0.0855776
0.2548 	0.022639
0.2555 	0.00419893
0.2562 	0.00354815
0.2569 	0.00289474
0.2576 	0.00224113
0.2583 	0.00158752
0.259 	0.000933901
0.2597 	0.000280287
0.2604 	2.24867e-07
0.2611 	1.90516e-07
0.2618 	1.56292e-07
0.2625 	1.22102e-07
0.2632 	8.79126e-08
0.2639 	5.3723e-08
0.2646 	1.95333e-08
0.2653 	4.39577e-13
0.266 	3.72686e-13
0.2667 	3.0694e-13
0.2674 	2.4183e-13
0.2681 	1.7672e-13
0.2688 	1.1161e-13
0.2695 	4.65e-14
0.2702 	6.14836e-19
0.2709 	5.21052e-19
0.2716 	4.29904e-19
0.2723 	3.41392e-19
0.273 	2.52881e-19
0.2737 	1.64369e-19
0.2744 	7.58572e-20
0.2751 	6.55475e-25
0.2758 	5.54745e-25
0.2765 	4.57324e-25
0.2772 	3.65857e-25
0.2779 	2.7439e-25
0.2786 	1.82923e-25
0.2793 	9.14563e-26
0.28 	4.74027e-31
0.2807 	4.00521e-31
0.2814 	3.29057e-31
0.2821 	2.65072e-31
0.2828 	2.01087e-31
0.2835 	1.37103e-31
0.2842 	7.31179e-32
0.2849 	9.13317e-33
0.2856 	2.14948e-37
0.2863 	1.75472e-37
0.287 	1.42274e-37
0.2877 	1.09076e-37
0.2884 	7.58775e-38
0.2891 	4.26794e-38
0.2898 	9.48125e-39
0.2905 	9.06576e-44
0.2912 	7.35677e-44
0.2919 	5.98066e-44
0.2926 	4.63015e-44
0.2933 	3.27964e-44
0.294 	1.92914e-44
0.2947 	5.78628e-45
0.2954 	2.77914e-50
0.2961 	2.24078e-50
0.2968 	1.81368e-50
0.2975 	1.41693e-50
0.2982 	1.02018e-50
0.2989 	6.23422e-51
0.2996 	2.26669e-51
0.3003 	6.47976e-57
0.301 	5.17694e-57
0.3017 	4.14623e-57
0.3024 	3.26671e-57
0.3031 	2.38718e-57
0.3038 	1.50765e-57
0.3045 	6.28127e-58
0.3052 	1.14624e-63
0.3059 	9.05893e-64
0.3066 	7.12383e-64
0.3073 	5.65712e-64
0.308 	4.19042e-64
0.3087 	2.72371e-64
0.3094 	1.257e-64
0.3101 	1.48142e-70
0.3108 	1.15206e-70
0.3115 	8.77645e-71
0.3122 	7.02112e-71
0.3129 	5.26578e-71
0.3136 	3.51045e-71
0.3143 	1.75512e-71
0.315 	1.59431e-77
0.3157 	1.22822e-77
0.3164 	9.02943e-78
0.3171 	7.27367e-78
0.3178 	5.5179e-78
0.3185 	3.76214e-78
0.3192 	2.00637e-78
0.3199 	2.5061e-79
0.3206 	1.00579e-84
0.3213 	7.15053e-85
0.322 	5.7977e-85
0.3227 	4.44486e-85
0.3234 	3.09203e-85
0.3241 	1.73919e-85
0.3248 	3.8636e-86
0.3255 	8.43008e-92
0.3262 	6.23195e-92
0.3269 	5.02193e-92
0.3276 	3.88791e-92
0.3283 	2.7539e-92
0.329 	1.61988e-92
0.3297 	4.85868e-93
0.3304 	6.92542e-99
0.3311 	5.58754e-99
0.3318 	4.52338e-99
0.3325 	3.53386e-99
0.3332 	2.54435e-99
0.3339 	1.55483e-99
0.3346 	5.65317e-100
0.3353 	6.3125e-106
0.336 	5.4886e-106
0.3367 	4.57101e-106
0.3374 	3.60138e-106
0.3381 	2.63174e-106
0.3388 	1.66211e-106
0.3395 	6.92478e-107
0.3402 	5.73371e-113
0.3409 	5.1653e-113
0.3416 	4.42551e-113
0.3423 	3.51436e-113
0.343 	2.6032e-113
0.3437 	1.69204e-113
0.3444 	7.80882e-114
0.3451 	4.45902e-120
0.3458 	4.07719e-120
0.3465 	3.57628e-120
0.3472 	2.86101e-120
0.3479 	2.14573e-120
0.3486 	1.43046e-120
0.3493 	7.15187e-121
0.35 	3.32411e-127
0.3507 	3.05421e-127
0.3514 	2.72849e-127
0.3521 	2.19794e-127
0.3528 	1.66739e-127
0.3535 	1.13683e-127
0.3542 	6.06281e-128
0.3549 	7.57289e-129
0.3556 	1.82259e-134
0.3563 	1.65439e-134
0.357 	1.34139e-134
0.3577 	1.02839e-134
0.3584 	7.15392e-135
0.3591 	4.02391e-135
0.3598 	8.93906e-136
0.3605 	-6.03832e-142
0.3612 	5.54e-142
0.3619 	5.18577e-142
0.3626 	3.91365e-142
0.3633 	2.64154e-142
0.364 	1.36942e-142
0.3647 	9.73009e-144
0.3654 	-4.23287e-143
0.3661 	-3.80487e-143
0.3668 	-3.16888e-143
0.3675 	-2.47616e-143
0.3682 	-1.78344e-143
0.3689 	-1.09073e-143
0.3696 	-3.9801e-144
0.3703 	-2.16539e-146
0.371 	-1.95663e-146
0.3717 	-1.65633e-146
0.3724 	-1.30516e-146
0.3731 	-9.53995e-147
0.3738 	-6.02829e-147
0.3745 	-2.51663e-147
0.3752 	-8.49038e-150
0.3759 	-7.68031e-150
0.3766 	-6.59652e-150
0.3773 	-5.23901e-150
0.378 	-3.88151e-150
0.3787 	-2.524e-150
0.3794 	-1.16649e-150
0.3801 	-3.03768e-153
0.3808 	-2.75261e-153
0.3815 	-2.39812e-153
0.3822 	-1.91868e-153
0.3829 	-1.43923e-153
0.3836 	-9.59786e-154
0.3843 	-4.8034e-154
0.385 	-9.51667e-157
0.3857 	-8.63692e-157
0.3864 	-7.62801e-157
0.3871 	-6.14526e-157
0.3878 	-4.66252e-157
0.3885 	-3.17977e-157
0.3892 	-1.69702e-157
0.3899 	-2.14273e-158
0.3906 	-2.4208e-160
0.3913 	-2.16631e-160
0.392 	-1.75658e-160
0.3927 	-1.34685e-160
0.3934 	-9.37116e-161
0.3941 	-5.27384e-161
0.3948 	-1.17652e-161
0.3955 	-5.92251e-164
0.3962 	-5.33874e-164
0.3969 	-4.3791e-164
0.3976 	-3.39055e-164
0.3983 	-2.40199e-164
0.399 	-1.41344e-164
0.3997 	-4.24883e-165
0.4004 	-1.26357e-167
0.4011 	-1.1409e-167
0.4018 	-9.51169e-168
0.4025 	-7.43151e-168
0.4032 	-5.35132e-168
0.4039 	-3.27114e-168
0.4046 	-1.19095e-168
0.4053 	-2.41959e-171
0.406 	-2.18805e-171
0.4067 	-1.85276e-171
0.4074 	-1.45983e-171
0.4081 	-1.0669e-171
0.4088 	-6.73968e-172
0.4095 	-2.81037e-172
0.4102 	-4.07746e-175
0.4109 	-3.6927e-175
0.4116 	-3.17367e-175
0.4123 	-2.52038e-175
0.413 	-1.86709e-175
0.4137 	-1.21379e-175
0.4144 	-5.60499e-176
0.4151 	-6.0146e-179
0.4158 	-5.45464e-179
0.4165 	-4.75507e-179
0.4172 	-3.80419e-179
0.4179 	-2.85331e-179
0.4186 	-1.90243e-179
0.4193 	-9.51553e-180
0.42 	-7.85573e-183
0.4207 	-7.13326e-183
0.4214 	-6.30306e-183
0.4221 	-5.07761e-183
0.4228 	-3.85216e-183
0.4235 	-2.62672e-183
0.4242 	-1.40127e-183
0.4249 	-1.75829e-184
0.4256 	-8.36579e-187
0.4263 	-7.48807e-187
0.427 	-6.07155e-187
0.4277 	-4.65504e-187
0.4284 	-3.23852e-187
0.4291 	-1.822e-187
0.4298 	-4.05484e-188
0.4305 	-8.67514e-191
0.4312 	-7.81941e-191
0.4319 	-6.41363e-191
0.4326 	-4.96554e-191
0.4333 	-3.51745e-191
0.434 	-2.06937e-191
0.4347 	-6.21278e-192
0.4354 	-7.91376e-195
0.4361 	-7.14272e-195
0.4368 	-5.95421e-195
0.4375 	-4.65184e-195
0.4382 	-3.34947e-195
0.4389 	-2.0471e-195
0.4396 	-7.44732e-196
0.4403 	-6.4428e-199
0.441 	-5.82209e-199
0.4417 	-4.9284e-199
0.4424 	-3.88306e-199
0.4431 	-2.83772e-199
0.4438 	-1.79238e-199
0.4445 	-7.47035e-200
0.4452 	-4.69726e-203
0.4459 	-4.2494e-203
0.4466 	-3.64978e-203
0.4473 	-2.8984e-203
0.448 	-2.14702e-203
0.4487 	-1.39564e-203
0.4494 	-6.44263e-204
0.4501 	-3.05175e-207
0.4508 	-2.7638e-207
0.4515 	-2.40678e-207
0.4522 	-1.92545e-207
0.4529 	-1.44412e-207
0.4536 	-9.62786e-208
0.4543 	-4.81454e-208
0.455 	-1.76154e-211
0.4557 	-1.59716e-211
0.4564 	-1.40929e-211
0.4571 	-1.13527e-211
0.4578 	-8.61253e-212
0.4585 	-5.87237e-212
0.4592 	-3.13221e-212
0.4599 	-3.92043e-213
0.4606 	-8.27395e-216
0.4613 	-7.39204e-216
0.462 	-5.99359e-216
0.4627 	-4.59515e-216
0.4634 	-3.1967e-216
0.4641 	-1.79826e-216
0.4648 	-3.99811e-217
0.4655 	-3.8431e-220
0.4662 	-3.45593e-220
0.4669 	-2.83406e-220
0.4676 	-2.19413e-220
0.4683 	-1.5542e-220
0.469 	-9.14278e-221
0.4697 	-2.74352e-221
0.4704 	-1.59859e-224
0.4711 	-1.43897e-224
0.4718 	-1.19874e-224
0.4725 	-9.36526e-225
0.4732 	-6.74308e-225
0.4739 	-4.12091e-225
0.4746 	-1.49873e-225
0.4753 	-6.07001e-229
0.476 	-5.47193e-229
0.4767 	-4.62734e-229
0.4774 	-3.64581e-229
0.4781 	-2.66427e-229
0.4788 	-1.68274e-229
0.4795 	-7.01203e-230
0.4802 	-2.08712e-233
0.4809 	-1.8845e-233
0.4816 	-1.61677e-233
0.4823 	-1.28391e-233
0.483 	-9.51052e-234
0.4837 	-6.18194e-234
0.4844 	-2.85337e-234
0.4851 	-6.57376e-238
0.4858 	-5.94636e-238
0.4865 	-5.1735e-238
0.4872 	-4.13881e-238
0.4879 	-3.10413e-238
0.4886 	-2.06944e-238
0.4893 	-1.03476e-238
0.49 	-1.87887e-242
0.4907 	-1.70268e-242
0.4914 	-1.50168e-242
0.4921 	-1.20969e-242
0.4928 	-9.17702e-243
0.4935 	-6.25711e-243
0.4942 	-3.33721e-243
0.4949 	-4.173e-244
0.4956 	-4.49951e-247
0.4963 	-4.02155e-247
0.497 	-3.26072e-247
0.4977 	-2.4999e-247
0.4984 	-1.73907e-247
0.4991 	-9.78244e-248
0.4998 	-2.17418e-248
0.5005 	-1.14045e-251
0.5012 	-1.02833e-251
0.5019 	-8.43463e-252
0.5026 	-6.53006e-252
0.5033 	-4.62548e-252
0.504 	-2.72091e-252
0.5047 	-8.16329e-253
0.5054 	-2.7353e-256
0.5061 	-2.47547e-256
0.5068 	-2.06489e-256
0.5075 	-1.6132e-256
0.5082 	-1.16151e-256
0.5089 	-7.09816e-257
0.5096 	-2.58125e-257
0.5103 	-6.16444e-261
0.511 	-5.59946e-261
0.5117 	-4.74997e-261
0.5124 	-3.7424e-261
0.5131 	-2.73484e-261
0.5138 	-1.72728e-261
0.5145 	-7.19713e-262
0.5152 	-1.29313e-265
0.5159 	-1.17857e-265
0.5166 	-1.01663e-265
0.5173 	-8.07324e-266
0.518 	-5.98018e-266
0.5187 	-3.88713e-266
0.5194 	-1.79408e-266
0.5201 	-2.52557e-270
0.5208 	-2.30812e-270
0.5215 	-2.02377e-270
0.5222 	-1.61902e-270
0.5229 	-1.21427e-270
0.5236 	-8.09512e-271
0.5243 	-4.04758e-271
0.525 	-4.61897e-275
0.5257 	-4.23184e-275
0.5264 	-3.77059e-275
0.5271 	-3.03742e-275
0.5278 	-2.30425e-275
0.5285 	-1.57108e-275
0.5292 	-8.37911e-276
0.5299 	-1.04742e-276
0.5306 	-7.48442e-280
0.5313 	-6.77438e-280
0.532 	-5.49274e-280
0.5327 	-4.2111e-280
0.5334 	-2.92946e-280
0.5341 	-1.64782e-280
0.5348 	-3.66178e-281
0.5355 	-1.22285e-284
0.5362 	-1.11655e-284
0.5369 	-9.16737e-285
0.5376 	-7.09731e-285
0.5383 	-5.02726e-285
0.539 	-2.9572e-285
0.5397 	-8.87142e-286
0.5404 	-1.81975e-289
0.5411 	-1.66471e-289
0.5418 	-1.3922e-289
0.5425 	-1.08765e-289
0.5432 	-7.8311e-290
0.5439 	-4.78565e-290
0.5446 	-1.7402e-290
0.5453 	-2.46015e-294
0.546 	-2.25409e-294
0.5467 	-1.91884e-294
0.5474 	-1.51181e-294
0.5481 	-1.10478e-294
0.5488 	-6.97751e-295
0.5495 	-2.90723e-295
0.5502 	-3.0243e-299
0.5509 	-2.77477e-299
0.5516 	-2.40267e-299
0.5523 	-1.908e-299
0.553 	-1.41333e-299
0.5537 	-9.18656e-300
0.5544 	-4.23986e-300
0.5551 	-3.39472e-304
0.5558 	-3.11853e-304
0.5565 	-2.74491e-304
0.5572 	-2.19593e-304
0.5579 	-1.64694e-304
0.5586 	-1.09795e-304
0.5593 	-5.48966e-305
0.56 	-3.56955e-309
0.5607 	-3.28293e-309
0.5614 	-2.93544e-309
0.5621 	-2.36466e-309
0.5628 	-1.79387e-309
0.5635 	-1.22309e-309
0.5642 	-6.52301e-310
0.5649 	-8.15163e-311
0.5656 	-3.18402e-314
0.5663 	-2.89029e-314
0.567 	-2.34347e-314
0.5677 	-1.79665e-314
0.5684 	-1.24982e-314
0.5691 	-7.03001e-315
0.5698 	-1.56179e-315
0.5705 	0
0.5712 	0
0.5719 	0
0.5726 	0
0.5733 	0
0.574 	0
0.5747 	0
0.5754 	0
0.5761 	0
0.5768 	0
0.5775 	0
0.5782 	0
0.5789 	0
0.5796 	0
0.5803 	0
0.581 	0
0.5817 	0
0.5824 	0
0.5831 	0
0.5838 	0
0.5845 	0
0.5852 	0
0.5859 	0
0.5866 	0
0.5873 	0
0.588 	0
0.5887 	0
0.5894 	0
0.5901 	0
0.5908 	0
0.5915 	0
0.5922 	0
0.5929 	0
0.5936 	0
0.5943 	0
0.595 	0
0.5957 	0
0.5964 	0
0.5971 	0
0.5978 	0
0.5985 	0
0.5992 	0
0.5999 	0
0.6006 	0
0.6013 	0
0.602 	0
0.6027 	0
0.6034 	0
0.6041 	0
0.6048 	0
0.6055 	0
0.6062 	0
0.6069 	0
0.6076 	0
0.6083 	0
0.609 	0
0.6097 	0
0.6104 	0
0.6111 	0
0.6118 	0
0.6125 	0
0.6132 	0
0.6139 	0
0.6146 	0
0.6153 	0
0.616 	0
0.6167 	0
0.6174 	0
0.6181 	0
0.6188 	0
0.6195 	0
0.6202 	0
0.6209 	0
0.6216 	0
0.6223 	0
0.623 	0
0.6237 	0
0.6244 	0
0.6251 	0
0.6258 	0
0.6265 	0
0.6272 	0
0.6279 	0
0.6286 	0
0.6293 	0
0.63 	0
0.6307 	0
0.6314 	0
0.6321 	0
0.6328 	0
0.6335 	0
0.6342 	0
0.6349 	0
0.6356 	0
0.6363 	0
0.637 	0
0.6377 	0
0.6384 	0
0.6391 	0
0.6398 	0
0.6405 	0
0.6412 	0
0.6419 	0
0.6426 	0
0.6433 	0
0.644 	0
0.6447 	0
0.6454 	0
0.6461 	0
0.6468 	0
0.6475 	0
0.6482 	0
0.6489 	0
0.6496 	0
0.6503 	0
0.651 	0
0.6517 	0
0.6524 	0
0.6531 	0
0.6538 	0
0.6545 	0
0.6552 	0
0.6559 	0
0.6566 	0
0.6573 	0
0.658 	0
0.6587 	0
0.6594 	0
0.6601 	0
0.6608 	0
0.6615 	0
0.6622 	0
0.6629 	0
0.6636 	0
0.6643 	0
0.665 	0
0.6657 	0
0.6664 	0
0.6671 	0
0.6678 	0
0.6685 	0
0.6692 	0
0.6699 	0
0.6706 	0
0.6713 	0
0.672 	0
0.6727 	0
0.6734 	0
0.6741 	0
0.6748 	0
0.6755 	0
0.6762 	0
0.6769 	0
0.6776 	0
0.6783 	0
0.679 	0
0.6797 	0
0.6804 	0
0.6811 	0
0.6818 	0
0.6825 	0
0.6832 	0
0.6839 	0
0.6846 	0
0.6853 	0
0.686 	0
0.6867 	0
0.6874 	0
0.6881 	0
0.6888 	0
0.6895 	0
0.6902 	0
0.6909 	0
0.6916 	0
0.6923 	0
0.693 	0
0.6937 	0
0.6944 	0
0.6951 	0
0.6958 	0
0.6965 	0
0.6972 	0
0.6979 	0
0.6986 	0
0.6993 	0
0.7 	0
