0 	1
0.0007 	1
0.0014 	1
0.0021 	1
0.0028 	1
0.0035 	1
0.0042 	1
0.0049 	1
0.0056 	1
0.0063 	1
0.007 	1
0.0077 	1
0.0084 	1
0.0091 	1
0.0098 	1
0.0105 	1
0.0112 	1
0.0119 	1
0.0126 	1
0.0133 	1
0.014 	1
0.0147 	1
0.0154 	1
0.0161 	1
0.0168 	1
0.0175 	1
0.0182 	1
0.0189 	1
0.0196 	1
0.0203 	1
0.021 	1
0.0217 	1
0.0224 	1
0.0231 	1
0.0238 	1
0.0245 	1
0.0252 	1
0.0259 	1
0.0266 	1
0.0273 	1
0.028 	1
0.0287 	1
0.0294 	1
0.0301 	1
0.0308 	1
0.0315 	1
0.0322 	1
0.0329 	1
0.0336 	1
0.0343 	1
0.035 	1
0.0357 	1
0.0364 	1
0.0371 	1
0.0378 	1
0.0385 	1
0.0392 	1
0.0399 	1
0.0406 	1
0.0413 	1
0.042 	1
0.0427 	1
0.0434 	1
0.0441 	1
0.0448 	1
0.0455 	1
0.0462 	1
0.0469 	1
0.0476 	1
0.0483 	1
0.049 	1
0.0497 	1
0.0504 	1
0.0511 	1
0.0518 	1
0.0525 	1
0.0532 	1
0.0539 	1
0.0546 	1
0.0553 	1
0.056 	1
0.0567 	1
0.0574 	1
0.0581 	1
0.0588 	1
0.0595 	1
0.0602 	1
0.0609 	1
0.0616 	1
0.0623 	1
0.063 	1
0.0637 	1
0.0644 	1
0.0651 	1
0.0658 	1
0.0665 	1
0.0672 	1
0.0679 	1
0.0686 	1
0.0693 	1
0.07 	1
0.0707 	1
0.0714 	1
0.0721 	1
0.0728 	1
0.0735 	1
0.0742 	1
0.0749 	1
0.0756 	1
0.0763 	1
0.077 	1
0.0777 	1
0.0784 	1
0.0791 	1
0.0798 	1
0.0805 	1
0.0812 	1
0.0819 	1
0.0826 	1
0.0833 	1
0.084 	1
0.0847 	1
0.0854 	1
0.0861 	1
0.0868 	1
0.0875 	1
0.0882 	1
0.0889 	1
0.0896 	1
0.0903 	1
0.091 	1
0.0917 	1
0.0924 	1
0.0931 	1
0.0938 	1
0.0945 	1
0.0952 	1
0.0959 	1
0.0966 	1
0.0973 	1
0.098 	1
0.0987 	1
0.0994 	1
0.1001 	1
0.1008 	1
0.1015 	1
0.1022 	1
0.1029 	1
0.1036 	1
0.1043 	1
0.105 	1
0.1057 	1
0.1064 	1
0.1071 	1
0.1078 	1
0.1085 	1
0.1092 	1
0.1099 	1
0.1106 	1
0.1113 	1
0.112 	1
0.1127 	1
0.1134 	1
0.1141 	1
0.1148 	1
0.1155 	1
0.1162 	1
0.1169 	1
0.1176 	1
0.1183 	1
0.119 	1
0.1197 	1
0.1204 	1
0.1211 	1
0.1218 	1
0.1225 	1
0.1232 	1
0.1239 	1
0.1246 	1
0.1253 	1
0.126 	1
0.1267 	1
0.1274 	1
0.1281 	1
0.1288 	1
0.1295 	1
0.1302 	1
0.1309 	1
0.1316 	1
0.1323 	1
0.133 	1
0.1337 	1
0.1344 	1
0.1351 	1
0.1358 	1
0.1365 	1
0.1372 	1
0.1379 	1
0.1386 	1
0.1393 	1
0.14 	1
0.1407 	1
0.1414 	1
0.1421 	1
0.1428 	1
0.1435 	1
0.1442 	1
0.1449 	1
0.1456 	1
0.1463 	1
0.147 	1
0.1477 	1
0.1484 	1
0.1491 	1
0.1498 	1
0.1505 	1
0.1512 	1
0.1519 	1
0.1526 	1
0.1533 	1
0.154 	1
0.1547 	1
0.1554 	1
0.1561 	1
0.1568 	1
0.1575 	1
0.1582 	1
0.1589 	1
0.1596 	1
0.1603 	1
0.161 	1
0.1617 	1
0.1624 	1
0.1631 	1
0.1638 	1
0.1645 	1
0.1652 	1
0.1659 	1
0.1666 	1
0.1673 	1
0.168 	1
0.1687 	1
0.1694 	1
0.1701 	1
0.1708 	1
0.1715 	1
0.1722 	1
0.1729 	1
0.1736 	1
0.1743 	1
0.175 	1
0.1757 	1
0.1764 	1
0.1771 	1
0.1778 	1
0.1785 	1
0.1792 	1
0.1799 	1
0.1806 	1
0.1813 	1
0.182 	1
0.1827 	1
0.1834 	1
0.1841 	1
0.1848 	1
0.1855 	1
0.1862 	1
0.1869 	1
0.1876 	1
0.1883 	1
0.189 	1
0.1897 	1
0.1904 	1
0.1911 	1
0.1918 	1
0.1925 	1
0.1932 	1
0.1939 	1
0.1946 	1
0.1953 	1
0.196 	1
0.1967 	1
0.1974 	1
0.1981 	1
0.1988 	1
0.1995 	1
0.2002 	1
0.2009 	1
0.2016 	1
0.2023 	1
0.203 	1
0.2037 	1
0.2044 	1
0.2051 	1
0.2058 	1
0.2065 	1
0.2072 	1
0.2079 	1
0.2086 	1
0.2093 	1
0.21 	1
0.2107 	1
0.2114 	1
0.2121 	1
0.2128 	1
0.2135 	1
0.2142 	1
0.2149 	1
0.2156 	1
0.2163 	1
0.217 	1
0.2177 	1
0.2184 	1
0.2191 	1
0.2198 	1
0.2205 	1
0.2212 	1
0.2219 	1
0.2226 	1
0.2233 	1
0.224 	1
0.2247 	1
0.2254 	1
0.2261 	1
0.2268 	1
0.2275 	1
0.2282 	1
0.2289 	1
0.2296 	1
0.2303 	1
0.231 	1
0.2317 	1
0.2324 	1
0.2331 	1
0.2338 	1
0.2345 	1
0.2352 	1
0.2359 	1
0.2366 	1
0.2373 	0.999999
0.238 	0.999999
0.2387 	0.999999
0.2394 	0.999999
0.2401 	0.999786
0.2408 	0.998295
0.2415 	0.996796
0.2422 	0.995282
0.2429 	0.993768
0.2436 	0.992253
0.2443 	0.990739
0.245 	0.989225
0.2457 	0.919407
0.2464 	0.84959
0.2471 	0.77979
0.2478 	0.70999
0.2485 	0.64019
0.2492 	0.570389
0.2499 	0.500589
0.2506 	0.431891
0.2513 	0.363383
0.252 	0.294897
0.2527 	0.226412
0.2534 	0.157926
0.2541 	0.0894397
0.2548 	0.0209538
0.2555 	0.00126081
0.2562 	0.00108182
0.2569 	0.000883735
0.2576 	0.000684181
0.2583 	0.000484627
0.259 	0.000285072
0.2597 	8.55181e-05
0.2604 	1.32859e-09
0.2611 	1.03188e-09
0.2618 	8.26286e-10
0.2625 	6.45534e-10
0.2632 	4.64783e-10
0.2639 	2.84032e-10
0.2646 	1.0328e-10
0.2653 	1.51541e-16
0.266 	6.25225e-17
0.2667 	2.70426e-17
0.2674 	2.13063e-17
0.2681 	1.55699e-17
0.2688 	9.83358e-18
0.2695 	4.09724e-18
0.2702 	4.25347e-23
0.2709 	1.4374e-23
0.2716 	2.66315e-25
0.2723 	2.11487e-25
0.273 	1.5666e-25
0.2737 	1.01833e-25
0.2744 	4.70055e-26
0.2751 	1.16439e-29
0.2758 	4.56894e-30
0.2765 	1.93831e-32
0.2772 	1.55069e-32
0.2779 	1.16308e-32
0.2786 	7.75466e-33
0.2793 	3.87853e-33
0.28 	2.5358e-36
0.2807 	1.11813e-36
0.2814 	4.06249e-39
0.2821 	3.27264e-39
0.2828 	2.48278e-39
0.2835 	1.69293e-39
0.2842 	9.03078e-40
0.2849 	1.13224e-40
0.2856 	2.16988e-43
0.2863 	6.61919e-46
0.287 	5.36701e-46
0.2877 	4.11483e-46
0.2884 	2.86266e-46
0.2891 	1.61048e-46
0.2898 	3.58298e-47
0.2905 	3.47262e-50
0.2912 	2.39851e-51
0.2919 	7.38985e-53
0.2926 	5.72131e-53
0.2933 	4.05278e-53
0.294 	2.38424e-53
0.2947 	7.1571e-54
0.2954 	4.66505e-57
0.2961 	8.32745e-58
0.2968 	9.84499e-60
0.2975 	7.69154e-60
0.2982 	5.53808e-60
0.2989 	3.38463e-60
0.2996 	1.23117e-60
0.3003 	5.37848e-64
0.301 	1.42762e-64
0.3017 	1.46024e-66
0.3024 	1.15051e-66
0.3031 	8.40768e-67
0.3038 	5.31031e-67
0.3045 	2.21293e-67
0.3052 	5.40151e-71
0.3059 	1.8196e-71
0.3066 	2.59732e-73
0.3073 	2.06258e-73
0.308 	1.52785e-73
0.3087 	9.93112e-74
0.3094 	4.58376e-74
0.3101 	4.78438e-78
0.3108 	1.90762e-78
0.3115 	5.43832e-80
0.3122 	4.35066e-80
0.3129 	3.26299e-80
0.3136 	2.17533e-80
0.3143 	1.08766e-80
0.315 	3.82331e-85
0.3157 	1.75547e-85
0.3164 	1.25489e-86
0.3171 	1.01088e-86
0.3178 	7.66876e-87
0.3185 	5.22867e-87
0.3192 	2.78859e-87
0.3199 	3.48514e-88
0.3206 	1.55752e-92
0.3213 	2.99841e-93
0.322 	2.43114e-93
0.3227 	1.86387e-93
0.3234 	1.2966e-93
0.3241 	7.29328e-94
0.3248 	1.62057e-94
0.3255 	1.59201e-99
0.3262 	7.59986e-100
0.3269 	5.79125e-100
0.3276 	4.48353e-100
0.3283 	3.17582e-100
0.329 	1.86811e-100
0.3297 	5.60398e-101
0.3304 	2.21221e-106
0.3311 	1.66538e-106
0.3318 	1.32113e-106
0.3325 	1.03213e-106
0.3332 	7.4313e-107
0.3339 	4.54131e-107
0.3346 	1.65131e-107
0.3353 	3.88985e-113
0.336 	3.39777e-113
0.3367 	2.83538e-113
0.3374 	2.23393e-113
0.3381 	1.63248e-113
0.3388 	1.03103e-113
0.3395 	4.29583e-114
0.3402 	7.19904e-120
0.3409 	6.53686e-120
0.3416 	5.62656e-120
0.3423 	4.46814e-120
0.343 	3.30972e-120
0.3437 	2.1513e-120
0.3444 	9.92885e-121
0.3451 	1.27484e-126
0.3458 	1.16884e-126
0.3465 	1.02731e-126
0.3472 	8.21849e-127
0.3479 	6.16385e-127
0.3486 	4.1092e-127
0.3493 	2.05456e-127
0.35 	2.08439e-133
0.3507 	1.91662e-133
0.3514 	1.71342e-133
0.3521 	1.38025e-133
0.3528 	1.04709e-133
0.3535 	7.13918e-134
0.3542 	3.8075e-134
0.3549 	4.75817e-135
0.3556 	2.8637e-140
0.3563 	2.59985e-140
0.357 	2.10798e-140
0.3577 	1.61611e-140
0.3584 	1.12425e-140
0.3591 	6.3238e-141
0.3598 	1.40513e-141
0.3605 	4.64663e-147
0.3612 	4.20807e-147
0.3619 	3.4532e-147
0.3626 	2.674e-147
0.3633 	1.8948e-147
0.364 	1.1156e-147
0.3647 	3.36393e-148
0.3654 	2.3664e-150
0.3661 	2.16323e-150
0.3668 	1.80903e-150
0.3675 	1.41365e-150
0.3682 	1.01826e-150
0.3689 	6.2287e-151
0.3696 	2.27482e-151
0.3703 	1.50883e-153
0.371 	1.38356e-153
0.3717 	1.17826e-153
0.3724 	9.28505e-154
0.3731 	6.78747e-154
0.3738 	4.2899e-154
0.3745 	1.79232e-154
0.3752 	8.25081e-157
0.3759 	7.57538e-157
0.3766 	6.56248e-157
0.3773 	5.2121e-157
0.378 	3.86172e-157
0.3787 	2.51134e-157
0.3794 	1.16096e-157
0.3801 	3.51457e-160
0.3808 	3.23024e-160
0.3815 	2.84436e-160
0.3822 	2.27572e-160
0.3829 	1.70708e-160
0.3836 	1.13844e-160
0.3843 	5.69796e-161
0.385 	1.17968e-163
0.3857 	1.08532e-163
0.3864 	9.70753e-164
0.3871 	7.82056e-164
0.3878 	5.93358e-164
0.3885 	4.0466e-164
0.3892 	2.15963e-164
0.3899 	2.72654e-165
0.3906 	2.95327e-167
0.3913 	2.68156e-167
0.392 	2.17436e-167
0.3927 	1.66717e-167
0.3934 	1.15998e-167
0.3941 	6.52787e-168
0.3948 	1.45595e-168
0.3955 	6.6545e-171
0.3962 	6.08998e-171
0.3969 	5.00127e-171
0.3976 	3.87224e-171
0.3983 	2.74321e-171
0.399 	1.61418e-171
0.3997 	4.85144e-172
0.4004 	1.26369e-174
0.4011 	1.15776e-174
0.4018 	9.6862e-175
0.4025 	7.56778e-175
0.4032 	5.44937e-175
0.4039 	3.33096e-175
0.4046 	1.21255e-175
0.4053 	2.05271e-178
0.406 	1.88269e-178
0.4067 	1.60336e-178
0.4074 	1.26331e-178
0.4081 	9.23266e-179
0.4088 	5.83219e-179
0.4095 	2.43172e-179
0.4102 	2.89684e-182
0.4109 	2.65969e-182
0.4116 	2.30398e-182
0.4123 	1.8297e-182
0.413 	1.35543e-182
0.4137 	8.81147e-183
0.4144 	4.06867e-183
0.4151 	3.60431e-186
0.4158 	3.31266e-186
0.4165 	2.91685e-186
0.4172 	2.33355e-186
0.4179 	1.75026e-186
0.4186 	1.16696e-186
0.4193 	5.83666e-187
0.42 	3.97662e-190
0.4207 	3.65849e-190
0.4214 	3.27222e-190
0.4221 	2.63603e-190
0.4228 	1.99983e-190
0.4235 	1.36364e-190
0.4242 	7.2744e-191
0.4249 	9.12436e-192
0.4256 	3.6179e-194
0.4263 	3.28499e-194
0.427 	2.66356e-194
0.4277 	2.04214e-194
0.4284 	1.42071e-194
0.4291 	7.9929e-195
0.4298 	1.77866e-195
0.4305 	3.25821e-198
0.4312 	2.98178e-198
0.4319 	2.44866e-198
0.4326 	1.89579e-198
0.4333 	1.34293e-198
0.434 	7.90063e-199
0.4347 	2.37198e-199
0.4354 	2.69879e-202
0.4361 	2.47256e-202
0.4368 	2.06858e-202
0.4375 	1.61612e-202
0.4382 	1.16366e-202
0.4389 	7.112e-203
0.4396 	2.5874e-203
0.4403 	2.06588e-206
0.441 	1.89475e-206
0.4417 	1.61361e-206
0.4424 	1.27136e-206
0.4431 	9.29107e-207
0.4438 	5.86854e-207
0.4445 	2.44601e-207
0.4452 	1.47675e-210
0.4459 	1.35585e-210
0.4466 	1.17451e-210
0.4473 	9.32714e-211
0.448 	6.90922e-211
0.4487 	4.49131e-211
0.4494 	2.0734e-211
0.4501 	1.00386e-214
0.4508 	9.22623e-215
0.4515 	8.12379e-215
0.4522 	6.49914e-215
0.4529 	4.8745e-215
0.4536 	3.24986e-215
0.4543 	1.62521e-215
0.455 	6.49044e-219
0.4557 	5.97118e-219
0.4564 	5.34072e-219
0.4571 	4.30231e-219
0.4578 	3.2639e-219
0.4585 	2.2255e-219
0.4592 	1.18709e-219
0.4599 	1.48687e-220
0.4606 	3.67669e-223
0.4613 	3.33836e-223
0.462 	2.70682e-223
0.4627 	2.07527e-223
0.4634 	1.44373e-223
0.4641 	8.12185e-224
0.4648 	1.8064e-224
0.4655 	2.16623e-227
0.4662 	1.98244e-227
0.4669 	1.62798e-227
0.4676 	1.2604e-227
0.4683 	8.92814e-228
0.469 	5.2523e-228
0.4697 	1.57646e-228
0.4704 	1.22412e-231
0.4711 	1.1215e-231
0.4718 	9.38257e-232
0.4725 	7.33026e-232
0.4732 	5.27795e-232
0.4739 	3.22564e-232
0.4746 	1.17333e-232
0.4753 	6.59169e-236
0.476 	6.04565e-236
0.4767 	5.1486e-236
0.4774 	4.05653e-236
0.4781 	2.96447e-236
0.4788 	1.8724e-236
0.4795 	7.80336e-237
0.4802 	3.3642e-240
0.4809 	3.08877e-240
0.4816 	2.67564e-240
0.4823 	2.1248e-240
0.483 	1.57396e-240
0.4837 	1.02312e-240
0.4844 	4.72286e-241
0.4851 	1.63459e-244
0.4858 	1.50231e-244
0.4865 	1.3228e-244
0.4872 	1.05825e-244
0.4879 	7.93702e-245
0.4886 	5.29156e-245
0.4893 	2.64609e-245
0.49 	7.55098e-249
0.4907 	6.94687e-249
0.4914 	6.21337e-249
0.4921 	5.00527e-249
0.4928 	3.79716e-249
0.4935 	2.58906e-249
0.4942 	1.38096e-249
0.4949 	1.72851e-250
0.4956 	3.03684e-253
0.4963 	2.75738e-253
0.497 	2.23573e-253
0.4977 	1.71409e-253
0.4984 	1.19244e-253
0.4991 	6.70795e-254
0.4998 	1.49148e-254
0.5005 	1.25225e-257
0.5012 	1.146e-257
0.5019 	9.41092e-258
0.5026 	7.28596e-258
0.5033 	5.16101e-258
0.504 	3.03605e-258
0.5047 	9.11099e-259
0.5054 	4.90056e-262
0.5061 	4.48975e-262
0.5068 	3.75615e-262
0.5075 	2.93452e-262
0.5082 	2.1129e-262
0.5089 	1.29127e-262
0.5096 	4.69647e-263
0.5103 	1.82286e-266
0.511 	1.67185e-266
0.5117 	1.42378e-266
0.5124 	1.12178e-266
0.5131 	8.19773e-267
0.5138 	5.1777e-267
0.5145 	2.15767e-267
0.5152 	6.4297e-271
0.5159 	5.9033e-271
0.5166 	5.11371e-271
0.5173 	4.06092e-271
0.518 	3.00813e-271
0.5187 	1.95534e-271
0.5194 	9.02553e-272
0.5201 	2.14554e-275
0.5208 	1.97192e-275
0.5215 	1.73629e-275
0.5222 	1.38904e-275
0.5229 	1.04179e-275
0.5236 	6.94544e-276
0.5243 	3.47297e-276
0.525 	6.78697e-280
0.5257 	6.24397e-280
0.5264 	5.58468e-280
0.5271 	4.4988e-280
0.5278 	3.41292e-280
0.5285 	2.32704e-280
0.5292 	1.24115e-280
0.5299 	1.55272e-281
0.5306 	1.88992e-284
0.5313 	1.716e-284
0.532 	1.39136e-284
0.5327 	1.06672e-284
0.5334 	7.42079e-285
0.5341 	4.17437e-285
0.5348 	9.27957e-286
0.5355 	5.46696e-289
0.5362 	5.00311e-289
0.5369 	4.10853e-289
0.5376 	3.18082e-289
0.5383 	2.25311e-289
0.539 	1.32541e-289
0.5397 	3.97698e-290
0.5404 	1.50602e-293
0.5411 	1.37976e-293
0.5418 	1.15432e-293
0.5425 	9.01816e-294
0.5432 	6.49316e-294
0.5439 	3.96815e-294
0.5446 	1.44314e-294
0.5453 	3.95016e-298
0.546 	3.62293e-298
0.5467 	3.08535e-298
0.5474 	2.43089e-298
0.5481 	1.77644e-298
0.5488 	1.12199e-298
0.5495 	4.67533e-299
0.5502 	9.87642e-303
0.5509 	9.06784e-303
0.5516 	7.85496e-303
0.5523 	6.2378e-303
0.553 	4.62063e-303
0.5537 	3.00346e-303
0.5544 	1.3863e-303
0.5551 	2.37536e-307
0.5558 	2.18314e-307
0.5565 	1.92227e-307
0.5572 	1.53782e-307
0.5579 	1.15337e-307
0.5586 	7.68927e-308
0.5593 	3.84481e-308
0.56 	5.48723e-312
0.5607 	5.04822e-312
0.5614 	4.51518e-312
0.5621 	3.63725e-312
0.5628 	2.75931e-312
0.5635 	1.88137e-312
0.5642 	1.00343e-312
0.5649 	1.25495e-313
0.5656 	1.14171e-316
0.5663 	1.03664e-316
0.567 	8.40519e-317
0.5677 	6.44395e-317
0.5684 	4.48272e-317
0.5691 	2.52148e-317
0.5698 	5.60248e-318
0.5705 	0
0.5712 	0
0.5719 	0
0.5726 	0
0.5733 	0
0.574 	0
0.5747 	0
0.5754 	0
0.5761 	0
0.5768 	0
0.5775 	0
0.5782 	0
0.5789 	0
0.5796 	0
0.5803 	0
0.581 	0
0.5817 	0
0.5824 	0
0.5831 	0
0.5838 	0
0.5845 	0
0.5852 	0
0.5859 	0
0.5866 	0
0.5873 	0
0.588 	0
0.5887 	0
0.5894 	0
0.5901 	0
0.5908 	0
0.5915 	0
0.5922 	0
0.5929 	0
0.5936 	0
0.5943 	0
0.595 	0
0.5957 	0
0.5964 	0
0.5971 	0
0.5978 	0
0.5985 	0
0.5992 	0
0.5999 	0
0.6006 	0
0.6013 	0
0.602 	0
0.6027 	0
0.6034 	0
0.6041 	0
0.6048 	0
0.6055 	0
0.6062 	0
0.6069 	0
0.6076 	0
0.6083 	0
0.609 	0
0.6097 	0
0.6104 	0
0.6111 	0
0.6118 	0
0.6125 	0
0.6132 	0
0.6139 	0
0.6146 	0
0.6153 	0
0.616 	0
0.6167 	0
0.6174 	0
0.6181 	0
0.6188 	0
0.6195 	0
0.6202 	0
0.6209 	0
0.6216 	0
0.6223 	0
0.623 	0
0.6237 	0
0.6244 	0
0.6251 	0
0.6258 	0
0.6265 	0
0.6272 	0
0.6279 	0
0.6286 	0
0.6293 	0
0.63 	0
0.6307 	0
0.6314 	0
0.6321 	0
0.6328 	0
0.6335 	0
0.6342 	0
0.6349 	0
0.6356 	0
0.6363 	0
0.637 	0
0.6377 	0
0.6384 	0
0.6391 	0
0.6398 	0
0.6405 	0
0.6412 	0
0.6419 	0
0.6426 	0
0.6433 	0
0.644 	0
0.6447 	0
0.6454 	0
0.6461 	0
0.6468 	0
0.6475 	0
0.6482 	0
0.6489 	0
0.6496 	0
0.6503 	0
0.651 	0
0.6517 	0
0.6524 	0
0.6531 	0
0.6538 	0
0.6545 	0
0.6552 	0
0.6559 	0
0.6566 	0
0.6573 	0
0.658 	0
0.6587 	0
0.6594 	0
0.6601 	0
0.6608 	0
0.6615 	0
0.6622 	0
0.6629 	0
0.6636 	0
0.6643 	0
0.665 	0
0.6657 	0
0.6664 	0
0.6671 	0
0.6678 	0
0.6685 	0
0.6692 	0
0.6699 	0
0.6706 	0
0.6713 	0
0.672 	0
0.6727 	0
0.6734 	0
0.6741 	0
0.6748 	0
0.6755 	0
0.6762 	0
0.6769 	0
0.6776 	0
0.6783 	0
0.679 	0
0.6797 	0
0.6804 	0
0.6811 	0
0.6818 	0
0.6825 	0
0.6832 	0
0.6839 	0
0.6846 	0
0.6853 	0
0.686 	0
0.6867 	0
0.6874 	0
0.6881 	0
0.6888 	0
0.6895 	0
0.6902 	0
0.6909 	0
0.6916 	0
0.6923 	0
0.693 	0
0.6937 	0
0.6944 	0
0.6951 	0
0.6958 	0
0.6965 	0
0.6972 	0
0.6979 	0
0.6986 	0
0.6993 	0
0.7 	0
