0 	1
0.0007 	1
0.0014 	1
0.0021 	1
0.0028 	1
0.0035 	1
0.0042 	1
0.0049 	1
0.0056 	1
0.0063 	1
0.007 	1
0.0077 	1
0.0084 	1
0.0091 	1
0.0098 	1
0.0105 	1
0.0112 	1
0.0119 	1
0.0126 	1
0.0133 	1
0.014 	1
0.0147 	1
0.0154 	1
0.0161 	1
0.0168 	1
0.0175 	1
0.0182 	1
0.0189 	1
0.0196 	1
0.0203 	1
0.021 	1
0.0217 	1
0.0224 	1
0.0231 	1
0.0238 	1
0.0245 	1
0.0252 	1
0.0259 	1
0.0266 	1
0.0273 	1
0.028 	1
0.0287 	1
0.0294 	1
0.0301 	1
0.0308 	1
0.0315 	1
0.0322 	1
0.0329 	1
0.0336 	1
0.0343 	1
0.035 	1
0.0357 	1
0.0371 	1
0.0378 	1
0.0385 	1
0.0392 	1
0.0399 	1
0.0406 	1
0.0413 	1
0.042 	1
0.0427 	1
0.0434 	1
0.0441 	1
0.0448 	1
0.0455 	1
0.0462 	1
0.0469 	1
0.0476 	1
0.0483 	1
0.049 	1
0.0497 	1
0.0504 	1
0.0511 	1
0.0518 	1
0.0525 	1
0.0532 	1
0.0539 	1
0.0546 	1
0.0553 	1
0.056 	1
0.0567 	1
0.0574 	1
0.0581 	1
0.0588 	1
0.0595 	1
0.0602 	1
0.0609 	1
0.0616 	1
0.0623 	1
0.063 	1
0.0637 	1
0.0644 	1
0.0651 	1
0.0658 	1
0.0665 	1
0.0672 	1
0.0679 	1
0.0686 	1
0.0693 	1
0.07 	1
0.0707 	1
0.0714 	1
0.0721 	1
0.0728 	1
0.0735 	1
0.0742 	1
0.0749 	1
0.0756 	1
0.0763 	1
0.077 	1
0.0777 	1
0.0784 	1
0.0791 	1
0.0798 	1
0.0805 	1
0.0812 	1
0.0819 	1
0.0826 	1
0.0833 	1
0.084 	1
0.0847 	1
0.0854 	1
0.0861 	1
0.0868 	1
0.0875 	1
0.0882 	1
0.0889 	1
0.0896 	1
0.0903 	1
0.091 	1
0.0917 	1
0.0924 	1
0.0931 	1
0.0938 	1
0.0945 	1
0.0952 	1
0.0959 	1
0.0966 	1
0.098 	1
0.0987 	1
0.0994 	1
0.1001 	1
0.1008 	1
0.1015 	1
0.1022 	1
0.1029 	1
0.1036 	1
0.1043 	1
0.105 	1
0.1057 	1
0.1064 	1
0.1071 	1
0.1078 	1
0.1085 	1
0.1092 	1
0.1099 	1
0.1106 	1
0.1113 	1
0.112 	1
0.1127 	1
0.1134 	1
0.1141 	1
0.1148 	1
0.1155 	1
0.1162 	1
0.1169 	1
0.1176 	1
0.1183 	1
0.119 	1
0.1197 	1
0.1204 	1
0.1211 	1
0.1218 	1
0.1225 	1
0.1232 	1
0.1239 	1
0.1246 	1
0.1253 	1
0.1267 	1
0.1274 	1
0.1281 	1
0.1288 	1
0.1295 	1
0.1302 	1
0.1309 	1
0.1316 	1
0.1323 	1
0.133 	1
0.1337 	1
0.1344 	1
0.1351 	1
0.1358 	1
0.1365 	1
0.1372 	1
0.1379 	1
0.1386 	1
0.1393 	1
0.14 	1
0.1407 	1
0.1414 	1
0.1421 	1
0.1428 	1
0.1435 	1
0.1442 	1
0.1449 	1
0.1456 	1
0.147 	1
0.1477 	1
0.1484 	1
0.1491 	1
0.1498 	1
0.1505 	1
0.1512 	1
0.1519 	1
0.1526 	1
0.1533 	1
0.154 	1
0.1547 	1
0.1554 	1
0.1561 	1
0.1568 	1
0.1575 	1
0.1582 	1
0.1589 	1
0.1596 	1
0.1603 	1
0.161 	1
0.1617 	1
0.1624 	1
0.1631 	1
0.1638 	1
0.1645 	1
0.1652 	1
0.1659 	1
0.1666 	1
0.1673 	1
0.168 	1
0.1687 	1
0.1694 	1
0.1701 	1
0.1715 	1
0.1722 	1
0.1729 	1
0.1736 	1
0.1743 	1
0.175 	1
0.1757 	1
0.1764 	1
0.1771 	1
0.1778 	1
0.1785 	1
0.1792 	1
0.1799 	1
0.1806 	1
0.1813 	1
0.182 	1
0.1827 	1
0.1834 	1
0.1841 	1
0.1848 	1
0.1855 	1
0.1862 	1
0.1869 	1
0.1876 	1
0.1883 	1
0.189 	1
0.1897 	1
0.1904 	1
0.1911 	1
0.1918 	1
0.1925 	1
0.1932 	1
0.1939 	1
0.1946 	1
0.1953 	1
0.196 	1
0.1967 	1
0.1974 	1
0.1981 	1
0.1988 	1
0.1995 	1
0.2002 	1
0.2009 	1
0.2016 	1
0.2023 	1
0.203 	1
0.2037 	1
0.2044 	1
0.2051 	1
0.2058 	1
0.2065 	1
0.2072 	1
0.2079 	1
0.2086 	1
0.2093 	1
0.21 	1
0.2107 	1
0.2114 	1
0.2121 	1
0.2128 	1
0.2135 	1
0.2142 	1
0.2149 	1
0.2156 	1
0.2163 	1
0.217 	1
0.2177 	1
0.2184 	1
0.2191 	1
0.2198 	1
0.2205 	1
0.2212 	1
0.2219 	1
0.2226 	1
0.2233 	1
0.224 	1
0.2247 	1
0.2254 	1
0.2261 	1
0.2268 	1
0.2275 	1
0.2282 	1
0.2289 	1
0.2296 	1
0.2303 	1
0.231 	1
0.2324 	1
0.2331 	1
0.2338 	1
0.2345 	1
0.2352 	1
0.2359 	1
0.2366 	1
0.238 	1
0.2387 	1
0.2394 	1
0.2401 	0.999964
0.2408 	0.999712
0.2422 	0.999152
0.2429 	0.998859
0.2436 	0.998566
0.2443 	0.998273
0.245 	0.99798
0.2457 	0.928303
0.2464 	0.858634
0.2471 	0.788991
0.2478 	0.719349
0.2485 	0.649706
0.2492 	0.580063
0.2499 	0.510421
0.2506 	0.440688
0.2513 	0.370943
0.252 	0.301236
0.2527 	0.231529
0.2534 	0.161822
0.2541 	0.092115
0.2548 	0.0224081
0.2555 	0.00226083
0.2562 	0.00193739
0.2569 	0.00158248
0.2576 	0.00122514
0.2583 	0.00086781
0.259 	0.000510478
0.2597 	0.000153145
0.2604 	1.98756e-09
0.2611 	1.73977e-09
0.2618 	1.43929e-09
0.2625 	1.12444e-09
0.2632 	8.096e-10
0.2639 	4.94756e-10
0.2646 	1.79912e-10
0.2653 	5.38087e-16
0.266 	4.75491e-16
0.2667 	3.98759e-16
0.2674 	3.14174e-16
0.2681 	2.29589e-16
0.2688 	1.45004e-16
0.2695 	6.04183e-17
0.2702 	2.55429e-22
0.2709 	2.29488e-22
0.2716 	1.9631e-22
0.2723 	1.55893e-22
0.273 	1.15476e-22
0.2737 	7.50599e-23
0.2744 	3.46433e-23
0.2751 	4.64915e-28
0.2758 	4.25391e-28
0.2765 	3.73318e-28
0.2772 	2.98654e-28
0.2779 	2.23991e-28
0.2786 	1.49328e-28
0.2793 	7.46643e-29
0.28 	9.8314e-34
0.2807 	9.03503e-34
0.2814 	8.07293e-34
0.2821 	6.5032e-34
0.2828 	4.93346e-34
0.2835 	3.36373e-34
0.2842 	1.794e-34
0.2849 	2.24262e-35
0.2856 	1.37671e-39
0.2863 	1.24947e-39
0.287 	1.01308e-39
0.2877 	7.76696e-40
0.2884 	5.40311e-40
0.2891 	3.03925e-40
0.2898 	6.75402e-41
0.2905 	1.50988e-45
0.2912 	1.38138e-45
0.2919 	1.13436e-45
0.2926 	8.78212e-46
0.2933 	6.22067e-46
0.294 	3.65922e-46
0.2947 	1.09778e-46
0.2954 	1.23181e-51
0.2961 	1.12826e-51
0.2968 	9.43842e-52
0.2975 	7.37377e-52
0.2982 	5.30911e-52
0.2989 	3.24446e-52
0.2996 	1.17981e-52
0.3003 	7.7102e-58
0.301 	7.06865e-58
0.3017 	6.01878e-58
0.3024 	4.74207e-58
0.3031 	3.46536e-58
0.3038 	2.18865e-58
0.3045 	9.1194e-59
0.3052 	3.88681e-64
0.3066 	3.08608e-64
0.3073 	2.45071e-64
0.308 	1.81534e-64
0.3087 	1.17997e-64
0.3094 	5.44603e-65
0.3101 	1.78505e-70
0.3108 	1.63421e-70
0.3115 	1.43476e-70
0.3122 	1.1478e-70
0.3129 	8.60854e-71
0.3136 	5.73903e-71
0.3143 	2.86952e-71
0.315 	1.09645e-76
0.3157 	9.97687e-77
0.3164 	8.83286e-77
0.3171 	7.11537e-77
0.3178 	5.39787e-77
0.3185 	3.68037e-77
0.3192 	1.96287e-77
0.3199 	2.45371e-78
0.3206 	1.32607e-82
0.3213 	1.18584e-82
0.322 	9.61491e-83
0.3227 	7.37143e-83
0.3234 	5.12796e-83
0.3241 	2.88449e-83
0.3248 	6.41018e-84
0.3255 	2.42116e-88
0.3262 	2.18481e-88
0.3269 	1.79215e-88
0.3276 	1.38748e-88
0.3283 	9.82797e-89
0.329 	5.78117e-89
0.3297 	1.73438e-89
0.3304 	4.39183e-94
0.3311 	3.97876e-94
0.3318 	3.31968e-94
0.3325 	2.5935e-94
0.3332 	1.86732e-94
0.3339 	1.14115e-94
0.3346 	4.14967e-95
0.3353 	7.38806e-100
0.336 	6.71557e-100
0.3367 	5.69835e-100
0.3374 	4.48961e-100
0.3381 	3.28087e-100
0.3388 	2.07213e-100
0.3395 	8.63396e-101
0.3402 	1.13901e-105
0.3409 	1.03823e-105
0.3416 	8.95642e-106
0.3423 	7.11245e-106
0.343 	5.26849e-106
0.3437 	3.42452e-106
0.3444 	1.58056e-106
0.3451 	1.60241e-111
0.3458 	1.46409e-111
0.3465 	1.28349e-111
0.3472 	1.0268e-111
0.3479 	7.70098e-112
0.3486 	5.13399e-112
0.3493 	2.56701e-112
0.35 	2.05666e-117
0.3507 	1.883e-117
0.3514 	1.6767e-117
0.3521 	1.35067e-117
0.3528 	1.02465e-117
0.3535 	6.98625e-118
0.3542 	3.72601e-118
0.3549 	4.65772e-119
0.3556 	2.20325e-123
0.3563 	1.99172e-123
0.357 	1.61491e-123
0.3577 	1.2381e-123
0.3584 	8.61285e-124
0.3591 	4.84474e-124
0.3598 	1.07663e-124
0.3605 	2.34386e-129
0.3612 	2.13651e-129
0.3619 	1.75393e-129
0.3626 	1.35788e-129
0.3633 	9.61836e-130
0.364 	5.65787e-130
0.3647 	1.69738e-130
0.3654 	2.26573e-135
0.3661 	2.06892e-135
0.3668 	1.72949e-135
0.3675 	1.35117e-135
0.3682 	9.72841e-136
0.3689 	5.94515e-136
0.3696 	2.16189e-136
0.3703 	1.98973e-141
0.371 	1.81983e-141
0.3717 	1.54805e-141
0.3724 	1.21968e-141
0.3731 	8.91302e-142
0.3738 	5.62928e-142
0.3745 	2.34555e-142
0.3752 	2.57315e-147
0.3759 	2.27557e-147
0.3766 	1.92925e-147
0.3773 	1.5342e-147
0.378 	1.13914e-147
0.3787 	7.44088e-148
0.3794 	3.49034e-148
0.3801 	1.0241e-149
0.3808 	9.01407e-150
0.3815 	7.6795e-150
0.3822 	6.15124e-150
0.3829 	4.62298e-150
0.3836 	3.09472e-150
0.3843 	1.56646e-150
0.385 	3.82062e-152
0.3857 	3.40961e-152
0.3864 	2.96364e-152
0.3871 	2.38951e-152
0.3878 	1.81538e-152
0.3885 	1.24125e-152
0.3892 	6.67127e-153
0.3899 	9.2999e-154
0.3906 	1.00544e-154
0.3913 	8.93047e-155
0.392 	7.2456e-155
0.3927 	5.56074e-155
0.3934 	3.87587e-155
0.3941 	2.19101e-155
0.3948 	5.06143e-156
0.3955 	2.31202e-157
0.3962 	2.08337e-157
0.3969 	1.70954e-157
0.3976 	1.32453e-157
0.3983 	9.39522e-158
0.399 	5.54516e-158
0.3997 	1.6951e-158
0.4004 	4.27869e-160
0.4011 	3.87956e-160
0.4018 	3.23857e-160
0.4025 	2.53162e-160
0.4032 	1.82467e-160
0.4039 	1.11771e-160
0.4046 	4.10762e-161
0.4053 	6.53773e-163
0.406 	5.9523e-163
0.4067 	5.05507e-163
0.4074 	3.98462e-163
0.4081 	2.91417e-163
0.4088 	1.84372e-163
0.4095 	7.73263e-164
0.4102 	8.44461e-166
0.4109 	7.71026e-166
0.4116 	6.65862e-166
0.4123 	5.28969e-166
0.413 	3.92076e-166
0.4137 	2.55183e-166
0.4144 	1.1829e-166
0.4151 	9.4214e-169
0.4158 	8.62e-169
0.4165 	7.56511e-169
0.4172 	6.05393e-169
0.4179 	4.54275e-169
0.4186 	3.03157e-169
0.4193 	1.52038e-169
0.42 	9.20233e-172
0.4207 	8.43283e-172
0.4214 	7.51541e-172
0.4221 	6.05562e-172
0.4228 	4.59583e-172
0.4235 	3.13605e-172
0.4242 	1.67626e-172
0.4249 	2.16467e-173
0.4256 	7.35909e-175
0.4263 	6.65524e-175
0.4277 	4.13937e-175
0.4284 	2.88144e-175
0.4291 	1.6235e-175
0.4298 	3.6557e-176
0.4305 	5.79409e-178
0.4312 	5.28047e-178
0.4319 	4.33561e-178
0.4326 	3.35759e-178
0.4333 	2.37957e-178
0.434 	1.40155e-178
0.4347 	4.23524e-179
0.4354 	4.16363e-181
0.4361 	3.79908e-181
0.4368 	3.17564e-181
0.4375 	2.4816e-181
0.4382 	1.78755e-181
0.4389 	1.09351e-181
0.4396 	3.99471e-182
0.4403 	2.77244e-184
0.441 	2.53269e-184
0.4417 	2.15362e-184
0.4424 	1.69717e-184
0.4431 	1.24071e-184
0.4438 	7.84254e-185
0.4445 	3.27797e-185
0.4452 	1.71411e-187
0.4459 	1.56773e-187
0.4466 	1.35514e-187
0.4473 	1.07635e-187
0.448 	7.97557e-188
0.4487 	5.18764e-188
0.4494 	2.39971e-188
0.4501 	9.9426e-191
0.4515 	7.99524e-191
0.4522 	6.39728e-191
0.4529 	4.79931e-191
0.4536 	3.20135e-191
0.4543 	1.60338e-191
0.455 	5.41943e-194
0.4557 	4.969e-194
0.4564 	4.43059e-194
0.4571 	3.56962e-194
0.4578 	2.70865e-194
0.4585 	1.84768e-194
0.4592 	9.86705e-195
0.4599 	1.25733e-195
0.4606 	2.54276e-197
0.4613 	2.30092e-197
0.462 	1.86585e-197
0.4627 	1.43079e-197
0.4634 	9.95732e-198
0.4641 	5.60671e-198
0.4648 	1.2561e-198
0.4655 	1.2294e-200
0.4662 	1.12138e-200
0.4669 	9.20729e-201
0.4676 	7.12955e-201
0.4683 	5.0518e-201
0.469 	2.97406e-201
0.4697 	8.96319e-202
0.4704 	5.58153e-204
0.4711 	5.09885e-204
0.4718 	4.26311e-204
0.4725 	3.3311e-204
0.4732 	2.39908e-204
0.4739 	1.46706e-204
0.4746 	5.35043e-205
0.4753 	2.37525e-207
0.476 	2.17298e-207
0.4767 	1.84877e-207
0.4774 	1.45681e-207
0.4781 	1.06486e-207
0.4788 	6.72901e-208
0.4795 	2.80946e-208
0.4802 	9.5513e-211
0.4809 	8.75023e-211
0.4816 	7.57074e-211
0.4823 	6.01281e-211
0.483 	4.45488e-211
0.4837 	2.89695e-211
0.4844 	1.33902e-211
0.4851 	3.60988e-214
0.4858 	3.31158e-214
0.4865 	2.91191e-214
0.4872 	2.32979e-214
0.4879 	1.74766e-214
0.4886 	1.16553e-214
0.4893 	5.83408e-215
0.49 	1.2815e-217
0.4907 	1.1771e-217
0.4914 	1.05129e-217
0.4921 	8.46955e-218
0.4928 	6.4262e-218
0.4935 	4.38285e-218
0.4942 	2.3395e-218
0.4949 	2.96154e-219
0.4956 	3.95156e-221
0.4963 	3.58257e-221
0.497 	2.90504e-221
0.4977 	2.22751e-221
0.4984 	1.54998e-221
0.4991 	8.72446e-222
0.4998 	1.94915e-222
0.5005 	1.2571e-224
0.5012 	1.14886e-224
0.5019 	9.434e-225
0.5026 	7.30463e-225
0.5033 	5.17527e-225
0.504 	3.04591e-225
0.5047 	9.16543e-226
0.5054 	3.77565e-228
0.5061 	3.45511e-228
0.5068 	2.88991e-228
0.5075 	2.25798e-228
0.5082 	1.62606e-228
0.5089 	9.94134e-229
0.5096 	3.6221e-229
0.5103 	1.07254e-231
0.511 	9.82709e-232
0.5117 	8.36588e-232
0.5124 	6.59193e-232
0.5131 	4.81798e-232
0.5138 	3.04403e-232
0.5145 	1.27008e-232
0.5152 	2.90138e-235
0.5159 	2.66157e-235
0.5166 	2.30452e-235
0.5173 	1.83022e-235
0.518 	1.35591e-235
0.5187 	8.81608e-236
0.5194 	4.07304e-236
0.5201 	7.49281e-239
0.5208 	6.88147e-239
0.5215 	6.05603e-239
0.5222 	4.84519e-239
0.5229 	3.63435e-239
0.5236 	2.42352e-239
0.5243 	1.21268e-239
0.525 	1.84147e-242
0.5257 	1.69311e-242
0.5264 	1.51349e-242
0.5271 	1.21928e-242
0.5278 	9.25077e-243
0.5285 	6.3087e-243
0.5292 	3.36663e-243
0.5299 	4.24561e-244
0.5306 	3.97124e-246
0.5313 	3.6037e-246
0.532 	2.9221e-246
0.5327 	2.2405e-246
0.5334 	1.55889e-246
0.5341 	8.77291e-247
0.5348 	1.95688e-247
0.5355 	8.89541e-250
0.5362 	8.13619e-250
0.5369 	6.68143e-250
0.5376 	5.17318e-250
0.5383 	3.66492e-250
0.539 	2.15666e-250
0.5397 	6.48408e-251
0.5404 	1.91955e-253
0.5411 	1.7578e-253
0.5418 	1.47047e-253
0.5425 	1.14889e-253
0.5432 	8.2732e-254
0.5439 	5.05745e-254
0.5446 	1.8417e-254
0.5453 	3.9822e-257
0.546 	3.65081e-257
0.5467 	3.10866e-257
0.5474 	2.44942e-257
0.5481 	1.79018e-257
0.5488 	1.13094e-257
0.5495 	4.71698e-258
0.5502 	7.93146e-261
0.5509 	7.27949e-261
0.5516 	6.30465e-261
0.553 	3.70925e-261
0.5544 	1.11385e-261
0.5551 	1.5189e-264
0.5558 	1.39555e-264
0.5565 	1.22852e-264
0.5572 	9.82868e-265
0.5579 	7.37221e-265
0.5586 	4.91574e-265
0.5593 	2.45927e-265
0.56 	2.8007e-268
0.5607 	2.57593e-268
0.5614 	2.30337e-268
0.5621 	1.85559e-268
0.5628 	1.4078e-268
0.5635 	9.60023e-269
0.5642 	5.12242e-269
0.5649 	6.4461e-270
0.5656 	4.58411e-272
0.5663 	4.16113e-272
0.567 	3.37405e-272
0.5677 	2.58697e-272
0.5684 	1.79988e-272
0.5691 	1.0128e-272
0.5698 	2.25721e-273
0.5705 	7.92427e-276
0.5712 	7.24998e-276
0.5719 	5.95375e-276
0.5726 	4.60967e-276
0.5733 	3.26559e-276
0.574 	1.92151e-276
0.5747 	5.77426e-277
0.5754 	1.32843e-279
0.5761 	1.21677e-279
0.5768 	1.01793e-279
0.5782 	5.72683e-280
0.5789 	3.5006e-280
0.5796 	1.27437e-280
0.5803 	2.15557e-283
0.581 	1.97658e-283
0.5817 	1.68317e-283
0.5831 	9.69247e-284
0.5838 	6.12284e-284
0.5845 	2.55321e-284
0.5852 	3.38925e-287
0.5866 	2.69477e-287
0.588 	1.58538e-287
0.5887 	1.03068e-287
0.5894 	4.75979e-288
0.5901 	5.16914e-291
0.5908 	4.74999e-291
0.5915 	4.18188e-291
0.5922 	3.34566e-291
0.5929 	2.50944e-291
0.5936 	1.67321e-291
0.5943 	8.36989e-292
0.595 	7.65483e-295
0.5957 	7.0413e-295
0.5964 	6.29691e-295
0.5971 	5.07273e-295
0.5978 	3.84854e-295
0.5985 	2.62435e-295
0.5992 	1.40016e-295
0.5999 	1.75973e-296
0.6006 	1.01441e-298
0.6013 	9.2091e-299
0.602 	7.46712e-299
0.6027 	5.72514e-299
0.6034 	3.98317e-299
0.6041 	2.24119e-299
0.6048 	4.99215e-300
0.6055 	1.42155e-302
0.6062 	1.30072e-302
0.6069 	1.06816e-302
0.6076 	8.2701e-303
0.6083 	5.85858e-303
0.609 	3.44706e-303
0.6097 	1.03555e-303
0.6104 	1.94514e-306
0.6111 	1.7818e-306
0.6118 	1.49064e-306
0.6125 	1.16462e-306
0.6132 	8.38602e-307
0.6139 	5.12584e-307
0.6146 	1.86566e-307
0.6153 	2.60663e-310
0.616 	2.39035e-310
0.6167 	2.03558e-310
0.6174 	1.60386e-310
0.6181 	1.17215e-310
0.6188 	7.40432e-311
0.6195 	3.08717e-311
0.6202 	3.40589e-314
0.6209 	3.1266e-314
0.6216 	2.70818e-314
0.6223 	2.15061e-314
0.623 	1.59305e-314
0.6237 	1.03548e-314
0.6244 	4.77914e-315
0.6251 	0
0.6258 	0
0.6265 	0
0.6272 	0
0.6279 	0
0.6286 	0
0.6293 	0
0.63 	0
0.6307 	0
0.6314 	0
0.6321 	0
0.6328 	0
0.6335 	0
0.6342 	0
0.6349 	0
0.6356 	0
0.6363 	0
0.637 	0
0.6377 	0
0.6384 	0
0.6391 	0
0.6398 	0
0.6405 	0
0.6412 	0
0.6419 	0
0.6426 	0
0.6433 	0
0.644 	0
0.6447 	0
0.6454 	0
0.6461 	0
0.6468 	0
0.6475 	0
0.6482 	0
0.6489 	0
0.6496 	0
0.6503 	0
0.651 	0
0.6517 	0
0.6524 	0
0.6531 	0
0.6538 	0
0.6545 	0
0.6552 	0
0.6559 	0
0.6566 	0
0.6573 	0
0.658 	0
0.6587 	0
0.6594 	0
0.6601 	0
0.6608 	0
0.6615 	0
0.6622 	0
0.6629 	0
0.6636 	0
0.6643 	0
0.665 	0
0.6657 	0
0.6664 	0
0.6671 	0
0.6678 	0
0.6685 	0
0.6692 	0
0.6699 	0
0.6706 	0
0.6713 	0
0.672 	0
0.6727 	0
0.6734 	0
0.6741 	0
0.6748 	0
0.6755 	0
0.6762 	0
0.6769 	0
0.6776 	0
0.6783 	0
0.679 	0
0.6797 	0
0.6804 	0
0.6811 	0
0.6818 	0
0.6825 	0
0.6832 	0
0.6839 	0
0.6846 	0
0.6853 	0
0.686 	0
0.6867 	0
0.6874 	0
0.6881 	0
0.6888 	0
0.6895 	0
0.6902 	0
0.6916 	0
0.6923 	0
0.693 	0
0.6937 	0
0.6944 	0
0.6951 	0
0.6958 	0
0.6965 	0
0.6972 	0
0.6979 	0
0.6986 	0
0.6993 	0
0.7 	0
