0 	1
0.0007 	1
0.0014 	1
0.0021 	1
0.0028 	1
0.0035 	1
0.0042 	1
0.0049 	1
0.0056 	1
0.0063 	1
0.007 	1
0.0077 	1
0.0084 	1
0.0091 	1
0.0098 	1
0.0105 	1
0.0112 	1
0.0119 	1
0.0126 	1
0.0133 	1
0.014 	1
0.0147 	1
0.0154 	1
0.0161 	1
0.0168 	1
0.0175 	1
0.0182 	1
0.0189 	1
0.0196 	1
0.0203 	1
0.021 	1
0.0217 	1
0.0224 	1
0.0231 	1
0.0238 	1
0.0245 	1
0.0252 	1
0.0259 	1
0.0266 	1
0.0273 	1
0.028 	1
0.0287 	1
0.0294 	1
0.0301 	1
0.0308 	1
0.0315 	1
0.0322 	1
0.0329 	1
0.0336 	1
0.0343 	1
0.035 	1
0.0357 	1
0.0364 	1
0.0371 	1
0.0378 	1
0.0385 	1
0.0392 	1
0.0399 	1
0.0406 	1
0.0413 	1
0.042 	1
0.0427 	1
0.0434 	1
0.0441 	1
0.0448 	1
0.0455 	1
0.0462 	1
0.0469 	1
0.0476 	1
0.0483 	1
0.049 	1
0.0497 	1
0.0504 	1
0.0511 	1
0.0518 	1
0.0525 	1
0.0532 	1
0.0539 	1
0.0546 	1
0.0553 	1
0.056 	1
0.0567 	1
0.0574 	1
0.0581 	1
0.0588 	1
0.0595 	1
0.0602 	1
0.0609 	1
0.0616 	1
0.0623 	1
0.063 	1
0.0637 	1
0.0644 	1
0.0651 	1
0.0658 	1
0.0665 	1
0.0672 	1
0.0679 	1
0.0686 	1
0.0693 	1
0.07 	1
0.0707 	1
0.0714 	1
0.0721 	1
0.0728 	1
0.0735 	1
0.0742 	1
0.0749 	1
0.0756 	1
0.0763 	1
0.077 	1
0.0777 	1
0.0784 	1
0.0791 	1
0.0798 	1
0.0805 	1
0.0812 	1
0.0819 	1
0.0826 	1
0.0833 	1
0.084 	1
0.0847 	1
0.0854 	1
0.0861 	1
0.0868 	1
0.0875 	1
0.0882 	1
0.0889 	1
0.0896 	1
0.0903 	1
0.091 	1
0.0917 	1
0.0924 	1
0.0931 	1
0.0938 	1
0.0945 	1
0.0952 	1
0.0959 	1
0.0966 	1
0.0973 	1
0.098 	1
0.0987 	1
0.0994 	1
0.1001 	1
0.1008 	1
0.1015 	1
0.1022 	1
0.1029 	1
0.1036 	1
0.1043 	1
0.105 	1
0.1057 	1
0.1064 	1
0.1071 	1
0.1078 	1
0.1085 	1
0.1092 	1
0.1099 	1
0.1106 	1
0.1113 	0.999999
0.112 	0.999999
0.1127 	0.999999
0.1134 	0.999999
0.1141 	0.999999
0.1148 	0.999999
0.1155 	0.999999
0.1162 	0.999998
0.1169 	0.999997
0.1176 	0.999997
0.1183 	0.999997
0.119 	0.999997
0.1197 	0.999997
0.1204 	0.999997
0.1211 	0.999996
0.1218 	0.999995
0.1225 	0.999995
0.1232 	0.999995
0.1239 	0.999995
0.1246 	0.999995
0.1253 	0.999995
0.126 	0.999994
0.1267 	0.999994
0.1274 	0.999994
0.1281 	0.999994
0.1288 	0.999994
0.1295 	0.999994
0.1302 	0.999993
0.1309 	0.999993
0.1316 	0.999993
0.1323 	0.999993
0.133 	0.999993
0.1337 	0.999992
0.1344 	0.999992
0.1351 	0.999991
0.1358 	0.999992
0.1365 	0.999992
0.1372 	0.999991
0.1379 	0.99999
0.1386 	0.999989
0.1393 	0.999988
0.14 	0.999985
0.1407 	0.999988
0.1414 	0.999987
0.1421 	0.999985
0.1428 	0.999982
0.1435 	0.99998
0.1442 	0.999978
0.1449 	0.999974
0.1456 	0.999977
0.1463 	0.999975
0.147 	0.999972
0.1477 	0.999969
0.1484 	0.999966
0.1491 	0.999963
0.1498 	0.999957
0.1505 	0.99996
0.1512 	0.999957
0.1519 	0.999953
0.1526 	0.99995
0.1533 	0.999946
0.154 	0.999942
0.1547 	0.999936
0.1554 	0.999934
0.1561 	0.999919
0.1568 	0.999898
0.1575 	0.999877
0.1582 	0.999856
0.1589 	0.999835
0.1596 	0.999812
0.1603 	0.999795
0.161 	0.999788
0.1617 	0.999778
0.1624 	0.99977
0.1631 	0.999761
0.1638 	0.999752
0.1645 	0.999744
0.1652 	0.999739
0.1659 	0.999755
0.1666 	0.999769
0.1673 	0.999783
0.168 	0.999797
0.1687 	0.999812
0.1694 	0.999826
0.1701 	0.999829
0.1708 	0.999831
0.1715 	0.99981
0.1722 	0.999784
0.1729 	0.999759
0.1736 	0.999734
0.1743 	0.999709
0.175 	0.999674
0.1757 	0.999686
0.1764 	0.999672
0.1771 	0.999658
0.1778 	0.999645
0.1785 	0.999631
0.1792 	0.999617
0.1799 	0.999593
0.1806 	0.999613
0.1813 	0.999641
0.182 	0.999675
0.1827 	0.99971
0.1834 	0.999744
0.1841 	0.999778
0.1848 	0.999809
0.1855 	0.99982
0.1862 	0.999838
0.1869 	0.999857
0.1876 	0.999874
0.1883 	0.999889
0.189 	0.999905
0.1897 	0.99992
0.1904 	0.999932
0.1911 	0.999933
0.1918 	0.999932
0.1925 	0.999927
0.1932 	0.999869
0.1939 	0.999796
0.1946 	0.999727
0.1953 	0.99966
0.196 	0.999653
0.1967 	0.999638
0.1974 	0.999632
0.1981 	0.9997
0.1988 	0.999763
0.1995 	0.999816
0.2002 	0.999879
0.2009 	0.999929
0.2016 	0.99994
0.2023 	0.999906
0.203 	0.995629
0.2037 	0.989668
0.2044 	0.909153
0.2051 	0.799583
0.2058 	0.557523
0.2065 	0.332987
0.2072 	0.138473
0.2079 	0.0386501
0.2086 	0.00861265
0.2093 	0.00133928
0.21 	0.000221768
0.2107 	0.000126307
0.2114 	4.6557e-05
0.2121 	2.44154e-05
0.2128 	9.8112e-06
0.2135 	5.25679e-06
0.2142 	3.49094e-06
0.2149 	3.27419e-06
0.2163 	3.75897e-06
0.217 	1.05505e-05
0.2177 	2.97057e-05
0.2184 	7.97699e-05
0.2191 	0.000148223
0.2198 	0.000235055
0.2205 	0.000291301
0.2212 	0.000335312
0.2219 	0.000324281
0.2226 	0.000299154
0.224 	0.000132655
0.2247 	5.4409e-05
0.2254 	1.51598e-05
0.2261 	5.158e-06
0.2268 	2.82841e-06
0.2275 	2.59099e-06
0.2282 	2.7949e-06
0.2289 	2.82167e-06
0.2296 	2.19892e-06
0.2303 	1.47437e-06
0.231 	6.14081e-07
0.2317 	1.98822e-07
0.2324 	3.08108e-08
0.2331 	4.75533e-09
0.2338 	5.57529e-09
0.2345 	4.82475e-08
0.2352 	2.8579e-07
0.2359 	1.01051e-06
0.2366 	3.26076e-06
0.2373 	7.03693e-06
0.238 	1.22968e-05
0.2387 	1.81502e-05
0.2394 	2.05409e-05
0.2401 	2.169e-05
0.2422 	6.43953e-06
0.2429 	3.18774e-06
0.2436 	1.65531e-06
0.245 	1.76471e-06
0.2457 	1.87426e-06
0.2464 	1.83263e-06
0.2478 	7.04849e-07
0.2485 	2.57814e-07
0.2492 	6.84665e-08
0.2499 	2.23216e-08
0.2513 	8.13518e-09
0.2527 	1.66013e-08
0.2534 	3.55554e-08
0.2541 	8.43308e-08
0.2555 	3.29765e-07
0.2562 	5.31887e-07
0.2569 	7.97118e-07
0.2576 	1.01409e-06
0.2583 	9.12894e-07
0.259 	7.55054e-07
0.2597 	4.95514e-07
0.2604 	5.43758e-07
0.2618 	2.62947e-06
0.2625 	4.85371e-06
0.2632 	1.28733e-05
0.2639 	2.19722e-05
0.2653 	4.5887e-05
0.2667 	5.27405e-05
0.2681 	3.4688e-05
0.2688 	2.19723e-05
0.2695 	1.3863e-05
0.2702 	7.3334e-06
0.2709 	4.75314e-06
0.2716 	3.09894e-06
0.2723 	2.37167e-06
0.273 	2.32307e-06
0.2737 	2.54595e-06
0.2744 	3.11593e-06
0.2751 	3.66866e-06
0.2758 	3.95774e-06
0.2765 	4.02307e-06
0.2772 	3.68666e-06
0.2779 	3.44988e-06
0.2786 	3.28782e-06
0.2793 	3.94463e-06
0.28 	4.82448e-06
0.2807 	5.64174e-06
0.2814 	6.18286e-06
0.2821 	5.71204e-06
0.2828 	4.80866e-06
0.2842 	2.04411e-06
0.2849 	8.6848e-07
0.2856 	4.41082e-07
0.2863 	1.61441e-07
0.287 	1.81891e-07
0.2877 	3.38239e-07
0.2884 	8.34334e-07
0.2891 	2.2089e-06
0.2898 	4.46276e-06
0.2905 	6.96523e-06
0.2912 	9.56713e-06
0.2919 	1.04329e-05
0.2926 	1.09034e-05
0.2947 	5.81355e-06
0.2954 	3.66177e-06
0.2968 	8.78459e-07
0.2989 	6.61992e-07
0.2996 	7.10232e-07
0.3003 	6.39896e-07
0.301 	4.11458e-07
0.3017 	2.37641e-07
0.3024 	9.4071e-08
0.3031 	4.72713e-08
0.3038 	2.21154e-08
0.3045 	6.87493e-08
0.3052 	2.21803e-07
0.3066 	1.11172e-06
0.3073 	1.63427e-06
0.308 	1.79133e-06
0.3087 	1.8022e-06
0.3094 	1.36661e-06
0.3101 	9.04854e-07
0.3108 	4.92428e-07
0.3115 	2.06304e-07
0.3122 	1.47619e-07
0.3129 	2.80086e-07
0.3136 	5.55918e-07
0.3143 	9.6791e-07
0.3157 	1.57847e-06
0.3164 	1.64491e-06
0.3171 	1.3628e-06
0.3178 	1.01675e-06
0.3185 	5.85452e-07
0.3192 	2.9569e-07
0.3199 	8.46185e-08
0.3213 	1.9026e-09
0.322 	9.75135e-10
0.3227 	3.1302e-10
0.3241 	5.53014e-10
0.3248 	1.02955e-09
0.3262 	1.3949e-08
0.3269 	5.93116e-08
0.3276 	1.09763e-07
0.3283 	1.73228e-07
0.329 	2.16395e-07
0.3297 	2.22933e-07
0.3304 	2.0841e-07
0.3311 	1.78091e-07
0.3318 	1.36584e-07
0.3325 	9.20379e-08
0.3332 	5.26573e-08
0.3339 	1.96719e-08
0.3346 	1.02234e-08
0.3353 	5.68505e-09
0.336 	7.69368e-09
0.3367 	9.22846e-09
0.3374 	1.05002e-08
0.3381 	8.81159e-09
0.3388 	6.60606e-09
0.3395 	4.09578e-09
0.3402 	1.98148e-09
0.3409 	8.57156e-10
0.3416 	2.26432e-10
0.3423 	8.99549e-11
0.343 	4.93824e-11
0.3437 	4.71715e-11
0.3444 	4.19891e-11
0.3451 	3.5969e-11
0.3458 	2.62846e-11
0.3465 	1.74306e-11
0.3472 	1.00842e-11
0.3479 	5.40476e-12
0.3486 	2.72541e-12
0.3493 	1.56592e-12
0.3507 	5.5666e-13
0.3514 	3.24045e-13
0.3521 	2.08242e-13
0.3528 	1.19508e-13
0.3535 	6.68651e-14
0.3542 	3.70101e-14
0.3549 	1.98324e-14
0.3556 	1.30833e-14
0.3563 	8.26744e-15
0.357 	5.97915e-15
0.3577 	3.95944e-15
0.3584 	2.61117e-15
0.3591 	1.57575e-15
0.3598 	8.52875e-16
0.3605 	4.47303e-16
0.3612 	1.68651e-16
0.3619 	8.42886e-17
0.3626 	2.30797e-17
0.3647 	1.28181e-18
0.3654 	4.00729e-19
0.3668 	6.50515e-20
0.3675 	2.58948e-20
0.3682 	1.7483e-20
0.3689 	1.01986e-20
0.3696 	7.04563e-21
0.3703 	4.53841e-21
0.371 	2.89219e-21
0.3717 	1.75948e-21
0.3724 	9.11831e-22
0.3731 	5.00279e-22
0.3738 	1.79276e-22
0.3745 	9.02279e-23
0.3752 	2.27449e-23
0.3759 	9.17439e-24
0.3766 	1.77657e-24
0.3773 	5.51793e-25
0.378 	1.29056e-25
0.3787 	2.7135e-26
0.3794 	1.03161e-26
0.3801 	1.48066e-27
0.3808 	1.03233e-27
0.3815 	1.26565e-27
0.3822 	2.72777e-27
0.3829 	7.53732e-27
0.3836 	1.48574e-26
0.3843 	3.70031e-26
0.385 	6.32007e-26
0.3857 	1.32565e-25
0.3864 	2.13986e-25
0.3871 	3.39776e-25
0.3878 	4.64123e-25
0.3885 	5.86549e-25
0.3892 	6.60183e-25
0.3899 	7.06747e-25
0.3906 	6.99116e-25
0.3913 	6.78966e-25
0.3927 	5.34227e-25
0.3941 	3.10849e-25
0.3948 	2.01502e-25
0.3955 	1.25737e-25
0.3962 	6.34057e-26
0.3969 	3.86703e-26
0.3976 	1.9041e-26
0.3983 	1.27729e-26
0.399 	7.88455e-27
0.4004 	3.73403e-27
0.4011 	2.49161e-27
0.4018 	1.71471e-27
0.4025 	1.06431e-27
0.4032 	7.56505e-28
0.4039 	4.8489e-28
0.4046 	3.45607e-28
0.4053 	2.37043e-28
0.406 	1.6944e-28
0.4067 	1.21738e-28
0.4074 	8.50675e-29
0.4081 	6.17163e-29
0.4088 	4.12407e-29
0.4095 	2.92225e-29
0.4102 	1.88138e-29
0.4109 	1.24292e-29
0.4116 	7.70264e-30
0.4123 	4.63108e-30
0.413 	2.80806e-30
0.4137 	1.48446e-30
0.4144 	9.13886e-31
0.4151 	4.48272e-31
0.4158 	2.6704e-31
0.4165 	1.29432e-31
0.4172 	7.02107e-32
0.4186 	1.64189e-32
0.4193 	8.48139e-33
0.42 	3.30355e-33
0.4207 	1.91155e-33
0.4214 	7.42946e-34
0.4221 	3.91591e-34
0.4228 	1.55109e-34
0.4235 	7.17913e-35
0.4242 	3.01587e-35
0.4249 	1.16463e-35
0.4256 	5.90622e-36
0.4263 	2.5204e-36
0.4284 	1.75646e-36
0.4298 	1.95946e-36
0.4305 	2.0911e-36
0.4312 	2.22555e-36
0.4326 	2.31746e-36
0.4333 	2.24908e-36
0.434 	2.13014e-36
0.4347 	1.92028e-36
0.4361 	1.31621e-36
0.4368 	9.95651e-37
0.4375 	6.76877e-37
0.4382 	4.71774e-37
0.4389 	2.90554e-37
0.4396 	1.96714e-37
0.4403 	1.2717e-37
0.441 	9.002e-38
0.4417 	6.56817e-38
0.4424 	4.84522e-38
0.4431 	3.73596e-38
0.4438 	2.75517e-38
0.4445 	2.11452e-38
0.4452 	1.54281e-38
0.4459 	1.14345e-38
0.4466 	8.25449e-39
0.4473 	5.88774e-39
0.448 	4.25237e-39
0.4487 	2.90955e-39
0.4494 	2.12586e-39
0.4501 	1.43367e-39
0.4508 	1.03278e-39
0.4515 	6.99009e-40
0.4522 	4.86031e-40
0.4529 	3.31458e-40
0.4536 	2.20689e-40
0.4543 	1.52692e-40
0.455 	9.63625e-41
0.4557 	6.83254e-41
0.4564 	4.33641e-41
0.4578 	1.90631e-41
0.4585 	1.25174e-41
0.4592 	8.20459e-42
0.4599 	5.13273e-42
0.4606 	3.48055e-42
0.4613 	2.12004e-42
0.4627 	9.31512e-43
0.4641 	4.22118e-43
0.4648 	2.84817e-43
0.4655 	1.97577e-43
0.4662 	1.3036e-43
0.4669 	9.33877e-44
0.4676 	6.10591e-44
0.469 	2.74709e-44
0.4697 	1.79219e-44
0.4704 	1.11913e-44
0.4718 	4.01783e-45
0.4725 	2.0214e-45
0.4732 	1.26139e-45
0.4739 	6.09293e-46
0.4746 	3.51864e-46
0.4753 	1.70393e-46
0.476 	9.01977e-47
0.4767 	4.61185e-47
0.4774 	2.20744e-47
0.4781 	1.24349e-47
0.4788 	5.5544e-48
0.4795 	3.32227e-48
0.4802 	1.53022e-48
0.4809 	8.38343e-49
0.4816 	3.89911e-49
0.4823 	1.85068e-49
0.4837 	3.2556e-50
0.4844 	1.67198e-50
0.4851 	5.34951e-51
0.4858 	2.71298e-51
0.4865 	8.46775e-52
0.4872 	3.68453e-52
0.4879 	1.29981e-52
0.4886 	7.13969e-53
0.49 	6.81705e-53
0.4907 	1.04036e-52
0.4914 	1.54502e-52
0.4921 	2.58463e-52
0.4928 	3.87802e-52
0.4935 	5.5098e-52
0.4942 	6.82455e-52
0.4949 	7.96334e-52
0.4956 	8.29041e-52
0.4963 	8.43934e-52
0.497 	8.03332e-52
0.4977 	7.43755e-52
0.4984 	6.36742e-52
0.4991 	5.09345e-52
0.4998 	3.61589e-52
0.5005 	2.36682e-52
0.5012 	1.20914e-52
0.5019 	6.58972e-53
0.5026 	2.11099e-53
0.5033 	9.80317e-54
0.504 	2.07993e-54
0.5047 	7.96234e-55
0.5054 	1.78779e-55
0.5061 	6.10066e-56
0.5068 	2.23726e-56
0.5075 	5.25927e-57
0.5082 	2.57901e-57
0.5089 	4.19889e-58
0.5096 	1.66495e-58
0.5103 	1.72116e-59
0.511 	6.74213e-60
0.5117 	2.5861e-60
0.5124 	1.93196e-60
0.5131 	1.54827e-60
0.5138 	1.21492e-60
0.5152 	7.06114e-61
0.5159 	5.13141e-61
0.5166 	3.57516e-61
0.5173 	2.39197e-61
0.518 	1.61407e-61
0.5187 	9.98281e-62
0.5194 	6.83104e-62
0.5201 	4.13315e-62
0.5208 	2.77728e-62
0.5215 	1.6839e-62
0.5229 	6.40922e-63
0.5236 	3.68809e-63
0.5243 	2.23344e-63
0.525 	1.12412e-63
0.5264 	3.47437e-64
0.5271 	2.02079e-64
0.5278 	9.88695e-65
0.5285 	5.18596e-65
0.5292 	2.5951e-65
0.5299 	1.17699e-65
0.5306 	6.3036e-66
0.5313 	2.49941e-66
0.532 	1.42405e-66
0.5327 	5.77075e-67
0.5334 	3.01054e-67
0.5341 	1.28592e-67
0.5348 	5.97087e-68
0.5355 	2.79132e-68
0.5362 	1.0953e-68
0.5369 	5.88458e-69
0.5376 	2.18027e-69
0.5383 	1.17465e-69
0.539 	4.44595e-70
0.5397 	2.10298e-70
0.5411 	3.01105e-71
0.5418 	1.18449e-71
0.5425 	2.43525e-72
0.5432 	1.5342e-72
0.5439 	1.08118e-72
0.5446 	2.26993e-72
0.5453 	6.15518e-72
0.546 	1.36357e-71
0.5467 	3.59062e-71
0.5474 	6.63949e-71
0.5481 	1.42905e-70
0.5488 	2.30359e-70
0.5495 	3.60692e-70
0.5502 	4.78108e-70
0.5509 	5.63234e-70
0.5516 	6.06731e-70
0.5523 	6.08638e-70
0.553 	5.65659e-70
0.5537 	5.04727e-70
0.5544 	3.92006e-70
0.5551 	2.7642e-70
0.5558 	1.67652e-70
0.5565 	8.09094e-71
0.5572 	3.3745e-71
0.5579 	9.20699e-72
0.5586 	1.63881e-72
0.56 	-1.25458e-72
0.5614 	-2.16016e-72
0.5621 	-2.46601e-72
0.5628 	-2.72177e-72
0.5635 	-2.91074e-72
0.5642 	-3.05249e-72
0.5649 	-3.16804e-72
0.567 	-3.37494e-72
0.5677 	-3.42601e-72
0.5684 	-3.47049e-72
0.5691 	-3.51309e-72
0.5698 	-3.55382e-72
0.5705 	-3.59362e-72
0.5712 	-3.63305e-72
0.5719 	-3.67232e-72
0.5726 	-3.71148e-72
0.5733 	-3.75008e-72
0.574 	-3.78741e-72
0.5747 	-3.82246e-72
0.5754 	-3.85242e-72
0.5761 	-3.87857e-72
0.5768 	-3.8927e-72
0.5775 	-3.90356e-72
0.5782 	-3.89384e-72
0.5789 	-3.87912e-72
0.5796 	-3.8461e-72
0.581 	-3.74717e-72
0.5817 	-3.67802e-72
0.5824 	-3.60159e-72
0.5831 	-3.51111e-72
0.5838 	-3.41744e-72
0.5845 	-3.31261e-72
0.5852 	-3.20549e-72
0.5859 	-3.09264e-72
0.5866 	-2.97745e-72
0.5873 	-2.85991e-72
0.588 	-2.74088e-72
0.5887 	-2.62125e-72
0.5894 	-2.50154e-72
0.5908 	-2.26381e-72
0.5915 	-2.14657e-72
0.5922 	-2.03109e-72
0.5929 	-1.9178e-72
0.5936 	-1.80613e-72
0.5943 	-1.69816e-72
0.595 	-1.59119e-72
0.5964 	-1.38943e-72
0.5978 	-1.20128e-72
0.5985 	-1.11234e-72
0.5992 	-1.02783e-72
0.5999 	-9.4577e-73
0.6006 	-8.69797e-73
0.602 	-7.27574e-73
0.6027 	-6.61837e-73
0.6034 	-6.012e-73
0.6041 	-5.44054e-73
0.6048 	-4.90396e-73
0.6055 	-4.41531e-73
0.6062 	-3.94583e-73
0.6069 	-3.53531e-73
0.6076 	-3.13776e-73
0.6083 	-2.79087e-73
0.6097 	-2.17057e-73
0.6104 	-1.90573e-73
0.6111 	-1.66181e-73
0.6118 	-1.45195e-73
0.6125 	-1.25136e-73
0.6132 	-1.0886e-73
0.6139 	-9.32814e-74
0.6146 	-8.02554e-74
0.6153 	-6.84062e-74
0.616 	-5.81262e-74
0.6174 	-4.13168e-74
0.6181 	-3.49193e-74
0.6188 	-2.88959e-74
0.6195 	-2.42658e-74
0.6202 	-1.99748e-74
0.6216 	-1.35494e-74
0.6223 	-1.10285e-74
0.623 	-9.01086e-75
0.6244 	-5.8696e-75
0.6251 	-4.638e-75
0.6258 	-3.74071e-75
0.6265 	-2.94434e-75
0.6272 	-2.32947e-75
0.6279 	-1.82932e-75
0.6286 	-1.41521e-75
0.6293 	-1.1112e-75
0.63 	-8.37185e-76
0.6307 	-6.59095e-76
0.6314 	-4.94827e-76
0.6321 	-3.81179e-76
0.6328 	-2.85729e-76
0.6335 	-2.14544e-76
0.6349 	-1.17252e-76
0.6356 	-8.83973e-77
0.6363 	-6.27982e-77
0.637 	-4.72134e-77
0.6377 	-3.35027e-77
0.6384 	-2.44771e-77
0.6391 	-1.74051e-77
0.6398 	-1.22853e-77
0.6405 	-8.79142e-78
0.6412 	-5.94794e-78
0.6419 	-4.31002e-78
0.6426 	-2.86799e-78
0.6433 	-2.04638e-78
0.644 	-1.36574e-78
0.6447 	-9.3864e-79
0.6454 	-6.31585e-79
0.6461 	-4.14563e-79
0.6468 	-2.83391e-79
0.6475 	-1.75612e-79
0.6482 	-1.23292e-79
0.6489 	-7.68637e-80
0.6496 	-5.20231e-80
0.6503 	-3.28786e-80
0.651 	-2.13288e-80
0.6517 	-1.38153e-80
0.6524 	-8.54288e-81
0.6531 	-5.75521e-81
0.6538 	-3.47552e-81
0.6545 	-2.41387e-81
0.6552 	-1.51918e-81
0.6559 	-1.04191e-81
0.6566 	-6.93724e-82
0.6573 	-4.74561e-82
0.658 	-3.37093e-82
0.6587 	-2.32303e-82
0.6594 	-1.75544e-82
0.6601 	-1.25953e-82
0.6608 	-9.72447e-83
0.6615 	-7.28934e-83
0.6622 	-5.63767e-83
0.6629 	-4.35983e-83
0.6636 	-3.36234e-83
0.6643 	-2.65948e-83
0.665 	-2.03685e-83
0.6657 	-1.64021e-83
0.6664 	-1.27381e-83
0.6671 	-1.01811e-83
0.6678 	-8.00808e-84
0.6685 	-6.34719e-84
0.6692 	-5.05669e-84
0.6699 	-3.97175e-84
0.6706 	-3.20596e-84
0.672 	-2.03991e-84
0.6727 	-1.6142e-84
0.6734 	-1.30119e-84
0.6741 	-1.04002e-84
0.6748 	-8.30626e-85
0.6755 	-6.70219e-85
0.6762 	-5.29404e-85
0.6769 	-4.31116e-85
0.6776 	-3.40495e-85
0.6783 	-2.76307e-85
0.679 	-2.19591e-85
0.6797 	-1.76314e-85
0.6804 	-1.41162e-85
0.6811 	-1.12104e-85
0.6818 	-9.06225e-86
0.6825 	-7.12051e-86
0.6832 	-5.82681e-86
0.6846 	-3.76214e-86
0.6853 	-3.02013e-86
0.686 	-2.4398e-86
0.6874 	-1.5838e-86
0.6881 	-1.29393e-86
0.6888 	-1.02747e-86
0.6895 	-8.37499e-87
0.6902 	-6.63705e-87
0.6909 	-5.3035e-87
0.6923 	-3.23453e-87
0.693 	-2.50573e-87
0.6937 	-1.85935e-87
0.6944 	-1.40603e-87
0.6951 	-9.88136e-88
0.6958 	-6.94926e-88
0.6965 	-4.43583e-88
0.6972 	-2.68965e-88
0.6979 	-1.49769e-88
0.6986 	-7.2629e-89
0.6993 	-4.13571e-89
0.7 	-2.18693e-89
