0 	1
0.0007 	1
0.0014 	1
0.0021 	1
0.0028 	1
0.0035 	1
0.0042 	1
0.0049 	1
0.0056 	1
0.0063 	1
0.007 	1
0.0077 	1
0.0084 	1
0.0091 	1
0.0098 	1
0.0105 	1
0.0112 	1
0.0119 	1
0.0126 	1
0.0133 	1
0.014 	1
0.0147 	1
0.0154 	1
0.0161 	1
0.0168 	1
0.0175 	1
0.0182 	1
0.0189 	1
0.0196 	1
0.0203 	1
0.021 	1
0.0217 	1
0.0224 	1
0.0231 	1
0.0238 	1
0.0245 	1
0.0252 	1
0.0259 	1
0.0266 	1
0.0273 	1
0.028 	1
0.0287 	1
0.0294 	1
0.0301 	1
0.0308 	1
0.0315 	1
0.0322 	1
0.0329 	1
0.0336 	1
0.0343 	1
0.035 	1
0.0357 	1
0.0364 	1
0.0371 	1
0.0378 	1
0.0385 	1
0.0392 	1
0.0399 	1
0.0406 	1
0.0413 	1
0.042 	1
0.0427 	1
0.0434 	1
0.0441 	1
0.0448 	1
0.0455 	1
0.0462 	1
0.0469 	1
0.0476 	1
0.0483 	1
0.049 	1
0.0497 	1
0.0504 	1
0.0511 	1
0.0518 	1
0.0525 	1
0.0532 	1
0.0539 	1
0.0546 	1
0.0553 	1
0.056 	1
0.0567 	1
0.0574 	1
0.0581 	1
0.0588 	1
0.0595 	1
0.0602 	1
0.0609 	1
0.0616 	1
0.0623 	1
0.063 	1
0.0637 	1
0.0644 	1
0.0651 	1
0.0658 	1
0.0665 	1
0.0672 	1
0.0679 	1
0.0686 	1
0.0693 	1
0.07 	1
0.0707 	1
0.0714 	1
0.0721 	1
0.0728 	1
0.0735 	1
0.0742 	1
0.0749 	1
0.0756 	1
0.0763 	1
0.077 	1
0.0777 	1
0.0784 	1
0.0791 	1
0.0798 	1
0.0805 	1
0.0812 	1
0.0819 	1
0.0826 	1
0.0833 	1
0.084 	1
0.0847 	1
0.0854 	1
0.0861 	1
0.0868 	1
0.0875 	1
0.0882 	1
0.0889 	1
0.0896 	1
0.0903 	1
0.091 	1
0.0917 	1
0.0924 	1
0.0931 	1
0.0938 	1
0.0945 	1
0.0952 	1
0.0959 	1
0.0966 	1
0.0973 	1
0.098 	1
0.0987 	1
0.0994 	1
0.1001 	1
0.1008 	1
0.1015 	1
0.1022 	1
0.1029 	1
0.1036 	1
0.1043 	1
0.105 	1
0.1057 	1
0.1064 	1
0.1071 	1
0.1078 	1
0.1085 	1
0.1092 	1
0.1099 	1
0.1106 	1
0.1113 	1
0.112 	1
0.1127 	1
0.1134 	1
0.1141 	1
0.1148 	1
0.1155 	1
0.1162 	1
0.1169 	1
0.1176 	1
0.1183 	1
0.119 	1
0.1197 	1
0.1204 	1
0.1211 	1
0.1218 	1
0.1225 	1
0.1232 	1
0.1239 	1
0.1246 	1
0.1253 	1
0.126 	1
0.1267 	1
0.1274 	1
0.1281 	1
0.1288 	1
0.1295 	1
0.1302 	1
0.1309 	1
0.1316 	1
0.1323 	1
0.133 	1
0.1337 	1
0.1344 	1
0.1351 	1
0.1358 	1
0.1365 	1
0.1372 	1
0.1379 	1
0.1386 	1
0.1393 	1
0.14 	1
0.1407 	1
0.1414 	1
0.1421 	1
0.1428 	1
0.1435 	1
0.1442 	1
0.1449 	1
0.1456 	1
0.1463 	1
0.147 	1
0.1477 	1
0.1484 	1
0.1491 	1
0.1498 	1
0.1505 	1
0.1512 	1
0.1519 	1
0.1526 	1
0.1533 	1
0.154 	1
0.1547 	1
0.1554 	1
0.1561 	1
0.1568 	1
0.1575 	1
0.1582 	1
0.1589 	1
0.1596 	1
0.1603 	1
0.161 	1
0.1617 	1
0.1624 	1
0.1631 	1
0.1638 	1
0.1645 	1
0.1652 	1
0.1659 	1
0.1666 	1
0.1673 	1
0.168 	1
0.1687 	1
0.1694 	1
0.1701 	1
0.1708 	1
0.1715 	1
0.1722 	1
0.1729 	1
0.1736 	1
0.1743 	1
0.175 	1
0.1757 	1
0.1764 	1
0.1771 	1
0.1778 	1
0.1785 	1
0.1792 	1
0.1799 	1
0.1806 	1
0.1813 	1
0.182 	1
0.1827 	1
0.1834 	1
0.1841 	1
0.1848 	1
0.1855 	1
0.1862 	1
0.1869 	1
0.1876 	1
0.1883 	1
0.189 	1
0.1897 	1
0.1904 	1
0.1911 	1
0.1918 	1
0.1925 	1
0.1932 	1
0.1939 	1
0.1946 	1
0.1953 	1
0.196 	1
0.1967 	1
0.1974 	1
0.1981 	1
0.1988 	1
0.1995 	1
0.2002 	1
0.2009 	1
0.2016 	1
0.2023 	1
0.203 	1
0.2037 	1
0.2044 	1
0.2051 	1
0.2058 	1
0.2065 	1
0.2072 	1
0.2079 	1
0.2086 	1
0.2093 	1
0.21 	1
0.2107 	1
0.2114 	1
0.2121 	1
0.2128 	1
0.2135 	1
0.2142 	1
0.2149 	1
0.2156 	1
0.2163 	1
0.217 	1
0.2177 	1
0.2184 	1
0.2191 	1
0.2198 	1
0.2205 	1
0.2212 	1
0.2219 	1
0.2226 	1
0.2233 	1
0.224 	1
0.2247 	1
0.2254 	1
0.2261 	1
0.2268 	1
0.2275 	1
0.2282 	1
0.2289 	1
0.2296 	1
0.2303 	1
0.231 	0.999999
0.2317 	0.999999
0.2324 	0.999998
0.2331 	0.999998
0.2338 	0.999997
0.2345 	0.999997
0.2352 	0.999957
0.2359 	0.99982
0.2366 	0.999682
0.2373 	0.999545
0.238 	0.999407
0.2387 	0.999269
0.2394 	0.999132
0.2401 	0.998267
0.2408 	0.99302
0.2415 	0.987774
0.2422 	0.982527
0.2429 	0.977281
0.2436 	0.972034
0.2443 	0.966788
0.245 	0.96154
0.2457 	0.923499
0.2464 	0.885442
0.2471 	0.847386
0.2478 	0.80933
0.2485 	0.771273
0.2492 	0.733217
0.2499 	0.695161
0.2506 	0.636229
0.2513 	0.573826
0.252 	0.511423
0.2527 	0.44902
0.2534 	0.386617
0.2541 	0.324214
0.2548 	0.261811
0.2555 	0.221306
0.2562 	0.189589
0.2569 	0.157872
0.2576 	0.126155
0.2583 	0.0944378
0.259 	0.0627206
0.2597 	0.0310034
0.2604 	0.0160802
0.2611 	0.0137348
0.2618 	0.0113893
0.2625 	0.00904376
0.2632 	0.00669825
0.2639 	0.00435274
0.2646 	0.00200723
0.2653 	0.000629851
0.266 	0.000541118
0.2667 	0.000452381
0.2674 	0.000363643
0.2681 	0.000274905
0.2688 	0.000186168
0.2695 	9.74297e-05
0.2702 	3.27846e-05
0.2709 	2.82537e-05
0.2716 	2.37226e-05
0.2723 	1.91913e-05
0.273 	1.466e-05
0.2737 	1.01288e-05
0.2744 	5.59749e-06
0.2751 	1.68264e-06
0.2758 	1.45417e-06
0.2765 	1.2257e-06
0.2772 	9.9722e-07
0.2779 	7.68742e-07
0.2786 	5.40265e-07
0.2793 	3.11787e-07
0.28 	8.34089e-08
0.2807 	7.22471e-08
0.2814 	6.10966e-08
0.2821 	4.99468e-08
0.2828 	3.87971e-08
0.2835 	2.76473e-08
0.2842 	1.64975e-08
0.2849 	5.34776e-09
0.2856 	3.32614e-09
0.2863 	2.82078e-09
0.287 	2.31555e-09
0.2877 	1.81032e-09
0.2884 	1.3051e-09
0.2891 	7.99867e-10
0.2898 	2.94638e-10
0.2905 	1.36551e-10
0.2912 	1.17032e-10
0.2919 	9.75226e-11
0.2926 	7.80142e-11
0.2933 	5.85058e-11
0.294 	3.89975e-11
0.2947 	1.94891e-11
0.2954 	1.07596e-11
0.2961 	1.00997e-11
0.2968 	9.43982e-12
0.2975 	8.77987e-12
0.2982 	8.11993e-12
0.2989 	7.45998e-12
0.2996 	6.80004e-12
0.3003 	6.29889e-12
0.301 	6.00856e-12
0.3017 	5.71829e-12
0.3024 	5.42805e-12
0.3031 	5.1378e-12
0.3038 	4.84756e-12
0.3045 	4.55731e-12
0.3052 	4.24516e-12
0.3059 	3.8787e-12
0.3066 	3.5127e-12
0.3073 	3.14716e-12
0.308 	2.78161e-12
0.3087 	2.41607e-12
0.3094 	2.05052e-12
0.3101 	1.71276e-12
0.3108 	1.54199e-12
0.3115 	1.37147e-12
0.3122 	1.20141e-12
0.3129 	1.03134e-12
0.3136 	8.61278e-13
0.3143 	6.91213e-13
0.315 	5.2119e-13
0.3157 	4.69537e-13
0.3164 	4.17957e-13
0.3171 	3.66574e-13
0.3178 	3.1519e-13
0.3185 	2.63806e-13
0.3192 	2.12422e-13
0.3199 	1.61039e-13
0.3206 	1.39504e-13
0.3213 	1.22946e-13
0.322 	1.06469e-13
0.3227 	8.99923e-14
0.3234 	7.35155e-14
0.3241 	5.70387e-14
0.3248 	4.05619e-14
0.3255 	3.28914e-14
0.3262 	2.87407e-14
0.3269 	2.46129e-14
0.3276 	2.04868e-14
0.3283 	1.63608e-14
0.329 	1.22347e-14
0.3297 	8.1087e-15
0.3304 	5.90018e-15
0.3311 	5.12835e-15
0.3318 	4.36052e-15
0.3325 	3.59379e-15
0.3332 	2.82705e-15
0.3339 	2.06031e-15
0.3346 	1.29357e-15
0.3353 	8.09072e-16
0.336 	7.00425e-16
0.3367 	5.9228e-16
0.3374 	4.84415e-16
0.3381 	3.76549e-16
0.3388 	2.68683e-16
0.3395 	1.60818e-16
0.3402 	8.06546e-17
0.3409 	6.96288e-17
0.3416 	5.86459e-17
0.3423 	4.7706e-17
0.343 	3.67661e-17
0.3437 	2.58262e-17
0.3444 	1.48863e-17
0.3451 	5.4067e-18
0.3458 	4.66081e-18
0.3465 	3.91719e-18
0.3472 	3.17766e-18
0.3479 	2.43813e-18
0.3486 	1.6986e-18
0.3493 	9.59075e-19
0.35 	2.1988e-19
0.3507 	1.89604e-19
0.3514 	1.59415e-19
0.3521 	1.29456e-19
0.3528 	9.94972e-20
0.3535 	6.9538e-20
0.3542 	3.95789e-20
0.3549 	9.61978e-21
0.3556 	4.73227e-21
0.3563 	4.00829e-21
0.357 	3.29237e-21
0.3577 	2.57646e-21
0.3584 	1.86054e-21
0.3591 	1.14462e-21
0.3598 	4.28708e-22
0.3605 	2.03503e-22
0.3612 	1.74162e-22
0.3619 	1.45181e-22
0.3626 	1.16228e-22
0.3633 	8.72752e-23
0.364 	5.83223e-23
0.3647 	2.93694e-23
0.3654 	1.56601e-23
0.3661 	1.33664e-23
0.3668 	1.10933e-23
0.3675 	8.82589e-24
0.3682 	6.55845e-24
0.3689 	4.29101e-24
0.3696 	2.02358e-24
0.3703 	6.85649e-25
0.371 	5.84932e-25
0.3717 	4.84851e-25
0.3724 	3.85124e-25
0.3731 	2.85397e-25
0.3738 	1.8567e-25
0.3745 	8.59427e-26
0.3752 	1.41639e-26
0.3759 	1.20986e-26
0.3766 	1.00411e-26
0.3773 	7.9915e-27
0.378 	5.94187e-27
0.3787 	3.89224e-27
0.3794 	1.84261e-27
0.3801 	8.50324e-29
0.3808 	7.28569e-29
0.3815 	6.06991e-29
0.3822 	4.85731e-29
0.3829 	3.64472e-29
0.3836 	2.43212e-29
0.3843 	1.21952e-29
0.385 	7.5231e-32
0.3857 	6.46928e-32
0.3864 	5.41644e-32
0.3871 	4.36336e-32
0.3878 	3.31027e-32
0.3885 	2.25719e-32
0.3892 	1.20411e-32
0.3899 	1.51024e-33
0.3906 	9.67607e-36
0.3913 	8.13481e-36
0.392 	6.61032e-36
0.3927 	5.08584e-36
0.3934 	3.56135e-36
0.3941 	2.03687e-36
0.3948 	5.12385e-37
0.3955 	6.96673e-38
0.3962 	5.86394e-38
0.3969 	4.79714e-38
0.3976 	3.73311e-38
0.3983 	2.66908e-38
0.399 	1.60505e-38
0.3997 	5.41019e-39
0.4004 	7.8491e-40
0.4011 	6.622e-40
0.4018 	5.43128e-40
0.4025 	4.25049e-40
0.4032 	3.06969e-40
0.4039 	1.8889e-40
0.4046 	7.08106e-41
0.4053 	3.18417e-42
0.406 	2.69601e-42
0.4067 	2.21933e-42
0.4074 	1.74902e-42
0.4081 	1.27872e-42
0.4088 	8.08409e-43
0.4095 	3.38102e-43
0.4102 	2.29771e-45
0.4109 	1.95369e-45
0.4116 	1.61539e-45
0.4123 	1.28282e-45
0.413 	9.50246e-46
0.4137 	6.17675e-46
0.4144 	2.85104e-46
0.4151 	2.00221e-49
0.4158 	1.70946e-49
0.4165 	1.41984e-49
0.4172 	1.13587e-49
0.4179 	8.51905e-50
0.4186 	5.67937e-50
0.4193 	2.8397e-50
0.42 	1.39165e-53
0.4207 	1.19225e-53
0.4214 	9.94269e-54
0.4221 	8.00939e-54
0.4228 	6.07609e-54
0.4235 	4.14278e-54
0.4242 	2.20948e-54
0.4249 	2.7618e-55
0.4256 	8.1335e-58
0.4263 	6.80954e-58
0.427 	5.52125e-58
0.4277 	4.23295e-58
0.4284 	2.94465e-58
0.4291 	1.65636e-58
0.4298 	3.68059e-59
0.4305 	5.33408e-62
0.4312 	4.48442e-62
0.4319 	3.65695e-62
0.4326 	2.83118e-62
0.4333 	2.00541e-62
0.434 	1.17964e-62
0.4347 	3.53873e-63
0.4354 	3.38959e-66
0.4361 	2.86855e-66
0.4368 	2.36279e-66
0.4375 	1.86119e-66
0.4382 	1.3596e-66
0.4389 	8.58001e-67
0.4396 	3.56406e-67
0.4403 	7.86612e-68
0.441 	9.88477e-68
0.4417 	1.31739e-67
0.4424 	1.71688e-67
0.4431 	2.11638e-67
0.4438 	2.51587e-67
0.4445 	2.91537e-67
0.4452 	3.45641e-67
0.4459 	4.35349e-67
0.4466 	5.69269e-67
0.4473 	7.47403e-67
0.448 	9.25536e-67
0.4487 	1.10367e-66
0.4494 	1.2818e-66
0.4501 	1.46951e-66
0.4508 	1.71609e-66
0.4515 	2.04976e-66
0.4522 	2.5402e-66
0.4529 	3.03065e-66
0.4536 	3.52109e-66
0.4543 	4.01153e-66
0.455 	4.50208e-66
0.4557 	4.88276e-66
0.4564 	5.3448e-66
0.4571 	6.10323e-66
0.4578 	6.86165e-66
0.4585 	7.62007e-66
0.4592 	8.3785e-66
0.4599 	9.13692e-66
0.4606 	9.53591e-66
0.4613 	9.8996e-66
0.462 	1.05753e-65
0.4627 	1.1251e-65
0.4634 	1.19268e-65
0.4641 	1.26025e-65
0.4648 	1.32782e-65
0.4655 	1.35924e-65
0.4662 	1.37624e-65
0.4669 	1.40886e-65
0.4676 	1.44268e-65
0.4683 	1.4765e-65
0.469 	1.51031e-65
0.4697 	1.54413e-65
0.4704 	1.55972e-65
0.4711 	1.56165e-65
0.4718 	1.56507e-65
0.4725 	1.56889e-65
0.4732 	1.57272e-65
0.4739 	1.57654e-65
0.4746 	1.58036e-65
0.4753 	1.57368e-65
0.476 	1.55298e-65
0.4767 	1.51907e-65
0.4774 	1.47783e-65
0.4781 	1.43658e-65
0.4788 	1.39534e-65
0.4795 	1.35409e-65
0.4802 	1.3125e-65
0.4809 	1.26992e-65
0.4816 	1.20627e-65
0.4823 	1.12155e-65
0.483 	1.03682e-65
0.4837 	9.52101e-66
0.4844 	8.67378e-66
0.4851 	7.89528e-66
0.4858 	7.52523e-66
0.4865 	7.02469e-66
0.4872 	6.28926e-66
0.4879 	5.55383e-66
0.4886 	4.8184e-66
0.4893 	4.08297e-66
0.49 	3.34813e-66
0.4907 	3.16482e-66
0.4914 	2.94301e-66
0.4921 	2.57944e-66
0.4928 	2.21586e-66
0.4935 	1.85228e-66
0.4942 	1.4887e-66
0.4949 	1.12512e-66
0.4956 	1.0178e-66
0.4963 	9.48403e-67
0.497 	8.198e-67
0.4977 	6.91196e-67
0.4984 	5.62593e-67
0.4991 	4.3399e-67
0.4998 	3.05386e-67
0.5005 	2.56178e-67
0.5012 	2.38634e-67
0.5019 	2.05102e-67
0.5026 	1.7034e-67
0.5033 	1.35579e-67
0.504 	1.00817e-67
0.5047 	6.60554e-68
0.5054 	4.91404e-68
0.5061 	4.55797e-68
0.5068 	3.92797e-68
0.5075 	3.22326e-68
0.5082 	2.51855e-68
0.5089 	1.81384e-68
0.5096 	1.10914e-68
0.5103 	6.84628e-69
0.511 	6.32919e-69
0.5117 	5.48752e-69
0.5124 	4.46552e-69
0.5131 	3.44353e-69
0.5138 	2.42153e-69
0.5145 	1.39954e-69
0.5152 	6.55482e-70
0.5159 	6.04571e-70
0.5166 	5.28885e-70
0.5173 	4.28425e-70
0.518 	3.27964e-70
0.5187 	2.27504e-70
0.5194 	1.27044e-70
0.5201 	4.05232e-71
0.5208 	3.73147e-71
0.5215 	3.29947e-71
0.5222 	2.66739e-71
0.5229 	2.0353e-71
0.5236 	1.40322e-71
0.5243 	7.71137e-72
0.525 	1.39347e-72
0.5257 	1.28124e-72
0.5264 	1.14582e-72
0.5271 	9.25229e-73
0.5278 	7.04638e-73
0.5285 	4.84047e-73
0.5292 	2.63456e-73
0.5299 	4.28651e-74
0.5306 	1.0648e-74
0.5313 	9.64955e-75
0.532 	7.84229e-75
0.5327 	6.03503e-75
0.5334 	4.22776e-75
0.5341 	2.4205e-75
0.5348 	6.13237e-76
0.5355 	9.20832e-77
0.5362 	8.42834e-77
0.5369 	6.89631e-77
0.5376 	5.30643e-77
0.5383 	3.71654e-77
0.539 	2.12666e-77
0.5397 	5.36779e-78
0.5404 	-1.15535e-78
0.5411 	-6.58484e-79
0.5418 	-7.90764e-79
0.5425 	-1.09463e-78
0.5432 	-1.39849e-78
0.5439 	-1.70236e-78
0.5446 	-2.00622e-78
0.5453 	-1.94778e-78
0.546 	-1.40601e-78
0.5467 	-1.28736e-78
0.5474 	-1.40378e-78
0.5481 	-1.5202e-78
0.5488 	-1.63662e-78
0.5495 	-1.75304e-78
0.5502 	-1.71003e-78
0.5509 	-1.26796e-78
0.5516 	-1.06263e-78
0.5523 	-1.09404e-78
0.553 	-1.12545e-78
0.5537 	-1.15686e-78
0.5544 	-1.18827e-78
0.5551 	-1.17189e-78
0.5558 	-8.67926e-79
0.5565 	-6.7444e-79
0.5572 	-6.79811e-79
0.5579 	-6.85183e-79
0.5586 	-6.90554e-79
0.5593 	-6.95925e-79
0.56 	-7.01329e-79
0.5607 	-5.15581e-79
0.5614 	-3.69753e-79
0.5621 	-3.70475e-79
0.5628 	-3.71196e-79
0.5635 	-3.71917e-79
0.5642 	-3.72638e-79
0.5649 	-3.7336e-79
0.5656 	-2.84032e-79
0.5663 	-1.87103e-79
0.567 	-1.87164e-79
0.5677 	-1.87225e-79
0.5684 	-1.87285e-79
0.5691 	-1.87346e-79
0.5698 	-1.87407e-79
0.5705 	-1.48282e-79
0.5712 	-9.34506e-80
0.5719 	-8.95362e-80
0.5726 	-8.95385e-80
0.5733 	-8.95409e-80
0.574 	-8.95432e-80
0.5747 	-8.95456e-80
0.5754 	-7.40086e-80
0.5761 	-4.67963e-80
0.5768 	-4.09649e-80
0.5775 	-4.09646e-80
0.5782 	-4.09644e-80
0.5789 	-4.09641e-80
0.5796 	-4.09638e-80
0.5803 	-3.54605e-80
0.581 	-2.26066e-80
0.5817 	-1.80157e-80
0.5824 	-1.80154e-80
0.5831 	-1.80151e-80
0.5838 	-1.80148e-80
0.5845 	-1.80145e-80
0.5852 	-1.63566e-80
0.5859 	-1.05461e-80
0.5866 	-7.6407e-81
0.5873 	-7.64052e-81
0.588 	-7.64034e-81
0.5887 	-7.64016e-81
0.5894 	-7.63998e-81
0.5901 	-7.2803e-81
0.5908 	-4.75596e-81
0.5915 	-3.13314e-81
0.5922 	-3.13304e-81
0.5929 	-3.13295e-81
0.5936 	-3.13285e-81
0.5943 	-3.13276e-81
0.595 	-3.13282e-81
0.5957 	-2.07565e-81
0.5964 	-1.24478e-81
0.5971 	-1.24473e-81
0.5978 	-1.24468e-81
0.5985 	-1.24464e-81
0.5992 	-1.24459e-81
0.5999 	-1.24454e-81
0.6006 	-8.7764e-82
0.6013 	-4.79968e-82
0.602 	-4.79946e-82
0.6027 	-4.79924e-82
0.6034 	-4.79902e-82
0.6041 	-4.79879e-82
0.6048 	-4.79857e-82
0.6055 	-3.59903e-82
0.6062 	-1.91875e-82
0.6069 	-1.79863e-82
0.6076 	-1.79853e-82
0.6083 	-1.79843e-82
0.609 	-1.79834e-82
0.6097 	-1.79824e-82
0.6104 	-1.43287e-82
0.6111 	-7.93069e-83
0.6118 	-6.55936e-83
0.6125 	-6.55893e-83
0.6132 	-6.55851e-83
0.6139 	-6.55808e-83
0.6146 	-6.55766e-83
0.6153 	-5.54371e-83
0.616 	-3.17604e-83
0.6167 	-2.33032e-83
0.6174 	-2.33015e-83
0.6181 	-2.32998e-83
0.6188 	-2.3298e-83
0.6195 	-2.32963e-83
0.6202 	-2.08626e-83
0.6209 	-1.23362e-83
0.6216 	-8.07267e-84
0.6223 	-8.07198e-84
0.623 	-8.07129e-84
0.6237 	-8.0706e-84
0.6244 	-8.06992e-84
0.6251 	-7.6433e-84
0.6258 	-4.65213e-84
0.6265 	-2.72915e-84
0.6272 	-2.72889e-84
0.6279 	-2.72862e-84
0.6286 	-2.72836e-84
0.6293 	-2.7281e-84
0.63 	-2.72796e-84
0.6307 	-1.70508e-84
0.6314 	-9.01111e-85
0.6321 	-9.01015e-85
0.6328 	-9.0092e-85
0.6335 	-9.00824e-85
0.6342 	-9.00728e-85
0.6349 	-9.00632e-85
0.6356 	-6.07978e-85
0.6363 	-2.9079e-85
0.637 	-2.90756e-85
0.6377 	-2.90722e-85
0.6384 	-2.90688e-85
0.6391 	-2.90654e-85
0.6398 	-2.9062e-85
0.6405 	-2.11104e-85
0.6412 	-9.97285e-86
0.6419 	-9.17622e-86
0.6426 	-9.17505e-86
0.6433 	-9.17389e-86
0.644 	-9.17272e-86
0.6447 	-9.17155e-86
0.6454 	-7.14433e-86
0.6461 	-3.59494e-86
0.6468 	-2.83405e-86
0.6475 	-2.83366e-86
0.6482 	-2.83327e-86
0.6489 	-2.83288e-86
0.6496 	-2.83249e-86
0.6503 	-2.35859e-86
0.651 	-1.25226e-86
0.6517 	-8.57055e-87
0.6524 	-8.56929e-87
0.6531 	-8.56802e-87
0.6538 	-8.56676e-87
0.6545 	-8.56549e-87
0.6552 	-7.60176e-87
0.6559 	-4.22684e-87
0.6566 	-2.53919e-87
0.6573 	-2.53879e-87
0.658 	-2.53839e-87
0.6587 	-2.53799e-87
0.6594 	-2.53759e-87
0.6601 	-2.39365e-87
0.6608 	-1.38547e-87
0.6615 	-7.3732e-88
0.6622 	-7.37197e-88
0.6629 	-7.37073e-88
0.6636 	-7.3695e-88
0.6643 	-7.36827e-88
0.665 	-7.36734e-88
0.6657 	-4.4173e-88
0.6664 	-2.09859e-88
0.6671 	-2.09822e-88
0.6678 	-2.09785e-88
0.6685 	-2.09748e-88
0.6692 	-2.09711e-88
0.6699 	-2.09674e-88
0.6706 	-1.3711e-88
0.6713 	-5.84657e-89
0.672 	-5.84548e-89
0.6727 	-5.8444e-89
0.6734 	-5.84331e-89
0.6741 	-5.84223e-89
0.6748 	-5.84115e-89
0.6755 	-4.13853e-89
0.6762 	-1.75388e-89
0.6769 	-1.58327e-89
0.6776 	-1.58296e-89
0.6783 	-1.58265e-89
0.679 	-1.58234e-89
0.6797 	-1.58203e-89
0.6804 	-1.20637e-89
0.6811 	-5.48712e-90
0.6818 	-4.07718e-90
0.6825 	-4.07633e-90
0.6832 	-4.07548e-90
0.6839 	-4.07463e-90
0.6846 	-4.07379e-90
0.6853 	-3.32225e-90
0.686 	-1.56805e-90
0.6867 	-9.41412e-91
0.6874 	-9.41192e-91
0.6881 	-9.40971e-91
0.6888 	-9.4075e-91
0.6895 	-9.40529e-91
0.6902 	-8.17379e-91
0.6909 	-3.8627e-91
0.6916 	-1.70689e-91
0.6923 	-1.70637e-91
0.693 	-1.70586e-91
0.6937 	-1.70534e-91
0.6944 	-1.70482e-91
0.6951 	-1.56844e-91
0.6958 	-6.14083e-92
0.6965 	-5.31503e-95
0.6972 	-4.37572e-95
0.6979 	-3.43641e-95
0.6986 	-2.4971e-95
0.6993 	-1.55779e-95
0.7 	-6.18876e-96
