0 	1
0.0007 	1
0.0014 	1
0.0021 	1
0.0028 	1
0.0035 	1
0.0042 	1
0.0049 	1
0.0056 	1
0.0063 	1
0.007 	1
0.0077 	1
0.0084 	1
0.0091 	1
0.0098 	1
0.0105 	1
0.0112 	1
0.0119 	1
0.0126 	1
0.0133 	1
0.014 	1
0.0147 	1
0.0154 	1
0.0161 	1
0.0168 	1
0.0175 	1
0.0182 	1
0.0189 	1
0.0196 	1
0.0203 	1
0.021 	1
0.0217 	1
0.0224 	1
0.0231 	1
0.0238 	1
0.0245 	1
0.0252 	1
0.0259 	1
0.0266 	1
0.0273 	1
0.028 	1
0.0287 	1
0.0294 	1
0.0301 	1
0.0308 	1
0.0315 	1
0.0322 	1
0.0329 	1
0.0336 	1
0.0343 	1
0.035 	1
0.0357 	1
0.0364 	1
0.0371 	1
0.0378 	1
0.0385 	1
0.0392 	1
0.0399 	1
0.0406 	1
0.0413 	1
0.042 	1
0.0427 	1
0.0434 	1
0.0441 	1
0.0448 	1
0.0455 	1
0.0462 	1
0.0469 	1
0.0476 	1
0.0483 	1
0.049 	1
0.0497 	1
0.0504 	1
0.0511 	1
0.0518 	1
0.0525 	1
0.0532 	1
0.0539 	1
0.0546 	1
0.0553 	1
0.056 	1
0.0567 	1
0.0574 	1
0.0581 	1
0.0588 	1
0.0595 	1
0.0602 	1
0.0609 	1
0.0616 	1
0.0623 	1
0.063 	1
0.0637 	1
0.0644 	1
0.0651 	1
0.0658 	1
0.0665 	1
0.0672 	1
0.0679 	1
0.0686 	1
0.0693 	1
0.07 	1
0.0707 	1
0.0714 	1
0.0721 	1
0.0728 	1
0.0735 	1
0.0742 	1
0.0749 	1
0.0756 	1
0.0763 	1
0.077 	1
0.0777 	1
0.0784 	1
0.0791 	1
0.0798 	1
0.0805 	1
0.0812 	1
0.0819 	1
0.0826 	1
0.0833 	1
0.084 	1
0.0847 	1
0.0854 	1
0.0861 	1
0.0868 	1
0.0875 	1
0.0882 	1
0.0889 	1
0.0896 	1
0.0903 	1
0.091 	1
0.0917 	1
0.0924 	1
0.0931 	1
0.0938 	1
0.0945 	1
0.0952 	1
0.0959 	1
0.0966 	1
0.0973 	1
0.098 	1
0.0987 	1
0.0994 	1
0.1001 	1
0.1008 	1
0.1015 	1
0.1022 	1
0.1029 	1
0.1036 	1
0.1043 	1
0.105 	1
0.1057 	1
0.1064 	1
0.1071 	1
0.1078 	1
0.1085 	1
0.1092 	1
0.1099 	1
0.1106 	1
0.1113 	1
0.112 	1
0.1127 	1
0.1134 	1
0.1141 	1
0.1148 	1
0.1155 	1
0.1162 	1
0.1169 	1
0.1176 	1
0.1183 	1
0.119 	1
0.1197 	1
0.1204 	1
0.1211 	1
0.1218 	1
0.1225 	1
0.1232 	1
0.1239 	1
0.1246 	1
0.1253 	1
0.126 	1
0.1267 	1
0.1274 	1
0.1281 	1
0.1288 	1
0.1295 	1
0.1302 	1
0.1309 	1
0.1316 	1
0.1323 	1
0.133 	1
0.1337 	1
0.1344 	1
0.1351 	1
0.1358 	1
0.1365 	1
0.1372 	1
0.1379 	1
0.1386 	1
0.1393 	1
0.14 	1
0.1407 	1
0.1414 	1
0.1421 	1
0.1428 	1
0.1435 	1
0.1442 	1
0.1449 	1
0.1456 	1
0.1463 	1
0.147 	1
0.1477 	1
0.1484 	1
0.1491 	1
0.1498 	1
0.1505 	1
0.1512 	1
0.1519 	1
0.1526 	1
0.1533 	1
0.154 	1
0.1547 	1
0.1554 	1
0.1561 	1
0.1568 	1
0.1575 	1
0.1582 	1
0.1589 	1
0.1596 	1
0.1603 	1
0.161 	1
0.1617 	1
0.1624 	1
0.1631 	1
0.1638 	1
0.1645 	1
0.1652 	1
0.1659 	1
0.1666 	1
0.1673 	1
0.168 	1
0.1687 	1
0.1694 	1
0.1701 	1
0.1708 	1
0.1715 	1
0.1722 	1
0.1729 	1
0.1736 	1
0.1743 	1
0.175 	1
0.1757 	1
0.1764 	1
0.1771 	1
0.1778 	1
0.1785 	1
0.1792 	1
0.1799 	1
0.1806 	1
0.1813 	1
0.182 	1
0.1827 	1
0.1834 	1
0.1841 	1
0.1848 	1
0.1855 	1
0.1862 	1
0.1869 	1
0.1876 	1
0.1883 	1
0.189 	1
0.1897 	1
0.1904 	1
0.1911 	1
0.1918 	1
0.1925 	1
0.1932 	1
0.1939 	1
0.1946 	1
0.1953 	1
0.196 	1
0.1967 	1
0.1974 	1
0.1981 	1
0.1988 	1
0.1995 	1
0.2002 	1
0.2009 	1
0.2016 	1
0.2023 	1
0.203 	1
0.2037 	1
0.2044 	1
0.2051 	1
0.2058 	1
0.2065 	1
0.2072 	1
0.2079 	1
0.2086 	1
0.2093 	1
0.21 	1
0.2107 	1
0.2114 	1
0.2121 	1
0.2128 	1
0.2135 	1
0.2142 	1
0.2149 	1
0.2156 	1
0.2163 	1
0.217 	1
0.2177 	1
0.2184 	1
0.2191 	1
0.2198 	1
0.2205 	1
0.2212 	1
0.2219 	1
0.2226 	1
0.2233 	1
0.224 	1
0.2247 	1
0.2254 	1
0.2261 	1
0.2268 	1
0.2275 	1
0.2282 	1
0.2289 	1
0.2296 	1
0.2303 	0.999988
0.231 	0.999959
0.2317 	0.99993
0.2324 	0.999902
0.2331 	0.999873
0.2338 	0.999844
0.2345 	0.999816
0.2352 	0.998864
0.2359 	0.9956
0.2366 	0.992336
0.2373 	0.989073
0.238 	0.985809
0.2387 	0.982546
0.2394 	0.979283
0.2401 	0.97126
0.2408 	0.934604
0.2415 	0.897948
0.2422 	0.861291
0.2429 	0.824634
0.2436 	0.787977
0.2443 	0.75132
0.245 	0.714651
0.2457 	0.64805
0.2464 	0.581449
0.2471 	0.514848
0.2478 	0.448247
0.2485 	0.381646
0.2492 	0.315046
0.2499 	0.248445
0.2506 	0.210361
0.2513 	0.177046
0.252 	0.143731
0.2527 	0.110417
0.2534 	0.0771021
0.2541 	0.0437876
0.2548 	0.010473
0.2555 	0.000872
0.2562 	0.000736795
0.2569 	0.000601099
0.2576 	0.000465365
0.2583 	0.000329631
0.259 	0.000193897
0.2597 	5.81636e-05
0.2604 	4.61046e-08
0.2611 	3.90495e-08
0.2618 	3.20317e-08
0.2625 	2.50242e-08
0.2632 	1.80166e-08
0.2639 	1.1009e-08
0.2646 	4.00141e-09
0.2653 	8.97304e-14
0.266 	7.60325e-14
0.2667 	6.26029e-14
0.2674 	4.93223e-14
0.2681 	3.60417e-14
0.2688 	2.27611e-14
0.2695 	9.48052e-15
0.2702 	1.30854e-19
0.2709 	1.10812e-19
0.2716 	9.13833e-20
0.2723 	7.25675e-20
0.273 	5.37516e-20
0.2737 	3.49358e-20
0.2744 	1.61199e-20
0.2751 	2.27109e-25
0.2758 	1.92085e-25
0.2765 	1.58263e-25
0.2772 	1.26608e-25
0.2779 	9.49525e-26
0.2786 	6.32971e-26
0.2793 	3.16417e-26
0.28 	1.675e-31
0.2807 	1.41408e-31
0.2814 	1.16095e-31
0.2821 	9.35187e-32
0.2828 	7.09429e-32
0.2835 	4.8367e-32
0.2842 	2.57912e-32
0.2849 	3.21531e-33
0.2856 	7.74082e-38
0.2863 	6.31412e-38
0.287 	5.11945e-38
0.2877 	3.92479e-38
0.2884 	2.73013e-38
0.2891 	1.53547e-38
0.2898 	3.4081e-39
0.2905 	3.3237e-44
0.2912 	2.695e-44
0.2919 	2.19071e-44
0.2926 	1.69598e-44
0.2933 	1.20126e-44
0.294 	7.06532e-45
0.2947 	2.11808e-45
0.2954 	1.03775e-50
0.2961 	8.36177e-51
0.2968 	6.76669e-51
0.2975 	5.28633e-51
0.2982 	3.80598e-51
0.2989 	2.32562e-51
0.2996 	8.45266e-52
0.3003 	2.457e-57
0.301 	1.96189e-57
0.3017 	1.57084e-57
0.3024 	1.2376e-57
0.3031 	9.04358e-58
0.3038 	5.71119e-58
0.3045 	2.3788e-58
0.3052 	4.42632e-64
0.3059 	3.49709e-64
0.3066 	2.74942e-64
0.3073 	2.18331e-64
0.308 	1.6172e-64
0.3087 	1.05109e-64
0.3094 	4.84986e-65
0.3101 	5.8161e-71
0.3108 	4.52331e-71
0.3115 	3.44607e-71
0.3122 	2.7568e-71
0.3129 	2.06752e-71
0.3136 	1.37824e-71
0.3143 	6.8897e-72
0.315 	6.36705e-78
0.3157 	4.89935e-78
0.3164 	3.60141e-78
0.3171 	2.90108e-78
0.3178 	2.20074e-78
0.3185 	1.50041e-78
0.3192 	8.00072e-79
0.3199 	9.97369e-80
0.3206 	4.07682e-85
0.3213 	2.89748e-85
0.322 	2.34926e-85
0.3227 	1.80104e-85
0.3234 	1.25283e-85
0.3241 	7.04608e-86
0.3248 	1.5639e-86
0.3255 	3.43528e-92
0.3262 	2.5308e-92
0.3269 	2.03868e-92
0.3276 	1.57829e-92
0.3283 	1.1179e-92
0.329 	6.57501e-93
0.3297 	1.97107e-93
0.3304 	2.83205e-99
0.3311 	2.27562e-99
0.3318 	1.84009e-99
0.3325 	1.43753e-99
0.3332 	1.03497e-99
0.3339 	6.3241e-100
0.3346 	2.29849e-100
0.3353 	-6.42531e-105
0.336 	-5.43088e-105
0.3367 	-4.47185e-105
0.3374 	-3.53248e-105
0.3381 	-2.59311e-105
0.3388 	-1.65375e-105
0.3395 	-7.14378e-106
0.3402 	-4.1982e-107
0.3409 	-3.5615e-107
0.3416 	-2.94288e-107
0.3423 	-2.34234e-107
0.343 	-1.7418e-107
0.3437 	-1.14126e-107
0.3444 	-5.4072e-108
0.3451 	-2.57175e-109
0.3458 	-2.21473e-109
0.3465 	-1.8539e-109
0.3472 	-1.48621e-109
0.3479 	-1.11851e-109
0.3486 	-7.50822e-110
0.3493 	-3.83129e-110
0.35 	-1.65502e-111
0.3507 	-1.36598e-111
0.3514 	-1.16595e-111
0.3521 	-9.41002e-112
0.3528 	-7.16051e-112
0.3535 	-4.911e-112
0.3542 	-2.66149e-112
0.3549 	-4.11985e-113
0.3556 	-8.27483e-114
0.3563 	-7.22094e-114
0.357 	-5.86469e-114
0.3577 	-4.50843e-114
0.3584 	-3.15218e-114
0.3591 	-1.79592e-114
0.3598 	-4.39665e-115
0.3605 	-4.88383e-116
0.3612 	-4.3377e-116
0.3619 	-3.55863e-116
0.3626 	-2.76163e-116
0.3633 	-1.96463e-116
0.364 	-1.16764e-116
0.3647 	-3.70642e-117
0.3654 	-2.77757e-118
0.3661 	-2.49154e-118
0.3668 	-2.07609e-118
0.3675 	-1.62535e-118
0.3682 	-1.1746e-118
0.3689 	-7.23857e-119
0.3696 	-2.73111e-119
0.3703 	-1.51055e-120
0.371 	-1.36394e-120
0.3717 	-1.15513e-120
0.3724 	-9.11777e-121
0.3731 	-6.68422e-121
0.3738 	-4.25067e-121
0.3745 	-1.81712e-121
0.3752 	-7.78272e-123
0.3759 	-7.05821e-123
0.3766 	-6.07452e-123
0.3773 	-4.83165e-123
0.378 	-3.58878e-123
0.3787 	-2.34591e-123
0.3794 	-1.10304e-123
0.3801 	-3.7765e-125
0.3808 	-3.43533e-125
0.3815 	-3.00273e-125
0.3822 	-2.40558e-125
0.3829 	-1.80843e-125
0.3836 	-1.21127e-125
0.3843 	-6.14122e-126
0.385 	-1.91181e-127
0.3857 	-1.5701e-127
0.3864 	-1.39286e-127
0.3871 	-1.12341e-127
0.3878 	-8.53968e-128
0.3885 	-5.84523e-128
0.3892 	-3.15079e-128
0.3899 	-4.56342e-129
0.3906 	-6.71041e-130
0.3913 	-6.03757e-130
0.392 	-4.90064e-130
0.3927 	-3.76372e-130
0.3934 	-2.6268e-130
0.3941 	-1.48987e-130
0.3948 	-3.5295e-131
0.3955 	-2.68096e-132
0.3962 	-2.43073e-132
0.3969 	-1.99642e-132
0.3976 	-1.54795e-132
0.3983 	-1.09948e-132
0.399 	-6.51012e-133
0.3997 	-2.02542e-133
0.4004 	-1.00051e-134
0.4011 	-9.08559e-135
0.4018 	-7.5901e-135
0.4025 	-5.93753e-135
0.4032 	-4.28495e-135
0.4039 	-2.63238e-135
0.4046 	-9.79806e-136
0.4053 	-3.48267e-137
0.406 	-3.16717e-137
0.4067 	-2.68931e-137
0.4074 	-2.12127e-137
0.4081 	-1.55322e-137
0.4088 	-9.8518e-138
0.4095 	-4.17135e-138
0.4102 	-1.13397e-139
0.4109 	-1.03264e-139
0.4116 	-8.90642e-140
0.4123 	-7.07977e-140
0.413 	-5.25312e-140
0.4137 	-3.42647e-140
0.4144 	-1.59983e-140
0.4151 	-3.44672e-142
0.4158 	-3.14278e-142
0.4165 	-2.75153e-142
0.4172 	-2.20314e-142
0.4179 	-1.65474e-142
0.4186 	-1.10635e-142
0.4193 	-5.57954e-143
0.42 	-1.15501e-144
0.4207 	-8.93757e-145
0.4214 	-7.93828e-145
0.4221 	-6.3996e-145
0.4228 	-4.86091e-145
0.4235 	-3.32223e-145
0.4242 	-1.78354e-145
0.4249 	-2.44857e-146
0.4256 	-2.37767e-147
0.4263 	-2.1412e-147
0.427 	-1.73727e-147
0.4277 	-1.33334e-147
0.4284 	-9.29406e-148
0.4291 	-5.25473e-148
0.4298 	-1.21541e-148
0.4305 	-5.90987e-150
0.4312 	-5.36167e-150
0.4319 	-4.40238e-150
0.4326 	-3.41146e-150
0.4333 	-2.42055e-150
0.434 	-1.42963e-150
0.4347 	-4.38719e-151
0.4354 	-1.37385e-152
0.4361 	-1.24811e-152
0.4368 	-1.04251e-152
0.4375 	-8.15116e-153
0.4382 	-5.87726e-153
0.4389 	-3.60335e-153
0.4396 	-1.32945e-153
0.4403 	-2.98724e-155
0.441 	-2.71743e-155
0.4417 	-2.30727e-155
0.4424 	-1.81913e-155
0.4431 	-1.33099e-155
0.4438 	-8.42853e-156
0.4445 	-3.54713e-156
0.4452 	-6.09081e-158
0.4459 	-5.54782e-158
0.4466 	-4.78493e-158
0.4473 	-3.80215e-158
0.448 	-2.81936e-158
0.4487 	-1.83658e-158
0.4494 	-8.53789e-159
0.4501 	-1.16631e-160
0.4508 	-1.06366e-160
0.4515 	-9.31298e-161
0.4522 	-7.45441e-161
0.4529 	-5.59585e-161
0.4536 	-3.73728e-161
0.4543 	-1.87871e-161
0.455 	-2.67987e-163
0.4557 	-1.91004e-163
0.4564 	-1.69667e-163
0.4571 	-1.36741e-163
0.4578 	-1.03815e-163
0.4585 	-7.08891e-164
0.4592 	-3.79632e-164
0.4599 	-5.03743e-165
0.4606 	-3.2149e-166
0.4613 	-2.89562e-166
0.462 	-2.34878e-166
0.4627 	-1.80194e-166
0.4634 	-1.2551e-166
0.4641 	-7.08263e-167
0.4648 	-1.61423e-167
0.4655 	-5.07298e-169
0.4662 	-4.6032e-169
0.4669 	-3.77888e-169
0.4676 	-2.92729e-169
0.4683 	-2.0757e-169
0.469 	-1.22411e-169
0.4697 	-3.72515e-170
0.4704 	-7.50573e-172
0.4711 	-6.8199e-172
0.4718 	-5.69575e-172
0.4725 	-4.45206e-172
0.4732 	-3.20837e-172
0.4739 	-1.96468e-172
0.4746 	-7.2099e-173
0.4753 	-1.04158e-174
0.476 	-9.47655e-175
0.4767 	-8.04575e-175
0.4774 	-6.34188e-175
0.4781 	-4.63801e-175
0.4788 	-2.93413e-175
0.4795 	-1.23026e-175
0.4802 	-1.35603e-177
0.4809 	-1.23534e-177
0.4816 	-1.06547e-177
0.4823 	-8.46435e-178
0.483 	-6.27401e-178
0.4837 	-4.08366e-178
0.4844 	-1.89332e-178
0.4851 	-1.6566e-180
0.4858 	-1.51103e-180
0.4865 	-1.32308e-180
0.4872 	-1.05882e-180
0.4879 	-7.94563e-181
0.4886 	-5.30306e-181
0.4893 	-2.66049e-181
0.49 	-2.70861e-183
0.4907 	-1.73457e-183
0.4914 	-1.54096e-183
0.4921 	-1.2417e-183
0.4928 	-9.42438e-184
0.4935 	-6.43175e-184
0.4942 	-3.43913e-184
0.4949 	-4.46499e-185
0.4956 	-1.86894e-186
0.4963 	-1.68359e-186
0.497 	-1.36543e-186
0.4977 	-1.04727e-186
0.4984 	-7.2911e-187
0.4991 	-4.1095e-187
0.4998 	-9.27898e-188
0.5005 	-1.89025e-189
0.5012 	-1.71551e-189
0.5019 	-1.40814e-189
0.5026 	-1.09057e-189
0.5033 	-7.73001e-190
0.504 	-4.55431e-190
0.5047 	-1.37862e-190
0.5054 	-1.79465e-192
0.5061 	-1.63095e-192
0.5068 	-1.36204e-192
0.5075 	-1.06443e-192
0.5082 	-7.6682e-193
0.5089 	-4.69212e-193
0.5096 	-1.71604e-193
0.5103 	-1.59945e-195
0.511 	-1.45546e-195
0.5117 	-1.23571e-195
0.5124 	-9.73857e-196
0.5131 	-7.12006e-196
0.5138 	-4.50155e-196
0.5145 	-1.88304e-196
0.5152 	-1.33801e-198
0.5159 	-1.21912e-198
0.5166 	-1.05153e-198
0.5173 	-8.35239e-199
0.518 	-6.18949e-199
0.5187 	-4.02659e-199
0.5194 	-1.86369e-199
0.5201 	-1.05049e-201
0.5208 	-9.58345e-202
0.5215 	-8.39213e-202
0.5222 	-6.71512e-202
0.5229 	-5.03811e-202
0.5236 	-3.3611e-202
0.5243 	-1.68409e-202
0.525 	-1.28379e-204
0.5257 	-7.06891e-205
0.5264 	-6.28074e-205
0.5271 	-5.06042e-205
0.5278 	-3.8401e-205
0.5285 	-2.61978e-205
0.5292 	-1.39946e-205
0.5299 	-1.79134e-206
0.5306 	-4.89144e-208
0.5313 	-4.4071e-208
0.532 	-3.5739e-208
0.5327 	-2.7407e-208
0.5334 	-1.90751e-208
0.5341 	-1.07431e-208
0.5348 	-2.41112e-209
0.5355 	-3.17428e-211
0.5362 	-2.88138e-211
0.5369 	-2.36496e-211
0.5376 	-1.83135e-211
0.5383 	-1.29774e-211
0.539 	-7.64126e-212
0.5397 	-2.30513e-212
0.5404 	-1.93119e-214
0.5411 	-1.75535e-214
0.5418 	-1.4659e-214
0.5425 	-1.14546e-214
0.5432 	-8.25013e-215
0.5439 	-5.04571e-215
0.5446 	-1.84128e-215
0.5453 	-1.101e-217
0.546 	-1.00207e-217
0.5467 	-8.50789e-218
0.5474 	-6.70432e-218
0.5481 	-4.90074e-218
0.5488 	-3.09717e-218
0.5495 	-1.29359e-218
0.5502 	-5.87918e-221
0.5509 	-5.35772e-221
0.5516 	-4.62152e-221
0.5523 	-3.67057e-221
0.553 	-2.71962e-221
0.5537 	-1.76866e-221
0.5544 	-8.17709e-222
0.5551 	-2.93877e-224
0.5558 	-2.68144e-224
0.5565 	-2.34836e-224
0.5572 	-1.87893e-224
0.5579 	-1.40949e-224
0.5586 	-9.40061e-225
0.5593 	-4.70627e-225
0.56 	-2.83693e-227
0.5607 	-1.25539e-227
0.5614 	-1.11557e-227
0.5621 	-8.98754e-228
0.5628 	-6.81936e-228
0.5635 	-4.65119e-228
0.5642 	-2.48301e-228
0.5649 	-3.14837e-229
0.5656 	-5.49396e-231
0.5663 	-4.95082e-231
0.567 	-4.01457e-231
0.5677 	-3.07831e-231
0.5684 	-2.14205e-231
0.5691 	-1.20579e-231
0.5698 	-2.69536e-232
0.5705 	-2.2456e-234
0.5712 	-2.03877e-234
0.5719 	-1.6733e-234
0.5726 	-1.29563e-234
0.5733 	-9.17958e-235
0.574 	-5.40287e-235
0.5747 	-1.62615e-235
0.5754 	-8.56471e-238
0.5761 	-7.78629e-238
0.5768 	-6.50234e-238
0.5775 	-5.08053e-238
0.5782 	-3.65871e-238
0.5789 	-2.2369e-238
0.5796 	-8.15084e-239
0.5803 	-3.04492e-241
0.581 	-2.77178e-241
0.5817 	-2.35342e-241
0.5824 	-1.85439e-241
0.5831 	-1.35536e-241
0.5838 	-8.56327e-242
0.5845 	-3.57295e-242
0.5852 	-1.0079e-244
0.5859 	-9.1865e-245
0.5866 	-7.92473e-245
0.5873 	-6.29369e-245
0.588 	-4.66265e-245
0.5887 	-3.0316e-245
0.5894 	-1.40056e-245
0.5901 	-3.10227e-248
0.5908 	-2.83105e-248
0.5915 	-2.47962e-248
0.5922 	-1.98384e-248
0.5929 	-1.48805e-248
0.5936 	-9.92268e-249
0.5943 	-4.96483e-249
0.595 	-2.53103e-251
0.5957 	-8.10085e-252
0.5964 	-7.19949e-252
0.5971 	-5.79994e-252
0.5978 	-4.40038e-252
0.5985 	-3.00083e-252
0.5992 	-1.60128e-252
0.5999 	-2.01727e-253
0.6006 	-2.14889e-255
0.6013 	-1.9367e-255
0.602 	-1.57038e-255
0.6027 	-1.20406e-255
0.6034 	-8.37735e-256
0.6041 	-4.71411e-256
0.6048 	-1.05088e-256
0.6055 	-5.27518e-259
0.6062 	-4.78992e-259
0.6069 	-3.93117e-259
0.6076 	-3.0437e-259
0.6083 	-2.15622e-259
0.609 	-1.26875e-259
0.6097 	-3.81271e-260
0.6104 	-1.19607e-262
0.6111 	-1.08748e-262
0.6118 	-9.08151e-263
0.6125 	-7.09534e-263
0.6132 	-5.10916e-263
0.6139 	-3.12298e-263
0.6146 	-1.13681e-263
0.6153 	-2.49942e-266
0.616 	-2.2754e-266
0.6167 	-1.93198e-266
0.6174 	-1.52224e-266
0.6181 	-1.1125e-266
0.6188 	-7.02755e-267
0.6195 	-2.93012e-267
0.6202 	-4.80224e-270
0.6209 	-4.37723e-270
0.6216 	-3.77607e-270
0.6223 	-2.99876e-270
0.623 	-2.22145e-270
0.6237 	-1.44414e-270
0.6244 	-6.66831e-271
0.6251 	-8.46091e-274
0.6258 	-7.72133e-274
0.6265 	-6.76289e-274
0.6272 	-5.41049e-274
0.6279 	-4.05808e-274
0.6286 	-2.70567e-274
0.6293 	-1.35326e-274
0.63 	-6.36295e-277
0.6307 	-1.24522e-277
0.6314 	-1.10664e-277
0.6321 	-8.91486e-278
0.6328 	-6.76328e-278
0.6335 	-4.6117e-278
0.6342 	-2.46012e-278
0.6349 	-3.08543e-279
0.6356 	-1.82987e-281
0.6363 	-1.64907e-281
0.637 	-1.33711e-281
0.6377 	-1.02515e-281
0.6384 	-7.13191e-282
0.6391 	-4.01233e-282
0.6398 	-8.92749e-283
0.6405 	-2.44113e-285
0.6412 	-2.21626e-285
0.6419 	-1.81886e-285
0.6426 	-1.40818e-285
0.6433 	-9.97509e-286
0.644 	-5.86835e-286
0.6447 	-1.7616e-286
0.6454 	-2.94395e-289
0.6461 	-2.67608e-289
0.6468 	-2.23463e-289
0.6475 	-1.74584e-289
0.6482 	-1.25704e-289
0.6489 	-7.68252e-290
0.6496 	-2.7946e-290
0.6503 	-3.19418e-293
0.651 	-2.90698e-293
0.6517 	-2.4679e-293
0.6524 	-1.94443e-293
0.6531 	-1.42096e-293
0.6538 	-8.97497e-294
0.6545 	-3.74029e-294
0.6552 	-3.10098e-297
0.6559 	-2.82535e-297
0.6566 	-2.43671e-297
0.6573 	-1.93505e-297
0.658 	-1.43339e-297
0.6587 	-9.31734e-298
0.6594 	-4.30077e-298
0.6601 	-2.67674e-301
0.6608 	-2.44142e-301
0.6615 	-2.13747e-301
0.6622 	-1.70998e-301
0.6629 	-1.2825e-301
0.6636 	-8.55014e-302
0.6643 	-4.2753e-302
0.665 	-2.06674e-304
0.6657 	-1.86187e-305
0.6664 	-1.65357e-305
0.6671 	-1.33205e-305
0.6678 	-1.01052e-305
0.6685 	-6.88998e-306
0.6692 	-3.67473e-306
0.6699 	-4.59476e-307
0.6706 	-1.24229e-309
0.6713 	-1.11843e-309
0.672 	-9.06832e-310
0.6727 	-6.95238e-310
0.6734 	-4.83643e-310
0.6741 	-2.72049e-310
0.6748 	-6.0454e-311
0.6755 	-7.17766e-314
0.6762 	-6.50767e-314
0.6769 	-5.3401e-314
0.6776 	-4.13426e-314
0.6783 	-2.92842e-314
0.679 	-1.72258e-314
0.6797 	-5.16741e-315
0.6804 	-3.77892e-318
0.6811 	-3.43395e-318
0.6818 	-2.86719e-318
0.6825 	-2.23995e-318
0.6832 	-1.61269e-318
0.6839 	-9.85444e-319
0.6846 	-3.58198e-319
0.6853 	0
0.686 	0
0.6867 	0
0.6874 	0
0.6881 	0
0.6888 	0
0.6895 	0
0.6902 	0
0.6909 	0
0.6916 	0
0.6923 	0
0.693 	0
0.6937 	0
0.6944 	0
0.6951 	0
0.6958 	0
0.6965 	0
0.6972 	0
0.6979 	0
0.6986 	0
0.6993 	0
0.7 	0
