0 	1
0.0007 	1
0.0014 	1
0.0021 	1
0.0028 	1
0.0035 	1
0.0042 	1
0.0049 	1
0.0056 	1
0.0063 	1
0.007 	1
0.0077 	1
0.0084 	1
0.0091 	1
0.0098 	1
0.0105 	1
0.0112 	1
0.0119 	1
0.0126 	1
0.0133 	1
0.014 	1
0.0147 	1
0.0154 	1
0.0161 	1
0.0168 	1
0.0175 	1
0.0182 	1
0.0189 	1
0.0196 	1
0.0203 	1
0.021 	1
0.0217 	1
0.0224 	1
0.0231 	1
0.0238 	1
0.0245 	1
0.0252 	1
0.0259 	1
0.0266 	1
0.0273 	1
0.028 	1
0.0287 	1
0.0294 	1
0.0301 	1
0.0308 	1
0.0315 	1
0.0322 	1
0.0329 	1
0.0336 	1
0.0343 	1
0.035 	1
0.0357 	1
0.0364 	1
0.0371 	1
0.0378 	1
0.0385 	1
0.0392 	1
0.0399 	1
0.0406 	1
0.0413 	1
0.042 	1
0.0427 	1
0.0434 	1
0.0441 	1
0.0448 	1
0.0455 	1
0.0462 	1
0.0469 	1
0.0476 	1
0.0483 	1
0.049 	1
0.0497 	1
0.0504 	1
0.0511 	1
0.0518 	1
0.0525 	1
0.0532 	1
0.0539 	1
0.0546 	1
0.0553 	1
0.056 	1
0.0567 	1
0.0574 	1
0.0581 	1
0.0588 	1
0.0595 	1
0.0602 	1
0.0609 	1
0.0616 	1
0.0623 	1
0.063 	1
0.0637 	1
0.0644 	1
0.0651 	1
0.0658 	1
0.0665 	1
0.0672 	1
0.0679 	1
0.0686 	1
0.0693 	1
0.07 	1
0.0707 	1
0.0714 	1
0.0721 	1
0.0728 	1
0.0735 	1
0.0742 	1
0.0749 	1
0.0756 	1
0.0763 	1
0.077 	1
0.0777 	1
0.0784 	1
0.0791 	1
0.0798 	1
0.0805 	1
0.0812 	1
0.0819 	1
0.0826 	1
0.0833 	1
0.084 	1
0.0847 	1
0.0854 	1
0.0861 	1
0.0868 	1
0.0875 	1
0.0882 	1
0.0889 	1
0.0896 	1
0.0903 	1
0.091 	1
0.0917 	1
0.0924 	1
0.0931 	1
0.0938 	1
0.0945 	1
0.0952 	1
0.0959 	1
0.0966 	1
0.0973 	1
0.098 	1
0.0987 	1
0.0994 	1
0.1001 	1
0.1008 	1
0.1015 	1
0.1022 	1
0.1029 	1
0.1036 	1
0.1043 	1
0.105 	1
0.1057 	1
0.1064 	1
0.1071 	1
0.1078 	1
0.1085 	1
0.1092 	1
0.1099 	1
0.1106 	1
0.1113 	1
0.112 	1
0.1127 	1
0.1134 	1
0.1141 	1
0.1148 	1
0.1155 	1
0.1162 	1
0.1169 	1
0.1176 	1
0.1183 	1
0.119 	1
0.1197 	1
0.1204 	1
0.1211 	1
0.1218 	1
0.1225 	1
0.1232 	1
0.1239 	1
0.1246 	1
0.1253 	1
0.126 	1
0.1267 	1
0.1274 	1
0.1281 	1
0.1288 	1
0.1295 	1
0.1302 	1
0.1309 	1
0.1316 	1
0.1323 	1
0.133 	1
0.1337 	1
0.1344 	1
0.1351 	1
0.1358 	1
0.1365 	1
0.1372 	1
0.1379 	1
0.1386 	1
0.1393 	1
0.14 	1
0.1407 	1
0.1414 	1
0.1421 	1
0.1428 	1
0.1435 	1
0.1442 	1
0.1449 	1
0.1456 	1
0.1463 	1
0.147 	1
0.1477 	1
0.1484 	1
0.1491 	1
0.1498 	1
0.1505 	1
0.1512 	1
0.1519 	1
0.1526 	1
0.1533 	1
0.154 	1
0.1547 	1
0.1554 	1
0.1561 	1
0.1568 	1
0.1575 	1
0.1582 	1
0.1589 	1
0.1596 	1
0.1603 	1
0.161 	1
0.1617 	1
0.1624 	1
0.1631 	1
0.1638 	1
0.1645 	1
0.1652 	1
0.1659 	1
0.1666 	1
0.1673 	1
0.168 	1
0.1687 	1
0.1694 	1
0.1701 	1
0.1708 	1
0.1715 	1
0.1722 	1
0.1729 	1
0.1736 	1
0.1743 	1
0.175 	1
0.1757 	1
0.1764 	1
0.1771 	1
0.1778 	1
0.1785 	1
0.1792 	1
0.1799 	1
0.1806 	1
0.1813 	1
0.182 	1
0.1827 	1
0.1834 	1
0.1841 	1
0.1848 	1
0.1855 	1
0.1862 	1
0.1869 	1
0.1876 	1
0.1883 	1
0.189 	1
0.1897 	1
0.1904 	1
0.1911 	1
0.1918 	1
0.1925 	1
0.1932 	1
0.1939 	1
0.1946 	1
0.1953 	1
0.196 	1
0.1967 	1
0.1974 	1
0.1981 	1
0.1988 	1
0.1995 	1
0.2002 	1
0.2009 	1
0.2016 	1
0.2023 	1
0.203 	1
0.2037 	1
0.2044 	1
0.2051 	1
0.2058 	1
0.2065 	1
0.2072 	1
0.2079 	1
0.2086 	1
0.2093 	1
0.21 	1
0.2107 	1
0.2114 	1
0.2121 	1
0.2128 	1
0.2135 	1
0.2142 	1
0.2149 	1
0.2156 	1
0.2163 	1
0.217 	1
0.2177 	1
0.2184 	1
0.2191 	1
0.2198 	1
0.2205 	1
0.2212 	1
0.2219 	1
0.2226 	1
0.2233 	1
0.224 	1
0.2247 	1
0.2254 	1
0.2261 	1
0.2268 	1
0.2275 	1
0.2282 	1
0.2289 	1
0.2296 	1
0.2303 	1
0.231 	1
0.2317 	0.999999
0.2324 	0.999999
0.2331 	0.999999
0.2338 	0.999998
0.2345 	0.999998
0.2352 	0.999898
0.2359 	0.999546
0.2366 	0.999195
0.2373 	0.998843
0.238 	0.998492
0.2387 	0.99814
0.2394 	0.997789
0.2401 	0.994993
0.2408 	0.977526
0.2415 	0.960055
0.2422 	0.942577
0.2429 	0.925098
0.2436 	0.90762
0.2443 	0.890142
0.245 	0.872662
0.2457 	0.803112
0.2464 	0.733562
0.2471 	0.66402
0.2478 	0.594479
0.2485 	0.524937
0.2492 	0.455396
0.2499 	0.385854
0.2506 	0.330885
0.2513 	0.278353
0.252 	0.225831
0.2527 	0.17331
0.2534 	0.120789
0.2541 	0.0682673
0.2548 	0.015746
0.2555 	0.000675666
0.2562 	0.000579545
0.2569 	0.000473413
0.2576 	0.000366511
0.2583 	0.00025961
0.259 	0.000152708
0.2597 	4.58064e-05
0.2604 	6.34223e-10
0.2611 	4.91389e-10
0.2618 	3.93199e-10
0.2625 	3.07185e-10
0.2632 	2.21171e-10
0.2639 	1.35157e-10
0.2646 	4.91433e-11
0.2653 	7.1904e-17
0.266 	2.92569e-17
0.2667 	1.23427e-17
0.2674 	9.72449e-18
0.2681 	7.10631e-18
0.2688 	4.48812e-18
0.2695 	1.86993e-18
0.2702 	2.47011e-23
0.2709 	8.34169e-24
0.2716 	1.46893e-25
0.2723 	1.16651e-25
0.273 	8.64097e-26
0.2737 	5.6168e-26
0.2744 	2.59264e-26
0.2751 	7.06574e-30
0.2758 	2.77233e-30
0.2765 	1.14669e-32
0.2772 	9.17378e-33
0.2779 	6.88066e-33
0.2786 	4.58755e-33
0.2793 	2.29444e-33
0.28 	1.5344e-36
0.2807 	6.76723e-37
0.2814 	2.71702e-39
0.2821 	2.18875e-39
0.2828 	1.66048e-39
0.2835 	1.13221e-39
0.2842 	6.0394e-40
0.2849 	7.56694e-41
0.2856 	1.31008e-43
0.2863 	4.90689e-46
0.287 	3.9786e-46
0.2877 	3.05032e-46
0.2884 	2.12204e-46
0.2891 	1.19376e-46
0.2898 	2.65483e-47
0.2905 	2.09169e-50
0.2912 	1.45776e-51
0.2919 	5.60652e-53
0.2926 	4.3406e-53
0.2933 	3.07468e-53
0.294 	1.80875e-53
0.2947 	5.42829e-54
0.2954 	2.80397e-57
0.2961 	5.01804e-58
0.2968 	7.2396e-60
0.2975 	5.656e-60
0.2982 	4.07239e-60
0.2989 	2.48879e-60
0.2996 	9.05187e-61
0.3003 	3.22726e-64
0.301 	8.57673e-65
0.3017 	1.00258e-66
0.3024 	7.89918e-67
0.3031 	5.77253e-67
0.3038 	3.64587e-67
0.3045 	1.51922e-67
0.3052 	3.23561e-71
0.3059 	1.09074e-71
0.3066 	1.65988e-73
0.3073 	1.31814e-73
0.308 	9.764e-74
0.3087 	6.34659e-74
0.3094 	2.92918e-74
0.3101 	2.86119e-78
0.3108 	1.14125e-78
0.3115 	3.3196e-80
0.3122 	2.65567e-80
0.3129 	1.99174e-80
0.3136 	1.32781e-80
0.3143 	6.63885e-81
0.315 	2.28254e-85
0.3157 	1.04812e-85
0.3164 	7.50858e-87
0.3171 	6.04855e-87
0.3178 	4.58853e-87
0.3185 	3.1285e-87
0.3192 	1.66847e-87
0.3199 	2.08443e-88
0.3206 	9.27841e-93
0.3213 	1.78232e-93
0.322 	1.44511e-93
0.3227 	1.10791e-93
0.3234 	7.70712e-94
0.3241 	4.33511e-94
0.3248 	9.63098e-95
0.3255 	9.46237e-100
0.3262 	4.51095e-100
0.3269 	3.43667e-100
0.3276 	2.66063e-100
0.3283 	1.88459e-100
0.329 	1.10855e-100
0.3297 	3.32509e-101
0.3304 	1.31325e-106
0.3311 	9.88326e-107
0.3318 	7.83953e-107
0.3325 	6.1246e-107
0.3332 	4.40966e-107
0.3339 	2.69472e-107
0.3346 	9.79786e-108
0.3353 	2.30925e-113
0.336 	2.0171e-113
0.3367 	1.68322e-113
0.3374 	1.32617e-113
0.3381 	9.69112e-114
0.3388 	6.12057e-114
0.3395 	2.55002e-114
0.3402 	4.27584e-120
0.3409 	3.88259e-120
0.3416 	3.34193e-120
0.3423 	2.65387e-120
0.343 	1.96581e-120
0.3437 	1.27775e-120
0.3444 	5.89693e-121
0.3451 	7.57623e-127
0.3458 	6.94632e-127
0.3465 	6.10527e-127
0.3472 	4.88419e-127
0.3479 	3.66311e-127
0.3486 	2.44203e-127
0.3493 	1.22095e-127
0.35 	1.23952e-133
0.3507 	1.13974e-133
0.3514 	1.0189e-133
0.3521 	8.20778e-134
0.3528 	6.22654e-134
0.3535 	4.2453e-134
0.3542 	2.26406e-134
0.3549 	2.82819e-135
0.3556 	1.70393e-140
0.3563 	1.54693e-140
0.357 	1.25426e-140
0.3577 	9.61595e-141
0.3584 	6.68926e-141
0.3591 	3.76257e-141
0.3598 	8.35877e-142
0.3605 	2.77634e-147
0.3612 	2.51226e-147
0.3619 	2.06154e-147
0.3626 	1.59645e-147
0.3633 	1.13136e-147
0.364 	6.66276e-148
0.3647 	2.01189e-148
0.3654 	1.82816e-150
0.3661 	1.6712e-150
0.3668 	1.39756e-150
0.3675 	1.0921e-150
0.3682 	7.86641e-151
0.3689 	4.81182e-151
0.3696 	1.75724e-151
0.3703 	1.16896e-153
0.371 	1.0719e-153
0.3717 	9.12847e-154
0.3724 	7.19347e-154
0.3731 	5.25847e-154
0.3738 	3.32347e-154
0.3745 	1.38847e-154
0.3752 	6.39397e-157
0.3759 	5.87055e-157
0.3766 	5.08559e-157
0.3773 	4.0391e-157
0.378 	2.99261e-157
0.3787 	1.94612e-157
0.3794 	8.99627e-158
0.3801 	2.7232e-160
0.3808 	2.50288e-160
0.3815 	2.20389e-160
0.3822 	1.76329e-160
0.3829 	1.32268e-160
0.3836 	8.82075e-161
0.3843 	4.41469e-161
0.385 	9.13854e-164
0.3857 	8.40745e-164
0.3864 	7.51994e-164
0.3871 	6.05817e-164
0.3878 	4.59641e-164
0.3885 	3.13464e-164
0.3892 	1.67288e-164
0.3899 	2.11109e-165
0.3906 	2.28718e-167
0.3913 	2.07674e-167
0.392 	1.68394e-167
0.3927 	1.29114e-167
0.3934 	8.98335e-168
0.3941 	5.05532e-168
0.3948 	1.1273e-168
0.3955 	5.15262e-171
0.3962 	4.7155e-171
0.3969 	3.8725e-171
0.3976 	2.99827e-171
0.3983 	2.12404e-171
0.399 	1.24982e-171
0.3997 	3.75591e-172
0.4004 	9.78357e-175
0.4011 	8.9635e-175
0.4018 	7.49911e-175
0.4025 	5.859e-175
0.4032 	4.21889e-175
0.4039 	2.57877e-175
0.4046 	9.38658e-176
0.4053 	1.58912e-178
0.406 	1.45749e-178
0.4067 	1.24124e-178
0.4074 	9.77992e-179
0.4081 	7.1474e-179
0.4088 	4.51488e-179
0.4095 	1.88235e-179
0.4102 	2.2424e-182
0.4109 	2.05883e-182
0.4116 	1.78348e-182
0.4123 	1.41634e-182
0.413 	1.0492e-182
0.4137 	6.82065e-183
0.4144 	3.14927e-183
0.4151 	2.78995e-186
0.4158 	2.56419e-186
0.4165 	2.25781e-186
0.4172 	1.8063e-186
0.4179 	1.35479e-186
0.4186 	9.03275e-187
0.4193 	4.51764e-187
0.42 	3.07844e-190
0.4207 	2.83211e-190
0.4214 	2.53309e-190
0.4221 	2.04059e-190
0.4228 	1.54809e-190
0.4235 	1.05559e-190
0.4242 	5.63096e-191
0.4249 	7.05975e-192
0.4256 	2.80109e-194
0.4263 	2.54334e-194
0.427 	2.0622e-194
0.4277 	1.58107e-194
0.4284 	1.09994e-194
0.4291 	6.18807e-195
0.4298 	1.37675e-195
0.4305 	2.52281e-198
0.4312 	2.30877e-198
0.4319 	1.89597e-198
0.4326 	1.46788e-198
0.4333 	1.0398e-198
0.434 	6.11715e-199
0.4347 	1.83631e-199
0.4354 	2.09006e-202
0.4361 	1.91486e-202
0.4368 	1.60199e-202
0.4375 	1.25158e-202
0.4382 	9.01173e-203
0.4389 	5.50764e-203
0.4396 	2.00356e-203
0.4403 	1.6004e-206
0.441 	1.46783e-206
0.4417 	1.25003e-206
0.4424 	9.84891e-207
0.4431 	7.1975e-207
0.4438 	4.5461e-207
0.4445 	1.8947e-207
0.4452 	1.14439e-210
0.4459 	1.0507e-210
0.4466 	9.10172e-211
0.4473 	7.22795e-211
0.448 	5.35418e-211
0.4487 	3.48041e-211
0.4494 	1.60664e-211
0.4501 	7.78111e-215
0.4508 	7.15144e-215
0.4515 	6.29691e-215
0.4522 	5.03759e-215
0.4529 	3.77828e-215
0.4536 	2.51897e-215
0.4543 	1.25966e-215
0.455 	5.03275e-219
0.4557 	4.63003e-219
0.4564 	4.14116e-219
0.4571 	3.33598e-219
0.4578 	2.53079e-219
0.4585 	1.7256e-219
0.4592 	9.20417e-220
0.4599 	1.1523e-220
0.4606 	2.85199e-223
0.4613 	2.58954e-223
0.462 	2.09965e-223
0.4627 	1.60976e-223
0.4634 	1.11987e-223
0.4641 	6.29976e-224
0.4648 	1.40084e-224
0.4655 	1.68077e-227
0.4662 	1.53817e-227
0.4669 	1.26314e-227
0.4676 	9.7793e-228
0.4683 	6.92719e-228
0.469 	4.07507e-228
0.4697 	1.22296e-228
0.4704 	9.49964e-232
0.4711 	8.70329e-232
0.4718 	7.28123e-232
0.4725 	5.68853e-232
0.4732 	4.09584e-232
0.4739 	2.50314e-232
0.4746 	9.10437e-233
0.4753 	5.11678e-236
0.476 	4.69291e-236
0.4767 	3.99657e-236
0.4774 	3.14884e-236
0.4781 	2.30112e-236
0.4788 	1.4534e-236
0.4795 	6.05674e-237
0.4802 	2.61214e-240
0.4809 	2.39828e-240
0.4816 	2.0775e-240
0.4823 	1.64979e-240
0.483 	1.22209e-240
0.4837 	7.94383e-241
0.4844 	3.66677e-241
0.4851 	1.26931e-244
0.4858 	1.16659e-244
0.4865 	1.02719e-244
0.4872 	8.21759e-245
0.4879 	6.16327e-245
0.4886 	4.10895e-245
0.4893 	2.05463e-245
0.49 	5.86419e-249
0.4907 	5.39493e-249
0.4914 	4.82529e-249
0.4921 	3.88706e-249
0.4928 	2.94884e-249
0.4935 	2.01061e-249
0.4942 	1.07239e-249
0.4949 	1.34162e-250
0.4956 	2.35875e-253
0.4963 	2.14169e-253
0.497 	1.73652e-253
0.4977 	1.33134e-253
0.4984 	9.26166e-254
0.4991 	5.2099e-254
0.4998 	1.15814e-254
0.5005 	9.72828e-258
0.5012 	8.90286e-258
0.5019 	7.31099e-258
0.5026 	5.66016e-258
0.5033 	4.00934e-258
0.504 	2.35851e-258
0.5047 	7.07677e-259
0.5054 	3.80739e-262
0.5061 	3.48821e-262
0.5068 	2.91825e-262
0.5075 	2.2799e-262
0.5082 	1.64154e-262
0.5089 	1.00319e-262
0.5096 	3.64835e-263
0.5103 	1.41631e-266
0.511 	1.29898e-266
0.5117 	1.10623e-266
0.5124 	8.71581e-267
0.5131 	6.3693e-267
0.5138 	4.02279e-267
0.5145 	1.67628e-267
0.5152 	4.99618e-271
0.5159 	4.58714e-271
0.5166 	3.97358e-271
0.5173 	3.1555e-271
0.518 	2.33742e-271
0.5187 	1.51935e-271
0.5194 	7.01268e-272
0.5201 	1.66748e-275
0.5208 	1.53254e-275
0.5215 	1.34941e-275
0.5222 	1.07953e-275
0.5229 	8.09653e-276
0.5236 	5.39774e-276
0.5243 	2.69895e-276
0.525 	5.27568e-280
0.5257 	4.8535e-280
0.5264 	4.34102e-280
0.5271 	3.49694e-280
0.5278 	2.65286e-280
0.5285 	1.80878e-280
0.5292 	9.64705e-281
0.5299 	1.20626e-281
0.5306 	1.4691e-284
0.5313 	1.33391e-284
0.532 	1.08155e-284
0.5327 	8.29188e-285
0.5334 	5.7683e-285
0.5341 	3.24471e-285
0.5348 	7.21131e-286
0.5355 	4.24994e-289
0.5362 	3.88934e-289
0.5369 	3.1939e-289
0.5376 	2.4727e-289
0.5383 	1.75151e-289
0.539 	1.03031e-289
0.5397 	3.09109e-290
0.5404 	1.17089e-293
0.5411 	1.07273e-293
0.5418 	8.97449e-294
0.5425 	7.01133e-294
0.5432 	5.04817e-294
0.5439 	3.08501e-294
0.5446 	1.12185e-294
0.5453 	3.07168e-298
0.546 	2.81722e-298
0.5467 	2.39918e-298
0.5474 	1.89027e-298
0.5481 	1.38135e-298
0.5488 	8.72436e-299
0.5495 	3.6352e-299
0.5502 	7.68135e-303
0.5509 	7.05246e-303
0.5516 	6.10914e-303
0.5523 	4.85138e-303
0.553 	3.59362e-303
0.5537 	2.33586e-303
0.5544 	1.07809e-303
0.5551 	1.84755e-307
0.5558 	1.69804e-307
0.5565 	1.49513e-307
0.5572 	1.1961e-307
0.5579 	8.97076e-308
0.5586 	5.98051e-308
0.5593 	2.99026e-308
0.56 	4.26829e-312
0.5607 	3.92673e-312
0.5614 	3.51211e-312
0.5621 	2.8292e-312
0.5628 	2.1463e-312
0.5635 	1.46339e-312
0.5642 	7.8049e-313
0.5649 	9.75856e-314
0.5656 	1.14175e-316
0.5663 	1.03668e-316
0.567 	8.40544e-317
0.5677 	6.44411e-317
0.5684 	4.48277e-317
0.5691 	2.52144e-317
0.5698 	5.60108e-318
0.5705 	0
0.5712 	0
0.5719 	0
0.5726 	0
0.5733 	0
0.574 	0
0.5747 	0
0.5754 	0
0.5761 	0
0.5768 	0
0.5775 	0
0.5782 	0
0.5789 	0
0.5796 	0
0.5803 	0
0.581 	0
0.5817 	0
0.5824 	0
0.5831 	0
0.5838 	0
0.5845 	0
0.5852 	0
0.5859 	0
0.5866 	0
0.5873 	0
0.588 	0
0.5887 	0
0.5894 	0
0.5901 	0
0.5908 	0
0.5915 	0
0.5922 	0
0.5929 	0
0.5936 	0
0.5943 	0
0.595 	0
0.5957 	0
0.5964 	0
0.5971 	0
0.5978 	0
0.5985 	0
0.5992 	0
0.5999 	0
0.6006 	0
0.6013 	0
0.602 	0
0.6027 	0
0.6034 	0
0.6041 	0
0.6048 	0
0.6055 	0
0.6062 	0
0.6069 	0
0.6076 	0
0.6083 	0
0.609 	0
0.6097 	0
0.6104 	0
0.6111 	0
0.6118 	0
0.6125 	0
0.6132 	0
0.6139 	0
0.6146 	0
0.6153 	0
0.616 	0
0.6167 	0
0.6174 	0
0.6181 	0
0.6188 	0
0.6195 	0
0.6202 	0
0.6209 	0
0.6216 	0
0.6223 	0
0.623 	0
0.6237 	0
0.6244 	0
0.6251 	0
0.6258 	0
0.6265 	0
0.6272 	0
0.6279 	0
0.6286 	0
0.6293 	0
0.63 	0
0.6307 	0
0.6314 	0
0.6321 	0
0.6328 	0
0.6335 	0
0.6342 	0
0.6349 	0
0.6356 	0
0.6363 	0
0.637 	0
0.6377 	0
0.6384 	0
0.6391 	0
0.6398 	0
0.6405 	0
0.6412 	0
0.6419 	0
0.6426 	0
0.6433 	0
0.644 	0
0.6447 	0
0.6454 	0
0.6461 	0
0.6468 	0
0.6475 	0
0.6482 	0
0.6489 	0
0.6496 	0
0.6503 	0
0.651 	0
0.6517 	0
0.6524 	0
0.6531 	0
0.6538 	0
0.6545 	0
0.6552 	0
0.6559 	0
0.6566 	0
0.6573 	0
0.658 	0
0.6587 	0
0.6594 	0
0.6601 	0
0.6608 	0
0.6615 	0
0.6622 	0
0.6629 	0
0.6636 	0
0.6643 	0
0.665 	0
0.6657 	0
0.6664 	0
0.6671 	0
0.6678 	0
0.6685 	0
0.6692 	0
0.6699 	0
0.6706 	0
0.6713 	0
0.672 	0
0.6727 	0
0.6734 	0
0.6741 	0
0.6748 	0
0.6755 	0
0.6762 	0
0.6769 	0
0.6776 	0
0.6783 	0
0.679 	0
0.6797 	0
0.6804 	0
0.6811 	0
0.6818 	0
0.6825 	0
0.6832 	0
0.6839 	0
0.6846 	0
0.6853 	0
0.686 	0
0.6867 	0
0.6874 	0
0.6881 	0
0.6888 	0
0.6895 	0
0.6902 	0
0.6909 	0
0.6916 	0
0.6923 	0
0.693 	0
0.6937 	0
0.6944 	0
0.6951 	0
0.6958 	0
0.6965 	0
0.6972 	0
0.6979 	0
0.6986 	0
0.6993 	0
0.7 	0
