0 	1
0.0007 	1
0.0014 	1
0.0021 	1
0.0028 	1
0.0035 	1
0.0042 	1
0.0049 	1
0.0056 	1
0.0063 	1
0.007 	1
0.0077 	1
0.0084 	1
0.0091 	1
0.0098 	1
0.0105 	1
0.0112 	1
0.0119 	1
0.0126 	1
0.0133 	1
0.014 	1
0.0147 	1
0.0154 	1
0.0161 	1
0.0168 	1
0.0175 	1
0.0182 	1
0.0189 	1
0.0196 	1
0.0203 	1
0.021 	1
0.0217 	1
0.0224 	1
0.0231 	1
0.0238 	1
0.0245 	1
0.0252 	1
0.0259 	1
0.0266 	1
0.0273 	1
0.028 	1
0.0287 	1
0.0294 	1
0.0301 	1
0.0308 	1
0.0315 	1
0.0322 	1
0.0329 	1
0.0336 	1
0.0343 	1
0.035 	1
0.0357 	1
0.0364 	1
0.0371 	1
0.0378 	1
0.0385 	1
0.0392 	1
0.0399 	1
0.0406 	1
0.0413 	1
0.042 	1
0.0427 	1
0.0434 	1
0.0441 	1
0.0448 	1
0.0455 	1
0.0462 	1
0.0469 	1
0.0476 	1
0.0483 	1
0.049 	1
0.0497 	1
0.0504 	1
0.0511 	1
0.0518 	1
0.0525 	1
0.0532 	1
0.0539 	1
0.0546 	1
0.0553 	1
0.056 	1
0.0567 	1
0.0574 	1
0.0581 	1
0.0588 	1
0.0595 	1
0.0602 	1
0.0609 	1
0.0616 	1
0.0623 	1
0.063 	1
0.0637 	1
0.0644 	1
0.0651 	1
0.0658 	1
0.0665 	1
0.0672 	1
0.0679 	1
0.0686 	1
0.0693 	1
0.07 	1
0.0707 	1
0.0714 	1
0.0721 	1
0.0728 	1
0.0735 	1
0.0742 	1
0.0749 	1
0.0756 	1
0.0763 	1
0.077 	1
0.0777 	1
0.0784 	1
0.0791 	1
0.0798 	1
0.0805 	1
0.0812 	1
0.0819 	1
0.0826 	1
0.0833 	1
0.084 	1
0.0847 	1
0.0854 	1
0.0861 	1
0.0868 	1
0.0875 	1
0.0882 	1
0.0889 	1
0.0896 	1
0.0903 	1
0.091 	1
0.0917 	1
0.0924 	1
0.0931 	1
0.0938 	1
0.0945 	1
0.0952 	1
0.0959 	1
0.0966 	1
0.0973 	1
0.098 	1
0.0987 	1
0.0994 	1
0.1001 	1
0.1008 	1
0.1015 	1
0.1022 	1
0.1029 	1
0.1036 	1
0.1043 	1
0.105 	1
0.1057 	1
0.1064 	0.999999
0.1071 	0.999999
0.1078 	0.999999
0.1085 	0.999999
0.1092 	0.999998
0.1099 	0.999998
0.1106 	0.999997
0.1113 	0.999997
0.112 	0.999996
0.1127 	0.999996
0.1134 	0.999995
0.1141 	0.999995
0.1148 	0.999995
0.1155 	0.999994
0.1162 	0.999993
0.1169 	0.999993
0.1176 	0.999993
0.1183 	0.999993
0.119 	0.999993
0.1197 	0.999994
0.1204 	0.999994
0.1211 	0.999994
0.1218 	0.999995
0.1225 	0.999995
0.1232 	0.999995
0.1239 	0.999996
0.1246 	0.999996
0.1253 	0.999996
0.126 	0.999997
0.1267 	0.999996
0.1274 	0.999995
0.1281 	0.999995
0.1288 	0.999994
0.1295 	0.999993
0.1302 	0.99999
0.1309 	0.999989
0.1316 	0.999986
0.1323 	0.999984
0.133 	0.999982
0.1337 	0.99998
0.1344 	0.999977
0.1351 	0.999971
0.1358 	0.99997
0.1365 	0.999969
0.1372 	0.999969
0.1379 	0.999969
0.1386 	0.999969
0.1393 	0.999968
0.14 	0.999964
0.1407 	0.999974
0.1414 	0.999979
0.1421 	0.99998
0.1428 	0.999981
0.1435 	0.999982
0.1442 	0.999983
0.1449 	0.999977
0.1456 	0.999984
0.1463 	0.999983
0.147 	0.999976
0.1477 	0.999969
0.1484 	0.999961
0.1491 	0.999954
0.1498 	0.999938
0.1505 	0.999915
0.1512 	0.999878
0.1519 	0.999833
0.1526 	0.999788
0.1533 	0.999742
0.154 	0.999697
0.1547 	0.99964
0.1554 	0.999513
0.1561 	0.999383
0.1568 	0.999282
0.1575 	0.999181
0.1582 	0.999079
0.1589 	0.998978
0.1596 	0.998884
0.1603 	0.998687
0.161 	0.998449
0.1617 	0.998353
0.1624 	0.998258
0.1631 	0.998163
0.1638 	0.998067
0.1645 	0.997983
0.1652 	0.99798
0.1659 	0.997765
0.1666 	0.997841
0.1673 	0.997923
0.168 	0.998006
0.1687 	0.998088
0.1694 	0.99817
0.1701 	0.998602
0.1708 	0.998866
0.1715 	0.99896
0.1722 	0.999055
0.1729 	0.99915
0.1736 	0.999245
0.1743 	0.99934
0.175 	0.999263
0.1757 	0.999302
0.1764 	0.999187
0.1771 	0.999062
0.1778 	0.998937
0.1785 	0.998812
0.1792 	0.998687
0.1799 	0.998472
0.1806 	0.998169
0.1813 	0.998021
0.182 	0.99787
0.1827 	0.99772
0.1834 	0.997569
0.1841 	0.997419
0.1848 	0.997306
0.1855 	0.997163
0.1862 	0.997256
0.1869 	0.997233
0.1876 	0.997219
0.1883 	0.997229
0.189 	0.997238
0.1897 	0.997247
0.1904 	0.997337
0.1911 	0.997464
0.1918 	0.997569
0.1925 	0.997729
0.1932 	0.998077
0.1939 	0.998433
0.1946 	0.998761
0.1953 	0.999092
0.196 	0.999278
0.1967 	0.999492
0.1974 	0.999716
0.1981 	0.99983
0.1988 	0.999919
0.1995 	0.999945
0.2002 	0.999969
0.2009 	0.999985
0.2016 	0.999995
0.2023 	0.999999
0.203 	1
0.2037 	1
0.2044 	1
0.2051 	1
0.2058 	0.999999
0.2065 	0.999999
0.2072 	0.999999
0.2079 	0.999999
0.2086 	0.999999
0.2093 	0.999999
0.21 	0.999999
0.2107 	0.999994
0.2114 	0.999987
0.2121 	0.999971
0.2128 	0.999953
0.2135 	0.999933
0.2142 	0.999889
0.2149 	0.99983
0.2156 	0.999041
0.2163 	0.996167
0.217 	0.967759
0.2177 	0.892572
0.2184 	0.700438
0.2191 	0.482026
0.2212 	0.0185675
0.2219 	0.0060318
0.2226 	0.00017265
0.2233 	8.04161e-05
0.224 	2.11204e-05
0.2247 	2.11139e-05
0.2254 	2.11074e-05
0.2261 	2.1101e-05
0.2268 	2.13886e-05
0.2275 	2.17564e-05
0.2303 	4.10563e-05
0.231 	3.59601e-05
0.2317 	3.44505e-05
0.2324 	3.49341e-05
0.2331 	8.90315e-05
0.2338 	0.00015376
0.2345 	0.000240541
0.2352 	0.000309938
0.2359 	0.000335875
0.2366 	0.000342492
0.2373 	0.000329786
0.238 	0.000275138
0.2387 	0.000203713
0.2394 	0.00012127
0.2401 	4.62481e-05
0.2408 	2.0836e-05
0.2415 	8.07249e-06
0.2422 	1.80767e-05
0.2429 	3.15804e-05
0.2436 	4.77088e-05
0.2443 	4.88402e-05
0.245 	4.58823e-05
0.2457 	3.04353e-05
0.2471 	7.79185e-06
0.2478 	2.22472e-06
0.2485 	7.71167e-07
0.2492 	7.3025e-07
0.2499 	1.47414e-06
0.2506 	3.68438e-06
0.2513 	5.97768e-06
0.252 	6.17176e-06
0.2527 	5.72437e-06
0.2534 	3.67332e-06
0.2541 	2.45672e-06
0.2548 	2.07477e-06
0.2555 	3.61362e-06
0.2562 	5.92079e-06
0.2569 	8.1636e-06
0.2576 	9.89344e-06
0.259 	6.77225e-06
0.2597 	4.09654e-06
0.2604 	2.12667e-06
0.2611 	6.86169e-07
0.2618 	2.41769e-07
0.2625 	6.91725e-08
0.2632 	6.91723e-08
0.266 	1.01233e-07
0.2667 	3.33098e-07
0.2674 	6.81294e-07
0.2681 	9.94017e-07
0.2688 	1.26138e-06
0.2695 	1.01624e-06
0.2702 	7.57609e-07
0.2709 	4.65216e-07
0.2716 	3.11065e-07
0.2723 	2.95132e-07
0.273 	6.88802e-07
0.2737 	1.24631e-06
0.2744 	1.78324e-06
0.2751 	2.19848e-06
0.2765 	1.47835e-06
0.2772 	8.66363e-07
0.2779 	4.43826e-07
0.2786 	1.63379e-07
0.2793 	3.06715e-07
0.28 	5.65648e-07
0.2807 	1.06615e-06
0.2814 	1.49187e-06
0.2821 	1.6433e-06
0.2828 	1.56339e-06
0.2835 	1.17504e-06
0.2842 	8.04855e-07
0.2849 	4.44748e-07
0.2856 	3.94166e-07
0.2863 	3.95973e-07
0.287 	4.09013e-07
0.2877 	3.84689e-07
0.2891 	1.6213e-07
0.2898 	7.0166e-08
0.2912 	3.92933e-09
0.2919 	1.27432e-09
0.2926 	3.58458e-10
0.2933 	3.74984e-10
0.294 	4.15355e-10
0.2954 	6.11334e-10
0.2989 	2.79841e-09
0.2996 	7.91093e-09
0.3003 	3.95806e-08
0.301 	1.0666e-07
0.3094 	2.59812e-08
0.3101 	3.46862e-08
0.3108 	3.68527e-08
0.3115 	3.62851e-08
0.3122 	3.07887e-08
0.3129 	2.3465e-08
0.3136 	1.47708e-08
0.3143 	8.94481e-09
0.315 	3.90838e-09
0.3157 	4.11077e-09
0.3213 	1.61763e-10
0.3241 	3.19848e-11
0.3248 	1.9781e-11
0.3255 	1.16688e-11
0.3262 	5.19318e-12
0.3269 	3.76291e-12
0.3276 	2.84044e-12
0.3283 	2.65415e-12
0.329 	2.42871e-12
0.3297 	2.13262e-12
0.3304 	1.766e-12
0.3311 	1.34647e-12
0.3318 	9.7667e-13
0.3325 	6.20397e-13
0.3332 	4.3201e-13
0.3339 	2.67247e-13
0.3346 	1.8909e-13
0.3353 	1.29427e-13
0.336 	9.44225e-14
0.3367 	6.99254e-14
0.3374 	5.12638e-14
0.3381 	3.91215e-14
0.3388 	2.83715e-14
0.3395 	2.15861e-14
0.3409 	1.14309e-14
0.3416 	8.15144e-15
0.3423 	5.7209e-15
0.343 	4.04715e-15
0.3444 	1.89242e-15
0.3451 	1.20513e-15
0.3465 	5.16277e-16
0.3472 	3.31809e-16
0.3479 	2.04559e-16
0.3486 	1.20224e-16
0.3493 	7.39924e-17
0.35 	3.81479e-17
0.3507 	2.41239e-17
0.3514 	1.20319e-17
0.3521 	7.02153e-18
0.3528 	3.45835e-18
0.3549 	4.34375e-19
0.3556 	2.43604e-19
0.3563 	1.10024e-19
0.357 	6.89665e-20
0.3577 	3.58435e-20
0.3584 	2.25579e-20
0.3591 	1.3355e-20
0.3598 	8.23476e-21
0.3605 	5.19678e-21
0.3612 	2.99169e-21
0.3619 	1.91988e-21
0.3626 	1.01997e-21
0.3633 	6.28643e-22
0.364 	3.2526e-22
0.3647 	1.80174e-22
0.3654 	9.2011e-23
0.3661 	4.65388e-23
0.3668 	2.47583e-23
0.3675 	9.44186e-24
0.3689 	2.35106e-24
0.3696 	1.1221e-24
0.3703 	3.46326e-25
0.371 	1.74805e-25
0.3717 	7.49228e-26
0.3724 	1.49764e-26
0.3738 	1.98767e-27
0.3745 	8.37281e-28
0.3752 	1.76516e-29
0.3766 	7.44443e-28
0.3773 	2.17725e-27
0.378 	1.80201e-26
0.3787 	3.9627e-26
0.3794 	1.2381e-25
0.3801 	2.2192e-25
0.3815 	5.19263e-25
0.3822 	6.49992e-25
0.385 	8.22117e-25
0.3857 	7.59398e-25
0.3864 	6.81696e-25
0.3871 	5.48852e-25
0.3878 	4.18678e-25
0.3885 	2.92065e-25
0.3892 	2.00217e-25
0.3899 	1.27646e-25
0.3906 	8.86469e-26
0.3913 	5.65343e-26
0.392 	4.11438e-26
0.3941 	1.4004e-26
0.3962 	4.52375e-27
0.3969 	3.24715e-27
0.3976 	2.13585e-27
0.4011 	3.86587e-28
0.4018 	2.8934e-28
0.4025 	2.06992e-28
0.4032 	1.59426e-28
0.4039 	1.15888e-28
0.4046 	8.70735e-29
0.4053 	6.3054e-29
0.406 	4.54271e-29
0.4067 	3.24132e-29
0.4074 	2.19569e-29
0.4081 	1.54519e-29
0.4088 	9.80688e-30
0.4095 	6.76584e-30
0.4102 	4.17429e-30
0.4109 	2.70647e-30
0.4116 	1.6433e-30
0.4123 	9.84224e-31
0.413 	5.98493e-31
0.4137 	3.22101e-31
0.4144 	2.01532e-31
0.4151 	1.02675e-31
0.4158 	6.25303e-32
0.4165 	3.17403e-32
0.4172 	1.77647e-32
0.4179 	9.15108e-33
0.4186 	4.55895e-33
0.4193 	2.45538e-33
0.42 	1.02922e-33
0.4207 	6.10138e-34
0.4214 	2.55975e-34
0.4221 	1.39412e-34
0.4228 	5.96781e-35
0.4235 	2.9051e-35
0.4242 	1.32866e-35
0.4249 	5.76816e-36
0.4256 	3.28075e-36
0.4263 	1.73145e-36
0.4277 	1.32583e-36
0.4284 	1.46716e-36
0.4291 	1.69351e-36
0.4298 	2.00477e-36
0.4375 	6.56818e-37
0.4382 	4.7604e-37
0.4403 	1.65299e-37
0.441 	1.23985e-37
0.4431 	5.57168e-38
0.4438 	4.17113e-38
0.4445 	3.24698e-38
0.4452 	2.4202e-38
0.4459 	1.83685e-38
0.4466 	1.36626e-38
0.4473 	1.00844e-38
0.448 	7.52788e-39
0.4515 	1.49752e-39
0.4522 	1.0783e-39
0.4536 	5.3131e-40
0.4543 	3.80865e-40
0.455 	2.53158e-40
0.4557 	1.84697e-40
0.4564 	1.23175e-40
0.4571 	8.71227e-41
0.4578 	5.85268e-41
0.4585 	3.98728e-41
0.4592 	2.71182e-41
0.4599 	1.76441e-41
0.4606 	1.22493e-41
0.4613 	7.70659e-42
0.462 	5.41053e-42
0.4627 	3.45742e-42
0.4634 	2.36172e-42
0.4641 	1.5555e-42
0.4648 	1.03897e-42
0.4655 	7.16377e-43
0.4662 	4.71367e-43
0.4669 	3.42207e-43
0.4676 	2.30211e-43
0.4683 	1.6766e-43
0.469 	1.15185e-43
0.4704 	5.524e-44
0.4711 	3.62063e-44
0.4718 	2.42694e-44
0.4725 	1.42634e-44
0.4732 	9.49159e-45
0.4739 	5.30819e-45
0.4746 	3.27693e-45
0.4753 	1.78338e-45
0.476 	1.00679e-45
0.4767 	5.54524e-46
0.4774 	2.82175e-46
0.4781 	1.65554e-46
0.4788 	7.92373e-47
0.4795 	4.9255e-47
0.4802 	2.49141e-47
0.4809 	1.46764e-47
0.4816 	7.75909e-48
0.4823 	4.16293e-48
0.483 	2.25593e-48
0.4837 	1.02458e-48
0.4844 	5.78126e-49
0.4851 	2.32218e-49
0.4858 	1.25783e-49
0.4865 	4.82214e-50
0.4872 	2.27076e-50
0.4879 	8.72084e-51
0.4886 	3.3793e-51
0.4893 	1.44254e-51
0.49 	4.36061e-52
0.4914 	9.38197e-53
0.4921 	5.32007e-53
0.4928 	2.53436e-53
0.4956 	3.77819e-53
0.4998 	1.33144e-51
0.5005 	1.27485e-51
0.5012 	1.12501e-51
0.5019 	7.9552e-52
0.5026 	4.7038e-52
0.5033 	2.5411e-52
0.504 	9.87865e-53
0.5061 	1.21074e-53
0.5096 	4.81038e-57
0.5103 	7.56899e-59
0.5124 	2.72696e-59
0.5131 	1.99665e-59
0.5138 	1.37056e-59
0.5152 	7.00371e-60
0.5159 	5.06079e-60
0.5166 	3.56101e-60
0.5173 	2.50426e-60
0.518 	1.79265e-60
0.5187 	1.21909e-60
0.5194 	8.89581e-61
0.5201 	5.99254e-61
0.5229 	1.3707e-61
0.5236 	9.00926e-62
0.5243 	6.12274e-62
0.525 	3.7298e-62
0.5257 	2.56105e-62
0.5264 	1.52696e-62
0.5271 	9.86698e-63
0.5278 	5.77813e-63
0.5285 	3.44101e-63
0.5292 	2.00284e-63
0.5299 	1.06438e-63
0.5306 	6.3177e-64
0.5313 	2.99777e-64
0.532 	1.80398e-64
0.5327 	8.43059e-65
0.5334 	4.64297e-65
0.5341 	2.18934e-65
0.5348 	1.07088e-65
0.5432 	9.95657e-70
0.5439 	3.20808e-70
0.5446 	1.5067e-70
0.546 	1.37188e-71
0.5467 	2.65945e-72
0.5474 	9.07047e-73
0.5481 	3.60829e-73
0.5488 	3.86393e-74
0.5495 	1.60997e-74
0.5502 	2.57135e-73
0.5509 	1.15711e-72
0.5516 	2.36764e-71
0.5523 	6.78393e-71
0.5558 	2.95941e-69
0.5586 	7.33519e-71
0.5593 	2.90425e-72
0.56 	-2.33485e-72
0.5628 	-2.89288e-72
0.5635 	-2.94514e-72
0.5642 	-2.99585e-72
0.5649 	-3.04571e-72
0.5656 	-3.09613e-72
0.5663 	-3.14669e-72
0.567 	-3.1977e-72
0.5677 	-3.24872e-72
0.5684 	-3.29973e-72
0.5691 	-3.35049e-72
0.5698 	-3.40099e-72
0.5705 	-3.45083e-72
0.5712 	-3.50041e-72
0.5719 	-3.54899e-72
0.5726 	-3.59738e-72
0.5733 	-3.64514e-72
0.574 	-3.69298e-72
0.5747 	-3.74096e-72
0.5754 	-3.78986e-72
0.5761 	-3.83946e-72
0.5768 	-3.88303e-72
0.5775 	-3.92496e-72
0.5782 	-3.94862e-72
0.5789 	-3.96755e-72
0.5796 	-3.9692e-72
0.5803 	-3.95976e-72
0.581 	-3.93553e-72
0.5824 	-3.84371e-72
0.5831 	-3.77648e-72
0.5838 	-3.70568e-72
0.5845 	-3.6245e-72
0.5852 	-3.54044e-72
0.5859 	-3.4492e-72
0.5866 	-3.35359e-72
0.5873 	-3.25362e-72
0.588 	-3.14848e-72
0.5887 	-3.04127e-72
0.5894 	-2.92881e-72
0.5901 	-2.81539e-72
0.5908 	-2.69862e-72
0.5915 	-2.58106e-72
0.5922 	-2.46208e-72
0.5929 	-2.34287e-72
0.5936 	-2.22348e-72
0.5943 	-2.10501e-72
0.595 	-1.98679e-72
0.5978 	-1.53644e-72
0.5985 	-1.43048e-72
0.5992 	-1.32856e-72
0.5999 	-1.22889e-72
0.6006 	-1.13529e-72
0.6013 	-1.04326e-72
0.602 	-9.58281e-73
0.6027 	-8.75575e-73
0.6034 	-7.9855e-73
0.6041 	-7.25539e-73
0.6048 	-6.5654e-73
0.6062 	-5.32213e-73
0.6069 	-4.7835e-73
0.6076 	-4.26087e-73
0.6083 	-3.80121e-73
0.609 	-3.36595e-73
0.6097 	-2.97461e-73
0.6104 	-2.6191e-73
0.6111 	-2.29046e-73
0.6118 	-2.00608e-73
0.6125 	-1.73376e-73
0.6132 	-1.51131e-73
0.6174 	-5.80126e-74
0.6181 	-4.90898e-74
0.6188 	-4.06806e-74
0.6202 	-2.8178e-74
0.6209 	-2.334e-74
0.6216 	-1.91463e-74
0.6223 	-1.55966e-74
0.623 	-1.27536e-74
0.6237 	-1.01934e-74
0.6244 	-8.32495e-75
0.6258 	-5.32344e-75
0.6265 	-4.20059e-75
0.6272 	-3.33328e-75
0.6279 	-2.62725e-75
0.6286 	-2.04216e-75
0.6293 	-1.61154e-75
0.63 	-1.22303e-75
0.6307 	-9.69034e-76
0.6314 	-7.34427e-76
0.6321 	-5.70873e-76
0.6328 	-4.32946e-76
0.6335 	-3.29189e-76
0.6342 	-2.50443e-76
0.6349 	-1.85586e-76
0.6356 	-1.42076e-76
0.6384 	-4.29951e-77
0.6391 	-3.14525e-77
0.6398 	-2.2885e-77
0.6405 	-1.68764e-77
0.6412 	-1.18912e-77
0.6419 	-8.87886e-78
0.6426 	-6.19554e-78
0.644 	-3.21282e-78
0.6447 	-2.30886e-78
0.6454 	-1.63691e-78
0.6461 	-1.13895e-78
0.6468 	-8.19521e-79
0.6475 	-5.48775e-79
0.6482 	-4.03405e-79
0.6489 	-2.72655e-79
0.651 	-9.35556e-80
0.6517 	-6.55264e-80
0.6524 	-4.44321e-80
0.6531 	-3.20561e-80
0.6538 	-2.15096e-80
0.6545 	-1.58595e-80
0.6552 	-1.09843e-80
0.6559 	-8.04601e-81
0.6566 	-5.80191e-81
0.6573 	-4.25205e-81
0.658 	-3.21048e-81
0.6587 	-2.37221e-81
0.6594 	-1.87561e-81
0.6601 	-1.43299e-81
0.6608 	-1.15663e-81
0.6615 	-9.17969e-82
0.6622 	-7.4715e-82
0.6629 	-6.10612e-82
0.6636 	-4.99785e-82
0.6643 	-4.17176e-82
0.665 	-3.42254e-82
0.6657 	-2.89993e-82
0.6664 	-2.4095e-82
0.6685 	-1.4388e-82
0.6706 	-8.67372e-83
0.6713 	-7.25687e-83
0.672 	-6.19353e-83
0.6727 	-5.20984e-83
0.6734 	-4.42529e-83
0.6741 	-3.74323e-83
0.6748 	-3.16357e-83
0.6755 	-2.69178e-83
0.6762 	-2.26312e-83
0.6769 	-1.93804e-83
0.6776 	-1.63268e-83
0.6783 	-1.39799e-83
0.679 	-1.18508e-83
0.6797 	-1.01134e-83
0.6804 	-8.63263e-84
0.6811 	-7.34434e-84
0.6818 	-6.31486e-84
0.6825 	-5.35589e-84
0.6839 	-3.95674e-84
0.6846 	-3.41435e-84
0.6853 	-2.92782e-84
0.686 	-2.51575e-84
0.6895 	-1.17665e-84
0.6902 	-9.88888e-85
0.6909 	-7.94694e-85
0.693 	-3.38092e-85
0.7 	-6.29979e-108
