0 	1
0.0007 	1
0.0014 	1
0.0021 	1
0.0028 	1
0.0035 	1
0.0042 	1
0.0049 	1
0.0056 	1
0.0063 	1
0.007 	1
0.0077 	1
0.0084 	1
0.0091 	1
0.0098 	1
0.0105 	1
0.0112 	1
0.0119 	1
0.0126 	1
0.0133 	1
0.014 	1
0.0147 	1
0.0154 	1
0.0161 	1
0.0168 	1
0.0175 	1
0.0182 	1
0.0189 	1
0.0196 	1
0.0203 	1
0.021 	1
0.0217 	1
0.0224 	1
0.0231 	1
0.0238 	1
0.0245 	1
0.0252 	1
0.0259 	1
0.0266 	1
0.0273 	1
0.028 	1
0.0287 	1
0.0294 	1
0.0301 	1
0.0308 	1
0.0315 	1
0.0322 	1
0.0329 	1
0.0336 	1
0.0343 	1
0.035 	1
0.0357 	1
0.0364 	1
0.0371 	1
0.0378 	1
0.0385 	1
0.0392 	1
0.0399 	1
0.0406 	1
0.0413 	1
0.042 	1
0.0427 	1
0.0434 	1
0.0441 	1
0.0448 	1
0.0455 	1
0.0462 	1
0.0469 	1
0.0476 	1
0.0483 	1
0.049 	1
0.0497 	1
0.0504 	1
0.0511 	1
0.0518 	1
0.0525 	1
0.0532 	1
0.0539 	1
0.0546 	1
0.0553 	1
0.056 	1
0.0567 	1
0.0574 	1
0.0581 	1
0.0588 	1
0.0595 	1
0.0602 	1
0.0609 	1
0.0616 	1
0.0623 	1
0.063 	1
0.0637 	1
0.0644 	1
0.0651 	1
0.0658 	1
0.0665 	1
0.0672 	1
0.0679 	1
0.0686 	1
0.0693 	1
0.07 	1
0.0707 	1
0.0714 	1
0.0721 	1
0.0728 	1
0.0735 	1
0.0742 	1
0.0749 	1
0.0756 	1
0.0763 	1
0.077 	1
0.0777 	1
0.0784 	1
0.0791 	1
0.0798 	1
0.0805 	1
0.0812 	1
0.0819 	1
0.0826 	1
0.0833 	1
0.084 	1
0.0847 	1
0.0854 	1
0.0861 	1
0.0868 	1
0.0875 	1
0.0882 	1
0.0889 	1
0.0896 	1
0.0903 	1
0.091 	1
0.0917 	1
0.0924 	1
0.0931 	1
0.0938 	1
0.0945 	1
0.0952 	1
0.0959 	1
0.0966 	1
0.0973 	1
0.098 	1
0.0987 	1
0.0994 	1
0.1001 	1
0.1008 	1
0.1015 	1
0.1022 	1
0.1029 	1
0.1036 	1
0.1043 	1
0.105 	1
0.1057 	1
0.1064 	1
0.1071 	1
0.1078 	1
0.1085 	1
0.1092 	1
0.1099 	1
0.1106 	1
0.1113 	1
0.112 	1
0.1127 	1
0.1134 	1
0.1141 	1
0.1148 	1
0.1155 	1
0.1162 	1
0.1169 	1
0.1176 	1
0.1183 	1
0.119 	1
0.1197 	1
0.1204 	1
0.1211 	1
0.1218 	1
0.1225 	1
0.1232 	1
0.1239 	1
0.1246 	1
0.1253 	1
0.126 	1
0.1267 	1
0.1274 	1
0.1281 	1
0.1288 	1
0.1295 	1
0.1302 	1
0.1309 	1
0.1316 	1
0.1323 	1
0.133 	1
0.1337 	1
0.1344 	1
0.1351 	1
0.1358 	1
0.1365 	1
0.1372 	1
0.1379 	1
0.1386 	1
0.1393 	1
0.14 	1
0.1407 	1
0.1414 	1
0.1421 	1
0.1428 	1
0.1435 	1
0.1442 	1
0.1449 	1
0.1456 	1
0.1463 	1
0.147 	1
0.1477 	1
0.1484 	1
0.1491 	1
0.1498 	1
0.1505 	1
0.1512 	1
0.1519 	1
0.1526 	1
0.1533 	1
0.154 	1
0.1547 	1
0.1554 	1
0.1561 	1
0.1568 	1
0.1575 	1
0.1582 	1
0.1589 	1
0.1596 	1
0.1603 	1
0.161 	1
0.1617 	1
0.1624 	1
0.1631 	1
0.1638 	1
0.1645 	1
0.1652 	1
0.1659 	1
0.1666 	1
0.1673 	1
0.168 	1
0.1687 	1
0.1694 	1
0.1701 	1
0.1708 	1
0.1715 	1
0.1722 	1
0.1729 	1
0.1736 	1
0.1743 	1
0.175 	1
0.1757 	1
0.1764 	1
0.1771 	1
0.1778 	1
0.1785 	1
0.1792 	1
0.1799 	1
0.1806 	1
0.1813 	1
0.182 	1
0.1827 	1
0.1834 	1
0.1841 	1
0.1848 	1
0.1855 	1
0.1862 	1
0.1869 	1
0.1876 	1
0.1883 	1
0.189 	1
0.1897 	1
0.1904 	1
0.1911 	1
0.1918 	1
0.1925 	1
0.1932 	1
0.1939 	1
0.1946 	1
0.1953 	1
0.196 	1
0.1967 	1
0.1974 	1
0.1981 	1
0.1988 	1
0.1995 	1
0.2002 	1
0.2009 	1
0.2016 	1
0.2023 	1
0.203 	1
0.2037 	1
0.2044 	1
0.2051 	1
0.2058 	1
0.2065 	1
0.2072 	1
0.2079 	1
0.2086 	1
0.2093 	1
0.21 	1
0.2107 	1
0.2114 	1
0.2121 	1
0.2128 	1
0.2135 	1
0.2142 	1
0.2149 	1
0.2156 	0.999999
0.2163 	0.999999
0.217 	0.999998
0.2177 	0.999998
0.2184 	0.999997
0.2191 	0.999997
0.2198 	0.999996
0.2205 	0.999992
0.2212 	0.999985
0.2219 	0.999979
0.2226 	0.999973
0.2233 	0.999967
0.224 	0.99996
0.2247 	0.999954
0.2254 	0.999904
0.2261 	0.999822
0.2268 	0.99974
0.2275 	0.999658
0.2282 	0.999575
0.2289 	0.999493
0.2296 	0.999411
0.2303 	0.998642
0.231 	0.996957
0.2317 	0.995272
0.2324 	0.993587
0.2331 	0.991902
0.2338 	0.990217
0.2345 	0.988533
0.2352 	0.980074
0.2359 	0.954677
0.2366 	0.929281
0.2373 	0.903887
0.238 	0.878493
0.2387 	0.853098
0.2394 	0.827704
0.2401 	0.79734
0.2408 	0.737182
0.2415 	0.677025
0.2422 	0.616868
0.2429 	0.556711
0.2436 	0.496554
0.2443 	0.436396
0.245 	0.376239
0.2457 	0.332052
0.2464 	0.287866
0.2471 	0.243677
0.2478 	0.199489
0.2485 	0.1553
0.2492 	0.111112
0.2499 	0.0669229
0.2506 	0.0536292
0.2513 	0.0454811
0.252 	0.0373315
0.2527 	0.029182
0.2534 	0.0210325
0.2541 	0.0128829
0.2548 	0.00473339
0.2555 	0.00216683
0.2562 	0.00183245
0.2569 	0.00149799
0.2576 	0.00116352
0.2583 	0.000829048
0.259 	0.000494576
0.2597 	0.000160105
0.2604 	1.54483e-05
0.2611 	1.31005e-05
0.2618 	1.07519e-05
0.2625 	8.40308e-06
0.2632 	6.05428e-06
0.2639 	3.70547e-06
0.2646 	1.35667e-06
0.2653 	1.38339e-08
0.266 	1.17816e-08
0.2667 	9.72848e-09
0.2674 	7.67496e-09
0.2681 	5.62144e-09
0.2688 	3.56792e-09
0.2695 	1.51441e-09
0.2702 	4.74072e-11
0.2709 	4.60403e-11
0.2716 	4.4674e-11
0.2723 	4.33082e-11
0.273 	4.19424e-11
0.2737 	4.05767e-11
0.2744 	3.92109e-11
0.2751 	3.77201e-11
0.2758 	3.54804e-11
0.2765 	3.32415e-11
0.2772 	3.10038e-11
0.2779 	2.8766e-11
0.2786 	2.65283e-11
0.2793 	2.42906e-11
0.28 	2.20529e-11
0.2807 	2.00848e-11
0.2814 	1.81171e-11
0.2821 	1.61505e-11
0.2828 	1.41839e-11
0.2835 	1.22173e-11
0.2842 	1.02507e-11
0.2849 	8.28405e-12
0.2856 	7.29897e-12
0.2863 	6.4774e-12
0.287 	5.65632e-12
0.2877 	4.83523e-12
0.2884 	4.01414e-12
0.2891 	3.19306e-12
0.2898 	2.37197e-12
0.2905 	1.98432e-12
0.2912 	1.76996e-12
0.2919 	1.55574e-12
0.2926 	1.34154e-12
0.2933 	1.12733e-12
0.294 	9.13117e-13
0.2947 	6.98908e-13
0.2954 	5.74008e-13
0.2961 	5.16068e-13
0.2968 	4.58147e-13
0.2975 	4.00231e-13
0.2982 	3.42315e-13
0.2989 	2.84399e-13
0.2996 	2.26483e-13
0.3003 	1.85395e-13
0.301 	1.66736e-13
0.3017 	1.48073e-13
0.3024 	1.29407e-13
0.3031 	1.10741e-13
0.3038 	9.20746e-14
0.3045 	7.34087e-14
0.3052 	5.83261e-14
0.3059 	5.21984e-14
0.3066 	4.6067e-14
0.3073 	3.9932e-14
0.308 	3.37969e-14
0.3087 	2.76618e-14
0.3094 	2.15267e-14
0.3101 	1.60116e-14
0.3108 	1.42134e-14
0.3115 	1.24143e-14
0.3122 	1.06132e-14
0.3129 	8.81214e-15
0.3136 	7.01108e-15
0.3143 	5.21001e-15
0.315 	3.40909e-15
0.3157 	3.0002e-15
0.3164 	2.59119e-15
0.3171 	2.18167e-15
0.3178 	1.77214e-15
0.3185 	1.36262e-15
0.3192 	9.53092e-16
0.3199 	5.43566e-16
0.3206 	4.32283e-16
0.3213 	3.70661e-16
0.322 	3.08958e-16
0.3227 	2.47256e-16
0.3234 	1.85553e-16
0.3241 	1.23851e-16
0.3248 	6.2148e-17
0.3255 	4.03998e-17
0.3262 	3.46253e-17
0.3269 	2.88422e-17
0.3276 	2.30585e-17
0.3283 	1.72748e-17
0.329 	1.1491e-17
0.3297 	5.70728e-18
0.3304 	2.99096e-18
0.3311 	2.57423e-18
0.3318 	2.1566e-18
0.3325 	1.73872e-18
0.3332 	1.32084e-18
0.3339 	9.02955e-19
0.3346 	4.85074e-19
0.3353 	2.32595e-19
0.336 	2.00559e-19
0.3367 	1.68435e-19
0.3374 	1.36262e-19
0.3381 	1.04089e-19
0.3388 	7.19152e-20
0.3395 	3.97417e-20
0.3402 	1.6123e-20
0.3409 	1.38802e-20
0.3416 	1.16312e-20
0.3423 	9.37615e-21
0.343 	7.12109e-21
0.3437 	4.86603e-21
0.3444 	2.61097e-21
0.3451 	6.65024e-22
0.3458 	5.72088e-22
0.3465 	4.7894e-22
0.3472 	3.85413e-22
0.3479 	2.91886e-22
0.3486 	1.98359e-22
0.3493 	1.04832e-22
0.35 	1.13154e-23
0.3507 	9.7487e-24
0.3514 	8.17948e-24
0.3521 	6.60091e-24
0.3528 	5.02233e-24
0.3535 	3.44375e-24
0.3542 	1.86518e-24
0.3549 	2.86602e-25
0.3556 	5.3984e-26
0.3563 	4.54782e-26
0.357 	3.68939e-26
0.3577 	2.83097e-26
0.3584 	1.97254e-26
0.3591 	1.11412e-26
0.3598 	2.55692e-27
0.3605 	9.48544e-29
0.3612 	8.02855e-29
0.3619 	6.55207e-29
0.3626 	5.07408e-29
0.3633 	3.5961e-29
0.364 	2.11811e-29
0.3647 	6.40122e-30
0.3654 	6.32909e-32
0.3661 	5.38268e-32
0.3668 	4.4204e-32
0.3675 	3.4538e-32
0.3682 	2.4872e-32
0.3689 	1.52059e-32
0.3696 	5.53992e-33
0.3703 	1.65665e-35
0.371 	1.41543e-35
0.3717 	1.1698e-35
0.3724 	9.21713e-36
0.3731 	6.73628e-36
0.3738 	4.25543e-36
0.3745 	1.77458e-36
0.3752 	2.72787e-39
0.3759 	2.33865e-39
0.3766 	1.94397e-39
0.3773 	1.54381e-39
0.378 	1.14365e-39
0.3787 	7.43498e-40
0.3794 	3.43341e-40
0.3801 	3.89742e-43
0.3808 	3.35216e-43
0.3815 	2.80155e-43
0.3822 	2.24133e-43
0.3829 	1.6811e-43
0.3836 	1.12088e-43
0.3843 	5.60658e-44
0.385 	5.02113e-47
0.3857 	4.33199e-47
0.3864 	3.63893e-47
0.3871 	2.93146e-47
0.3878 	2.22399e-47
0.3885 	1.51651e-47
0.3892 	8.09042e-48
0.3899 	1.01569e-48
0.3906 	5.18256e-51
0.3913 	4.37443e-51
0.392 	3.54694e-51
0.3927 	2.71945e-51
0.3934 	1.89196e-51
0.3941 	1.06446e-51
0.3948 	2.36972e-52
0.3955 	5.83449e-55
0.3962 	4.94567e-55
0.3969 	4.03603e-55
0.3976 	3.1248e-55
0.3983 	2.21356e-55
0.399 	1.30233e-55
0.3997 	3.91095e-56
0.4004 	6.24132e-59
0.4011 	5.31045e-59
0.4018 	4.36145e-59
0.4025 	3.40751e-59
0.4032 	2.45356e-59
0.4039 	1.49962e-59
0.4046 	5.45672e-60
0.4053 	6.38397e-63
0.406 	5.45151e-63
0.4067 	4.50433e-63
0.4074 	3.54898e-63
0.4081 	2.59363e-63
0.4088 	1.63828e-63
0.4095 	6.82927e-64
0.4102 	6.27428e-67
0.4109 	5.37648e-67
0.4116 	4.46772e-67
0.4123 	3.548e-67
0.413 	2.62827e-67
0.4137 	1.70855e-67
0.4144 	7.88826e-68
0.4151 	5.95011e-71
0.4158 	5.11573e-71
0.4165 	4.27408e-71
0.4172 	3.41935e-71
0.4179 	2.56462e-71
0.4186 	1.70989e-71
0.4193 	8.55166e-72
0.42 	5.46388e-75
0.4207 	4.71271e-75
0.4214 	3.95763e-75
0.4221 	3.18816e-75
0.4228 	2.4187e-75
0.4235 	1.64923e-75
0.4242 	8.79768e-76
0.4249 	1.10303e-76
0.4256 	4.21407e-79
0.4263 	3.55621e-79
0.427 	2.88347e-79
0.4277 	2.21074e-79
0.4284 	1.538e-79
0.4291 	8.65266e-80
0.4298 	1.9253e-80
0.4305 	3.66324e-83
0.4312 	3.10482e-83
0.4319 	2.53372e-83
0.4326 	1.96165e-83
0.4333 	1.38958e-83
0.434 	8.17506e-84
0.4347 	2.45436e-84
0.4354 	3.09777e-87
0.4361 	2.63563e-87
0.4368 	2.1646e-87
0.4375 	1.69114e-87
0.4382 	1.21768e-87
0.4389 	7.44217e-88
0.4396 	2.70758e-88
0.4403 	2.54843e-91
0.441 	2.17622e-91
0.4417 	1.7981e-91
0.4424 	1.41669e-91
0.4431 	1.03528e-91
0.4438 	6.53871e-92
0.4445 	2.72461e-92
0.4452 	1.91347e-96
0.4459 	-1.73997e-95
0.4466 	-2.8551e-95
0.4473 	-3.15407e-95
0.448 	-3.45303e-95
0.4487 	-3.75199e-95
0.4494 	-4.05096e-95
0.4501 	-4.49436e-95
0.4508 	-5.8059e-95
0.4515 	-6.64913e-95
0.4522 	-6.64942e-95
0.4529 	-6.6497e-95
0.4536 	-6.64999e-95
0.4543 	-6.65027e-95
0.455 	-6.6506e-95
0.4557 	-6.91599e-95
0.4564 	-7.12462e-95
0.4571 	-7.12482e-95
0.4578 	-7.12502e-95
0.4585 	-7.12522e-95
0.4592 	-7.12542e-95
0.4599 	-7.12562e-95
0.4606 	-6.62865e-95
0.4613 	-6.09016e-95
0.462 	-6.09019e-95
0.4627 	-6.09022e-95
0.4634 	-6.09025e-95
0.4641 	-6.09027e-95
0.4648 	-6.0903e-95
0.4655 	-5.42409e-95
0.4662 	-4.4912e-95
0.4669 	-4.42447e-95
0.4676 	-4.42437e-95
0.4683 	-4.42427e-95
0.469 	-4.42417e-95
0.4697 	-4.42406e-95
0.4704 	-3.91378e-95
0.4711 	-3.02064e-95
0.4718 	-2.82914e-95
0.4725 	-2.82899e-95
0.4732 	-2.82884e-95
0.4739 	-2.82869e-95
0.4746 	-2.82854e-95
0.4753 	-2.54044e-95
0.476 	-1.86821e-95
0.4767 	-1.62804e-95
0.4774 	-1.62791e-95
0.4781 	-1.62777e-95
0.4788 	-1.62763e-95
0.4795 	-1.62749e-95
0.4802 	-1.5041e-95
0.4809 	-1.07235e-95
0.4816 	-8.5643e-96
0.4823 	-8.5633e-96
0.483 	-8.56229e-96
0.4837 	-8.56129e-96
0.4844 	-8.56028e-96
0.4851 	-8.20837e-96
0.4858 	-5.74868e-96
0.4865 	-4.16723e-96
0.4872 	-4.1666e-96
0.4879 	-4.16598e-96
0.4886 	-4.16535e-96
0.4893 	-4.16473e-96
0.49 	-4.16413e-96
0.4907 	-2.89242e-96
0.4914 	-1.89303e-96
0.4921 	-1.89269e-96
0.4928 	-1.89234e-96
0.4935 	-1.892e-96
0.4942 	-1.89166e-96
0.4949 	-1.89131e-96
0.4956 	-1.37177e-96
0.4963 	-8.08887e-97
0.497 	-8.08716e-97
0.4977 	-8.08544e-97
0.4984 	-8.08373e-97
0.4991 	-8.08201e-97
0.4998 	-8.08029e-97
0.5005 	-6.15666e-97
0.5012 	-3.46374e-97
0.5019 	-3.27065e-97
0.5026 	-3.26986e-97
0.5033 	-3.26907e-97
0.504 	-3.26829e-97
0.5047 	-3.2675e-97
0.5054 	-2.62458e-97
0.5061 	-1.49979e-97
0.5068 	-1.2585e-97
0.5075 	-1.25816e-97
0.5082 	-1.25783e-97
0.5089 	-1.25749e-97
0.5096 	-1.25715e-97
0.5103 	-1.06642e-97
0.511 	-6.21682e-98
0.5117 	-4.62761e-98
0.5124 	-4.62625e-98
0.5131 	-4.6249e-98
0.5138 	-4.62355e-98
0.5145 	-4.62219e-98
0.5152 	-4.1432e-98
0.5159 	-2.4693e-98
0.5166 	-1.63209e-98
0.5173 	-1.63158e-98
0.518 	-1.63107e-98
0.5187 	-1.63055e-98
0.5194 	-1.63004e-98
0.5201 	-1.54362e-98
0.5208 	-9.41173e-99
0.5215 	-5.53819e-99
0.5222 	-5.53634e-99
0.5229 	-5.53449e-99
0.5236 	-5.53263e-99
0.5243 	-5.53078e-99
0.525 	-5.52895e-99
0.5257 	-3.44811e-99
0.5264 	-1.81281e-99
0.5271 	-1.81217e-99
0.5278 	-1.81153e-99
0.5285 	-1.8109e-99
0.5292 	-1.81026e-99
0.5299 	-1.80962e-99
0.5306 	-1.21636e-99
0.5313 	-5.73637e-100
0.532 	-5.73427e-100
0.5327 	-5.73216e-100
0.5334 	-5.73005e-100
0.5341 	-5.72795e-100
0.5348 	-5.72584e-100
0.5355 	-4.13849e-100
0.5362 	-1.9166e-100
0.5369 	-1.75727e-100
0.5376 	-1.7566e-100
0.5383 	-1.75593e-100
0.539 	-1.75526e-100
0.5397 	-1.75459e-100
0.5404 	-1.36018e-100
0.5411 	-6.70301e-101
0.5418 	-5.22307e-101
0.5425 	-5.22102e-101
0.5432 	-5.21897e-101
0.5439 	-5.21691e-101
0.5446 	-5.21486e-101
0.5453 	-4.32453e-101
0.546 	-2.24916e-101
0.5467 	-1.50756e-101
0.5474 	-1.50695e-101
0.5481 	-1.50634e-101
0.5488 	-1.50573e-101
0.5495 	-1.50512e-101
0.5502 	-1.3317e-101
0.5509 	-7.25954e-102
0.5516 	-4.22991e-102
0.5523 	-4.22815e-102
0.553 	-4.2264e-102
0.5537 	-4.22465e-102
0.5544 	-4.22289e-102
0.5551 	-3.9763e-102
0.5558 	-2.2589e-102
0.5565 	-1.15469e-102
0.5572 	-1.1542e-102
0.5579 	-1.15371e-102
0.5586 	-1.15322e-102
0.5593 	-1.15273e-102
0.56 	-1.15225e-102
0.5607 	-6.78897e-103
0.5614 	-3.069e-103
0.5621 	-3.06767e-103
0.5628 	-3.06634e-103
0.5635 	-3.06501e-103
0.5642 	-3.06368e-103
0.5649 	-3.06235e-103
0.5656 	-1.97388e-103
0.5663 	-7.94688e-104
0.567 	-7.94337e-104
0.5677 	-7.93986e-104
0.5684 	-7.93635e-104
0.5691 	-7.93284e-104
0.5698 	-7.92933e-104
0.5705 	-5.55961e-104
0.5712 	-2.24274e-104
0.5719 	-2.00498e-104
0.5726 	-2.00408e-104
0.5733 	-2.00318e-104
0.574 	-2.00227e-104
0.5747 	-2.00137e-104
0.5754 	-1.51875e-104
0.5761 	-6.74621e-105
0.5768 	-4.93559e-105
0.5775 	-4.93333e-105
0.5782 	-4.93106e-105
0.5789 	-4.92879e-105
0.5796 	-4.92652e-105
0.5803 	-4.028e-105
0.581 	-1.93375e-105
0.5817 	-1.18545e-105
0.5824 	-1.1849e-105
0.5831 	-1.18434e-105
0.5838 	-1.18379e-105
0.5845 	-1.18323e-105
0.5852 	-1.03812e-105
0.5859 	-5.31367e-106
0.5866 	-2.77922e-106
0.5873 	-2.77789e-106
0.588 	-2.77657e-106
0.5887 	-2.77525e-106
0.5894 	-2.77392e-106
0.5901 	-2.60203e-106
0.5908 	-1.40553e-106
0.5915 	-6.36238e-107
0.5922 	-6.35929e-107
0.5929 	-6.3562e-107
0.5936 	-6.35312e-107
0.5943 	-6.35003e-107
0.595 	-6.34696e-107
0.5957 	-3.58966e-107
0.5964 	-1.42275e-107
0.5971 	-1.42204e-107
0.5978 	-1.42134e-107
0.5985 	-1.42064e-107
0.5992 	-1.41994e-107
0.5999 	-1.41923e-107
0.6006 	-8.87224e-108
0.6013 	-3.10879e-108
0.602 	-3.10722e-108
0.6027 	-3.10566e-108
0.6034 	-3.1041e-108
0.6041 	-3.10254e-108
0.6048 	-3.10098e-108
0.6055 	-2.12601e-108
0.6062 	-7.61411e-109
0.6069 	-6.63624e-109
0.6076 	-6.63285e-109
0.6083 	-6.62946e-109
0.609 	-6.62607e-109
0.6097 	-6.62268e-109
0.6104 	-4.94635e-109
0.6111 	-2.01457e-109
0.6118 	-1.38576e-109
0.6125 	-1.38504e-109
0.6132 	-1.38432e-109
0.6139 	-1.3836e-109
0.6146 	-1.38288e-109
0.6153 	-1.11869e-109
0.616 	-5.02994e-110
0.6167 	-2.83005e-110
0.6174 	-2.82855e-110
0.6181 	-2.82706e-110
0.6188 	-2.82557e-110
0.6195 	-2.82407e-110
0.6202 	-2.46197e-110
0.6209 	-1.19768e-110
0.6216 	-5.65391e-111
0.6223 	-5.65088e-111
0.623 	-5.64785e-111
0.6237 	-5.64482e-111
0.6244 	-5.64179e-111
0.6251 	-5.27685e-111
0.6258 	-2.73775e-111
0.6265 	-1.10525e-111
0.6272 	-1.10465e-111
0.6279 	-1.10405e-111
0.6286 	-1.10345e-111
0.6293 	-1.10285e-111
0.63 	-1.10225e-111
0.6307 	-6.03457e-112
0.6314 	-2.11464e-112
0.6321 	-2.11347e-112
0.6328 	-2.11231e-112
0.6335 	-2.11114e-112
0.6342 	-2.10998e-112
0.6349 	-2.10882e-112
0.6356 	-1.28669e-112
0.6363 	-3.9607e-113
0.637 	-3.95849e-113
0.6377 	-3.95629e-113
0.6384 	-3.95408e-113
0.6391 	-3.95187e-113
0.6398 	-3.94967e-113
0.6405 	-2.66013e-113
0.6412 	-8.55281e-114
0.6419 	-7.25983e-114
0.6426 	-7.25574e-114
0.6433 	-7.25165e-114
0.644 	-7.24755e-114
0.6447 	-7.24346e-114
0.6454 	-5.34218e-114
0.6461 	-2.01713e-114
0.6468 	-1.30404e-114
0.6475 	-1.3033e-114
0.6482 	-1.30256e-114
0.6489 	-1.30181e-114
0.6496 	-1.30107e-114
0.6503 	-1.04365e-114
0.651 	-4.43796e-115
0.6517 	-2.29476e-115
0.6524 	-2.29345e-115
0.6531 	-2.29213e-115
0.6538 	-2.29081e-115
0.6545 	-2.28949e-115
0.6552 	-1.98585e-115
0.6559 	-9.25846e-116
0.6566 	-3.95729e-116
0.6573 	-3.955e-116
0.658 	-3.95271e-116
0.6587 	-3.95042e-116
0.6594 	-3.94813e-116
0.6601 	-3.68426e-116
0.6608 	-1.84897e-116
0.6615 	-6.69005e-117
0.6622 	-6.68616e-117
0.6629 	-6.68226e-117
0.6636 	-6.67836e-117
0.6643 	-6.67447e-117
0.665 	-6.67059e-117
0.6657 	-3.55651e-117
0.6664 	-1.10925e-117
0.6671 	-1.1086e-117
0.6678 	-1.10795e-117
0.6685 	-1.1073e-117
0.6692 	-1.10666e-117
0.6699 	-1.10601e-117
0.6706 	-6.61755e-118
0.6713 	-1.80491e-118
0.672 	-1.80385e-118
0.6727 	-1.80279e-118
0.6734 	-1.80173e-118
0.6741 	-1.80067e-118
0.6748 	-1.79961e-118
0.6755 	-1.19503e-118
0.6762 	-3.48857e-119
0.6769 	-2.88259e-119
0.6776 	-2.8809e-119
0.6783 	-2.87921e-119
0.679 	-2.87751e-119
0.6797 	-2.87582e-119
0.6804 	-2.10018e-119
0.6811 	-7.4373e-120
0.6818 	-4.52854e-120
0.6825 	-4.52588e-120
0.6832 	-4.52322e-120
0.6839 	-4.52056e-120
0.6846 	-4.51791e-120
0.6853 	-3.60083e-120
0.686 	-1.46377e-120
0.6867 	-7.00275e-121
0.6874 	-6.99866e-121
0.6881 	-6.99456e-121
0.6888 	-6.99047e-121
0.6895 	-6.98638e-121
0.6902 	-6.03736e-121
0.6909 	-2.72431e-121
0.6916 	-1.06747e-121
0.6923 	-1.06685e-121
0.693 	-1.06623e-121
0.6937 	-1.06561e-121
0.6944 	-1.06499e-121
0.6951 	-1.0017e-121
0.6958 	-5.61958e-122
0.6965 	-2.79235e-122
0.6972 	-2.79155e-122
0.6979 	-2.79074e-122
0.6986 	-2.78993e-122
0.6993 	-2.78913e-122
0.7 	-2.78833e-122
