0 	1
0.0007 	1
0.0014 	1
0.0028 	1
0.0035 	1
0.0042 	1
0.0049 	1
0.0056 	1
0.0063 	1
0.007 	1
0.0077 	1
0.0084 	1
0.0091 	1
0.0098 	1
0.0105 	1
0.0112 	1
0.0119 	1
0.0126 	1
0.0133 	1
0.014 	1
0.0147 	1
0.0154 	1
0.0168 	1
0.0175 	1
0.0182 	1
0.0189 	1
0.0203 	1
0.021 	1
0.0217 	1
0.0224 	1
0.0231 	1
0.0238 	1
0.0245 	1
0.0252 	1
0.0259 	1
0.0266 	1
0.0273 	1
0.028 	1
0.0287 	1
0.0294 	1
0.0301 	1
0.0308 	1
0.0315 	1
0.0322 	1
0.0329 	1
0.0336 	1
0.0343 	1
0.035 	1
0.0357 	1
0.0364 	1
0.0378 	1
0.0385 	1
0.0392 	1
0.0399 	1
0.0406 	1
0.0413 	1
0.042 	1
0.0427 	1
0.0434 	1
0.0441 	1
0.0448 	1
0.0455 	1
0.0462 	1
0.0469 	1
0.0476 	1
0.0483 	1
0.049 	1
0.0497 	1
0.0504 	1
0.0511 	1
0.0518 	1
0.0525 	1
0.0532 	1
0.0539 	1
0.0546 	1
0.0553 	1
0.056 	1
0.0567 	1
0.0574 	1
0.0581 	1
0.0588 	1
0.0595 	1
0.0602 	1
0.0609 	1
0.0616 	1
0.0623 	1
0.063 	1
0.0637 	1
0.0644 	1
0.0651 	1
0.0658 	1
0.0665 	1
0.0672 	1
0.0679 	1
0.0686 	1
0.0693 	1
0.07 	1
0.0707 	1
0.0714 	1
0.0721 	1
0.0728 	1
0.0735 	1
0.0742 	1
0.0749 	1
0.0756 	1
0.0763 	1
0.077 	1
0.0777 	1
0.0784 	1
0.0791 	1
0.0798 	1
0.0805 	1
0.0812 	1
0.0819 	1
0.0826 	1
0.0833 	1
0.084 	1
0.0847 	1
0.0854 	1
0.0868 	1
0.0875 	1
0.0882 	1
0.0889 	1
0.0896 	1
0.0903 	1
0.091 	1
0.0917 	1
0.0924 	1
0.0931 	1
0.0938 	1
0.0945 	1
0.0952 	1
0.0959 	1
0.0966 	1
0.0973 	1
0.098 	1
0.0987 	1
0.0994 	1
0.1001 	1
0.1008 	1
0.1015 	1
0.1022 	1
0.1029 	1
0.1036 	1
0.1043 	1
0.105 	1
0.1057 	1
0.1071 	1
0.1078 	1
0.1085 	1
0.1092 	1
0.1099 	1
0.1106 	1
0.1113 	1
0.112 	1
0.1127 	1
0.1134 	1
0.1141 	1
0.1148 	1
0.1155 	1
0.1162 	1
0.1169 	1
0.1176 	1
0.1183 	1
0.119 	1
0.1197 	1
0.1204 	1
0.1211 	1
0.1218 	1
0.1225 	1
0.1232 	1
0.1239 	1
0.1246 	1
0.1253 	1
0.126 	1
0.1267 	1
0.1274 	1
0.1281 	1
0.1288 	1
0.1295 	1
0.1302 	1
0.1316 	1
0.1323 	1
0.133 	1
0.1337 	1
0.1344 	1
0.1351 	1
0.1365 	1
0.1372 	1
0.1379 	1
0.1386 	1
0.1393 	1
0.14 	1
0.1407 	1
0.1414 	1
0.1421 	1
0.1428 	1
0.1435 	1
0.1442 	1
0.1449 	1
0.1456 	1
0.1463 	1
0.147 	1
0.1477 	1
0.1484 	1
0.1491 	1
0.1498 	1
0.1505 	1
0.1512 	1
0.1519 	1
0.1526 	1
0.1533 	1
0.154 	1
0.1547 	1
0.1554 	1
0.1561 	1
0.1568 	1
0.1575 	1
0.1582 	1
0.1589 	1
0.1596 	1
0.1603 	1
0.161 	1
0.1617 	1
0.1624 	1
0.1631 	1
0.1638 	1
0.1645 	1
0.1652 	1
0.1659 	1
0.1666 	1
0.1673 	1
0.168 	1
0.1687 	1
0.1694 	1
0.1701 	1
0.1708 	1
0.1715 	1
0.1722 	1
0.1729 	1
0.1736 	1
0.1743 	1
0.175 	1
0.1757 	1
0.1764 	1
0.1771 	1
0.1778 	1
0.1785 	1
0.1792 	1
0.1799 	1
0.1806 	1
0.1813 	1
0.182 	1
0.1827 	1
0.1834 	1
0.1841 	1
0.1848 	1
0.1855 	1
0.1862 	1
0.1869 	1
0.1876 	1
0.1883 	1
0.189 	1
0.1897 	1
0.1904 	1
0.1911 	1
0.1918 	1
0.1925 	1
0.1932 	1
0.1939 	1
0.1946 	1
0.1953 	1
0.196 	1
0.1967 	1
0.1974 	1
0.1981 	1
0.1988 	1
0.1995 	1
0.2002 	1
0.2009 	1
0.2016 	1
0.2023 	1
0.203 	1
0.2037 	1
0.2044 	1
0.2051 	1
0.2058 	1
0.2065 	1
0.2072 	1
0.2079 	1
0.2086 	1
0.2093 	1
0.21 	1
0.2107 	1
0.2114 	1
0.2121 	1
0.2128 	1
0.2135 	1
0.2142 	1
0.2149 	1
0.2156 	0.999996
0.2163 	0.999991
0.217 	0.999986
0.2177 	0.999981
0.2184 	0.999976
0.2191 	0.999971
0.2198 	0.999966
0.2205 	0.99952
0.2212 	0.998897
0.2219 	0.998274
0.2226 	0.997651
0.2233 	0.997028
0.224 	0.996406
0.2247 	0.995783
0.2254 	0.988285
0.2261 	0.975632
0.2268 	0.962979
0.2275 	0.950327
0.2282 	0.937674
0.2289 	0.925021
0.2296 	0.912368
0.2303 	0.881947
0.231 	0.827834
0.2317 	0.773721
0.2324 	0.719608
0.2331 	0.665496
0.2338 	0.611383
0.2345 	0.557271
0.2352 	0.502338
0.2359 	0.445355
0.2366 	0.388371
0.2373 	0.331387
0.238 	0.274402
0.2387 	0.217418
0.2394 	0.160434
0.2401 	0.10941
0.2408 	0.0941488
0.2415 	0.0788868
0.2422 	0.0636243
0.2429 	0.0483617
0.2436 	0.0330992
0.2443 	0.0178366
0.245 	0.00257409
0.2457 	0.00221598
0.2464 	0.00185786
0.2471 	0.00149972
0.2478 	0.00114158
0.2485 	0.000783437
0.2492 	0.000425297
0.2499 	6.71561e-05
0.2506 	1.4144e-05
0.2513 	1.19865e-05
0.252 	9.82869e-06
0.2527 	7.67091e-06
0.2534 	5.51313e-06
0.2541 	3.35536e-06
0.2548 	1.19758e-06
0.2555 	5.39362e-07
0.2562 	4.8097e-07
0.2569 	4.22572e-07
0.2576 	3.64174e-07
0.2583 	3.05776e-07
0.259 	2.47378e-07
0.2597 	1.8898e-07
0.2604 	1.55996e-07
0.2611 	1.42074e-07
0.2618 	1.28153e-07
0.2625 	1.14232e-07
0.2632 	1.00311e-07
0.2639 	8.63893e-08
0.2646 	7.24682e-08
0.2653 	6.23679e-08
0.266 	5.73621e-08
0.2667 	5.23572e-08
0.2674 	4.73527e-08
0.2681 	4.23482e-08
0.2688 	3.73437e-08
0.2695 	3.23392e-08
0.2702 	2.81741e-08
0.2709 	2.61075e-08
0.2716 	2.40413e-08
0.2723 	2.19755e-08
0.273 	1.99097e-08
0.2737 	1.78438e-08
0.2744 	1.5778e-08
0.2751 	1.38706e-08
0.2758 	1.29134e-08
0.2765 	1.19565e-08
0.2772 	1.09998e-08
0.2779 	1.00431e-08
0.2786 	9.08635e-09
0.2793 	8.12964e-09
0.28 	7.17294e-09
0.2807 	6.69287e-09
0.2814 	6.21286e-09
0.2821 	5.73301e-09
0.2828 	5.25317e-09
0.2835 	4.77332e-09
0.2842 	4.29348e-09
0.2849 	3.81363e-09
0.2856 	3.52565e-09
0.2863 	3.26964e-09
0.287 	3.01374e-09
0.2877 	2.75784e-09
0.2884 	2.50194e-09
0.2891 	2.24605e-09
0.2898 	1.99015e-09
0.2905 	1.81613e-09
0.2919 	1.53364e-09
0.2926 	1.39244e-09
0.2933 	1.25123e-09
0.294 	1.11002e-09
0.2947 	9.68814e-10
0.2954 	8.65191e-10
0.2961 	7.89756e-10
0.2968 	7.14347e-10
0.2975 	6.38945e-10
0.2982 	5.63543e-10
0.2989 	4.88142e-10
0.2996 	4.1274e-10
0.3003 	3.54563e-10
0.301 	3.19353e-10
0.3017 	2.84153e-10
0.3024 	2.4896e-10
0.3031 	2.13766e-10
0.3038 	1.78572e-10
0.3045 	1.43378e-10
0.3052 	1.14574e-10
0.3059 	1.01743e-10
0.3066 	8.89148e-11
0.3073 	7.609e-11
0.308 	6.32653e-11
0.3087 	5.04405e-11
0.3094 	3.76158e-11
0.3101 	2.61627e-11
0.3108 	2.29393e-11
0.3115 	1.97165e-11
0.3122 	1.64949e-11
0.3129 	1.32733e-11
0.3136 	1.00516e-11
0.3143 	6.83e-12
0.315 	3.60837e-12
0.3157 	3.13447e-12
0.3164 	2.66062e-12
0.3171 	2.18698e-12
0.3178 	1.71333e-12
0.3185 	1.23969e-12
0.3192 	7.66045e-13
0.3199 	2.924e-13
0.3206 	1.98316e-13
0.3213 	1.67493e-13
0.322 	1.36682e-13
0.3227 	1.05872e-13
0.3234 	7.5061e-14
0.3241 	4.42502e-14
0.3248 	1.34395e-14
0.3255 	4.22195e-15
0.3262 	3.64165e-15
0.3269 	3.06141e-15
0.3276 	2.48119e-15
0.3283 	1.90096e-15
0.329 	1.32073e-15
0.3297 	7.40504e-16
0.3304 	4.80644e-16
0.3311 	4.6106e-16
0.3318 	4.41476e-16
0.3325 	4.21892e-16
0.3332 	4.02308e-16
0.3339 	3.82724e-16
0.3346 	3.6314e-16
0.3353 	3.41814e-16
0.3367 	2.94505e-16
0.3374 	2.70841e-16
0.3381 	2.47177e-16
0.3388 	2.23513e-16
0.3395 	1.99849e-16
0.3402 	1.77816e-16
0.3409 	1.59862e-16
0.3416 	1.41895e-16
0.3423 	1.23916e-16
0.343 	1.05937e-16
0.3437 	8.7958e-17
0.3444 	6.99791e-17
0.3451 	5.36384e-17
0.3458 	4.71272e-17
0.3465 	4.06109e-17
0.3472 	3.40851e-17
0.3479 	2.75594e-17
0.3486 	2.10336e-17
0.3493 	1.45079e-17
0.35 	7.98213e-18
0.3507 	6.92115e-18
0.3514 	5.85939e-18
0.3521 	4.79474e-18
0.3528 	3.7301e-18
0.3535 	2.66545e-18
0.3542 	1.6008e-18
0.3549 	5.36152e-19
0.3556 	3.38443e-19
0.3563 	2.85203e-19
0.357 	2.31681e-19
0.3577 	1.7816e-19
0.3584 	1.24638e-19
0.3591 	7.11168e-20
0.3598 	1.75952e-20
0.3605 	2.07472e-21
0.3619 	1.43171e-21
0.3633 	7.85357e-22
0.3647 	1.39003e-22
0.3661 	3.90207e-25
0.3668 	3.20368e-25
0.3675 	2.50287e-25
0.3682 	1.80207e-25
0.3689 	1.10127e-25
0.3696 	4.00471e-26
0.3703 	1.29004e-30
0.3717 	9.09251e-31
0.3724 	7.1638e-31
0.3731 	5.23509e-31
0.3738 	3.30638e-31
0.3745 	1.37768e-31
0.3752 	2.73572e-36
0.3766 	1.94651e-36
0.3773 	1.54576e-36
0.378 	1.14501e-36
0.3787 	7.44256e-37
0.3794 	3.43505e-37
0.3801 	3.80673e-42
0.3808 	3.27242e-42
0.3815 	2.73368e-42
0.3822 	2.18694e-42
0.3829 	1.64021e-42
0.3836 	1.09347e-42
0.3843 	5.46738e-43
0.385 	3.88406e-48
0.3857 	3.35028e-48
0.3864 	2.81365e-48
0.3871 	2.26655e-48
0.3878 	1.71945e-48
0.3885 	1.17236e-48
0.3892 	6.25258e-49
0.3899 	7.81604e-50
0.3906 	3.22754e-54
0.392 	2.20864e-54
0.3927 	1.69329e-54
0.3934 	1.17794e-54
0.3941 	6.62594e-55
0.3948 	1.47246e-55
0.3955 	3.41171e-60
0.3962 	2.89185e-60
0.3969 	2.3599e-60
0.3976 	1.82702e-60
0.3983 	1.29414e-60
0.399 	7.61262e-61
0.3997 	2.28381e-61
0.4004 	3.73352e-66
0.4011 	3.17727e-66
0.4018 	2.60956e-66
0.4025 	2.03872e-66
0.4032 	1.46788e-66
0.4039 	8.97038e-67
0.4046 	3.26199e-67
0.4053 	4.30872e-72
0.406 	3.68015e-72
0.4067 	3.04098e-72
0.4074 	2.39593e-72
0.4081 	1.75087e-72
0.4088 	1.10582e-72
0.4095 	4.6076e-73
0.4102 	5.66351e-78
0.4109 	4.85415e-78
0.4116 	4.03418e-78
0.4123 	3.20362e-78
0.413 	2.37305e-78
0.4137 	1.54249e-78
0.4144 	7.11922e-79
0.4151 	8.43845e-84
0.4158 	7.25681e-84
0.4165 	6.06403e-84
0.4172 	4.85123e-84
0.4179 	3.63842e-84
0.4186 	2.42562e-84
0.4193 	1.21282e-84
0.42 	1.40624e-89
0.4207 	1.2131e-89
0.4214 	1.0189e-89
0.4221 	8.20784e-90
0.4228 	6.22664e-90
0.4235 	4.24545e-90
0.4242 	2.26425e-90
0.4249 	2.83054e-91
0.4256 	2.29237e-95
0.4263 	1.93485e-95
0.427 	1.56879e-95
0.4277 	1.20274e-95
0.4284 	8.36693e-96
0.4291 	4.70642e-96
0.4298 	1.04591e-96
0.4305 	4.89372e-101
0.4319 	3.38516e-101
0.4326 	2.62077e-101
0.4333 	1.85639e-101
0.434 	1.092e-101
0.4347 	3.27608e-102
0.4354 	1.21873e-106
0.4361 	1.03692e-106
0.4368 	8.51592e-107
0.4375 	6.65307e-107
0.4382 	4.79022e-107
0.4389 	2.92738e-107
0.4396 	1.06453e-107
0.4403 	4.59934e-112
0.441 	3.92681e-112
0.4417 	3.24423e-112
0.4431 	1.86791e-112
0.4438 	1.17975e-112
0.4445 	4.91588e-113
0.4452 	4.28413e-117
0.4459 	3.66957e-117
0.4466 	3.04849e-117
0.4473 	2.42087e-117
0.448 	1.79326e-117
0.4487 	1.16564e-117
0.4494 	5.38027e-118
0.4501 	6.98139e-122
0.4508 	5.9993e-122
0.4515 	5.01009e-122
0.4522 	4.0081e-122
0.4529 	3.00611e-122
0.4536 	2.00411e-122
0.4543 	1.00212e-122
0.455 	1.24363e-126
0.4557 	1.07206e-126
0.4564 	8.99764e-127
0.4571 	7.24814e-127
0.4578 	5.49864e-127
0.4585 	3.74914e-127
0.4592 	1.99964e-127
0.4599 	2.50141e-128
0.4606 	1.87272e-131
0.4613 	1.57918e-131
0.462 	1.28042e-131
0.4627 	9.81666e-132
0.4634 	6.82909e-132
0.4641 	3.84152e-132
0.4648 	8.53945e-133
0.4655 	3.17765e-136
0.4662 	2.69091e-136
0.4669 	2.19576e-136
0.4676 	1.69995e-136
0.4683 	1.20415e-136
0.469 	7.08348e-137
0.4697 	2.12544e-137
0.4704 	5.27611e-141
0.4711 	4.48485e-141
0.4718 	3.6824e-141
0.4725 	2.87689e-141
0.4732 	2.07139e-141
0.4739 	1.26588e-141
0.4746 	4.6038e-142
0.4753 	8.69402e-146
0.476 	7.41766e-146
0.4767 	6.12713e-146
0.4774 	4.82872e-146
0.4781 	3.5303e-146
0.4788 	2.23189e-146
0.4795 	9.3348e-147
0.4802 	5.93873e-149
0.4809 	5.57612e-149
0.4816 	5.21326e-149
0.4823 	4.85016e-149
0.483 	4.48706e-149
0.4837 	4.12397e-149
0.4844 	3.76087e-149
0.4851 	3.41843e-149
0.4858 	3.19999e-149
0.4865 	2.98153e-149
0.4872 	2.76303e-149
0.4879 	2.54452e-149
0.4886 	2.32602e-149
0.4893 	2.10752e-149
0.49 	1.88901e-149
0.4907 	1.76088e-149
0.4914 	1.63275e-149
0.4921 	1.50458e-149
0.4928 	1.3764e-149
0.4935 	1.24823e-149
0.4942 	1.12006e-149
0.4949 	9.91884e-150
0.4956 	9.1344e-150
0.497 	7.73097e-150
0.4984 	6.32729e-150
0.4991 	5.62544e-150
0.4998 	4.9236e-150
0.5005 	4.46607e-150
0.5012 	4.10627e-150
0.5019 	3.74631e-150
0.5026 	3.38635e-150
0.5033 	3.02638e-150
0.504 	2.66641e-150
0.5047 	2.30645e-150
0.5054 	2.05376e-150
0.5061 	1.88154e-150
0.5068 	1.70925e-150
0.5075 	1.53694e-150
0.5082 	1.36464e-150
0.5089 	1.19233e-150
0.5096 	1.02002e-150
0.5103 	8.88568e-151
0.511 	8.1159e-151
0.5117 	7.34585e-151
0.5124 	6.57564e-151
0.5131 	5.80544e-151
0.5138 	5.03523e-151
0.5145 	4.26503e-151
0.5152 	3.62287e-151
0.5159 	3.30085e-151
0.5166 	2.97872e-151
0.5173 	2.6565e-151
0.518 	2.33428e-151
0.5187 	2.01206e-151
0.5194 	1.68983e-151
0.5201 	1.39557e-151
0.5208 	1.26903e-151
0.5222 	1.01585e-151
0.5236 	7.62616e-152
0.525 	5.09381e-152
0.5264 	4.15604e-152
0.5278 	3.21768e-152
0.5292 	2.27932e-152
0.5299 	1.81014e-152
0.5306 	1.60217e-152
0.5313 	1.43773e-152
0.532 	1.27318e-152
0.5334 	9.44066e-153
0.5348 	6.14958e-153
0.5362 	4.7407e-153
0.5369 	4.19272e-153
0.5376 	3.6447e-153
0.5383 	3.09668e-153
0.539 	2.54866e-153
0.5397 	2.00064e-153
0.5404 	1.66657e-153
0.5411 	1.49295e-153
0.5418 	1.31922e-153
0.5425 	1.14545e-153
0.5432 	9.71692e-154
0.5439 	7.97928e-154
0.5446 	6.24165e-154
0.5453 	5.0236e-154
0.546 	4.49831e-154
0.5467 	3.97272e-154
0.5474 	3.44697e-154
0.5481 	2.92122e-154
0.5488 	2.39547e-154
0.5495 	1.86971e-154
0.5502 	1.45076e-154
0.5509 	1.2988e-154
0.5516 	1.14678e-154
0.5523 	9.94677e-155
0.553 	8.42578e-155
0.5537 	6.9048e-155
0.5544 	5.38381e-155
0.5551 	4.01996e-155
0.5558 	3.5989e-155
0.5565 	3.17769e-155
0.5572 	2.75621e-155
0.5579 	2.33474e-155
0.5586 	1.91327e-155
0.5593 	1.49179e-155
0.56 	1.07032e-155
0.5607 	9.58375e-156
0.5614 	8.46408e-156
0.5621 	7.3435e-156
0.5628 	6.22293e-156
0.5635 	5.10236e-156
0.5642 	3.98179e-156
0.5649 	2.86122e-156
0.5656 	2.456e-156
0.5663 	2.16998e-156
0.5677 	1.59739e-156
0.5684 	1.31109e-156
0.5691 	1.0248e-156
0.5698 	7.385e-157
0.5705 	6.06474e-157
0.5712 	5.36155e-157
0.5719 	4.65765e-157
0.5726 	3.95369e-157
0.5733 	3.24974e-157
0.574 	2.54578e-157
0.5747 	1.84182e-157
0.5754 	1.44491e-157
0.5761 	1.27827e-157
0.5768 	1.11149e-157
0.5775 	9.4467e-158
0.5782 	7.77847e-158
0.5789 	6.11024e-158
0.5796 	4.44201e-158
0.5803 	3.32541e-158
0.581 	2.94432e-158
0.5817 	2.56294e-158
0.5824 	2.1814e-158
0.5831 	1.79986e-158
0.5838 	1.41832e-158
0.5845 	1.03677e-158
0.5852 	7.40181e-159
0.5859 	6.55957e-159
0.5866 	5.71681e-159
0.588 	4.03026e-159
0.5887 	3.18698e-159
0.5894 	2.3437e-159
0.5901 	1.59517e-159
0.5908 	1.41506e-159
0.5915 	1.23488e-159
0.5922 	1.05455e-159
0.5929 	8.74216e-160
0.5936 	6.93884e-160
0.5943 	5.13552e-160
0.595 	3.33221e-160
0.5957 	2.95913e-160
0.5964 	2.58595e-160
0.5971 	2.21238e-160
0.5978 	1.83881e-160
0.5985 	1.46524e-160
0.5992 	1.09167e-160
0.5999 	7.18098e-161
0.6006 	6.00486e-161
0.6013 	5.25527e-161
0.602 	4.50473e-161
0.6027 	3.75419e-161
0.6034 	3.00365e-161
0.6041 	2.25311e-161
0.6048 	1.50257e-161
0.6055 	1.1837e-161
0.6062 	1.0375e-161
0.6069 	8.91106e-162
0.6076 	7.44699e-162
0.6083 	5.98293e-162
0.609 	4.51886e-162
0.6097 	3.0548e-162
0.6104 	2.26895e-162
0.6111 	1.99175e-162
0.6118 	1.71425e-162
0.6125 	1.43665e-162
0.6132 	1.15906e-162
0.6139 	8.81464e-163
0.6146 	6.0387e-163
0.6153 	4.23329e-163
0.616 	3.72193e-163
0.6167 	3.21008e-163
0.6174 	2.69795e-163
0.6181 	2.18583e-163
0.6188 	1.67371e-163
0.6195 	1.16159e-163
0.6202 	7.69532e-164
0.6209 	6.77648e-164
0.6216 	5.85693e-164
0.6223 	4.93668e-164
0.623 	4.01644e-164
0.6237 	3.09619e-164
0.6244 	2.17594e-164
0.6251 	1.36417e-164
0.6258 	1.2032e-164
0.6265 	1.04215e-164
0.6272 	8.80929e-165
0.6279 	7.19712e-165
0.6286 	5.58494e-165
0.6293 	3.97277e-165
0.63 	2.3606e-165
0.6307 	2.0854e-165
0.6314 	1.81011e-165
0.6321 	1.53447e-165
0.6328 	1.25883e-165
0.6335 	9.83186e-166
0.6342 	7.07546e-166
0.6349 	4.31905e-166
0.6356 	3.53135e-166
0.6363 	3.0717e-166
0.637 	2.61135e-166
0.6377 	2.15099e-166
0.6384 	1.69064e-166
0.6391 	1.23028e-166
0.6398 	7.69931e-167
0.6405 	5.84794e-167
0.6412 	5.09745e-167
0.6419 	4.34577e-167
0.6426 	3.59399e-167
0.6433 	2.84222e-167
0.644 	2.09044e-167
0.6447 	1.33867e-167
0.6454 	9.47936e-168
0.6461 	8.27988e-168
0.6468 	7.07875e-168
0.6475 	5.87716e-168
0.6482 	4.67558e-168
0.6489 	3.474e-168
0.6496 	2.27242e-168
0.6503 	1.50532e-168
0.651 	1.31753e-168
0.6517 	1.12952e-168
0.6524 	9.41397e-169
0.6531 	7.5327e-169
0.6538 	5.65143e-169
0.6545 	3.77016e-169
0.6552 	2.34403e-169
0.6566 	1.76722e-169
0.6573 	1.47842e-169
0.658 	1.18962e-169
0.6587 	9.0082e-170
0.6594 	6.12019e-170
0.6601 	3.5827e-170
0.6608 	3.14837e-170
0.6615 	2.71374e-170
0.6622 	2.27859e-170
0.6629 	1.84343e-170
0.6636 	1.40828e-170
0.6643 	9.73124e-171
0.665 	5.37968e-171
0.6657 	4.73677e-171
0.6664 	4.09359e-171
0.6671 	3.44943e-171
0.6678 	2.80526e-171
0.6685 	2.1611e-171
0.6692 	1.51694e-171
0.6699 	8.72774e-172
0.6706 	7.00552e-172
0.6713 	6.06973e-172
0.672 	5.13221e-172
0.6727 	4.19468e-172
0.6734 	3.25716e-172
0.6741 	2.31963e-172
0.6748 	1.38211e-172
0.6755 	1.01856e-172
0.6762 	8.84601e-173
0.6769 	7.50385e-173
0.6776 	6.1615e-173
0.6783 	4.81914e-173
0.679 	3.47679e-173
0.6797 	2.13443e-173
0.6804 	1.45145e-173
0.6811 	1.263e-173
0.6818 	1.07424e-173
0.6825 	8.85391e-174
0.6832 	6.96542e-174
0.6839 	5.07693e-174
0.6846 	3.18844e-174
0.6853 	1.99874e-174
0.686 	1.74076e-174
0.6867 	1.48242e-174
0.6874 	1.22388e-174
0.6881 	9.65339e-175
0.6888 	7.06798e-175
0.6895 	4.48258e-175
0.6902 	2.54138e-175
0.6909 	2.21068e-175
0.6916 	1.87961e-175
0.6923 	1.54818e-175
0.693 	1.21674e-175
0.6937 	8.85304e-176
0.6944 	5.53869e-176
0.6951 	2.64775e-176
0.6958 	2.29735e-176
0.6965 	1.94922e-176
0.6972 	1.60516e-176
0.6979 	1.2611e-176
0.6986 	9.1704e-177
0.6993 	5.7298e-177
0.7 	2.2892e-177
