0 	1
0.0007 	1
0.0014 	1
0.0021 	1
0.0028 	1
0.0035 	1
0.0042 	1
0.0049 	1
0.0056 	1
0.0063 	1
0.007 	1
0.0077 	1
0.0084 	1
0.0091 	1
0.0098 	1
0.0105 	1
0.0112 	1
0.0119 	1
0.0126 	1
0.0133 	1
0.014 	1
0.0147 	1
0.0154 	1
0.0161 	1
0.0168 	1
0.0175 	1
0.0182 	1
0.0189 	1
0.0196 	1
0.0203 	1
0.021 	1
0.0217 	1
0.0224 	1
0.0231 	1
0.0238 	1
0.0245 	1
0.0252 	1
0.0259 	1
0.0266 	1
0.0273 	1
0.028 	1
0.0287 	1
0.0294 	1
0.0301 	1
0.0308 	1
0.0315 	1
0.0322 	1
0.0329 	1
0.0336 	1
0.0343 	1
0.035 	1
0.0357 	1
0.0364 	1
0.0371 	1
0.0378 	1
0.0385 	1
0.0392 	1
0.0399 	1
0.0406 	1
0.0413 	1
0.042 	1
0.0427 	1
0.0434 	1
0.0441 	1
0.0448 	1
0.0455 	1
0.0462 	1
0.0469 	1
0.0476 	1
0.0483 	1
0.049 	1
0.0497 	1
0.0504 	1
0.0511 	1
0.0518 	1
0.0525 	1
0.0532 	1
0.0539 	1
0.0546 	1
0.0553 	1
0.056 	1
0.0567 	1
0.0574 	1
0.0581 	1
0.0588 	1
0.0595 	1
0.0602 	1
0.0609 	1
0.0616 	1
0.0623 	1
0.063 	1
0.0637 	1
0.0644 	1
0.0651 	1
0.0658 	1
0.0665 	1
0.0672 	1
0.0679 	1
0.0686 	1
0.0693 	1
0.07 	1
0.0707 	1
0.0714 	1
0.0721 	1
0.0728 	1
0.0735 	1
0.0742 	1
0.0749 	1
0.0756 	1
0.0763 	1
0.077 	1
0.0777 	1
0.0784 	1
0.0791 	1
0.0798 	1
0.0805 	1
0.0812 	1
0.0819 	1
0.0826 	1
0.0833 	1
0.084 	1
0.0847 	1
0.0854 	1
0.0861 	1
0.0868 	1
0.0875 	1
0.0882 	1
0.0889 	1
0.0896 	1
0.0903 	1
0.091 	1
0.0917 	1
0.0924 	1
0.0931 	1
0.0938 	1
0.0945 	1
0.0952 	1
0.0959 	1
0.0966 	1
0.0973 	1
0.098 	1
0.0987 	1
0.0994 	1
0.1001 	1
0.1008 	1
0.1015 	1
0.1022 	1
0.1029 	1
0.1036 	1
0.1043 	1
0.105 	1
0.1057 	1
0.1064 	1
0.1071 	1
0.1078 	1
0.1085 	1
0.1092 	1
0.1099 	1
0.1106 	1
0.1113 	1
0.112 	1
0.1127 	1
0.1134 	1
0.1141 	1
0.1148 	1
0.1155 	1
0.1162 	1
0.1169 	1
0.1176 	1
0.1183 	1
0.119 	1
0.1197 	1
0.1204 	1
0.1211 	1
0.1218 	1
0.1225 	1
0.1232 	1
0.1239 	1
0.1246 	1
0.1253 	1
0.126 	1
0.1267 	1
0.1274 	1
0.1281 	1
0.1288 	1
0.1295 	1
0.1302 	1
0.1309 	1
0.1316 	1
0.1323 	1
0.133 	1
0.1337 	1
0.1344 	1
0.1351 	1
0.1358 	1
0.1365 	1
0.1372 	1
0.1379 	1
0.1386 	1
0.1393 	1
0.14 	1
0.1407 	1
0.1414 	1
0.1421 	1
0.1428 	1
0.1435 	1
0.1442 	1
0.1449 	1
0.1456 	1
0.1463 	1
0.147 	1
0.1477 	1
0.1484 	1
0.1491 	1
0.1498 	1
0.1505 	1
0.1512 	1
0.1519 	1
0.1526 	1
0.1533 	1
0.154 	1
0.1547 	1
0.1554 	1
0.1561 	1
0.1568 	1
0.1575 	1
0.1582 	1
0.1589 	1
0.1596 	1
0.1603 	1
0.161 	1
0.1617 	1
0.1624 	1
0.1631 	1
0.1638 	1
0.1645 	1
0.1652 	1
0.1659 	1
0.1666 	1
0.1673 	1
0.168 	1
0.1687 	1
0.1694 	1
0.1701 	1
0.1708 	1
0.1715 	1
0.1722 	1
0.1729 	1
0.1736 	1
0.1743 	1
0.175 	1
0.1757 	1
0.1764 	1
0.1771 	1
0.1778 	1
0.1785 	1
0.1792 	1
0.1799 	1
0.1806 	1
0.1813 	1
0.182 	1
0.1827 	1
0.1834 	1
0.1841 	1
0.1848 	1
0.1855 	1
0.1862 	1
0.1869 	1
0.1876 	1
0.1883 	1
0.189 	1
0.1897 	1
0.1904 	1
0.1911 	1
0.1918 	1
0.1925 	1
0.1932 	1
0.1939 	1
0.1946 	1
0.1953 	1
0.196 	1
0.1967 	1
0.1974 	1
0.1981 	1
0.1988 	1
0.1995 	1
0.2002 	1
0.2009 	1
0.2016 	1
0.2023 	1
0.203 	1
0.2037 	1
0.2044 	1
0.2051 	1
0.2058 	1
0.2065 	1
0.2072 	1
0.2079 	1
0.2086 	1
0.2093 	1
0.21 	1
0.2107 	1
0.2114 	1
0.2121 	1
0.2128 	1
0.2135 	1
0.2142 	1
0.2149 	1
0.2156 	1
0.2163 	1
0.217 	1
0.2177 	1
0.2184 	1
0.2191 	0.999999
0.2198 	0.999999
0.2205 	0.999995
0.2212 	0.999948
0.2219 	0.999901
0.2226 	0.999853
0.2233 	0.999806
0.224 	0.999759
0.2247 	0.999708
0.2254 	0.999662
0.2261 	0.997039
0.2268 	0.994248
0.2275 	0.991457
0.2282 	0.988666
0.2289 	0.985875
0.2296 	0.983001
0.2303 	0.979232
0.231 	0.955688
0.2317 	0.926934
0.2324 	0.89818
0.2331 	0.869426
0.2338 	0.840671
0.2345 	0.811917
0.2352 	0.768465
0.2359 	0.712493
0.2366 	0.649683
0.2373 	0.586873
0.238 	0.524063
0.2387 	0.461253
0.2394 	0.398443
0.2401 	0.322312
0.2408 	0.261757
0.2415 	0.22071
0.2422 	0.179664
0.2429 	0.138617
0.2436 	0.0975704
0.2443 	0.0565237
0.245 	0.0351685
0.2457 	0.0256057
0.2464 	0.0212168
0.2471 	0.0168275
0.2478 	0.0124382
0.2485 	0.00804898
0.2492 	0.00365972
0.2499 	0.00127407
0.2506 	0.000920846
0.2513 	0.000769898
0.252 	0.000618927
0.2527 	0.000467955
0.2534 	0.000316984
0.2541 	0.000166013
0.2548 	6.24999e-05
0.2555 	4.47415e-05
0.2562 	3.75676e-05
0.2569 	3.03908e-05
0.2576 	2.32138e-05
0.2583 	1.60367e-05
0.259 	8.85974e-06
0.2597 	3.02811e-06
0.2604 	2.17027e-06
0.2611 	1.79461e-06
0.2618 	1.45915e-06
0.2625 	1.12362e-06
0.2632 	7.8809e-07
0.2639 	4.5256e-07
0.2646 	1.37338e-07
0.2653 	1.00745e-07
0.266 	8.03429e-08
0.2667 	6.56659e-08
0.2674 	5.09809e-08
0.2681 	3.62959e-08
0.2688 	2.16108e-08
0.2695 	6.9258e-09
0.2702 	4.44499e-09
0.2709 	3.42076e-09
0.2716 	2.80837e-09
0.2723 	2.19541e-09
0.273 	1.58246e-09
0.2737 	9.69501e-10
0.2744 	3.56544e-10
0.2751 	1.80133e-10
0.2758 	1.34135e-10
0.2765 	1.10579e-10
0.2772 	8.70027e-11
0.2779 	6.34268e-11
0.2786 	3.9851e-11
0.2793 	1.62751e-11
0.28 	6.58886e-12
0.2807 	4.78658e-12
0.2814 	3.93922e-12
0.2821 	3.09232e-12
0.2828 	2.24542e-12
0.2835 	1.39852e-12
0.2842 	5.51618e-13
0.2849 	1.11008e-13
0.2856 	7.95602e-14
0.2863 	6.54811e-14
0.287 	5.14564e-14
0.2877 	3.74317e-14
0.2884 	2.3407e-14
0.2891 	9.38236e-15
0.2898 	3.284e-16
0.2905 	2.31434e-16
0.2912 	1.9118e-16
0.2919 	1.51242e-16
0.2926 	1.11328e-16
0.2933 	7.14135e-17
0.294 	3.14994e-17
0.2947 	1.47404e-19
0.2954 	1.04551e-19
0.2961 	8.50986e-20
0.2968 	6.78075e-20
0.2975 	5.05609e-20
0.2982 	3.33143e-20
0.2989 	1.60677e-20
0.2996 	7.32967e-23
0.3003 	5.31006e-23
0.301 	4.18663e-23
0.3017 	3.35803e-23
0.3024 	2.53303e-23
0.3031 	1.70803e-23
0.3038 	8.83022e-24
0.3045 	5.80174e-25
0.3052 	5.95487e-27
0.3059 	4.56086e-27
0.3066 	3.68143e-27
0.3073 	2.80738e-27
0.308 	1.93334e-27
0.3087 	1.05929e-27
0.3094 	1.85238e-28
0.3101 	3.60475e-31
0.3108 	2.68895e-31
0.3115 	2.18403e-31
0.3122 	1.68242e-31
0.3129 	1.1808e-31
0.3136 	6.79183e-32
0.3143 	1.77568e-32
0.315 	2.22211e-35
0.3157 	1.6185e-35
0.3164 	1.32255e-35
0.3171 	1.02839e-35
0.3178 	7.34231e-36
0.3185 	4.40071e-36
0.3192 	1.45911e-36
0.3199 	1.31792e-39
0.3206 	9.4431e-40
0.3213 	7.76275e-40
0.322 	6.08904e-40
0.3227 	4.41533e-40
0.3234 	2.74162e-40
0.3241 	1.06791e-40
0.3248 	7.469e-44
0.3255 	5.27081e-44
0.3262 	4.35876e-44
0.3269 	3.44689e-44
0.3276 	2.53504e-44
0.3283 	1.62318e-44
0.329 	7.11325e-45
0.3297 	4.05105e-48
0.3304 	2.8763e-48
0.3311 	2.34413e-48
0.3318 	1.86823e-48
0.3325 	1.3919e-48
0.3332 	9.15565e-49
0.3339 	4.39235e-49
0.3346 	2.11976e-52
0.3353 	1.53734e-52
0.336 	1.21711e-52
0.3367 	9.77352e-53
0.3374 	7.36871e-53
0.3381 	4.96391e-53
0.3388 	2.55911e-53
0.3395 	1.54307e-54
0.3402 	7.95395e-57
0.3409 	6.13826e-57
0.3416 	4.96511e-57
0.3423 	3.78469e-57
0.343 	2.60426e-57
0.3437 	1.42384e-57
0.3444 	2.43421e-58
0.3451 	4.0072e-61
0.3458 	3.02364e-61
0.3465 	2.4629e-61
0.3472 	1.89649e-61
0.3479 	1.33008e-61
0.3486 	7.63672e-62
0.3493 	1.97262e-62
0.35 	1.97068e-65
0.3507 	1.45788e-65
0.3514 	1.19545e-65
0.3521 	9.29221e-66
0.3528 	6.62993e-66
0.3535 	3.96765e-66
0.3542 	1.30538e-66
0.3549 	9.45588e-70
0.3556 	6.8855e-70
0.3563 	5.68179e-70
0.357 	4.45526e-70
0.3577 	3.22872e-70
0.3584 	2.00218e-70
0.3591 	7.75641e-71
0.3598 	4.44063e-74
0.3605 	3.18725e-74
0.3612 	2.64492e-74
0.3619 	2.09161e-74
0.3626 	1.53746e-74
0.3633 	9.8331e-75
0.364 	4.2916e-75
0.3647 	2.04477e-78
0.3654 	1.47629e-78
0.3661 	1.20814e-78
0.3668 	9.63336e-79
0.3675 	7.17368e-79
0.3682 	4.714e-79
0.3689 	2.25433e-79
0.3696 	9.25522e-83
0.3703 	6.80232e-83
0.371 	5.43045e-83
0.3717 	4.36382e-83
0.3724 	3.28861e-83
0.3731 	2.21341e-83
0.3738 	1.1382e-83
0.3745 	6.29924e-85
0.3752 	3.08255e-87
0.3759 	2.40856e-87
0.3766 	1.9496e-87
0.3773 	1.48548e-87
0.378 	1.02137e-87
0.3787 	5.57248e-88
0.3794 	9.31311e-89
0.3801 	1.37702e-91
0.3808 	1.05615e-91
0.3815 	8.60736e-92
0.3822 	6.62535e-92
0.3829 	4.64334e-92
0.3836 	2.66133e-92
0.3843 	6.79321e-93
0.385 	6.07216e-96
0.3857 	4.58344e-96
0.3864 	3.75932e-96
0.3871 	2.92109e-96
0.3878 	2.08286e-96
0.3885 	1.24463e-96
0.3892 	4.06397e-97
0.3899 	2.64486e-100
0.3906 	1.9685e-100
0.3913 	1.62426e-100
0.392 	1.27321e-100
0.3927 	9.22166e-101
0.3934 	5.71121e-101
0.3941 	2.20076e-101
0.3948 	1.13724e-104
0.3955 	8.36199e-105
0.3962 	6.93655e-105
0.3969 	5.48371e-105
0.3976 	4.02876e-105
0.3983 	2.57381e-105
0.399 	1.11886e-105
0.3997 	4.82412e-109
0.4004 	3.56939e-109
0.4011 	2.92619e-109
0.4018 	2.33236e-109
0.4025 	1.73602e-109
0.4032 	1.13968e-109
0.4039 	5.43331e-110
0.4046 	2.01762e-113
0.4053 	1.51612e-113
0.406 	1.21894e-113
0.4067 	9.79045e-114
0.4074 	7.37497e-114
0.4081 	4.95948e-114
0.4088 	2.54399e-114
0.4095 	1.28507e-115
0.4102 	6.33717e-118
0.4109 	5.01128e-118
0.4116 	4.05401e-118
0.4123 	3.08769e-118
0.413 	2.12137e-118
0.4137 	1.15505e-118
0.4144 	1.88726e-119
0.4151 	2.60619e-122
0.4158 	2.03232e-122
0.4165 	1.6552e-122
0.4172 	1.27359e-122
0.4179 	8.91978e-123
0.4186 	5.10369e-123
0.4193 	1.28759e-123
0.42 	1.05429e-126
0.4207 	8.12578e-127
0.4214 	6.65986e-127
0.4221 	5.17313e-127
0.4228 	3.68639e-127
0.4235 	2.19966e-127
0.4242 	7.12922e-128
0.4249 	4.19628e-131
0.4256 	3.20194e-131
0.4263 	2.63984e-131
0.427 	2.06865e-131
0.4277 	1.49746e-131
0.4284 	9.26266e-132
0.4291 	3.55074e-132
0.4298 	1.64196e-135
0.4305 	1.24324e-135
0.4312 	1.03049e-135
0.4319 	8.14374e-136
0.4326 	5.98001e-136
0.4333 	3.81629e-136
0.434 	1.65256e-136
0.4347 	6.3113e-140
0.4354 	4.81811e-140
0.4361 	3.95829e-140
0.4368 	3.15371e-140
0.4375 	2.34628e-140
0.4382 	1.53886e-140
0.4389 	7.31432e-141
0.4396 	2.3819e-144
0.4403 	1.84626e-144
0.441 	1.49579e-144
0.4417 	1.20088e-144
0.4424 	9.04237e-145
0.4431 	6.07594e-145
0.4438 	3.1095e-145
0.4445 	1.4307e-146
0.4452 	1.22259e-148
0.4459 	1.08597e-148
0.4466 	9.38986e-149
0.4473 	7.79833e-149
0.448 	6.2068e-149
0.4487 	4.61528e-149
0.4494 	3.02375e-149
0.4501 	2.36972e-149
0.4508 	2.23962e-149
0.4515 	2.0565e-149
0.4522 	1.84026e-149
0.4529 	1.62403e-149
0.4536 	1.40779e-149
0.4543 	1.19156e-149
0.455 	1.01141e-149
0.4557 	9.05959e-150
0.4564 	8.1758e-150
0.4571 	7.23422e-150
0.4578 	6.29263e-150
0.4585 	5.35104e-150
0.4592 	4.40946e-150
0.4599 	3.67616e-150
0.4606 	3.20502e-150
0.4613 	2.86723e-150
0.462 	2.52027e-150
0.4627 	2.17331e-150
0.4634 	1.82635e-150
0.4641 	1.4794e-150
0.4648 	1.1985e-150
0.4655 	1.0294e-150
0.4662 	9.16094e-151
0.4669 	8.01668e-151
0.4676 	6.87155e-151
0.4683 	5.72642e-151
0.469 	4.58129e-151
0.4697 	3.58743e-151
0.4704 	3.06792e-151
0.4711 	2.70713e-151
0.4718 	2.36237e-151
0.4725 	2.01722e-151
0.4732 	1.67207e-151
0.4739 	1.32691e-151
0.4746 	1.00181e-151
0.4753 	8.57497e-152
0.476 	7.49301e-152
0.4767 	6.52795e-152
0.4774 	5.56136e-152
0.4781 	4.59477e-152
0.4788 	3.62817e-152
0.4795 	2.66158e-152
0.4802 	2.26191e-152
0.4809 	1.95924e-152
0.4816 	1.70542e-152
0.4823 	1.451e-152
0.483 	1.19658e-152
0.4837 	9.42159e-153
0.4844 	6.87738e-153
0.4851 	5.6624e-153
0.4858 	4.86624e-153
0.4865 	4.23454e-153
0.4872 	3.60069e-153
0.4879 	2.96685e-153
0.4886 	2.333e-153
0.4893 	1.69916e-153
0.49 	1.35066e-153
0.4907 	1.15267e-153
0.4914 	1.00318e-153
0.4921 	8.53003e-154
0.4928 	7.02821e-154
0.4935 	5.5264e-154
0.4942 	4.02458e-154
0.4949 	3.07506e-154
0.4956 	2.61267e-154
0.4963 	2.27499e-154
0.497 	1.93527e-154
0.4977 	1.59554e-154
0.4984 	1.25582e-154
0.4991 	9.16091e-155
0.4998 	6.70801e-155
0.5005 	5.68429e-155
0.5012 	4.95326e-155
0.5019 	4.21739e-155
0.5026 	3.48115e-155
0.5033 	2.7449e-155
0.504 	2.00866e-155
0.5047 	1.40603e-155
0.5054 	1.19758e-155
0.5061 	1.03842e-155
0.5068 	8.85313e-156
0.5075 	7.31952e-156
0.5082 	5.7859e-156
0.5089 	4.25229e-156
0.5096 	2.83951e-156
0.5103 	2.43992e-156
0.511 	2.10223e-156
0.5117 	1.79514e-156
0.5124 	1.48714e-156
0.5131 	1.17913e-156
0.5138 	8.71131e-157
0.5145 	5.63128e-157
0.5152 	4.80923e-157
0.5159 	4.12103e-157
0.5166 	3.5255e-157
0.5173 	2.92732e-157
0.518 	2.32914e-157
0.5187 	1.73096e-157
0.5194 	1.13277e-157
0.5201 	9.19585e-158
0.5208 	7.84368e-158
0.5215 	6.72385e-158
0.5222 	5.59716e-158
0.5229 	4.47047e-158
0.5236 	3.34379e-158
0.5243 	2.2171e-158
0.525 	1.71046e-158
0.5257 	1.45341e-158
0.5264 	1.24864e-158
0.5271 	1.04225e-158
0.5278 	8.35858e-159
0.5285 	6.29465e-159
0.5292 	4.23072e-159
0.5299 	3.0826e-159
0.5306 	2.62897e-159
0.5313 	2.26385e-159
0.532 	1.8951e-159
0.5327 	1.52634e-159
0.5334 	1.15759e-159
0.5341 	7.88839e-160
0.5348 	5.42537e-160
0.5355 	4.65505e-160
0.5362 	4.01778e-160
0.5369 	3.37387e-160
0.5376 	2.72944e-160
0.5383 	2.08502e-160
0.539 	1.44059e-160
0.5397 	9.35161e-161
0.5404 	8.13168e-161
0.5411 	6.99988e-161
0.5418 	5.8978e-161
0.5425 	4.79298e-161
0.5432 	3.68816e-161
0.5439 	2.58334e-161
0.5446 	1.58333e-161
0.5453 	1.40001e-161
0.546 	1.20087e-161
0.5467 	1.01529e-161
0.5474 	8.28902e-162
0.5481 	6.42519e-162
0.5488 	4.56135e-162
0.5495 	2.69752e-162
0.5502 	2.37913e-162
0.5509 	2.03492e-162
0.5516 	1.72648e-162
0.5523 	1.41611e-162
0.553 	1.10574e-162
0.5537 	7.95379e-163
0.5544 	4.85013e-163
0.5551 	4.00442e-163
0.5558 	3.41754e-163
0.5565 	2.90985e-163
0.5572 	2.39798e-163
0.5579 	1.8861e-163
0.5586 	1.37423e-163
0.5593 	8.62361e-164
0.56 	6.70108e-164
0.5607 	5.70966e-164
0.5614 	4.87897e-164
0.5621 	4.03975e-164
0.5628 	3.20053e-164
0.5635 	2.36131e-164
0.5642 	1.52209e-164
0.5649 	1.10332e-164
0.5656 	9.52855e-165
0.5663 	8.17181e-165
0.567 	6.79843e-165
0.5677 	5.42505e-165
0.5684 	4.05167e-165
0.5691 	2.67829e-165
0.5698 	1.81834e-165
0.5705 	1.59564e-165
0.5712 	1.37323e-165
0.5719 	1.14809e-165
0.5726 	9.22745e-166
0.5733 	6.97397e-166
0.574 	4.72049e-166
0.5747 	3.01468e-166
0.5754 	2.70534e-166
0.5761 	2.3268e-166
0.5768 	1.95527e-166
0.5775 	1.58272e-166
0.5782 	1.21016e-166
0.5789 	8.37603e-167
0.5796 	5.05521e-167
0.5803 	4.6531e-167
0.581 	3.99698e-167
0.5817 	3.3759e-167
0.5824 	2.75203e-167
0.5831 	2.12815e-167
0.5838 	1.50428e-167
0.5845 	8.80405e-168
0.5852 	8.15377e-168
0.5859 	6.99834e-168
0.5866 	5.94088e-168
0.5873 	4.87699e-168
0.588 	3.81309e-168
0.5887 	2.7492e-168
0.5894 	1.6853e-168
0.5901 	1.46359e-168
0.5908 	1.25561e-168
0.5915 	1.07126e-168
0.5922 	8.85538e-169
0.5929 	6.9981e-169
0.5936 	5.14083e-169
0.5943 	3.28356e-169
0.595 	2.70574e-169
0.5957 	2.32077e-169
0.5964 	1.98995e-169
0.5971 	1.65627e-169
0.5978 	1.3226e-169
0.5985 	9.88917e-170
0.5992 	6.55239e-170
0.5999 	5.06119e-170
0.6006 	4.44184e-170
0.6013 	3.82751e-170
0.602 	3.20735e-170
0.6027 	2.5872e-170
0.6034 	1.96704e-170
0.6041 	1.34688e-170
0.6048 	9.83268e-171
0.6055 	8.8441e-171
0.6062 	7.65714e-171
0.6069 	6.45999e-171
0.6076 	5.26205e-171
0.6083 	4.06411e-171
0.609 	2.86617e-171
0.6097 	1.99215e-171
0.6104 	1.84566e-171
0.6111 	1.59933e-171
0.6118 	1.35827e-171
0.6125 	1.11679e-171
0.6132 	8.75314e-172
0.6139 	6.33837e-172
0.6146 	4.22071e-172
0.6153 	4.03487e-172
0.616 	3.49619e-172
0.6167 	2.98805e-172
0.6174 	2.47865e-172
0.6181 	1.96924e-172
0.6188 	1.45984e-172
0.6195 	9.50438e-173
0.6202 	9.23692e-173
0.6209 	8.00231e-173
0.6216 	6.87974e-173
0.6223 	5.75388e-173
0.623 	4.62803e-173
0.6237 	3.50218e-173
0.6244 	2.37632e-173
0.6251 	2.21042e-173
0.6258 	1.91416e-173
0.6265 	1.65452e-173
0.6272 	1.39407e-173
0.6279 	1.13363e-173
0.6286 	8.73193e-174
0.6293 	6.12753e-174
0.63 	5.50582e-174
0.6307 	4.76435e-174
0.6314 	4.13778e-174
0.6321 	3.50935e-174
0.6328 	2.88091e-174
0.6335 	2.25248e-174
0.6342 	1.62404e-174
0.6349 	1.37923e-174
0.6356 	1.22597e-174
0.6363 	1.06911e-174
0.637 	9.11836e-175
0.6377 	7.54558e-175
0.6384 	5.9728e-175
0.6391 	4.40003e-175
0.6398 	3.5431e-175
0.6405 	3.23498e-175
0.6412 	2.83064e-175
0.6419 	2.42552e-175
0.6426 	2.02034e-175
0.6433 	1.61516e-175
0.644 	1.20999e-175
0.6447 	9.2486e-176
0.6454 	8.70683e-176
0.6461 	7.60884e-176
0.6468 	6.5443e-176
0.6475 	5.47945e-176
0.6482 	4.41459e-176
0.6489 	3.34974e-176
0.6496 	2.42876e-176
0.6503 	2.3584e-176
0.651 	2.05584e-176
0.6517 	1.77325e-176
0.6524 	1.49058e-176
0.6531 	1.20792e-176
0.6538 	9.25248e-177
0.6545 	6.4258e-177
0.6552 	6.35571e-177
0.6559 	5.52495e-177
0.6566 	4.77519e-177
0.6573 	4.0253e-177
0.658 	3.2754e-177
0.6587 	2.52551e-177
0.6594 	1.77561e-177
0.6601 	1.68511e-177
0.6608 	1.46051e-177
0.6615 	1.2639e-177
0.6622 	1.06729e-177
0.6629 	8.70684e-178
0.6636 	6.74077e-178
0.6643 	4.77471e-178
0.665 	4.34124e-178
0.6657 	3.7511e-178
0.6664 	3.24769e-178
0.6671 	2.74447e-178
0.6678 	2.24125e-178
0.6685 	1.73803e-178
0.6692 	1.23481e-178
0.6699 	1.04031e-178
0.6706 	9.2226e-179
0.6713 	7.98221e-179
0.672 	6.74278e-179
0.6727 	5.50335e-179
0.6734 	4.26392e-179
0.6741 	3.0245e-179
0.6748 	2.3414e-179
0.6755 	2.12878e-179
0.6762 	1.84019e-179
0.6769 	1.55189e-179
0.6776 	1.2636e-179
0.6783 	9.75317e-180
0.679 	6.87032e-180
0.6797 	4.81486e-180
0.6804 	4.50199e-180
0.6811 	3.87005e-180
0.6818 	3.25353e-180
0.6825 	2.63714e-180
0.6832 	2.02076e-180
0.6839 	1.40437e-180
0.6846 	8.67691e-181
0.6853 	8.3367e-181
0.686 	7.11831e-181
0.6867 	5.9558e-181
0.6874 	4.79363e-181
0.6881 	3.63146e-181
0.6888 	2.46928e-181
0.6895 	1.30711e-181
0.6902 	1.26164e-181
0.6909 	1.06935e-181
0.6916 	8.8888e-182
0.6923 	7.08458e-182
0.693 	5.28036e-182
0.6937 	3.47614e-182
0.6944 	1.67192e-182
0.6951 	1.37729e-182
0.6958 	1.15235e-182
0.6965 	9.41808e-183
0.6972 	7.40444e-183
0.6979 	5.39079e-183
0.6986 	3.37714e-183
0.6993 	1.3635e-183
0.7 	7.6124e-184
