0 	1
0.0007 	1
0.0014 	1
0.0021 	1
0.0028 	1
0.0035 	1
0.0042 	1
0.0049 	1
0.0056 	1
0.0063 	1
0.007 	1
0.0077 	1
0.0084 	1
0.0091 	1
0.0098 	1
0.0105 	1
0.0112 	1
0.0119 	1
0.0126 	1
0.0133 	1
0.014 	1
0.0147 	1
0.0154 	1
0.0161 	1
0.0168 	1
0.0175 	1
0.0182 	1
0.0189 	1
0.0196 	1
0.0203 	1
0.021 	1
0.0217 	1
0.0224 	1
0.0231 	1
0.0238 	1
0.0245 	1
0.0252 	1
0.0259 	1
0.0266 	1
0.0273 	1
0.028 	1
0.0287 	1
0.0294 	1
0.0301 	1
0.0308 	1
0.0315 	1
0.0322 	1
0.0329 	1
0.0336 	1
0.0343 	1
0.035 	1
0.0357 	1
0.0364 	1
0.0371 	1
0.0378 	1
0.0385 	1
0.0392 	1
0.0399 	1
0.0406 	1
0.0413 	1
0.042 	1
0.0427 	1
0.0434 	1
0.0441 	1
0.0448 	1
0.0455 	1
0.0462 	1
0.0469 	1
0.0476 	1
0.0483 	1
0.049 	1
0.0497 	1
0.0504 	1
0.0511 	1
0.0518 	1
0.0525 	1
0.0532 	1
0.0539 	1
0.0546 	1
0.0553 	1
0.056 	1
0.0567 	1
0.0574 	1
0.0581 	1
0.0588 	1
0.0595 	1
0.0602 	1
0.0609 	1
0.0616 	1
0.0623 	1
0.063 	1
0.0637 	1
0.0644 	1
0.0651 	1
0.0658 	1
0.0665 	1
0.0672 	1
0.0679 	1
0.0686 	1
0.0693 	1
0.07 	1
0.0707 	1
0.0714 	1
0.0721 	1
0.0728 	1
0.0735 	1
0.0742 	1
0.0749 	1
0.0756 	1
0.0763 	1
0.077 	1
0.0777 	1
0.0784 	1
0.0791 	1
0.0798 	1
0.0805 	1
0.0812 	1
0.0819 	1
0.0826 	1
0.0833 	1
0.084 	1
0.0847 	1
0.0854 	1
0.0861 	1
0.0868 	1
0.0875 	1
0.0882 	1
0.0889 	1
0.0896 	1
0.0903 	1
0.091 	1
0.0917 	1
0.0924 	1
0.0931 	1
0.0938 	1
0.0945 	1
0.0952 	1
0.0959 	1
0.0966 	1
0.0973 	1
0.098 	1
0.0987 	1
0.0994 	1
0.1001 	1
0.1008 	1
0.1015 	1
0.1022 	1
0.1029 	1
0.1036 	1
0.1043 	1
0.105 	1
0.1057 	1
0.1064 	1
0.1071 	1
0.1078 	1
0.1085 	1
0.1092 	1
0.1099 	0.999999
0.1106 	0.999999
0.1113 	0.999999
0.112 	0.999999
0.1127 	0.999998
0.1134 	0.999998
0.1141 	0.999998
0.1148 	0.999997
0.1155 	0.999996
0.1162 	0.999995
0.1169 	0.999995
0.1176 	0.999995
0.1183 	0.999994
0.119 	0.999994
0.1197 	0.999994
0.1204 	0.999993
0.1211 	0.999992
0.1218 	0.999992
0.1225 	0.999992
0.1232 	0.999992
0.1239 	0.999992
0.1246 	0.999994
0.1253 	0.999995
0.126 	0.999997
0.1267 	0.999997
0.1274 	0.999998
0.1281 	0.999998
0.1288 	0.999998
0.1295 	0.999998
0.1302 	0.999997
0.1309 	0.999999
0.1316 	1
0.1323 	1
0.133 	1
0.1337 	1
0.1344 	0.999999
0.1351 	0.999998
0.1358 	0.999999
0.1365 	1
0.1372 	0.999999
0.1379 	0.999999
0.1386 	0.999999
0.1393 	0.999998
0.14 	0.999997
0.1407 	0.999997
0.1414 	0.999996
0.1421 	0.999995
0.1428 	0.999993
0.1435 	0.999991
0.1442 	0.99999
0.1449 	0.999988
0.1456 	0.999986
0.1463 	0.999984
0.147 	0.99998
0.1477 	0.999977
0.1484 	0.999973
0.1491 	0.99997
0.1498 	0.999966
0.1505 	0.999963
0.1512 	0.99996
0.1519 	0.999956
0.1526 	0.999952
0.1533 	0.999948
0.154 	0.999944
0.1547 	0.999939
0.1554 	0.999932
0.1561 	0.99992
0.1568 	0.999905
0.1575 	0.99989
0.1582 	0.999876
0.1589 	0.999862
0.1596 	0.99984
0.1603 	0.99979
0.161 	0.999711
0.1617 	0.999654
0.1624 	0.999599
0.1631 	0.999544
0.1638 	0.999489
0.1645 	0.999437
0.1652 	0.999334
0.1659 	0.999082
0.1666 	0.999019
0.1673 	0.998955
0.168 	0.998891
0.1687 	0.998826
0.1694 	0.998777
0.1701 	0.99888
0.1708 	0.998603
0.1715 	0.998625
0.1722 	0.998647
0.1729 	0.998669
0.1736 	0.99869
0.1743 	0.998712
0.175 	0.999
0.1757 	0.999023
0.1764 	0.999091
0.1771 	0.999159
0.1778 	0.999228
0.1785 	0.999296
0.1792 	0.999364
0.1799 	0.999481
0.1806 	0.99955
0.1813 	0.999573
0.182 	0.999595
0.1827 	0.999617
0.1834 	0.999638
0.1841 	0.99966
0.1848 	0.99967
0.1855 	0.999648
0.1862 	0.999647
0.1869 	0.999636
0.1876 	0.99962
0.1883 	0.999604
0.189 	0.999587
0.1897 	0.999569
0.1904 	0.999514
0.1911 	0.999532
0.1918 	0.999539
0.1925 	0.999575
0.1932 	0.999676
0.1939 	0.999759
0.1946 	0.999823
0.1953 	0.999888
0.196 	0.999912
0.1967 	0.999942
0.1974 	0.999972
0.1981 	0.999983
0.1988 	0.999992
0.1995 	0.999996
0.2002 	0.999998
0.2009 	0.999999
0.2016 	1
0.2023 	1
0.203 	1
0.2037 	1
0.2065 	1
0.2072 	1
0.2079 	1
0.2086 	1
0.2093 	1
0.21 	1
0.2114 	1
0.2121 	1
0.2128 	1
0.2135 	1
0.2142 	1
0.2149 	1
0.2177 	0.999996
0.2184 	0.999993
0.2191 	0.99999
0.2198 	0.999984
0.2205 	0.999915
0.2212 	0.999819
0.2226 	0.986328
0.224 	0.833326
0.2247 	0.633995
0.2254 	0.422489
0.2261 	0.201854
0.2268 	0.0983364
0.2275 	0.0267605
0.2282 	0.0224126
0.2289 	0.0187867
0.2296 	0.0178084
0.2303 	0.0162543
0.231 	0.0139325
0.2317 	0.0110069
0.2324 	0.00774589
0.2331 	0.00535627
0.2338 	0.00319834
0.2352 	0.00129899
0.2359 	0.000854719
0.2366 	0.000535469
0.2373 	0.000341243
0.238 	0.000225515
0.2387 	0.000141187
0.2394 	9.9643e-05
0.2401 	6.41201e-05
0.2408 	4.4977e-05
0.2415 	3.00934e-05
0.2429 	2.94038e-05
0.2436 	4.62372e-05
0.2443 	9.66112e-05
0.245 	0.000156133
0.2457 	0.000185246
0.2464 	0.000199048
0.2471 	0.000156712
0.2478 	0.00011269
0.2485 	6.64179e-05
0.2492 	3.60716e-05
0.2499 	1.45722e-05
0.2506 	7.69416e-06
0.2513 	3.83245e-06
0.2555 	0.000465301
0.2562 	0.000620565
0.2569 	0.000672596
0.2583 	0.000668308
0.259 	0.000599126
0.2597 	0.000471656
0.2625 	3.61027e-05
0.2632 	1.90887e-05
0.2709 	0.000288459
0.2716 	0.000355885
0.2723 	0.00040613
0.273 	0.000395806
0.2744 	0.000270202
0.2751 	0.00017747
0.2758 	0.00010078
0.2765 	5.06777e-05
0.2772 	4.8351e-05
0.2779 	5.11397e-05
0.2786 	5.77648e-05
0.2793 	6.25539e-05
0.28 	6.68471e-05
0.2807 	6.97622e-05
0.2814 	7.43375e-05
0.2835 	9.07138e-05
0.2863 	1.48902e-05
0.287 	1.32481e-05
0.2877 	1.13824e-05
0.2884 	8.95717e-06
0.2891 	6.39442e-06
0.2898 	3.69672e-06
0.2905 	1.94439e-06
0.2912 	5.70199e-07
0.2919 	2.52154e-07
0.2926 	4.6888e-08
0.2933 	2.76133e-08
0.294 	1.35167e-08
0.2947 	8.74095e-09
0.3003 	1.79664e-08
0.301 	1.39294e-08
0.3017 	1.66881e-08
0.3024 	2.32129e-08
0.3031 	1.51351e-07
0.3038 	3.17914e-07
0.3045 	7.17765e-07
0.3052 	1.16087e-06
0.3059 	1.71209e-06
0.3066 	2.09327e-06
0.3073 	2.30468e-06
0.308 	1.99563e-06
0.3087 	1.4784e-06
0.3094 	8.77137e-07
0.3101 	3.29887e-07
0.3108 	1.45196e-07
0.3115 	2.12567e-08
0.3122 	6.67598e-09
0.3129 	2.94941e-10
0.3136 	6.36277e-11
0.3143 	1.58544e-11
0.3164 	1.81764e-11
0.3171 	1.55895e-11
0.3178 	1.25505e-11
0.3185 	8.90874e-12
0.3192 	6.10313e-12
0.3199 	3.76025e-12
0.3206 	2.55018e-12
0.3213 	1.56749e-12
0.322 	1.08603e-12
0.3227 	6.73948e-13
0.3241 	2.61716e-13
0.3248 	1.53209e-13
0.3255 	9.07618e-14
0.3262 	4.67391e-14
0.3269 	2.84218e-14
0.3276 	1.36135e-14
0.3283 	8.01229e-15
0.329 	3.7796e-15
0.3297 	2.00895e-15
0.3325 	7.89267e-17
0.3332 	4.45351e-17
0.3339 	1.58462e-17
0.3346 	8.0459e-18
0.3353 	2.89146e-18
0.336 	1.26485e-18
0.3367 	4.82497e-19
0.3374 	1.68783e-19
0.3381 	7.51042e-20
0.3388 	2.14578e-20
0.3395 	1.13661e-20
0.3402 	3.63511e-21
0.3409 	1.80596e-21
0.3416 	7.18461e-22
0.3423 	3.7205e-22
0.343 	2.29711e-22
0.3437 	1.69001e-22
0.3444 	1.59837e-22
0.3451 	1.55964e-22
0.3465 	1.63111e-22
0.3472 	1.64015e-22
0.3479 	1.55377e-22
0.3486 	1.39584e-22
0.3493 	1.12156e-22
0.35 	8.15651e-23
0.3507 	5.67924e-23
0.3514 	3.48039e-23
0.3521 	2.30247e-23
0.3528 	1.42527e-23
0.3535 	9.4903e-24
0.3542 	6.45984e-24
0.3549 	4.39075e-24
0.3556 	3.2022e-24
0.3563 	2.19389e-24
0.357 	1.61878e-24
0.3577 	1.11632e-24
0.3584 	7.95453e-25
0.3591 	5.48112e-25
0.3598 	3.7419e-25
0.3626 	7.51689e-26
0.3647 	2.20286e-26
0.3654 	1.42478e-26
0.3661 	9.006e-27
0.3668 	5.99595e-27
0.3675 	3.59391e-27
0.3682 	2.50907e-27
0.3689 	1.5517e-27
0.3696 	1.06119e-27
0.3703 	6.83872e-28
0.371 	4.57467e-28
0.3717 	3.07082e-28
0.3724 	1.98881e-28
0.3731 	1.37679e-28
0.3738 	8.62354e-29
0.3745 	5.97066e-29
0.3752 	3.70873e-29
0.3759 	2.42414e-29
0.3766 	1.48781e-29
0.3773 	8.99307e-30
0.3787 	3.00618e-30
0.3794 	1.9008e-30
0.3801 	9.92454e-31
0.3829 	1.15675e-31
0.3836 	6.93647e-32
0.3843 	4.70526e-32
0.385 	3.12794e-32
0.3857 	2.59413e-32
0.3864 	2.13223e-32
0.3871 	1.93404e-32
0.3878 	1.77362e-32
0.3885 	1.66358e-32
0.3892 	1.5439e-32
0.3899 	1.41892e-32
0.3906 	1.22986e-32
0.3913 	1.02744e-32
0.392 	7.89242e-33
0.3927 	5.67493e-33
0.3934 	3.86874e-33
0.3941 	2.48703e-33
0.3948 	1.5288e-33
0.3955 	9.55626e-34
0.3962 	5.36469e-34
0.3969 	3.47259e-34
0.4011 	1.14443e-35
0.4018 	6.65164e-36
0.4025 	3.27e-36
0.4032 	2.08458e-36
0.4039 	1.06122e-36
0.4046 	6.31714e-37
0.4053 	3.17461e-37
0.406 	1.56879e-37
0.4067 	6.94919e-38
0.4074 	2.2783e-38
0.4081 	1.00233e-38
0.4088 	3.31009e-39
0.4102 	3.8357e-40
0.4116 	5.69505e-41
0.4123 	2.31029e-41
0.413 	9.06606e-42
0.4137 	2.95352e-42
0.4144 	1.40163e-42
0.4151 	3.46203e-43
0.4158 	1.69428e-43
0.4165 	4.63895e-44
0.4172 	2.00164e-44
0.4179 	6.58449e-45
0.4186 	2.85841e-45
0.4193 	1.50577e-45
0.42 	8.00023e-46
0.4207 	5.55641e-46
0.4214 	3.38638e-46
0.4221 	2.22033e-46
0.4228 	1.32744e-46
0.4235 	7.98771e-47
0.4242 	4.71464e-47
0.4249 	2.56045e-47
0.4256 	1.5458e-47
0.4263 	7.58763e-48
0.427 	4.62193e-48
0.4277 	2.2217e-48
0.4284 	1.23513e-48
0.4291 	5.9086e-49
0.4298 	2.89017e-49
0.4347 	1.14359e-51
0.4354 	4.75367e-52
0.4361 	2.05347e-52
0.4368 	9.82235e-53
0.4375 	3.54897e-53
0.4382 	2.03061e-53
0.4389 	7.59636e-54
0.4396 	3.93469e-54
0.4403 	1.48761e-54
0.4417 	2.56451e-55
0.4424 	8.80318e-56
0.4431 	3.79943e-56
0.4438 	9.52354e-57
0.4445 	4.74173e-57
0.4452 	1.13858e-57
0.4459 	4.82054e-58
0.4466 	1.1522e-58
0.4473 	3.75151e-59
0.4529 	4.63579e-64
0.4536 	1.53504e-64
0.4543 	5.51833e-65
0.4557 	7.85625e-66
0.4564 	2.35779e-66
0.4571 	1.17303e-66
0.4578 	4.0601e-67
0.4592 	9.30805e-68
0.4599 	4.9689e-68
0.4606 	3.27206e-68
0.4613 	2.06756e-68
0.462 	1.53741e-68
0.4627 	1.07932e-68
0.4634 	8.01353e-69
0.4641 	5.88161e-69
0.4648 	4.39812e-69
0.4655 	3.48284e-69
0.4662 	2.79484e-69
0.4669 	2.39095e-69
0.4676 	2.02691e-69
0.4683 	1.76893e-69
0.469 	1.57223e-69
0.4711 	1.46786e-69
0.4718 	1.60683e-68
0.4725 	3.46385e-68
0.4732 	8.77099e-68
0.4739 	1.26266e-67
0.4746 	1.11528e-67
0.4753 	8.01773e-68
0.476 	2.66748e-68
0.4767 	4.8214e-69
0.4774 	5.85127e-70
0.4781 	-2.1053e-71
0.4788 	-2.22005e-71
0.4795 	-2.31294e-71
0.4809 	-2.47723e-71
0.4816 	-2.5447e-71
0.4823 	-2.60348e-71
0.4837 	-2.68932e-71
0.4844 	-2.71177e-71
0.4851 	-2.73008e-71
0.4858 	-2.73177e-71
0.4865 	-2.72669e-71
0.4872 	-2.7094e-71
0.4879 	-2.68186e-71
0.4886 	-2.64661e-71
0.4893 	-2.59855e-71
0.49 	-2.54699e-71
0.4907 	-2.4813e-71
0.4914 	-2.41314e-71
0.4921 	-2.33593e-71
0.4928 	-2.25502e-71
0.4935 	-2.16916e-71
0.4942 	-2.07963e-71
0.4949 	-1.98805e-71
0.4956 	-1.89398e-71
0.4963 	-1.79948e-71
0.5005 	-1.25218e-71
0.5012 	-1.16843e-71
0.5026 	-1.01418e-71
0.5033 	-9.43724e-72
0.504 	-8.75784e-72
0.5047 	-8.12377e-72
0.5054 	-7.52875e-72
0.5061 	-6.963e-72
0.5068 	-6.44752e-72
0.5075 	-5.94573e-72
0.5082 	-5.5026e-72
0.5089 	-5.07087e-72
0.5096 	-4.68091e-72
0.5103 	-4.31145e-72
0.511 	-3.96934e-72
0.5117 	-3.65478e-72
0.5124 	-3.35551e-72
0.5138 	-2.83031e-72
0.5145 	-2.60312e-72
0.5152 	-2.38451e-72
0.5159 	-2.18732e-72
0.5166 	-2.00335e-72
0.5173 	-1.83261e-72
0.5194 	-1.40237e-72
0.5201 	-1.27777e-72
0.5208 	-1.16842e-72
0.5215 	-1.06461e-72
0.5222 	-9.70769e-73
0.5229 	-8.84635e-73
0.5236 	-8.04281e-73
0.525 	-6.64462e-73
0.5257 	-6.05924e-73
0.5264 	-5.49259e-73
0.5271 	-4.99456e-73
0.5278 	-4.52876e-73
0.5285 	-4.10593e-73
0.5292 	-3.72463e-73
0.532 	-2.50025e-73
0.5327 	-2.25604e-73
0.5334 	-2.04059e-73
0.5341 	-1.84228e-73
0.5348 	-1.66108e-73
0.5369 	-1.21933e-73
0.5376 	-1.09485e-73
0.5383 	-9.88251e-74
0.539 	-8.87942e-74
0.5397 	-7.98948e-74
0.5404 	-7.1843e-74
0.5411 	-6.4427e-74
0.5418 	-5.79911e-74
0.5425 	-5.18223e-74
0.5432 	-4.66999e-74
0.5439 	-4.17655e-74
0.5446 	-3.75194e-74
0.5453 	-3.3587e-74
0.546 	-3.00729e-74
0.5495 	-1.724e-74
0.5509 	-1.37427e-74
0.5516 	-1.22641e-74
0.5572 	-4.87659e-75
0.5579 	-4.34137e-75
0.5586 	-3.85344e-75
0.5593 	-3.43666e-75
0.56 	-3.03927e-75
0.5607 	-2.71602e-75
0.5614 	-2.40578e-75
0.5621 	-2.14315e-75
0.5628 	-1.90171e-75
0.5635 	-1.68853e-75
0.5642 	-1.50123e-75
0.5649 	-1.3283e-75
0.5656 	-1.18346e-75
0.5663 	-1.04521e-75
0.567 	-9.31708e-76
0.5677 	-8.24402e-76
0.5684 	-7.32578e-76
0.5691 	-6.49563e-76
0.5698 	-5.75351e-76
0.5705 	-5.11353e-76
0.5712 	-4.51441e-76
0.5719 	-4.02303e-76
0.5726 	-3.55333e-76
0.5733 	-3.16412e-76
0.574 	-2.80203e-76
0.5747 	-2.48871e-76
0.5754 	-2.21043e-76
0.5761 	-1.95843e-76
0.5768 	-1.74535e-76
0.5775 	-1.54285e-76
0.5782 	-1.37998e-76
0.5789 	-1.22393e-76
0.5796 	-1.09283e-76
0.5803 	-9.72677e-77
0.581 	-8.6712e-77
0.5817 	-7.74785e-77
0.5824 	-6.89789e-77
0.5831 	-6.18809e-77
0.5838 	-5.51104e-77
0.5845 	-4.9557e-77
0.5852 	-4.43056e-77
0.5859 	-3.98091e-77
0.5866 	-3.57375e-77
0.5873 	-3.20904e-77
0.588 	-2.89226e-77
0.5887 	-2.59466e-77
0.5894 	-2.34671e-77
0.5901 	-2.10882e-77
0.5908 	-1.90842e-77
0.5915 	-1.72064e-77
0.5922 	-1.55557e-77
0.5929 	-1.4069e-77
0.5936 	-1.27051e-77
0.5943 	-1.15186e-77
0.595 	-1.03803e-77
0.5957 	-9.42849e-78
0.5964 	-8.5095e-78
0.5971 	-7.71064e-78
0.5978 	-6.96697e-78
0.5985 	-6.29686e-78
0.5992 	-5.69247e-78
0.5999 	-5.12454e-78
0.6006 	-4.63218e-78
0.6013 	-4.15771e-78
0.602 	-3.75201e-78
0.6027 	-3.36478e-78
0.6034 	-3.02374e-78
0.6041 	-2.70886e-78
0.6048 	-2.4201e-78
0.6055 	-2.16448e-78
0.6062 	-1.92211e-78
0.6069 	-1.71633e-78
0.6076 	-1.51831e-78
0.6083 	-1.35004e-78
0.609 	-1.19189e-78
0.6097 	-1.05196e-78
0.6104 	-9.26278e-79
0.6111 	-8.11289e-79
0.6118 	-7.12759e-79
0.6125 	-6.18716e-79
0.6132 	-5.42734e-79
0.6139 	-4.69891e-79
0.6146 	-4.0855e-79
0.6153 	-3.52556e-79
0.616 	-3.03693e-79
0.6167 	-2.61388e-79
0.6174 	-2.22724e-79
0.6181 	-1.91319e-79
0.6188 	-1.61605e-79
0.6195 	-1.38132e-79
0.6202 	-1.16225e-79
0.6209 	-9.82341e-80
0.6216 	-8.24052e-80
0.6223 	-6.87379e-80
0.623 	-5.75218e-80
0.6237 	-4.72862e-80
0.6244 	-3.95029e-80
0.6251 	-3.22004e-80
0.6258 	-2.66532e-80
0.6265 	-2.16596e-80
0.6272 	-1.76619e-80
0.6279 	-1.43265e-80
0.6286 	-1.14878e-80
0.63 	-7.32366e-81
0.6307 	-5.94662e-81
0.6314 	-4.66346e-81
0.6349 	-1.37272e-81
0.6377 	-4.79696e-82
0.6384 	-3.68432e-82
0.6391 	-2.78085e-82
0.6398 	-2.08647e-82
0.6405 	-1.58304e-82
0.6412 	-1.15599e-82
0.6419 	-8.85043e-83
0.6426 	-6.4095e-83
0.6433 	-4.86035e-83
0.644 	-3.53769e-83
0.6447 	-2.62259e-83
0.6454 	-1.92506e-83
0.6461 	-1.39071e-83
0.6468 	-1.03358e-83
0.6475 	-7.24766e-84
0.6482 	-5.47891e-84
0.6496 	-2.86864e-84
0.651 	-1.48363e-84
0.6517 	-1.07627e-84
0.6524 	-7.57815e-85
0.6531 	-5.59924e-85
0.6538 	-3.87775e-85
0.6559 	-1.48109e-85
0.6566 	-1.05699e-85
0.6573 	-7.55483e-86
0.658 	-5.50839e-86
0.6587 	-3.84938e-86
0.6594 	-2.88337e-86
0.6601 	-2.02906e-86
0.6608 	-1.52539e-86
0.6615 	-1.10163e-86
0.6622 	-8.21643e-87
0.6629 	-6.1157e-87
0.6636 	-4.5393e-87
0.6643 	-3.49096e-87
0.665 	-2.58658e-87
0.6657 	-2.05493e-87
0.6664 	-1.56834e-87
0.6671 	-1.24682e-87
0.6678 	-9.77256e-88
0.6685 	-7.76947e-88
0.6692 	-6.22885e-88
0.6699 	-4.94503e-88
0.6706 	-4.03876e-88
0.6734 	-1.75244e-88
0.6741 	-1.42812e-88
0.6748 	-1.1638e-88
0.6755 	-9.57402e-89
0.6776 	-5.20065e-89
0.679 	-3.50417e-89
0.6797 	-2.87423e-89
0.6804 	-2.35075e-89
0.6811 	-1.9071e-89
0.6818 	-1.56696e-89
0.6825 	-1.25503e-89
0.6832 	-1.03696e-89
0.6839 	-8.33249e-90
0.6846 	-6.8218e-90
0.6853 	-5.51453e-90
0.686 	-4.4785e-90
0.6867 	-3.65466e-90
0.6874 	-2.94863e-90
0.6881 	-2.43455e-90
0.6888 	-1.96314e-90
0.6895 	-1.63021e-90
0.6902 	-1.32559e-90
0.6909 	-1.09176e-90
0.6916 	-8.87653e-91
0.6923 	-7.13238e-91
0.6958 	-1.04542e-91
0.6965 	-4.4911e-92
0.6972 	-1.35361e-92
0.6979 	-3.98876e-98
0.6986 	-1.45315e-98
0.6993 	-5.20647e-99
0.7 	-1.73784e-110
