0 	1
0.0007 	1
0.0014 	1
0.0021 	1
0.0028 	1
0.0035 	1
0.0042 	1
0.0049 	1
0.0056 	1
0.0063 	1
0.007 	1
0.0077 	1
0.0084 	1
0.0091 	1
0.0098 	1
0.0105 	1
0.0112 	1
0.0119 	1
0.0126 	1
0.0133 	1
0.014 	1
0.0147 	1
0.0154 	1
0.0161 	1
0.0168 	1
0.0175 	1
0.0182 	1
0.0189 	1
0.0196 	1
0.0203 	1
0.021 	1
0.0217 	1
0.0224 	1
0.0231 	1
0.0238 	1
0.0245 	1
0.0252 	1
0.0259 	1
0.0266 	1
0.0273 	1
0.028 	1
0.0287 	1
0.0294 	1
0.0301 	1
0.0308 	1
0.0315 	1
0.0322 	1
0.0329 	1
0.0336 	1
0.0343 	1
0.035 	1
0.0357 	1
0.0364 	1
0.0371 	1
0.0378 	1
0.0385 	1
0.0392 	1
0.0399 	1
0.0406 	1
0.0413 	1
0.042 	1
0.0427 	1
0.0434 	1
0.0441 	1
0.0448 	1
0.0455 	1
0.0462 	1
0.0469 	1
0.0476 	1
0.0483 	1
0.049 	1
0.0497 	1
0.0504 	1
0.0511 	1
0.0518 	1
0.0525 	1
0.0532 	1
0.0539 	1
0.0546 	1
0.0553 	1
0.056 	1
0.0567 	1
0.0574 	1
0.0581 	1
0.0588 	1
0.0595 	1
0.0602 	1
0.0609 	1
0.0616 	1
0.0623 	1
0.063 	1
0.0637 	1
0.0644 	1
0.0651 	1
0.0658 	1
0.0665 	1
0.0672 	1
0.0679 	1
0.0686 	1
0.0693 	1
0.07 	1
0.0707 	1
0.0714 	1
0.0721 	1
0.0728 	1
0.0735 	1
0.0742 	1
0.0749 	1
0.0756 	1
0.0763 	1
0.077 	1
0.0777 	1
0.0784 	1
0.0791 	1
0.0798 	1
0.0805 	1
0.0812 	1
0.0819 	1
0.0826 	1
0.0833 	1
0.084 	1
0.0847 	1
0.0854 	1
0.0861 	1
0.0868 	1
0.0875 	1
0.0882 	1
0.0889 	1
0.0896 	1
0.0903 	1
0.091 	1
0.0917 	1
0.0924 	1
0.0931 	1
0.0938 	1
0.0945 	1
0.0952 	1
0.0959 	1
0.0966 	1
0.0973 	1
0.098 	1
0.0987 	1
0.0994 	1
0.1001 	1
0.1008 	1
0.1015 	1
0.1022 	1
0.1029 	1
0.1036 	1
0.1043 	1
0.105 	1
0.1057 	1
0.1064 	1
0.1071 	1
0.1078 	1
0.1085 	1
0.1092 	1
0.1099 	1
0.1106 	1
0.1113 	1
0.112 	1
0.1127 	1
0.1134 	1
0.1141 	1
0.1148 	1
0.1155 	1
0.1162 	1
0.1169 	1
0.1176 	1
0.1183 	1
0.119 	1
0.1197 	1
0.1204 	1
0.1211 	1
0.1218 	1
0.1225 	1
0.1232 	1
0.1239 	1
0.1246 	1
0.1253 	1
0.126 	1
0.1267 	1
0.1274 	1
0.1281 	1
0.1288 	1
0.1295 	1
0.1302 	1
0.1309 	1
0.1316 	1
0.1323 	1
0.133 	1
0.1337 	1
0.1344 	1
0.1351 	1
0.1358 	1
0.1365 	1
0.1372 	1
0.1379 	1
0.1386 	1
0.1393 	1
0.14 	1
0.1407 	1
0.1414 	1
0.1421 	1
0.1428 	1
0.1435 	1
0.1442 	1
0.1449 	1
0.1456 	1
0.1463 	1
0.147 	1
0.1477 	1
0.1484 	1
0.1491 	1
0.1498 	1
0.1505 	1
0.1512 	1
0.1519 	1
0.1526 	1
0.1533 	1
0.154 	1
0.1547 	1
0.1554 	1
0.1561 	1
0.1568 	1
0.1575 	1
0.1582 	1
0.1589 	1
0.1596 	1
0.1603 	1
0.161 	1
0.1617 	1
0.1624 	1
0.1631 	1
0.1638 	1
0.1645 	1
0.1652 	1
0.1659 	1
0.1666 	1
0.1673 	1
0.168 	1
0.1687 	1
0.1694 	1
0.1701 	1
0.1708 	1
0.1715 	1
0.1722 	1
0.1729 	1
0.1736 	1
0.1743 	1
0.175 	1
0.1757 	1
0.1764 	1
0.1771 	1
0.1778 	1
0.1785 	1
0.1792 	1
0.1799 	1
0.1806 	1
0.1813 	1
0.182 	1
0.1827 	1
0.1834 	1
0.1841 	1
0.1848 	1
0.1855 	1
0.1862 	1
0.1869 	1
0.1876 	1
0.1883 	1
0.189 	1
0.1897 	1
0.1904 	1
0.1911 	1
0.1918 	1
0.1925 	1
0.1932 	1
0.1939 	1
0.1946 	1
0.1953 	1
0.196 	1
0.1967 	1
0.1974 	1
0.1981 	1
0.1988 	1
0.1995 	1
0.2002 	1
0.2009 	1
0.2016 	1
0.2023 	1
0.203 	1
0.2037 	1
0.2044 	1
0.2051 	1
0.2058 	1
0.2065 	1
0.2072 	1
0.2079 	1
0.2086 	1
0.2093 	1
0.21 	1
0.2107 	1
0.2114 	1
0.2121 	1
0.2128 	1
0.2135 	1
0.2142 	1
0.2149 	1
0.2156 	1
0.2163 	1
0.217 	1
0.2177 	1
0.2184 	1
0.2191 	1
0.2198 	1
0.2205 	1
0.2212 	1
0.2219 	1
0.2226 	1
0.2233 	1
0.224 	1
0.2247 	1
0.2254 	1
0.2261 	1
0.2268 	1
0.2275 	1
0.2282 	1
0.2289 	1
0.2296 	1
0.2303 	1
0.231 	1
0.2317 	1
0.2324 	1
0.2331 	1
0.2338 	1
0.2345 	1
0.2352 	0.999999
0.2359 	0.999999
0.2366 	0.999998
0.2373 	0.999997
0.238 	0.999996
0.2387 	0.999996
0.2394 	0.999995
0.2401 	0.999993
0.2408 	0.999985
0.2415 	0.999977
0.2422 	0.999969
0.2429 	0.99996
0.2436 	0.999952
0.2443 	0.999944
0.245 	0.999936
0.2457 	0.999826
0.2464 	0.999716
0.2471 	0.999605
0.2478 	0.999495
0.2485 	0.999385
0.2492 	0.999275
0.2499 	0.999165
0.2506 	0.997029
0.2513 	0.994556
0.252 	0.992083
0.2527 	0.98961
0.2534 	0.987137
0.2541 	0.984664
0.2548 	0.982191
0.2555 	0.959273
0.2562 	0.928172
0.2569 	0.897073
0.2576 	0.865973
0.2583 	0.834874
0.259 	0.803774
0.2597 	0.772675
0.2604 	0.72406
0.2611 	0.66232
0.2618 	0.600581
0.2625 	0.538842
0.2632 	0.477102
0.2639 	0.415363
0.2646 	0.353623
0.2653 	0.301796
0.266 	0.263187
0.2667 	0.224578
0.2674 	0.185968
0.2681 	0.147359
0.2688 	0.108749
0.2695 	0.0701395
0.2702 	0.0409149
0.2709 	0.0351367
0.2716 	0.0293583
0.2723 	0.0235798
0.273 	0.0178013
0.2737 	0.0120228
0.2744 	0.00624428
0.2751 	0.0012664
0.2758 	0.00108636
0.2765 	0.000906329
0.2772 	0.000726288
0.2779 	0.000546247
0.2786 	0.000366205
0.2793 	0.000186164
0.28 	6.14962e-06
0.2807 	5.28914e-06
0.2814 	4.42866e-06
0.2821 	3.56815e-06
0.2828 	2.70763e-06
0.2835 	1.84712e-06
0.2842 	9.86601e-07
0.2849 	1.26086e-07
0.2856 	2.89191e-09
0.2863 	2.4335e-09
0.287 	1.97505e-09
0.2877 	1.5166e-09
0.2884 	1.05815e-09
0.2891 	5.99704e-10
0.2898 	1.41256e-10
0.2905 	1.03788e-11
0.2912 	1.0432e-11
0.2919 	1.04851e-11
0.2926 	1.05382e-11
0.2933 	1.05913e-11
0.294 	1.06444e-11
0.2947 	1.06975e-11
0.2954 	1.04947e-11
0.2961 	1.01e-11
0.2968 	9.70568e-12
0.2975 	9.31143e-12
0.2982 	8.91717e-12
0.2989 	8.52291e-12
0.2996 	8.12866e-12
0.3003 	7.62112e-12
0.301 	6.96277e-12
0.3017 	6.30456e-12
0.3024 	5.64644e-12
0.3031 	4.98831e-12
0.3038 	4.33018e-12
0.3045 	3.67206e-12
0.3052 	3.09403e-12
0.3059 	2.71628e-12
0.3066 	2.33843e-12
0.3073 	1.96047e-12
0.308 	1.58252e-12
0.3087 	1.20457e-12
0.3094 	8.26616e-13
0.3101 	4.93034e-13
0.3108 	4.2531e-13
0.3115 	3.57539e-13
0.3122 	2.89686e-13
0.3129 	2.21833e-13
0.3136 	1.5398e-13
0.3143 	8.61264e-14
0.315 	1.82844e-14
0.3157 	1.57439e-14
0.3164 	1.32012e-14
0.3171 	1.06505e-14
0.3178 	8.09975e-15
0.3185 	5.54902e-15
0.3192 	2.99828e-15
0.3199 	4.47545e-16
0.3206 	7.36037e-17
0.3213 	6.19625e-17
0.322 	5.02446e-17
0.3227 	3.85268e-17
0.3234 	2.68089e-17
0.3241 	1.5091e-17
0.3248 	3.37313e-18
0.3255 	2.44305e-20
0.3262 	2.06649e-20
0.3269 	1.68607e-20
0.3276 	1.30535e-20
0.3283 	9.24628e-21
0.329 	5.43907e-21
0.3297 	1.63186e-21
0.3304 	7.72977e-25
0.3311 	6.56479e-25
0.3318 	5.38894e-25
0.3325 	4.21012e-25
0.3332 	3.0313e-25
0.3339 	1.85247e-25
0.3346 	6.73653e-26
0.3353 	2.2698e-29
0.336 	1.93512e-29
0.3367 	1.59773e-29
0.3374 	1.25882e-29
0.3381 	9.19907e-30
0.3388 	5.80996e-30
0.3395 	2.42086e-30
0.3402 	6.2637e-34
0.3409 	5.35967e-34
0.3416 	4.4496e-34
0.3423 	3.53351e-34
0.343 	2.61742e-34
0.3437 	1.70132e-34
0.3444 	7.85232e-35
0.3451 	1.65327e-38
0.3458 	1.41956e-38
0.3465 	1.1847e-38
0.3472 	9.47758e-39
0.3479 	7.10819e-39
0.3486 	4.73879e-39
0.3493 	2.3694e-39
0.35 	4.26179e-43
0.3507 	3.67136e-43
0.3514 	3.07916e-43
0.3521 	2.48043e-43
0.3528 	1.88171e-43
0.3535 	1.28298e-43
0.3542 	6.84258e-44
0.3549 	8.55329e-45
0.3556 	9.42988e-48
0.3563 	7.94597e-48
0.357 	6.44267e-48
0.3577 	4.93938e-48
0.3584 	3.43609e-48
0.3591 	1.9328e-48
0.3598 	4.29511e-49
0.3605 	2.41812e-52
0.3612 	2.04631e-52
0.3619 	1.66966e-52
0.3626 	1.29264e-52
0.3633 	9.15619e-53
0.364 	5.38599e-53
0.3647 	1.61579e-53
0.3654 	6.15348e-57
0.3661 	5.22763e-57
0.3668 	4.29162e-57
0.3675 	3.35282e-57
0.3682 	2.41403e-57
0.3689 	1.47524e-57
0.3696 	5.36445e-58
0.3703 	1.53999e-61
0.371 	1.31316e-61
0.3717 	1.0843e-61
0.3724 	8.54294e-62
0.3731 	6.24291e-62
0.3738 	3.94288e-62
0.3745 	1.64285e-62
0.3752 	3.77423e-66
0.3759 	3.22981e-66
0.3766 	2.68156e-66
0.3773 	2.12947e-66
0.378 	1.57738e-66
0.3787 	1.0253e-66
0.3794 	4.73209e-67
0.3801 	9.08276e-71
0.3808 	7.79908e-71
0.3815 	6.50893e-71
0.3822 	5.20714e-71
0.3829 	3.90535e-71
0.3836 	2.60356e-71
0.3843 	1.30176e-71
0.385 	2.16179e-75
0.3857 	1.86229e-75
0.3864 	1.5619e-75
0.3871 	1.2582e-75
0.3878 	9.54492e-76
0.3885 	6.50788e-76
0.3892 	3.47084e-76
0.3899 	4.33793e-77
0.3906 	4.43256e-80
0.3913 	3.73498e-80
0.392 	3.02836e-80
0.3927 	2.32174e-80
0.3934 	1.61512e-80
0.3941 	9.08495e-81
0.3948 	2.01875e-81
0.3955 	1.05815e-84
0.3962 	8.95422e-85
0.3969 	7.30606e-85
0.3976 	5.6563e-85
0.3983 	4.00653e-85
0.399 	2.35677e-85
0.3997 	7.07003e-86
0.4004 	2.54569e-89
0.4011 	2.16255e-89
0.4018 	1.77531e-89
0.4025 	1.38696e-89
0.4032 	9.9861e-90
0.4039 	6.10258e-90
0.4046 	2.21907e-90
0.4053 	6.21779e-94
0.406 	5.30147e-94
0.4067 	4.3773e-94
0.4074 	3.44878e-94
0.4081 	2.52026e-94
0.4088 	1.59174e-94
0.4095 	6.63213e-95
0.4102 	1.56898e-98
0.4109 	1.3424e-98
0.4116 	1.11437e-98
0.4123 	8.849e-99
0.413 	6.55425e-99
0.4137 	4.2595e-99
0.4144 	1.96474e-99
0.4151 	-2.04426e-102
0.4158 	-4.21061e-102
0.4165 	-5.62499e-102
0.4172 	-5.68582e-102
0.4179 	-5.74665e-102
0.4186 	-5.80748e-102
0.4193 	-5.86831e-102
0.42 	-5.92917e-102
0.4207 	-7.05291e-102
0.4214 	-7.93607e-102
0.4221 	-7.93613e-102
0.4228 	-7.93619e-102
0.4235 	-7.93625e-102
0.4242 	-7.9363e-102
0.4249 	-7.93636e-102
0.4256 	-7.88318e-102
0.4263 	-7.82554e-102
0.427 	-7.82557e-102
0.4277 	-7.82561e-102
0.4284 	-7.82564e-102
0.4291 	-7.82567e-102
0.4298 	-7.82571e-102
0.4305 	-7.24168e-102
0.4312 	-6.4238e-102
0.4319 	-6.36538e-102
0.4326 	-6.36538e-102
0.4333 	-6.36538e-102
0.434 	-6.36538e-102
0.4347 	-6.36538e-102
0.4354 	-5.75974e-102
0.4361 	-4.6995e-102
0.4368 	-4.47229e-102
0.4375 	-4.47226e-102
0.4382 	-4.47224e-102
0.4389 	-4.47222e-102
0.4396 	-4.47219e-102
0.4403 	-4.06724e-102
0.441 	-3.12194e-102
0.4417 	-2.78431e-102
0.4424 	-2.78428e-102
0.4431 	-2.78425e-102
0.4438 	-2.78422e-102
0.4445 	-2.78419e-102
0.4452 	-2.58874e-102
0.4459 	-1.90426e-102
0.4466 	-1.562e-102
0.4473 	-1.56197e-102
0.448 	-1.56195e-102
0.4487 	-1.56192e-102
0.4494 	-1.56189e-102
0.4501 	-1.50094e-102
0.4508 	-1.07383e-102
0.4515 	-7.99255e-103
0.4522 	-7.99235e-103
0.4529 	-7.99215e-103
0.4536 	-7.99195e-103
0.4543 	-7.99176e-103
0.455 	-7.99162e-103
0.4557 	-5.62486e-103
0.4564 	-3.76491e-103
0.4571 	-3.76478e-103
0.4578 	-3.76466e-103
0.4585 	-3.76454e-103
0.4592 	-3.76442e-103
0.4599 	-3.76429e-103
0.4606 	-2.74703e-103
0.4613 	-1.64474e-103
0.462 	-1.64467e-103
0.4627 	-1.6446e-103
0.4634 	-1.64454e-103
0.4641 	-1.64447e-103
0.4648 	-1.6444e-103
0.4655 	-1.25486e-103
0.4662 	-7.09376e-104
0.4669 	-6.70382e-104
0.4676 	-6.70348e-104
0.4683 	-6.70315e-104
0.469 	-6.70282e-104
0.4697 	-6.70248e-104
0.4704 	-5.37796e-104
0.4711 	-3.05944e-104
0.4718 	-2.5625e-104
0.4725 	-2.56235e-104
0.4732 	-2.5622e-104
0.4739 	-2.56205e-104
0.4746 	-2.56189e-104
0.4753 	-2.16853e-104
0.476 	-1.25042e-104
0.4767 	-9.22489e-105
0.4774 	-9.22425e-105
0.4781 	-9.22362e-105
0.4788 	-9.22298e-105
0.4795 	-9.22235e-105
0.4802 	-8.24927e-105
0.4809 	-4.84257e-105
0.4816 	-3.13909e-105
0.4823 	-3.13885e-105
0.483 	-3.1386e-105
0.4837 	-3.13835e-105
0.4844 	-3.1381e-105
0.4851 	-2.96813e-105
0.4858 	-1.77802e-105
0.4865 	-1.01292e-105
0.4872 	-1.01283e-105
0.4879 	-1.01274e-105
0.4886 	-1.01265e-105
0.4893 	-1.01256e-105
0.49 	-1.01247e-105
0.4907 	-6.19577e-106
0.4914 	-3.10805e-106
0.4921 	-3.10774e-106
0.4928 	-3.10743e-106
0.4935 	-3.10712e-106
0.4942 	-3.10681e-106
0.4949 	-3.1065e-106
0.4956 	-2.05187e-106
0.4963 	-9.09121e-107
0.497 	-9.0902e-107
0.4977 	-9.08919e-107
0.4984 	-9.08818e-107
0.4991 	-9.08717e-107
0.4998 	-9.08616e-107
0.5005 	-6.46822e-107
0.5012 	-2.80242e-107
0.5019 	-2.54028e-107
0.5026 	-2.53997e-107
0.5033 	-2.53966e-107
0.504 	-2.53935e-107
0.5047 	-2.53904e-107
0.5054 	-1.9441e-107
0.5061 	-9.02783e-108
0.5068 	-6.79572e-108
0.5075 	-6.79482e-108
0.5082 	-6.79391e-108
0.5089 	-6.793e-108
0.5096 	-6.79209e-108
0.5103 	-5.58053e-108
0.511 	-2.75334e-108
0.5117 	-1.74346e-108
0.5124 	-1.74321e-108
0.5131 	-1.74296e-108
0.5138 	-1.7427e-108
0.5145 	-1.74245e-108
0.5152 	-1.53239e-108
0.5159 	-7.97257e-109
0.5166 	-4.29655e-109
0.5173 	-4.29588e-109
0.518 	-4.29521e-109
0.5187 	-4.29453e-109
0.5194 	-4.29386e-109
0.5201 	-4.03168e-109
0.5208 	-2.19767e-109
0.5215 	-1.0186e-109
0.5222 	-1.01843e-109
0.5229 	-1.01825e-109
0.5236 	-1.01808e-109
0.5243 	-1.01791e-109
0.525 	-1.01774e-109
0.5257 	-5.7812e-110
0.5264 	-2.32621e-110
0.5271 	-2.32579e-110
0.5278 	-2.32537e-110
0.5285 	-2.32495e-110
0.5292 	-2.32453e-110
0.5299 	-2.32411e-110
0.5306 	-1.45458e-110
0.5313 	-5.12394e-111
0.532 	-5.12295e-111
0.5327 	-5.12196e-111
0.5334 	-5.12098e-111
0.5341 	-5.11999e-111
0.5348 	-5.11901e-111
0.5355 	-3.50747e-111
0.5362 	-1.25101e-111
0.5369 	-1.08963e-111
0.5376 	-1.0894e-111
0.5383 	-1.08918e-111
0.539 	-1.08896e-111
0.5397 	-1.08873e-111
0.5404 	-8.1205e-112
0.5411 	-3.27831e-112
0.5418 	-2.24031e-112
0.5425 	-2.23983e-112
0.5432 	-2.23934e-112
0.5439 	-2.23885e-112
0.5446 	-2.23837e-112
0.5453 	-1.8081e-112
0.546 	-8.04278e-113
0.5467 	-4.45703e-113
0.5474 	-4.45601e-113
0.5481 	-4.45498e-113
0.5488 	-4.45396e-113
0.5495 	-4.45294e-113
0.5502 	-3.87766e-113
0.5509 	-1.86516e-113
0.5516 	-8.588e-114
0.5523 	-8.58592e-114
0.553 	-8.58385e-114
0.5537 	-8.58177e-114
0.5544 	-8.57969e-114
0.5551 	-8.02082e-114
0.5558 	-4.11507e-114
0.5565 	-1.60408e-114
0.5572 	-1.60368e-114
0.5579 	-1.60327e-114
0.5586 	-1.60286e-114
0.5593 	-1.60245e-114
0.56 	-1.60205e-114
0.5607 	-8.67759e-115
0.5614 	-2.90675e-115
0.5621 	-2.90597e-115
0.5628 	-2.9052e-115
0.5635 	-2.90442e-115
0.5642 	-2.90364e-115
0.5649 	-2.90287e-115
0.5656 	-1.75507e-115
0.5663 	-5.1141e-116
0.567 	-5.11267e-116
0.5677 	-5.11124e-116
0.5684 	-5.10981e-116
0.5691 	-5.10838e-116
0.5698 	-5.10695e-116
0.5705 	-3.41393e-116
0.5712 	-1.04354e-116
0.5719 	-8.73986e-117
0.5726 	-8.7373e-117
0.5733 	-8.73474e-117
0.574 	-8.73218e-117
0.5747 	-8.72962e-117
0.5754 	-6.40099e-117
0.5761 	-2.32618e-117
0.5768 	-1.45266e-117
0.5775 	-1.45221e-117
0.5782 	-1.45177e-117
0.5789 	-1.45133e-117
0.5796 	-1.45088e-117
0.5803 	-1.15899e-117
0.581 	-4.78128e-118
0.5817 	-2.34916e-118
0.5824 	-2.34841e-118
0.5831 	-2.34766e-118
0.5838 	-2.34691e-118
0.5845 	-2.34616e-118
0.5852 	-2.02973e-118
0.5859 	-9.23184e-119
0.5866 	-3.69852e-119
0.5873 	-3.69729e-119
0.588 	-3.69606e-119
0.5887 	-3.69483e-119
0.5894 	-3.6936e-119
0.5901 	-3.4429e-119
0.5908 	-1.69254e-119
0.5915 	-5.67244e-120
0.5922 	-5.67048e-120
0.5929 	-5.66852e-120
0.5936 	-5.66656e-120
0.5943 	-5.6646e-120
0.595 	-5.66266e-120
0.5957 	-2.96674e-120
0.5964 	-8.47991e-121
0.5971 	-8.47686e-121
0.5978 	-8.47382e-121
0.5985 	-8.47077e-121
0.5992 	-8.46773e-121
0.5999 	-8.46468e-121
0.6006 	-4.99534e-121
0.6013 	-1.23633e-121
0.602 	-1.23587e-121
0.6027 	-1.23541e-121
0.6034 	-1.23495e-121
0.6041 	-1.23448e-121
0.6048 	-1.23402e-121
0.6055 	-8.10769e-122
0.6062 	-2.18207e-122
0.6069 	-1.75818e-122
0.6076 	-1.7575e-122
0.6083 	-1.75682e-122
0.609 	-1.75614e-122
0.6097 	-1.75546e-122
0.6104 	-1.27181e-122
0.6111 	-4.25603e-123
0.6118 	-2.44195e-123
0.6125 	-2.44097e-123
0.6132 	-2.43999e-123
0.6139 	-2.43901e-123
0.6146 	-2.43804e-123
0.6153 	-1.93222e-123
0.616 	-7.52657e-124
0.6167 	-3.31296e-124
0.6174 	-3.31158e-124
0.6181 	-3.31021e-124
0.6188 	-3.30884e-124
0.6195 	-3.30746e-124
0.6202 	-2.84805e-124
0.6209 	-1.24225e-124
0.6216 	-4.39256e-125
0.6223 	-4.39068e-125
0.623 	-4.3888e-125
0.6237 	-4.38691e-125
0.6244 	-4.38503e-125
0.6251 	-4.07876e-125
0.6258 	-1.94271e-125
0.6265 	-5.6945e-126
0.6272 	-5.69198e-126
0.6279 	-5.68946e-126
0.6286 	-5.68693e-126
0.6293 	-5.68441e-126
0.63 	-5.68191e-126
0.6307 	-2.90476e-126
0.6314 	-7.22164e-127
0.6321 	-7.21834e-127
0.6328 	-7.21504e-127
0.6335 	-7.21173e-127
0.6342 	-7.20843e-127
0.6349 	-7.20512e-127
0.6356 	-4.17709e-127
0.6363 	-8.96319e-128
0.637 	-8.95896e-128
0.6377 	-8.95473e-128
0.6384 	-8.9505e-128
0.6391 	-8.94627e-128
0.6398 	-8.94204e-128
0.6405 	-5.80081e-128
0.6412 	-1.40335e-128
0.6419 	-1.08875e-128
0.6426 	-1.08822e-128
0.6433 	-1.08769e-128
0.644 	-1.08716e-128
0.6447 	-1.08663e-128
0.6454 	-7.80332e-129
0.6461 	-2.4449e-129
0.6468 	-1.29616e-129
0.6475 	-1.29551e-129
0.6482 	-1.29485e-129
0.6489 	-1.2942e-129
0.6496 	-1.29355e-129
0.6503 	-1.01924e-129
0.651 	-3.79697e-130
0.6517 	-1.51238e-130
0.6524 	-1.5116e-130
0.6531 	-1.51082e-130
0.6538 	-1.51004e-130
0.6545 	-1.50926e-130
0.6552 	-1.29515e-130
0.6559 	-5.47117e-131
0.6566 	-1.73055e-131
0.6573 	-1.72963e-131
0.658 	-1.72871e-131
0.6587 	-1.72779e-131
0.6594 	-1.72687e-131
0.6601 	-1.60373e-131
0.6608 	-7.4585e-132
0.6615 	-1.94319e-132
0.6622 	-1.94213e-132
0.6629 	-1.94107e-132
0.6636 	-1.94e-132
0.6643 	-1.93894e-132
0.665 	-1.93789e-132
0.6657 	-9.72808e-133
0.6664 	-2.14333e-133
0.6671 	-2.14213e-133
0.6678 	-2.14093e-133
0.6685 	-2.13972e-133
0.6692 	-2.13852e-133
0.6699 	-2.13732e-133
0.6706 	-1.22315e-133
0.6713 	-2.32717e-134
0.672 	-2.32583e-134
0.6727 	-2.32449e-134
0.6734 	-2.32316e-134
0.6741 	-2.32182e-134
0.6748 	-2.32048e-134
0.6755 	-1.49221e-134
0.6762 	-3.32777e-135
0.6769 	-2.49825e-135
0.6776 	-2.49678e-135
0.6783 	-2.49532e-135
0.679 	-2.49385e-135
0.6797 	-2.49239e-135
0.6804 	-1.7797e-135
0.6811 	-5.33092e-136
0.6818 	-2.65836e-136
0.6825 	-2.65678e-136
0.6832 	-2.65519e-136
0.6839 	-2.65361e-136
0.6846 	-2.65202e-136
0.6853 	-2.0822e-136
0.686 	-7.54018e-137
0.6867 	-2.79557e-137
0.6874 	-2.79387e-137
0.6881 	-2.79217e-137
0.6888 	-2.79046e-137
0.6895 	-2.78876e-137
0.6902 	-2.38823e-137
0.6909 	-9.89466e-138
0.6916 	-2.89995e-138
0.6923 	-2.89815e-138
0.693 	-2.89634e-138
0.6937 	-2.89453e-138
0.6944 	-2.89273e-138
0.6951 	-2.70316e-138
0.6958 	-1.38485e-138
0.6965 	-5.37312e-139
0.6972 	-5.37141e-139
0.6979 	-5.3697e-139
0.6986 	-5.36798e-139
0.6993 	-5.36627e-139
0.7 	-5.36457e-139
