0 	1
0.0007 	1
0.0014 	1
0.0021 	1
0.0028 	1
0.0035 	1
0.0042 	1
0.0049 	1
0.0056 	1
0.0063 	1
0.007 	1
0.0077 	1
0.0084 	1
0.0091 	1
0.0098 	1
0.0105 	1
0.0112 	1
0.0119 	1
0.0126 	1
0.0133 	1
0.014 	1
0.0147 	1
0.0154 	1
0.0161 	1
0.0168 	1
0.0175 	1
0.0182 	1
0.0189 	1
0.0196 	1
0.0203 	1
0.021 	1
0.0217 	1
0.0224 	1
0.0231 	1
0.0238 	1
0.0245 	1
0.0252 	1
0.0259 	1
0.0266 	1
0.0273 	1
0.028 	1
0.0287 	1
0.0294 	1
0.0301 	1
0.0308 	1
0.0315 	1
0.0322 	1
0.0329 	1
0.0336 	1
0.0343 	1
0.035 	1
0.0357 	1
0.0364 	1
0.0371 	1
0.0378 	1
0.0385 	1
0.0392 	1
0.0399 	1
0.0406 	1
0.0413 	1
0.042 	1
0.0427 	1
0.0434 	1
0.0441 	1
0.0448 	1
0.0455 	1
0.0462 	1
0.0469 	1
0.0476 	1
0.0483 	1
0.049 	1
0.0497 	1
0.0504 	1
0.0511 	1
0.0518 	1
0.0525 	1
0.0532 	1
0.0539 	1
0.0546 	1
0.0553 	1
0.056 	1
0.0567 	1
0.0574 	1
0.0581 	1
0.0588 	1
0.0595 	1
0.0602 	1
0.0609 	1
0.0616 	1
0.0623 	1
0.063 	1
0.0637 	1
0.0644 	1
0.0651 	1
0.0658 	1
0.0665 	1
0.0672 	1
0.0679 	1
0.0686 	1
0.0693 	1
0.07 	1
0.0707 	1
0.0714 	1
0.0721 	1
0.0728 	1
0.0735 	1
0.0742 	1
0.0749 	1
0.0756 	1
0.0763 	1
0.077 	1
0.0777 	1
0.0784 	1
0.0791 	1
0.0798 	1
0.0805 	1
0.0812 	1
0.0819 	1
0.0826 	1
0.0833 	1
0.084 	1
0.0847 	1
0.0854 	1
0.0861 	1
0.0868 	1
0.0875 	1
0.0882 	1
0.0889 	1
0.0896 	1
0.0903 	1
0.091 	1
0.0917 	1
0.0924 	1
0.0931 	1
0.0938 	1
0.0945 	1
0.0952 	1
0.0959 	1
0.0966 	1
0.0973 	1
0.098 	1
0.0987 	1
0.0994 	1
0.1001 	1
0.1008 	1
0.1015 	1
0.1022 	1
0.1029 	1
0.1036 	1
0.1043 	1
0.105 	1
0.1057 	1
0.1064 	1
0.1071 	1
0.1078 	1
0.1085 	1
0.1092 	1
0.1099 	1
0.1106 	1
0.1113 	1
0.112 	1
0.1127 	1
0.1134 	1
0.1141 	1
0.1148 	1
0.1155 	1
0.1162 	1
0.1169 	1
0.1176 	1
0.1183 	1
0.119 	1
0.1197 	1
0.1204 	1
0.1211 	1
0.1218 	1
0.1225 	1
0.1232 	1
0.1239 	1
0.1246 	1
0.1253 	1
0.126 	1
0.1267 	1
0.1274 	1
0.1281 	1
0.1288 	1
0.1295 	1
0.1302 	1
0.1309 	1
0.1316 	1
0.1323 	1
0.133 	1
0.1337 	1
0.1344 	1
0.1351 	1
0.1358 	1
0.1365 	1
0.1372 	1
0.1379 	1
0.1386 	1
0.1393 	1
0.14 	1
0.1407 	1
0.1414 	1
0.1421 	1
0.1428 	1
0.1435 	1
0.1442 	1
0.1449 	1
0.1456 	1
0.1463 	1
0.147 	1
0.1477 	1
0.1484 	1
0.1491 	1
0.1498 	1
0.1505 	1
0.1512 	1
0.1519 	1
0.1526 	1
0.1533 	1
0.154 	1
0.1547 	1
0.1554 	1
0.1561 	1
0.1568 	1
0.1575 	1
0.1582 	1
0.1589 	1
0.1596 	1
0.1603 	1
0.161 	1
0.1617 	1
0.1624 	1
0.1631 	1
0.1638 	1
0.1645 	1
0.1652 	1
0.1659 	1
0.1666 	1
0.1673 	1
0.168 	1
0.1687 	1
0.1694 	1
0.1701 	1
0.1708 	1
0.1715 	1
0.1722 	1
0.1729 	1
0.1736 	1
0.1743 	1
0.175 	1
0.1757 	1
0.1764 	1
0.1771 	1
0.1778 	1
0.1785 	1
0.1792 	1
0.1799 	1
0.1806 	1
0.1813 	1
0.182 	1
0.1827 	1
0.1834 	1
0.1841 	1
0.1848 	1
0.1855 	1
0.1862 	1
0.1869 	1
0.1876 	1
0.1883 	1
0.189 	1
0.1897 	1
0.1904 	1
0.1911 	1
0.1918 	1
0.1925 	1
0.1932 	1
0.1939 	1
0.1946 	1
0.1953 	1
0.196 	1
0.1967 	1
0.1974 	1
0.1981 	1
0.1988 	1
0.1995 	1
0.2002 	1
0.2009 	1
0.2016 	1
0.2023 	1
0.203 	1
0.2037 	1
0.2044 	1
0.2051 	1
0.2058 	1
0.2065 	1
0.2072 	1
0.2079 	1
0.2086 	1
0.2093 	1
0.21 	1
0.2107 	1
0.2114 	1
0.2121 	1
0.2128 	1
0.2135 	1
0.2142 	1
0.2149 	1
0.2156 	1
0.2163 	1
0.217 	1
0.2177 	1
0.2184 	1
0.2191 	1
0.2198 	1
0.2205 	1
0.2212 	1
0.2219 	1
0.2226 	1
0.2233 	1
0.224 	1
0.2247 	1
0.2254 	1
0.2261 	1
0.2268 	1
0.2275 	1
0.2282 	1
0.2289 	1
0.2296 	1
0.2303 	1
0.231 	1
0.2317 	1
0.2324 	1
0.2331 	1
0.2338 	1
0.2345 	1
0.2352 	1
0.2359 	0.999999
0.2366 	0.999999
0.2373 	0.999998
0.238 	0.999998
0.2387 	0.999997
0.2394 	0.999996
0.2401 	0.999991
0.2408 	0.999954
0.2415 	0.999918
0.2422 	0.999882
0.2429 	0.999845
0.2436 	0.999809
0.2443 	0.999772
0.245 	0.999736
0.2457 	0.997735
0.2464 	0.995734
0.2471 	0.993733
0.2478 	0.991732
0.2485 	0.989731
0.2492 	0.98773
0.2499 	0.985728
0.2506 	0.964629
0.2513 	0.940346
0.252 	0.916061
0.2527 	0.891776
0.2534 	0.867491
0.2541 	0.843206
0.2548 	0.818921
0.2555 	0.767731
0.2562 	0.705779
0.2569 	0.643827
0.2576 	0.581874
0.2583 	0.519922
0.259 	0.45797
0.2597 	0.396018
0.2604 	0.34353
0.2611 	0.298144
0.2618 	0.25276
0.2625 	0.207375
0.2632 	0.161991
0.2639 	0.116607
0.2646 	0.0712224
0.2653 	0.042702
0.266 	0.0366639
0.2667 	0.0306262
0.2674 	0.0245886
0.2681 	0.0185511
0.2688 	0.0125136
0.2695 	0.00647605
0.2702 	0.00207963
0.2709 	0.00178531
0.2716 	0.00149098
0.2723 	0.00119665
0.273 	0.000902317
0.2737 	0.000607986
0.2744 	0.000313656
0.2751 	6.01606e-05
0.2758 	5.16017e-05
0.2765 	4.30421e-05
0.2772 	3.44814e-05
0.2779 	2.59207e-05
0.2786 	1.736e-05
0.2793 	8.79932e-06
0.28 	2.38956e-07
0.2807 	2.0553e-07
0.2814 	1.72101e-07
0.2821 	1.38659e-07
0.2828 	1.05216e-07
0.2835 	7.17739e-08
0.2842 	3.83314e-08
0.2849 	4.88894e-09
0.2856 	9.92372e-11
0.2863 	8.3464e-11
0.287 	6.76747e-11
0.2877 	5.18854e-11
0.2884 	3.60961e-11
0.2891 	2.03068e-11
0.2898 	4.51752e-12
0.2905 	6.23429e-15
0.2912 	5.26588e-15
0.2919 	4.29612e-15
0.2926 	3.32625e-15
0.2933 	2.35638e-15
0.294 	1.38652e-15
0.2947 	4.1665e-16
0.2954 	9.49763e-19
0.2961 	8.05498e-19
0.2968 	6.60988e-19
0.2975 	5.16411e-19
0.2982 	3.71834e-19
0.2989 	2.27257e-19
0.2996 	8.26804e-20
0.3003 	6.66785e-23
0.301 	5.67715e-23
0.3017 	4.68457e-23
0.3024 	3.69096e-23
0.3031 	2.69735e-23
0.3038 	1.70374e-23
0.3045 	7.1013e-24
0.3052 	4.31342e-27
0.3059 	3.68621e-27
0.3066 	3.05785e-27
0.3073 	2.42834e-27
0.308 	1.79884e-27
0.3087 	1.16933e-27
0.3094 	5.39826e-28
0.3101 	2.70274e-31
0.3108 	2.31794e-31
0.3115 	1.93254e-31
0.3122 	1.54606e-31
0.3129 	1.15958e-31
0.3136 	7.73103e-32
0.3143 	3.86625e-32
0.315 	1.63763e-35
0.3157 	1.40921e-35
0.3164 	1.18056e-35
0.3171 	9.51026e-36
0.3178 	7.21488e-36
0.3185 	4.9195e-36
0.3192 	2.62413e-36
0.3199 	3.28751e-37
0.3206 	8.26621e-40
0.3213 	6.95685e-40
0.322 	5.64078e-40
0.3227 	4.3247e-40
0.3234 	3.00863e-40
0.3241 	1.69256e-40
0.3248 	3.76482e-41
0.3255 	4.66011e-44
0.3262 	3.93886e-44
0.3269 	3.21358e-44
0.3276 	2.48798e-44
0.3283 	1.76239e-44
0.329 	1.0368e-44
0.3297 	3.11209e-45
0.3304 	2.51351e-48
0.3311 	2.13304e-48
0.3318 	1.75064e-48
0.3325 	1.36771e-48
0.3332 	9.84787e-49
0.3339 	6.01861e-49
0.3346 	2.18935e-49
0.3353 	1.29169e-52
0.336 	1.10036e-52
0.3367 	9.08197e-53
0.3374 	7.15561e-53
0.3381 	5.22926e-53
0.3388 	3.3029e-53
0.3395 	1.37654e-53
0.3402 	6.30669e-57
0.3409 	5.39214e-57
0.3416 	4.4743e-57
0.3423 	3.55318e-57
0.343 	2.63205e-57
0.3437 	1.71092e-57
0.3444 	7.89794e-58
0.3451 	2.9225e-61
0.3458 	2.50739e-61
0.3465 	2.09117e-61
0.3472 	1.67296e-61
0.3479 	1.25475e-61
0.3486 	8.36534e-62
0.3493 	4.18322e-62
0.35 	1.28598e-65
0.3507 	1.10698e-65
0.3514 	9.2769e-66
0.3521 	7.47314e-66
0.3528 	5.66939e-66
0.3535 	3.86563e-66
0.3542 	2.06188e-66
0.3549 	2.58124e-67
0.3556 	4.64912e-70
0.3563 	3.91404e-70
0.357 	3.17358e-70
0.3577 	2.43312e-70
0.3584 	1.69266e-70
0.3591 	9.52195e-71
0.3598 	2.11733e-71
0.3605 	1.86183e-74
0.3612 	1.57415e-74
0.3619 	1.28432e-74
0.3626 	9.94325e-75
0.3633 	7.04332e-75
0.364 	4.14339e-75
0.3647 	1.24346e-75
0.3654 	7.12853e-79
0.3661 	6.05094e-79
0.3668 	4.96646e-79
0.3675 	3.8801e-79
0.3682 	2.79373e-79
0.3689 	1.70737e-79
0.3696 	6.21006e-80
0.3703 	2.61598e-83
0.371 	2.22891e-83
0.3717 	1.8398e-83
0.3724 	1.44955e-83
0.3731 	1.05931e-83
0.3738 	6.69066e-84
0.3745 	2.78823e-84
0.3752 	9.22254e-88
0.3759 	7.88621e-88
0.3766 	6.54439e-88
0.3773 	5.19706e-88
0.378 	3.84974e-88
0.3787 	2.50242e-88
0.3794 	1.1551e-88
0.3801 	3.12989e-92
0.3808 	2.68558e-92
0.3815 	2.23996e-92
0.3822 	1.79198e-92
0.3829 	1.34401e-92
0.3836 	8.96031e-93
0.3843 	4.48056e-93
0.385 	1.02326e-96
0.3857 	8.80878e-97
0.3864 	7.38255e-97
0.3871 	5.9471e-97
0.3878 	4.51165e-97
0.3885 	3.07621e-97
0.3892 	1.64076e-97
0.3899 	2.0531e-98
0.3906 	2.78496e-101
0.3913 	2.34474e-101
0.392 	1.90116e-101
0.3927 	1.45757e-101
0.3934 	1.01398e-101
0.3941 	5.70398e-102
0.3948 	1.26811e-102
0.3955 	8.49233e-106
0.3962 	7.18032e-106
0.3969 	5.85829e-106
0.3976 	4.5355e-106
0.3983 	3.21271e-106
0.399 	1.88991e-106
0.3997 	5.67117e-107
0.4004 	2.49871e-110
0.4011 	2.121e-110
0.4018 	1.74086e-110
0.4025 	1.36006e-110
0.4032 	9.79258e-111
0.4039 	5.98458e-111
0.4046 	2.17657e-111
0.4053 	7.09441e-115
0.406 	6.04467e-115
0.4067 	4.9894e-115
0.4074 	3.93108e-115
0.4081 	2.87275e-115
0.4088 	1.81442e-115
0.4095 	7.56097e-116
0.4102 	1.94362e-119
0.4109 	1.66198e-119
0.4116 	1.37919e-119
0.4123 	1.09524e-119
0.413 	8.11301e-120
0.4137 	5.27359e-120
0.4144 	2.43417e-120
0.4151 	5.13878e-124
0.4158 	4.40923e-124
0.4165 	3.67756e-124
0.4172 	2.94207e-124
0.4179 	2.20658e-124
0.4186 	1.47108e-124
0.4193 	7.35588e-125
0.42 	1.31195e-128
0.4207 	1.12939e-128
0.4214 	9.46518e-129
0.4221 	7.62477e-129
0.4228 	5.78436e-129
0.4235 	3.94395e-129
0.4242 	2.10355e-129
0.4249 	2.63138e-130
0.4256 	2.79507e-133
0.4263 	2.35322e-133
0.427 	1.90803e-133
0.4277 	1.46283e-133
0.4284 	1.01764e-133
0.4291 	5.72444e-134
0.4298 	1.27249e-134
0.4305 	6.68203e-138
0.4312 	5.64967e-138
0.4319 	4.60945e-138
0.4326 	3.56863e-138
0.4333 	2.52781e-138
0.434 	1.487e-138
0.4347 	4.46177e-139
0.4354 	1.52245e-142
0.4361 	1.2883e-142
0.4368 	1.05284e-142
0.4375 	8.17024e-143
0.4382 	5.81207e-143
0.4389 	3.45389e-143
0.4396 	1.09571e-143
0.4403 	-2.45816e-144
0.441 	-2.32086e-144
0.4417 	-2.26431e-144
0.4424 	-2.25262e-144
0.4431 	-2.24092e-144
0.4438 	-2.22923e-144
0.4445 	-2.21754e-144
0.4452 	-2.08782e-144
0.4459 	-1.66304e-144
0.4466 	-1.40152e-144
0.4473 	-1.30326e-144
0.448 	-1.20499e-144
0.4487 	-1.10673e-144
0.4494 	-1.00846e-144
0.4501 	-8.9552e-145
0.4508 	-6.94523e-145
0.4515 	-5.46712e-145
0.4522 	-4.94637e-145
0.4529 	-4.42561e-145
0.4536 	-3.90486e-145
0.4543 	-3.3841e-145
0.455 	-2.86417e-145
0.4557 	-2.20329e-145
0.4564 	-1.6463e-145
0.4571 	-1.46724e-145
0.4578 	-1.28818e-145
0.4585 	-1.10912e-145
0.4592 	-9.30054e-146
0.4599 	-7.50993e-146
0.4606 	-5.77053e-146
0.4613 	-4.12872e-146
0.462 	-3.64502e-146
0.4627 	-3.16132e-146
0.4634 	-2.67761e-146
0.4641 	-2.19391e-146
0.4648 	-1.71021e-146
0.4655 	-1.29794e-146
0.4662 	-9.14248e-147
0.4669 	-7.84992e-147
0.4676 	-6.75308e-147
0.4683 	-5.65624e-147
0.469 	-4.5594e-147
0.4697 	-3.46256e-147
0.4704 	-2.56843e-147
0.4711 	-1.82627e-147
0.4718 	-1.49744e-147
0.4725 	-1.28132e-147
0.4732 	-1.06521e-147
0.4739 	-8.49094e-148
0.4746 	-6.32979e-148
0.4753 	-4.54699e-148
0.476 	-3.26854e-148
0.4767 	-2.56884e-148
0.4774 	-2.19066e-148
0.4781 	-1.81249e-148
0.4788 	-1.43431e-148
0.4795 	-1.05614e-148
0.4802 	-7.29168e-149
0.4809 	-5.30175e-149
0.4816 	-4.00841e-149
0.4823 	-3.41167e-149
0.483 	-2.81493e-149
0.4837 	-2.21819e-149
0.4844 	-1.62145e-149
0.4851 	-1.06955e-149
0.4858 	-7.86617e-150
0.4865 	-5.74057e-150
0.4872 	-4.88175e-150
0.4879 	-4.02293e-150
0.4886 	-3.16411e-150
0.4893 	-2.30528e-150
0.49 	-1.44683e-150
0.4907 	-1.07577e-150
0.4914 	-7.60121e-151
0.4921 	-6.46358e-151
0.4928 	-5.32595e-151
0.4935 	-4.18832e-151
0.4942 	-3.05069e-151
0.4949 	-1.91306e-151
0.4956 	-1.36437e-151
0.4963 	-9.35997e-152
0.497 	-7.96342e-152
0.4977 	-6.56686e-152
0.4984 	-5.1703e-152
0.4991 	-3.77375e-152
0.4998 	-2.37719e-152
0.5005 	-1.61328e-152
0.5012 	-1.10236e-152
0.5019 	-9.1746e-153
0.5026 	-7.57644e-153
0.5033 	-5.97827e-153
0.504 	-4.3801e-153
0.5047 	-2.78194e-153
0.5054 	-1.78672e-153
0.5061 	-1.24362e-153
0.5068 	-9.9262e-154
0.5075 	-8.21288e-154
0.5082 	-6.49957e-154
0.5089 	-4.78625e-154
0.5096 	-3.07293e-154
0.5103 	-1.86103e-154
0.511 	-1.31756e-154
0.5117 	-1.01237e-154
0.5124 	-8.39555e-155
0.5131 	-6.66744e-155
0.5138 	-4.93933e-155
0.5145 	-3.21123e-155
0.5152 	-1.83006e-155
0.5159 	-1.31606e-155
0.5166 	-9.76725e-156
0.5173 	-8.12068e-156
0.518 	-6.4741e-156
0.5187 	-4.82753e-156
0.5194 	-3.18095e-156
0.5201 	-1.70384e-156
0.5208 	-1.24308e-156
0.5215 	-8.93789e-157
0.5222 	-7.45153e-157
0.5229 	-5.96517e-157
0.5236 	-4.47881e-157
0.5243 	-2.99245e-157
0.525 	-1.50649e-157
0.5257 	-1.11357e-157
0.5264 	-7.77793e-158
0.5271 	-6.50311e-158
0.5278 	-5.2283e-158
0.5285 	-3.95349e-158
0.5292 	-2.67868e-158
0.5299 	-1.40387e-158
0.5306 	-9.48601e-159
0.5313 	-6.45196e-159
0.532 	-5.41044e-159
0.5327 	-4.36893e-159
0.5334 	-3.32741e-159
0.5341 	-2.28589e-159
0.5348 	-1.24438e-159
0.5355 	-7.70305e-160
0.5362 	-5.23155e-160
0.5369 	-4.30061e-160
0.5376 	-3.48816e-160
0.5383 	-2.67572e-160
0.539 	-1.86328e-160
0.5397 	-1.05083e-160
0.5404 	-5.97819e-161
0.5411 	-4.14324e-161
0.5418 	-3.27338e-161
0.5425 	-2.66674e-161
0.5432 	-2.0601e-161
0.5439 	-1.45347e-161
0.5446 	-8.46825e-162
0.5453 	-4.44202e-162
0.546 	-3.13544e-162
0.5467 	-2.3896e-162
0.5474 	-1.95528e-162
0.5481 	-1.52096e-162
0.5488 	-1.08664e-162
0.5495 	-6.52314e-163
0.5502 	-3.16567e-163
0.5509 	-2.27193e-163
0.5516 	-1.67573e-163
0.5523 	-1.37708e-163
0.553 	-1.07843e-163
0.5537 	-7.79783e-164
0.5544 	-4.81133e-164
0.5551 	-2.16756e-164
0.5558 	-1.57932e-164
0.5565 	-1.13061e-164
0.5572 	-9.33049e-165
0.5579 	-7.3549e-165
0.5586 	-5.37931e-165
0.5593 	-3.40373e-165
0.56 	-1.42853e-165
0.5607 	-1.05512e-165
0.5614 	-7.34993e-166
0.5621 	-6.09078e-166
0.5628 	-4.83163e-166
0.5635 	-3.57248e-166
0.5642 	-2.31333e-166
0.5649 	-1.05418e-166
0.5656 	-6.78619e-167
0.5663 	-4.61035e-167
0.567 	-3.83603e-167
0.5677 	-3.0617e-167
0.5684 	-2.28738e-167
0.5691 	-1.51305e-167
0.5698 	-7.38727e-168
0.5705 	-4.21001e-168
0.5712 	-2.8587e-168
0.5719 	-2.33477e-168
0.5726 	-1.8745e-168
0.5733 	-1.41422e-168
0.574 	-9.53943e-169
0.5747 	-4.93666e-169
0.5754 	-2.5221e-169
0.5761 	-1.74836e-169
0.5768 	-1.37457e-169
0.5775 	-1.10986e-169
0.5782 	-8.4515e-170
0.5789 	-5.80439e-170
0.5796 	-3.15729e-170
0.5803 	-1.46085e-170
0.581 	-1.03169e-170
0.5817 	-7.83628e-171
0.5824 	-6.36177e-171
0.5831 	-4.88725e-171
0.5838 	-3.41274e-171
0.5845 	-1.93823e-171
0.5852 	-8.1912e-172
0.5859 	-5.8829e-172
0.5866 	-4.33055e-172
0.5873 	-3.53415e-172
0.588 	-2.73775e-172
0.5887 	-1.94136e-172
0.5894 	-1.14496e-172
0.5901 	-4.45148e-173
0.5908 	-3.24622e-173
0.5915 	-2.3223e-173
0.5922 	-1.90478e-173
0.5929 	-1.48726e-173
0.5936 	-1.06974e-173
0.5943 	-6.52224e-174
0.595 	-2.34775e-174
0.5957 	-1.73572e-174
0.5964 	-1.20967e-174
0.5971 	-9.9699e-175
0.5978 	-7.84313e-175
0.5985 	-5.71635e-175
0.5992 	-3.58958e-175
0.5999 	-1.4628e-175
0.6006 	-9.00402e-176
0.6013 	-6.12647e-176
0.602 	-5.07285e-176
0.6027 	-4.01924e-176
0.6034 	-2.96563e-176
0.6041 	-1.91202e-176
0.6048 	-8.58403e-177
0.6055 	-4.53818e-177
0.6062 	-3.08776e-177
0.6069 	-2.51219e-177
0.6076 	-2.00391e-177
0.6083 	-1.49563e-177
0.609 	-9.87354e-178
0.6097 	-4.79076e-178
0.6104 	-2.22445e-178
0.6111 	-1.54508e-178
0.6118 	-1.21176e-178
0.6125 	-9.72809e-179
0.6132 	-7.33858e-179
0.6139 	-4.94907e-179
0.6146 	-2.55956e-179
0.6153 	-1.06125e-179
0.616 	-7.50931e-180
0.6167 	-5.69683e-180
0.6174 	-4.60142e-180
0.6181 	-3.50601e-180
0.6188 	-2.4106e-180
0.6195 	-1.31519e-180
0.6202 	-4.93276e-181
0.6209 	-3.54931e-181
0.6216 	-2.61254e-181
0.6223 	-2.12247e-181
0.623 	-1.63239e-181
0.6237 	-1.14231e-181
0.6244 	-6.52229e-182
0.6251 	-2.23579e-182
0.6258 	-1.63337e-182
0.6265 	-1.16962e-182
0.6272 	-9.55472e-183
0.6279 	-7.41328e-183
0.6286 	-5.27183e-183
0.6293 	-3.13039e-183
0.63 	-9.8926e-184
0.6307 	-7.32635e-184
0.6314 	-5.11568e-184
0.6321 	-4.20109e-184
0.6328 	-3.28651e-184
0.6335 	-2.37192e-184
0.6342 	-1.45733e-184
0.6349 	-5.42739e-185
0.6356 	-3.2062e-185
0.6363 	-2.18758e-185
0.637 	-1.80551e-185
0.6377 	-1.42345e-185
0.6384 	-1.04138e-185
0.6391 	-6.59314e-186
0.6398 	-2.77247e-186
0.6405 	-1.37025e-186
0.6412 	-9.35155e-187
0.6419 	-7.59011e-187
0.6426 	-6.02786e-187
0.6433 	-4.46561e-187
0.644 	-2.90336e-187
0.6447 	-1.34111e-187
0.6454 	-5.724e-188
0.6461 	-3.98706e-188
0.6468 	-3.12326e-188
0.6475 	-2.49758e-188
0.6482 	-1.8719e-188
0.6489 	-1.24622e-188
0.6496 	-6.20536e-189
0.6503 	-2.33908e-189
0.651 	-1.65945e-189
0.6517 	-1.25884e-189
0.6524 	-1.01324e-189
0.6531 	-7.67643e-190
0.6538 	-5.22044e-190
0.6545 	-2.76446e-190
0.6552 	-9.35786e-191
0.6559 	-6.74979e-191
0.6566 	-4.97304e-191
0.6573 	-4.02759e-191
0.658 	-3.08214e-191
0.6587 	-2.13669e-191
0.6594 	-1.19125e-191
0.6601 	-3.66875e-192
0.6608 	-2.68632e-192
0.6615 	-1.92718e-192
0.6622 	-1.56994e-192
0.6629 	-1.2127e-192
0.6636 	-8.55468e-193
0.6643 	-4.98232e-193
0.665 	-1.41044e-193
0.6657 	-1.04678e-193
0.6664 	-7.32876e-194
0.6671 	-6.00343e-194
0.6678 	-4.67809e-194
0.6685 	-3.35276e-194
0.6692 	-2.02742e-194
0.6699 	-7.02086e-195
0.6706 	-3.99659e-195
0.6713 	-2.73619e-195
0.672 	-2.2532e-195
0.6727 	-1.77021e-195
0.6734 	-1.28723e-195
0.6741 	-8.04241e-196
0.6748 	-3.21254e-196
0.6755 	-1.49611e-196
0.6762 	-1.02471e-196
0.6769 	-8.30421e-197
0.6776 	-6.57447e-197
0.6783 	-4.84474e-197
0.679 	-3.115e-197
0.6797 	-1.38526e-197
0.6804 	-5.49468e-198
0.6811 	-3.83981e-198
0.6818 	-3.00668e-198
0.6825 	-2.39765e-198
0.6832 	-1.78862e-198
0.6839 	-1.17959e-198
0.6846 	-5.70562e-199
0.6853 	-1.98089e-199
0.686 	-1.40952e-199
0.6867 	-1.06988e-199
0.6874 	-8.58988e-200
0.6881 	-6.48094e-200
0.6888 	-4.37201e-200
0.6895 	-2.26307e-200
0.6902 	-7.01335e-201
0.6909 	-5.07242e-201
0.6916 	-3.74272e-201
0.6923 	-3.02425e-201
0.693 	-2.30577e-201
0.6937 	-1.5873e-201
0.6944 	-8.68827e-202
0.6951 	-2.43453e-202
0.6958 	-1.76419e-202
0.6965 	-1.24759e-202
0.6972 	-1.00773e-202
0.6979 	-7.67867e-203
0.6986 	-5.28005e-203
0.6993 	-2.88144e-203
0.7 	-4.83127e-204
