0 	1
0.0007 	1
0.0014 	1
0.0021 	1
0.0028 	1
0.0035 	1
0.0042 	1
0.0049 	1
0.0056 	1
0.0063 	1
0.007 	1
0.0077 	1
0.0084 	1
0.0091 	1
0.0098 	1
0.0105 	1
0.0112 	1
0.0119 	1
0.0126 	1
0.0133 	1
0.014 	1
0.0147 	1
0.0154 	1
0.0161 	1
0.0168 	1
0.0175 	1
0.0182 	1
0.0189 	1
0.0196 	1
0.0203 	1
0.021 	1
0.0217 	1
0.0224 	1
0.0231 	1
0.0238 	1
0.0245 	1
0.0252 	1
0.0259 	1
0.0266 	1
0.0273 	1
0.028 	1
0.0287 	1
0.0294 	1
0.0301 	1
0.0308 	1
0.0315 	1
0.0322 	1
0.0329 	1
0.0336 	1
0.0343 	1
0.035 	1
0.0357 	1
0.0364 	1
0.0371 	1
0.0378 	1
0.0385 	1
0.0392 	1
0.0399 	1
0.0406 	1
0.0413 	1
0.042 	1
0.0427 	1
0.0434 	1
0.0441 	1
0.0448 	1
0.0455 	1
0.0462 	1
0.0469 	1
0.0476 	1
0.0483 	1
0.049 	1
0.0497 	1
0.0504 	1
0.0511 	1
0.0518 	1
0.0525 	1
0.0532 	1
0.0539 	1
0.0546 	1
0.0553 	1
0.056 	1
0.0567 	1
0.0574 	1
0.0581 	1
0.0588 	1
0.0595 	1
0.0602 	1
0.0609 	1
0.0616 	1
0.0623 	1
0.063 	1
0.0637 	1
0.0644 	1
0.0651 	1
0.0658 	1
0.0665 	1
0.0672 	1
0.0679 	1
0.0686 	1
0.0693 	1
0.07 	1
0.0707 	1
0.0714 	1
0.0721 	1
0.0728 	1
0.0735 	1
0.0742 	1
0.0749 	1
0.0756 	1
0.0763 	1
0.077 	1
0.0777 	1
0.0784 	1
0.0791 	1
0.0798 	1
0.0805 	1
0.0812 	1
0.0819 	1
0.0826 	1
0.0833 	1
0.084 	1
0.0847 	1
0.0854 	1
0.0861 	1
0.0868 	1
0.0875 	1
0.0882 	1
0.0889 	1
0.0896 	1
0.0903 	1
0.091 	1
0.0917 	1
0.0924 	1
0.0931 	1
0.0938 	1
0.0945 	1
0.0952 	1
0.0959 	1
0.0966 	1
0.0973 	1
0.098 	1
0.0987 	1
0.0994 	1
0.1001 	1
0.1008 	1
0.1015 	1
0.1022 	1
0.1029 	1
0.1036 	1
0.1043 	1
0.105 	1
0.1057 	1
0.1064 	1
0.1071 	1
0.1078 	1
0.1085 	1
0.1092 	1
0.1099 	1
0.1106 	1
0.1113 	1
0.112 	1
0.1127 	1
0.1134 	1
0.1141 	1
0.1148 	1
0.1155 	1
0.1162 	1
0.1169 	1
0.1176 	1
0.1183 	1
0.119 	1
0.1197 	1
0.1204 	1
0.1211 	1
0.1218 	1
0.1225 	1
0.1232 	1
0.1239 	1
0.1246 	1
0.1253 	1
0.126 	1
0.1267 	1
0.1274 	1
0.1281 	1
0.1288 	1
0.1295 	1
0.1302 	1
0.1309 	1
0.1316 	1
0.1323 	1
0.133 	1
0.1337 	1
0.1344 	1
0.1351 	1
0.1358 	1
0.1365 	1
0.1372 	1
0.1379 	1
0.1386 	1
0.1393 	1
0.14 	1
0.1407 	1
0.1414 	1
0.1421 	1
0.1428 	1
0.1435 	1
0.1442 	1
0.1449 	1
0.1456 	1
0.1463 	1
0.147 	1
0.1477 	1
0.1484 	1
0.1491 	1
0.1498 	1
0.1505 	1
0.1512 	1
0.1519 	1
0.1526 	1
0.1533 	1
0.154 	1
0.1547 	1
0.1554 	1
0.1561 	1
0.1568 	1
0.1575 	1
0.1582 	1
0.1589 	1
0.1596 	1
0.1603 	1
0.161 	1
0.1617 	1
0.1624 	1
0.1631 	1
0.1638 	1
0.1645 	1
0.1652 	1
0.1659 	1
0.1666 	1
0.1673 	1
0.168 	1
0.1687 	1
0.1694 	1
0.1701 	1
0.1708 	1
0.1715 	1
0.1722 	1
0.1729 	1
0.1736 	1
0.1743 	1
0.175 	1
0.1757 	1
0.1764 	1
0.1771 	1
0.1778 	1
0.1785 	1
0.1792 	1
0.1799 	1
0.1806 	1
0.1813 	1
0.182 	1
0.1827 	1
0.1834 	1
0.1841 	1
0.1848 	1
0.1855 	1
0.1862 	1
0.1869 	1
0.1876 	1
0.1883 	1
0.189 	1
0.1897 	1
0.1904 	1
0.1911 	1
0.1918 	1
0.1925 	1
0.1932 	1
0.1939 	1
0.1946 	1
0.1953 	1
0.196 	1
0.1967 	1
0.1974 	1
0.1981 	1
0.1988 	1
0.1995 	1
0.2002 	1
0.2009 	1
0.2016 	1
0.2023 	1
0.203 	1
0.2037 	1
0.2044 	1
0.2051 	1
0.2058 	1
0.2065 	1
0.2072 	1
0.2079 	1
0.2086 	1
0.2093 	1
0.21 	1
0.2107 	1
0.2114 	1
0.2121 	1
0.2128 	1
0.2135 	1
0.2142 	1
0.2149 	1
0.2156 	1
0.2163 	1
0.217 	1
0.2177 	1
0.2184 	1
0.2191 	1
0.2198 	1
0.2205 	1
0.2212 	1
0.2219 	1
0.2226 	1
0.2233 	1
0.224 	1
0.2247 	1
0.2254 	1
0.2261 	1
0.2268 	1
0.2275 	1
0.2282 	1
0.2289 	1
0.2296 	1
0.2303 	1
0.231 	1
0.2317 	1
0.2324 	1
0.2331 	0.999999
0.2338 	0.999999
0.2345 	0.999999
0.2352 	0.999932
0.2359 	0.999696
0.2366 	0.99946
0.2373 	0.999224
0.238 	0.998988
0.2387 	0.998752
0.2394 	0.998516
0.2401 	0.996144
0.2408 	0.980952
0.2415 	0.965761
0.2422 	0.950571
0.2429 	0.935381
0.2436 	0.920191
0.2443 	0.905
0.245 	0.88981
0.2457 	0.820507
0.2464 	0.751204
0.2471 	0.681902
0.2478 	0.6126
0.2485 	0.543299
0.2492 	0.473997
0.2499 	0.404695
0.2506 	0.347815
0.2513 	0.293007
0.252 	0.238197
0.2527 	0.183388
0.2534 	0.128578
0.2541 	0.0737684
0.2548 	0.0189588
0.2555 	0.00297056
0.2562 	0.00251013
0.2569 	0.00204788
0.2576 	0.00158549
0.2583 	0.0011231
0.259 	0.000660715
0.2597 	0.000198327
0.2604 	1.52197e-07
0.2611 	1.28935e-07
0.2618 	1.05771e-07
0.2625 	8.26336e-08
0.2632 	5.94962e-08
0.2639 	3.63588e-08
0.2646 	1.32214e-08
0.2653 	2.9703e-13
0.266 	2.51787e-13
0.2667 	2.07354e-13
0.2674 	1.6337e-13
0.2681 	1.19386e-13
0.2688 	7.54014e-14
0.2695 	3.14172e-14
0.2702 	4.15852e-19
0.2709 	3.5234e-19
0.2716 	2.90662e-19
0.2723 	2.3082e-19
0.273 	1.70978e-19
0.2737 	1.11135e-19
0.2744 	5.12932e-20
0.2751 	5.00236e-25
0.2758 	4.2328e-25
0.2765 	3.48887e-25
0.2772 	2.7911e-25
0.2779 	2.09332e-25
0.2786 	1.39555e-25
0.2793 	6.97771e-26
0.28 	3.60929e-31
0.2807 	3.04895e-31
0.2814 	2.50434e-31
0.2821 	2.01739e-31
0.2828 	1.53043e-31
0.2835 	1.04347e-31
0.2842 	5.56518e-32
0.2849 	6.95621e-33
0.2856 	1.63271e-37
0.2863 	1.33244e-37
0.287 	1.08036e-37
0.2877 	8.28275e-38
0.2884 	5.76191e-38
0.2891 	3.24107e-38
0.2898 	7.20223e-39
0.2905 	6.86872e-44
0.2912 	5.57186e-44
0.2919 	4.5295e-44
0.2926 	3.5067e-44
0.2933 	2.48391e-44
0.294 	1.46112e-44
0.2947 	4.38331e-45
0.2954 	2.09983e-50
0.2961 	1.6924e-50
0.2968 	1.36968e-50
0.2975 	1.07006e-50
0.2982 	7.70441e-51
0.2989 	4.70824e-51
0.2996 	1.71207e-51
0.3003 	4.88468e-57
0.301 	3.90093e-57
0.3017 	3.12364e-57
0.3024 	2.46105e-57
0.3031 	1.79846e-57
0.3038 	1.13586e-57
0.3045 	4.73274e-58
0.3052 	8.61898e-64
0.3059 	6.80872e-64
0.3066 	5.35258e-64
0.3073 	4.25058e-64
0.308 	3.14857e-64
0.3087 	2.04657e-64
0.3094 	9.44566e-65
0.3101 	1.11161e-70
0.3108 	8.64066e-71
0.3115 	6.57935e-71
0.3122 	5.26348e-71
0.3129 	3.94761e-71
0.3136 	2.63173e-71
0.3143 	1.31586e-71
0.315 	1.19428e-77
0.3157 	9.1966e-78
0.3164 	6.75731e-78
0.3171 	5.44338e-78
0.3178 	4.12946e-78
0.3185 	2.81554e-78
0.3192 	1.50162e-78
0.3199 	1.87692e-79
0.3206 	7.51868e-85
0.3213 	5.34267e-85
0.322 	4.3319e-85
0.3227 	3.32112e-85
0.3234 	2.31034e-85
0.3241 	1.29956e-85
0.3248 	2.88786e-86
0.3255 	6.30389e-92
0.3262 	4.66059e-92
0.3269 	3.75572e-92
0.3276 	2.90765e-92
0.3283 	2.05959e-92
0.329 	1.21152e-92
0.3297 	3.63451e-93
0.3304 	5.18028e-99
0.3311 	4.18156e-99
0.3318 	3.38564e-99
0.3325 	2.64503e-99
0.3332 	1.90442e-99
0.3339 	1.16381e-99
0.3346 	4.232e-100
0.3353 	4.72774e-106
0.336 	4.1124e-106
0.3367 	3.42552e-106
0.3374 	2.69889e-106
0.3381 	1.97227e-106
0.3388 	1.24564e-106
0.3395 	5.19014e-107
0.3402 	4.29613e-113
0.3409 	3.87102e-113
0.3416 	3.31701e-113
0.3423 	2.63409e-113
0.343 	1.95118e-113
0.3437 	1.26827e-113
0.3444 	5.8535e-114
0.3451 	3.33981e-120
0.3458 	3.05412e-120
0.3465 	2.67909e-120
0.3472 	2.14327e-120
0.3479 	1.60745e-120
0.3486 	1.07163e-120
0.3493 	5.35815e-121
0.35 	2.49054e-127
0.3507 	2.28842e-127
0.3514 	2.04442e-127
0.3521 	1.64689e-127
0.3528 	1.24936e-127
0.3535 	8.51838e-128
0.3542 	4.54313e-128
0.3549 	5.67866e-129
0.3556 	1.36509e-134
0.3563 	1.23912e-134
0.357 	1.00469e-134
0.3577 	7.70266e-135
0.3584 	5.35836e-135
0.3591 	3.01407e-135
0.3598 	6.69779e-136
0.3605 	-6.16766e-142
0.3612 	3.96523e-142
0.3619 	3.80886e-142
0.3626 	2.861e-142
0.3633 	1.91315e-142
0.364 	9.65297e-143
0.3647 	1.74441e-144
0.3654 	-3.67536e-143
0.3661 	-3.30372e-143
0.3668 	-2.7515e-143
0.3675 	-2.15004e-143
0.3682 	-1.54857e-143
0.3689 	-9.47111e-144
0.3696 	-3.45647e-144
0.3703 	-1.88067e-146
0.371 	-1.69935e-146
0.3717 	-1.43854e-146
0.3724 	-1.13355e-146
0.3731 	-8.2857e-147
0.3738 	-5.23586e-147
0.3745 	-2.18601e-147
0.3752 	-7.37604e-150
0.3759 	-6.67227e-150
0.3766 	-5.73073e-150
0.3773 	-4.55142e-150
0.378 	-3.37212e-150
0.3787 	-2.19281e-150
0.3794 	-1.0135e-150
0.3801 	-2.63973e-153
0.3808 	-2.39201e-153
0.3815 	-2.08396e-153
0.3822 	-1.66733e-153
0.3829 	-1.2507e-153
0.3836 	-8.34078e-154
0.3843 	-4.17451e-154
0.385 	-8.2723e-157
0.3857 	-7.50762e-157
0.3864 	-6.63063e-157
0.3871 	-5.34178e-157
0.3878 	-4.05293e-157
0.3885 	-2.76409e-157
0.3892 	-1.47524e-157
0.3899 	-1.86399e-158
0.3906 	-2.1049e-160
0.3913 	-1.88361e-160
0.392 	-1.52736e-160
0.3927 	-1.1711e-160
0.3934 	-8.14848e-161
0.3941 	-4.58592e-161
0.3948 	-1.02337e-161
0.3955 	-5.15119e-164
0.3962 	-4.64344e-164
0.3969 	-3.8088e-164
0.3976 	-2.94901e-164
0.3983 	-2.08922e-164
0.399 	-1.22943e-164
0.3997 	-3.69637e-165
0.4004 	-1.09934e-167
0.4011 	-9.92615e-168
0.4018 	-8.27547e-168
0.4025 	-6.46569e-168
0.4032 	-4.65591e-168
0.4039 	-2.84613e-168
0.4046 	-1.03634e-168
0.4053 	-2.10577e-171
0.406 	-1.90426e-171
0.4067 	-1.61246e-171
0.4074 	-1.2705e-171
0.4081 	-9.28537e-172
0.4088 	-5.86578e-172
0.4095 	-2.44619e-172
0.4102 	-3.54971e-175
0.4109 	-3.21475e-175
0.4116 	-2.7629e-175
0.4123 	-2.19418e-175
0.413 	-1.62545e-175
0.4137 	-1.05673e-175
0.4144 	-4.88006e-176
0.4151 	-5.23777e-179
0.4158 	-4.75013e-179
0.4165 	-4.14091e-179
0.4172 	-3.31287e-179
0.4179 	-2.48482e-179
0.4186 	-1.65677e-179
0.4193 	-8.28727e-180
0.42 	-6.84321e-183
0.4207 	-6.2139e-183
0.4214 	-5.4907e-183
0.4221 	-4.42322e-183
0.4228 	-3.35574e-183
0.4235 	-2.28825e-183
0.4242 	-1.22077e-183
0.4249 	-1.53284e-184
0.4256 	-7.2899e-187
0.4263 	-6.52506e-187
0.427 	-5.29074e-187
0.4277 	-4.05642e-187
0.4284 	-2.8221e-187
0.4291 	-1.58779e-187
0.4298 	-3.53467e-188
0.4305 	-7.56189e-191
0.4312 	-6.81596e-191
0.4319 	-5.59061e-191
0.4326 	-4.32837e-191
0.4333 	-3.06614e-191
0.434 	-1.80391e-191
0.4347 	-5.4168e-192
0.4354 	-6.90042e-195
0.4361 	-6.2281e-195
0.4368 	-5.1918e-195
0.4375 	-4.05622e-195
0.4382 	-2.92064e-195
0.4389 	-1.78506e-195
0.4396 	-6.49483e-196
0.4403 	-5.61961e-199
0.441 	-5.07821e-199
0.4417 	-4.29872e-199
0.4424 	-3.38696e-199
0.4431 	-2.4752e-199
0.4438 	-1.56344e-199
0.4445 	-6.51675e-200
0.4452 	-4.09841e-203
0.4459 	-3.70765e-203
0.4466 	-3.18448e-203
0.4473 	-2.52891e-203
0.448 	-1.87334e-203
0.4487 	-1.21776e-203
0.4494 	-5.62188e-204
0.4501 	-2.66354e-207
0.4508 	-2.41222e-207
0.4515 	-2.10062e-207
0.4522 	-1.68053e-207
0.4529 	-1.26043e-207
0.4536 	-8.40341e-208
0.4543 	-4.20247e-208
0.455 	-1.53795e-211
0.4557 	-1.39443e-211
0.4564 	-1.23041e-211
0.4571 	-9.91178e-212
0.4578 	-7.51947e-212
0.4585 	-5.12716e-212
0.4592 	-2.73485e-212
0.4599 	-3.42537e-213
0.4606 	-7.22607e-216
0.4613 	-6.45585e-216
0.462 	-5.23454e-216
0.4627 	-4.01323e-216
0.4634 	-2.79192e-216
0.4641 	-1.57061e-216
0.4648 	-3.49302e-217
0.4655 	-3.35745e-220
0.4662 	-3.0192e-220
0.4669 	-2.47593e-220
0.4676 	-1.91688e-220
0.4683 	-1.35783e-220
0.469 	-7.98786e-221
0.4697 	-2.39738e-221
0.4704 	-1.39702e-224
0.4711 	-1.25753e-224
0.4718 	-1.0476e-224
0.4725 	-8.18447e-225
0.4732 	-5.89297e-225
0.4739 	-3.60147e-225
0.4746 	-1.30997e-225
0.4753 	-5.30633e-229
0.476 	-4.78349e-229
0.4767 	-4.04517e-229
0.4774 	-3.18714e-229
0.4781 	-2.32912e-229
0.4788 	-1.47109e-229
0.4795 	-6.13062e-230
0.4802 	-1.82511e-233
0.4809 	-1.64793e-233
0.4816 	-1.41381e-233
0.4823 	-1.12274e-233
0.483 	-8.31674e-234
0.4837 	-5.40608e-234
0.4844 	-2.49542e-234
0.4851 	-5.75031e-238
0.4858 	-5.2015e-238
0.4865 	-4.52546e-238
0.4872 	-3.6204e-238
0.4879 	-2.71534e-238
0.4886 	-1.81028e-238
0.4893 	-9.05221e-239
0.49 	-1.64402e-242
0.4907 	-1.48986e-242
0.4914 	-1.31399e-242
0.4921 	-1.0585e-242
0.4928 	-8.0301e-243
0.4935 	-5.4752e-243
0.4942 	-2.9203e-243
0.4949 	-3.65409e-244
0.4956 	-3.93834e-247
0.4963 	-3.51999e-247
0.497 	-2.85407e-247
0.4977 	-2.18814e-247
0.4984 	-1.52222e-247
0.4991 	-8.56294e-248
0.4998 	-1.9037e-248
0.5005 	-9.98526e-252
0.5012 	-9.00352e-252
0.5019 	-7.38499e-252
0.5026 	-5.71746e-252
0.5033 	-4.04994e-252
0.504 	-2.38242e-252
0.5047 	-7.14902e-253
0.5054 	-2.39563e-256
0.5061 	-2.16806e-256
0.5068 	-1.80848e-256
0.5075 	-1.41288e-256
0.5082 	-1.01729e-256
0.5089 	-6.217e-257
0.5096 	-2.26108e-257
0.5103 	-5.40057e-261
0.511 	-4.9056e-261
0.5117 	-4.16138e-261
0.5124 	-3.27869e-261
0.5131 	-2.396e-261
0.5138 	-1.5133e-261
0.5145 	-6.30611e-262
0.5152 	-1.13323e-265
0.5159 	-1.03283e-265
0.5166 	-8.90923e-266
0.5173 	-7.07502e-266
0.518 	-5.24081e-266
0.5187 	-3.40661e-266
0.5194 	-1.5724e-266
0.5201 	-2.21393e-270
0.5208 	-2.02332e-270
0.5215 	-1.77406e-270
0.5222 	-1.41926e-270
0.5229 	-1.06445e-270
0.5236 	-7.09649e-271
0.5243 	-3.54845e-271
0.525 	-4.05019e-275
0.5257 	-3.71076e-275
0.5264 	-3.30631e-275
0.5271 	-2.66343e-275
0.5278 	-2.02055e-275
0.5285 	-1.37767e-275
0.5292 	-7.3479e-276
0.5299 	-9.19102e-277
0.5306 	-6.56475e-280
0.5313 	-5.94197e-280
0.532 	-4.81783e-280
0.5327 	-3.6937e-280
0.5334 	-2.56956e-280
0.5341 	-1.44543e-280
0.5348 	-3.21295e-281
0.5355 	-1.07289e-284
0.5362 	-9.79633e-285
0.5369 	-8.04326e-285
0.5376 	-6.22707e-285
0.5383 	-4.41089e-285
0.539 	-2.59471e-285
0.5397 	-7.7853e-286
0.5404 	-1.59705e-289
0.5411 	-1.46099e-289
0.5418 	-1.22183e-289
0.5425 	-9.5456e-290
0.5432 	-6.87289e-290
0.5439 	-4.20019e-290
0.5446 	-1.52748e-290
0.5453 	-2.15967e-294
0.546 	-1.97878e-294
0.5467 	-1.68448e-294
0.5474 	-1.32717e-294
0.5481 	-9.69863e-295
0.5488 	-6.12555e-295
0.5495 	-2.55247e-295
0.5502 	-2.6556e-299
0.5509 	-2.4365e-299
0.5516 	-2.10977e-299
0.5523 	-1.67541e-299
0.553 	-1.24105e-299
0.5537 	-8.06693e-300
0.5544 	-3.72336e-300
0.5551 	-2.98156e-304
0.5558 	-2.73899e-304
0.5565 	-2.41085e-304
0.5572 	-1.92869e-304
0.5579 	-1.44652e-304
0.5586 	-9.6436e-305
0.5593 	-4.82195e-305
0.56 	-3.14108e-309
0.5607 	-2.88392e-309
0.5614 	-2.57867e-309
0.5621 	-2.07727e-309
0.5628 	-1.57586e-309
0.5635 	-1.07446e-309
0.5642 	-5.7306e-310
0.5649 	-7.16587e-311
0.5656 	-2.79714e-314
0.5663 	-2.53913e-314
0.567 	-2.05876e-314
0.5677 	-1.57838e-314
0.5684 	-1.098e-314
0.5691 	-6.17627e-315
0.5698 	-1.3725e-315
0.5705 	0
0.5712 	0
0.5719 	0
0.5726 	0
0.5733 	0
0.574 	0
0.5747 	0
0.5754 	0
0.5761 	0
0.5768 	0
0.5775 	0
0.5782 	0
0.5789 	0
0.5796 	0
0.5803 	0
0.581 	0
0.5817 	0
0.5824 	0
0.5831 	0
0.5838 	0
0.5845 	0
0.5852 	0
0.5859 	0
0.5866 	0
0.5873 	0
0.588 	0
0.5887 	0
0.5894 	0
0.5901 	0
0.5908 	0
0.5915 	0
0.5922 	0
0.5929 	0
0.5936 	0
0.5943 	0
0.595 	0
0.5957 	0
0.5964 	0
0.5971 	0
0.5978 	0
0.5985 	0
0.5992 	0
0.5999 	0
0.6006 	0
0.6013 	0
0.602 	0
0.6027 	0
0.6034 	0
0.6041 	0
0.6048 	0
0.6055 	0
0.6062 	0
0.6069 	0
0.6076 	0
0.6083 	0
0.609 	0
0.6097 	0
0.6104 	0
0.6111 	0
0.6118 	0
0.6125 	0
0.6132 	0
0.6139 	0
0.6146 	0
0.6153 	0
0.616 	0
0.6167 	0
0.6174 	0
0.6181 	0
0.6188 	0
0.6195 	0
0.6202 	0
0.6209 	0
0.6216 	0
0.6223 	0
0.623 	0
0.6237 	0
0.6244 	0
0.6251 	0
0.6258 	0
0.6265 	0
0.6272 	0
0.6279 	0
0.6286 	0
0.6293 	0
0.63 	0
0.6307 	0
0.6314 	0
0.6321 	0
0.6328 	0
0.6335 	0
0.6342 	0
0.6349 	0
0.6356 	0
0.6363 	0
0.637 	0
0.6377 	0
0.6384 	0
0.6391 	0
0.6398 	0
0.6405 	0
0.6412 	0
0.6419 	0
0.6426 	0
0.6433 	0
0.644 	0
0.6447 	0
0.6454 	0
0.6461 	0
0.6468 	0
0.6475 	0
0.6482 	0
0.6489 	0
0.6496 	0
0.6503 	0
0.651 	0
0.6517 	0
0.6524 	0
0.6531 	0
0.6538 	0
0.6545 	0
0.6552 	0
0.6559 	0
0.6566 	0
0.6573 	0
0.658 	0
0.6587 	0
0.6594 	0
0.6601 	0
0.6608 	0
0.6615 	0
0.6622 	0
0.6629 	0
0.6636 	0
0.6643 	0
0.665 	0
0.6657 	0
0.6664 	0
0.6671 	0
0.6678 	0
0.6685 	0
0.6692 	0
0.6699 	0
0.6706 	0
0.6713 	0
0.672 	0
0.6727 	0
0.6734 	0
0.6741 	0
0.6748 	0
0.6755 	0
0.6762 	0
0.6769 	0
0.6776 	0
0.6783 	0
0.679 	0
0.6797 	0
0.6804 	0
0.6811 	0
0.6818 	0
0.6825 	0
0.6832 	0
0.6839 	0
0.6846 	0
0.6853 	0
0.686 	0
0.6867 	0
0.6874 	0
0.6881 	0
0.6888 	0
0.6895 	0
0.6902 	0
0.6909 	0
0.6916 	0
0.6923 	0
0.693 	0
0.6937 	0
0.6944 	0
0.6951 	0
0.6958 	0
0.6965 	0
0.6972 	0
0.6979 	0
0.6986 	0
0.6993 	0
0.7 	0
