0 	1
0.0007 	1
0.0014 	1
0.0021 	1
0.0028 	1
0.0035 	1
0.0042 	1
0.0049 	1
0.0056 	1
0.0063 	1
0.007 	1
0.0077 	1
0.0084 	1
0.0091 	1
0.0098 	1
0.0105 	1
0.0112 	1
0.0119 	1
0.0126 	1
0.0133 	1
0.014 	1
0.0147 	1
0.0154 	1
0.0161 	1
0.0168 	1
0.0175 	1
0.0182 	1
0.0189 	1
0.0196 	1
0.0203 	1
0.021 	1
0.0217 	1
0.0224 	1
0.0231 	1
0.0238 	1
0.0245 	1
0.0252 	1
0.0259 	1
0.0266 	1
0.0273 	1
0.028 	1
0.0287 	1
0.0294 	1
0.0301 	1
0.0308 	1
0.0315 	1
0.0322 	1
0.0329 	1
0.0336 	1
0.0343 	1
0.035 	1
0.0357 	1
0.0364 	1
0.0371 	1
0.0378 	1
0.0385 	1
0.0392 	1
0.0399 	1
0.0406 	1
0.0413 	1
0.042 	1
0.0427 	1
0.0434 	1
0.0441 	1
0.0448 	1
0.0455 	1
0.0462 	1
0.0469 	1
0.0476 	1
0.0483 	1
0.049 	1
0.0497 	1
0.0504 	1
0.0511 	1
0.0518 	1
0.0525 	1
0.0532 	1
0.0539 	1
0.0546 	1
0.0553 	1
0.056 	1
0.0567 	1
0.0574 	1
0.0581 	1
0.0588 	1
0.0595 	1
0.0602 	1
0.0609 	1
0.0616 	1
0.0623 	1
0.063 	1
0.0637 	1
0.0644 	1
0.0651 	1
0.0658 	1
0.0665 	1
0.0672 	1
0.0679 	1
0.0686 	1
0.0693 	1
0.07 	1
0.0707 	1
0.0714 	1
0.0721 	1
0.0728 	1
0.0735 	1
0.0742 	1
0.0749 	1
0.0756 	1
0.0763 	1
0.077 	1
0.0777 	1
0.0784 	1
0.0791 	1
0.0798 	1
0.0805 	1
0.0812 	1
0.0819 	1
0.0826 	1
0.0833 	1
0.084 	1
0.0847 	1
0.0854 	1
0.0861 	1
0.0868 	1
0.0875 	1
0.0882 	1
0.0889 	1
0.0896 	1
0.0903 	1
0.091 	1
0.0917 	1
0.0924 	1
0.0931 	1
0.0938 	1
0.0945 	1
0.0952 	1
0.0959 	1
0.0966 	1
0.0973 	1
0.098 	1
0.0987 	1
0.0994 	1
0.1001 	1
0.1008 	1
0.1015 	1
0.1022 	1
0.1029 	1
0.1036 	1
0.1043 	1
0.105 	1
0.1057 	1
0.1064 	1
0.1071 	1
0.1078 	1
0.1085 	1
0.1092 	1
0.1099 	1
0.1106 	1
0.1113 	1
0.112 	1
0.1127 	1
0.1134 	1
0.1141 	1
0.1148 	1
0.1155 	1
0.1162 	1
0.1169 	1
0.1176 	1
0.1183 	1
0.119 	1
0.1197 	1
0.1204 	1
0.1211 	1
0.1218 	1
0.1225 	1
0.1232 	1
0.1239 	1
0.1246 	1
0.1253 	1
0.126 	1
0.1267 	1
0.1274 	1
0.1281 	1
0.1288 	1
0.1295 	1
0.1302 	1
0.1309 	1
0.1316 	1
0.1323 	1
0.133 	1
0.1337 	1
0.1344 	1
0.1351 	1
0.1358 	1
0.1365 	1
0.1372 	1
0.1379 	1
0.1386 	1
0.1393 	1
0.14 	1
0.1407 	1
0.1414 	1
0.1421 	1
0.1428 	1
0.1435 	1
0.1442 	1
0.1449 	1
0.1456 	1
0.1463 	1
0.147 	1
0.1477 	1
0.1484 	1
0.1491 	1
0.1498 	1
0.1505 	1
0.1512 	1
0.1519 	1
0.1526 	1
0.1533 	1
0.154 	1
0.1547 	1
0.1554 	1
0.1561 	1
0.1568 	1
0.1575 	1
0.1582 	1
0.1589 	1
0.1596 	1
0.1603 	1
0.161 	1
0.1617 	1
0.1624 	1
0.1631 	1
0.1638 	1
0.1645 	1
0.1652 	1
0.1659 	1
0.1666 	1
0.1673 	1
0.168 	1
0.1687 	1
0.1694 	1
0.1701 	1
0.1708 	1
0.1715 	1
0.1722 	1
0.1729 	1
0.1736 	1
0.1743 	1
0.175 	1
0.1757 	1
0.1764 	1
0.1771 	1
0.1778 	1
0.1785 	1
0.1792 	1
0.1799 	1
0.1806 	1
0.1813 	1
0.182 	1
0.1827 	1
0.1834 	1
0.1841 	1
0.1848 	1
0.1855 	1
0.1862 	1
0.1869 	1
0.1876 	1
0.1883 	1
0.189 	1
0.1897 	1
0.1904 	1
0.1911 	1
0.1918 	1
0.1925 	1
0.1932 	1
0.1939 	1
0.1946 	1
0.1953 	1
0.196 	1
0.1967 	1
0.1974 	1
0.1981 	1
0.1988 	1
0.1995 	1
0.2002 	1
0.2009 	1
0.2016 	1
0.2023 	1
0.203 	1
0.2037 	1
0.2044 	1
0.2051 	1
0.2058 	1
0.2065 	1
0.2072 	1
0.2079 	1
0.2086 	1
0.2093 	1
0.21 	1
0.2107 	1
0.2114 	1
0.2121 	1
0.2128 	1
0.2135 	1
0.2142 	1
0.2149 	1
0.2156 	1
0.2163 	1
0.217 	1
0.2177 	1
0.2184 	1
0.2191 	1
0.2198 	1
0.2205 	1
0.2212 	1
0.2219 	1
0.2226 	1
0.2233 	1
0.224 	1
0.2247 	1
0.2254 	1
0.2261 	1
0.2268 	1
0.2275 	1
0.2282 	1
0.2289 	1
0.2296 	1
0.2303 	1
0.231 	1
0.2317 	1
0.2324 	1
0.2331 	1
0.2338 	1
0.2345 	1
0.2352 	0.999999
0.2359 	0.999997
0.2366 	0.999996
0.2373 	0.999994
0.238 	0.999992
0.2387 	0.99999
0.2394 	0.999988
0.2401 	0.999544
0.2408 	0.996449
0.2415 	0.993348
0.2422 	0.990233
0.2429 	0.987118
0.2436 	0.984003
0.2443 	0.980889
0.245 	0.977774
0.2457 	0.907947
0.2464 	0.838123
0.2471 	0.768314
0.2478 	0.698506
0.2485 	0.628697
0.2492 	0.558888
0.2499 	0.48908
0.2506 	0.421757
0.2513 	0.354853
0.252 	0.287968
0.2527 	0.221083
0.2534 	0.154198
0.2541 	0.0873123
0.2548 	0.0204271
0.2555 	0.00119684
0.2562 	0.00102683
0.2569 	0.000838809
0.2576 	0.0006494
0.2583 	0.000459991
0.259 	0.000270582
0.2597 	8.11731e-05
0.2604 	1.23379e-09
0.2611 	9.57648e-10
0.2618 	7.66698e-10
0.2625 	5.98982e-10
0.2632 	4.31266e-10
0.2639 	2.63551e-10
0.2646 	9.58347e-11
0.2653 	1.40764e-16
0.266 	5.79413e-17
0.2667 	2.49584e-17
0.2674 	1.96642e-17
0.2681 	1.437e-17
0.2688 	9.07574e-18
0.2695 	3.78153e-18
0.2702 	4.02268e-23
0.2709 	1.35931e-23
0.2716 	2.50432e-25
0.2723 	1.98875e-25
0.273 	1.47318e-25
0.2737 	9.57603e-26
0.2744 	4.4203e-26
0.2751 	1.106e-29
0.2758 	4.33977e-30
0.2765 	1.83056e-32
0.2772 	1.46449e-32
0.2779 	1.09843e-32
0.2786 	7.32364e-33
0.2793 	3.66298e-33
0.28 	2.40483e-36
0.2807 	1.06047e-36
0.2814 	4.01979e-39
0.2821 	3.23824e-39
0.2828 	2.45669e-39
0.2835 	1.67514e-39
0.2842 	8.93582e-40
0.2849 	1.12029e-40
0.2856 	2.05481e-43
0.2863 	6.8513e-46
0.287 	5.55521e-46
0.2877 	4.25912e-46
0.2884 	2.96302e-46
0.2891 	1.66693e-46
0.2898 	3.70833e-47
0.2905 	3.28317e-50
0.2912 	2.27573e-51
0.2919 	7.70141e-53
0.2926 	5.96252e-53
0.2933 	4.22363e-53
0.294 	2.48474e-53
0.2947 	7.4585e-54
0.2954 	4.40377e-57
0.2961 	7.86878e-58
0.2968 	1.00939e-59
0.2975 	7.88597e-60
0.2982 	5.67807e-60
0.2989 	3.47018e-60
0.2996 	1.26228e-60
0.3003 	5.07003e-64
0.301 	1.34637e-64
0.3017 	1.4516e-66
0.3024 	1.14369e-66
0.3031 	8.3579e-67
0.3038 	5.27887e-67
0.3045 	2.19985e-67
0.3052 	5.08456e-71
0.3059 	1.71328e-71
0.3066 	2.50574e-73
0.3073 	1.98986e-73
0.308 	1.47398e-73
0.3087 	9.581e-74
0.3094 	4.4222e-74
0.3101 	4.49731e-78
0.3108 	1.79341e-78
0.3115 	5.15051e-80
0.3122 	4.12041e-80
0.3129 	3.09031e-80
0.3136 	2.06021e-80
0.3143 	1.03011e-80
0.315 	3.58875e-85
0.3157 	1.64781e-85
0.3164 	1.17859e-86
0.3171 	9.4942e-87
0.3178 	7.20249e-87
0.3185 	4.91078e-87
0.3192 	2.61907e-87
0.3199 	3.27363e-88
0.3206 	1.45952e-92
0.3213 	2.80652e-93
0.322 	2.27555e-93
0.3227 	1.74459e-93
0.3234 	1.21362e-93
0.3241 	6.82659e-94
0.3248 	1.51695e-94
0.3255 	1.48907e-99
0.3262 	7.1028e-100
0.3269 	5.41178e-100
0.3276 	4.18976e-100
0.3283 	2.96774e-100
0.329 	1.74572e-100
0.3297 	5.23699e-101
0.3304 	2.06582e-106
0.3311 	1.55476e-106
0.3318 	1.23327e-106
0.3325 	9.63495e-107
0.3332 	6.93715e-107
0.3339 	4.23934e-107
0.3346 	1.54154e-107
0.3353 	3.62833e-113
0.336 	3.16915e-113
0.3367 	2.64453e-113
0.3374 	2.08357e-113
0.3381 	1.52261e-113
0.3388 	9.61641e-114
0.3395 	4.00677e-114
0.3402 	6.7091e-120
0.3409 	6.09193e-120
0.3416 	5.24356e-120
0.3423 	4.164e-120
0.343 	3.08444e-120
0.3437 	2.00488e-120
0.3444 	9.25315e-121
0.3451 	1.18713e-126
0.3458 	1.08842e-126
0.3465 	9.56636e-127
0.3472 	7.65308e-127
0.3479 	5.7398e-127
0.3486 	3.82652e-127
0.3493 	1.91324e-127
0.35 	1.93951e-133
0.3507 	1.78342e-133
0.3514 	1.59434e-133
0.3521 	1.28433e-133
0.3528 	9.74316e-134
0.3535 	6.64304e-134
0.3542 	3.54292e-134
0.3549 	4.42804e-135
0.3556 	2.66269e-140
0.3563 	2.41736e-140
0.357 	1.96002e-140
0.3577 	1.50268e-140
0.3584 	1.04534e-140
0.3591 	5.87998e-141
0.3598 	1.30658e-141
0.3605 	4.3207e-147
0.3612 	3.9121e-147
0.3619 	3.21029e-147
0.3626 	2.48592e-147
0.3633 	1.76155e-147
0.364 	1.03719e-147
0.3647 	3.12818e-148
0.3654 	2.27996e-150
0.3661 	2.08422e-150
0.3668 	1.74296e-150
0.3675 	1.36201e-150
0.3682 	9.81068e-151
0.3689 	6.00123e-151
0.3696 	2.19179e-151
0.3703 	1.45391e-153
0.371 	1.3332e-153
0.3717 	1.13537e-153
0.3724 	8.94707e-154
0.3731 	6.54042e-154
0.3738 	4.13376e-154
0.3745 	1.72711e-154
0.3752 	7.94764e-157
0.3759 	7.29704e-157
0.3766 	6.32136e-157
0.3773 	5.0206e-157
0.378 	3.71984e-157
0.3787 	2.41908e-157
0.3794 	1.11833e-157
0.3801 	3.38388e-160
0.3808 	3.11011e-160
0.3815 	2.73859e-160
0.3822 	2.1911e-160
0.3829 	1.6436e-160
0.3836 	1.09611e-160
0.3843 	5.48616e-161
0.385 	1.13527e-163
0.3857 	1.04447e-163
0.3864 	9.3421e-164
0.3871 	7.52617e-164
0.3878 	5.71023e-164
0.3885 	3.8943e-164
0.3892 	2.07836e-164
0.3899 	2.62424e-165
0.3906 	2.84074e-167
0.3913 	2.57938e-167
0.392 	2.09152e-167
0.3927 	1.60365e-167
0.3934 	1.11579e-167
0.3941 	6.27922e-168
0.3948 	1.40057e-168
0.3955 	6.39805e-171
0.3962 	5.85528e-171
0.3969 	4.80854e-171
0.3976 	3.72302e-171
0.3983 	2.6375e-171
0.399 	1.55198e-171
0.3997 	4.66467e-172
0.4004 	1.21446e-174
0.4011 	1.11267e-174
0.4018 	9.30891e-175
0.4025 	7.27302e-175
0.4032 	5.23713e-175
0.4039 	3.20124e-175
0.4046 	1.16536e-175
0.4053 	1.97195e-178
0.406 	1.80861e-178
0.4067 	1.54028e-178
0.4074 	1.21361e-178
0.4081 	8.86944e-179
0.4088 	5.60277e-179
0.4095 	2.3361e-179
0.4102 	2.78173e-182
0.4109 	2.55401e-182
0.4116 	2.21244e-182
0.4123 	1.757e-182
0.413 	1.30157e-182
0.4137 	8.46141e-183
0.4144 	3.90709e-183
0.4151 	3.45976e-186
0.4158 	3.1798e-186
0.4165 	2.79987e-186
0.4172 	2.23997e-186
0.4179 	1.68007e-186
0.4186 	1.12017e-186
0.4193 	5.60268e-187
0.42 	3.8158e-190
0.4207 	3.51055e-190
0.4214 	3.13991e-190
0.4221 	2.52944e-190
0.4228 	1.91897e-190
0.4235 	1.3085e-190
0.4242 	6.98035e-191
0.4249 	8.75665e-192
0.4256 	3.47048e-194
0.4263 	3.15114e-194
0.427 	2.55504e-194
0.4277 	1.95894e-194
0.4284 	1.36283e-194
0.4291 	7.66733e-195
0.4298 	1.70631e-195
0.4305 	3.12442e-198
0.4312 	2.85933e-198
0.4319 	2.34811e-198
0.4326 	1.81795e-198
0.4333 	1.28779e-198
0.434 	7.57629e-199
0.4347 	2.27469e-199
0.4354 	2.58722e-202
0.4361 	2.37034e-202
0.4368 	1.98306e-202
0.4375 	1.54931e-202
0.4382 	1.11556e-202
0.4389 	6.81804e-203
0.4396 	2.48052e-203
0.4403 	1.97997e-206
0.441 	1.81596e-206
0.4417 	1.54651e-206
0.4424 	1.21849e-206
0.4431 	8.90474e-207
0.4438 	5.62455e-207
0.4445 	2.34436e-207
0.4452 	1.415e-210
0.4459 	1.29916e-210
0.4466 	1.1254e-210
0.4473 	8.93718e-211
0.448 	6.62037e-211
0.4487 	4.30356e-211
0.4494 	1.98675e-211
0.4501 	9.61636e-215
0.4508 	8.8382e-215
0.4515 	7.78212e-215
0.4522 	6.22582e-215
0.4529 	4.66951e-215
0.4536 	3.1132e-215
0.4543 	1.55689e-215
0.455 	6.21611e-219
0.4557 	5.71882e-219
0.4564 	5.11501e-219
0.4571 	4.12049e-219
0.4578 	3.12597e-219
0.4585 	2.13146e-219
0.4592 	1.13694e-219
0.4599 	1.42425e-220
0.4606 	3.52061e-223
0.4613 	3.19664e-223
0.462 	2.59191e-223
0.4627 	1.98718e-223
0.4634 	1.38245e-223
0.4641 	7.77716e-224
0.4648 	1.72984e-224
0.4655 	2.0738e-227
0.4662 	1.89785e-227
0.4669 	1.55852e-227
0.4676 	1.20662e-227
0.4683 	8.54723e-228
0.469 	5.02825e-228
0.4697 	1.50927e-228
0.4704 	1.1716e-231
0.4711 	1.07339e-231
0.4718 	8.98008e-232
0.4725 	7.01582e-232
0.4732 	5.05156e-232
0.4739 	3.08729e-232
0.4746 	1.12303e-232
0.4753 	6.30759e-236
0.476 	5.78509e-236
0.4767 	4.9267e-236
0.4774 	3.88171e-236
0.4781 	2.83671e-236
0.4788 	1.79172e-236
0.4795 	7.46725e-237
0.4802 	3.21855e-240
0.4809 	2.95505e-240
0.4816 	2.55981e-240
0.4823 	2.03282e-240
0.483 	1.50583e-240
0.4837 	9.78839e-241
0.4844 	4.51849e-241
0.4851 	1.56344e-244
0.4858 	1.43692e-244
0.4865 	1.26522e-244
0.4872 	1.01219e-244
0.4879 	7.59159e-245
0.4886 	5.06128e-245
0.4893 	2.53097e-245
0.49 	7.22057e-249
0.4907 	6.64291e-249
0.4914 	5.94151e-249
0.4921 	4.78627e-249
0.4928 	3.63103e-249
0.4935 	2.47579e-249
0.4942 	1.32055e-249
0.4949 	1.65314e-250
0.4956 	2.90334e-253
0.4963 	2.63617e-253
0.497 	2.13746e-253
0.4977 	1.63874e-253
0.4984 	1.14003e-253
0.4991 	6.41316e-254
0.4998 	1.42603e-254
0.5005 	1.19697e-257
0.5012 	1.09541e-257
0.5019 	8.99548e-258
0.5026 	6.96434e-258
0.5033 	4.9332e-258
0.504 	2.90206e-258
0.5047 	8.70922e-259
0.5054 	4.68319e-262
0.5061 	4.29059e-262
0.5068 	3.58954e-262
0.5075 	2.80436e-262
0.5082 	2.01919e-262
0.5089 	1.23401e-262
0.5096 	4.48831e-263
0.5103 	1.74161e-266
0.511 	1.59734e-266
0.5117 	1.36032e-266
0.5124 	1.07178e-266
0.5131 	7.83239e-267
0.5138 	4.94698e-267
0.5145 	2.06156e-267
0.5152 	6.14189e-271
0.5159 	5.63905e-271
0.5166 	4.88481e-271
0.5173 	3.87915e-271
0.518 	2.87349e-271
0.5187 	1.86783e-271
0.5194 	8.62172e-272
0.5201 	2.04915e-275
0.5208 	1.88333e-275
0.5215 	1.65828e-275
0.5222 	1.32663e-275
0.5229 	9.9499e-276
0.5236 	6.63345e-276
0.5243 	3.317e-276
0.525 	6.48092e-280
0.5257 	5.96243e-280
0.5264 	5.33287e-280
0.5271 	4.29596e-280
0.5278 	3.25904e-280
0.5285 	2.22213e-280
0.5292 	1.18521e-280
0.5299 	1.48295e-281
0.5306 	1.80433e-284
0.5313 	1.6383e-284
0.532 	1.32836e-284
0.5327 	1.01842e-284
0.5334 	7.08478e-285
0.5341 	3.98539e-285
0.5348 	8.86005e-286
0.5355 	5.21843e-289
0.5362 	4.77566e-289
0.5369 	3.92176e-289
0.5376 	3.03623e-289
0.5383 	2.1507e-289
0.539 	1.26517e-289
0.5397 	3.79638e-290
0.5404 	1.43731e-293
0.5411 	1.31682e-293
0.5418 	1.10166e-293
0.5425 	8.6068e-294
0.5432 	6.19698e-294
0.5439 	3.78717e-294
0.5446 	1.37736e-294
0.5453 	3.76944e-298
0.546 	3.45718e-298
0.5467 	2.94419e-298
0.5474 	2.31968e-298
0.5481 	1.69517e-298
0.5488 	1.07066e-298
0.5495 	4.46156e-299
0.5502 	9.4233e-303
0.5509 	8.65182e-303
0.5516 	7.49459e-303
0.5523 	5.95163e-303
0.553 	4.40866e-303
0.5537 	2.86569e-303
0.5544 	1.32273e-303
0.5551 	2.26602e-307
0.5558 	2.08265e-307
0.5565 	1.83378e-307
0.5572 	1.46703e-307
0.5579 	1.10029e-307
0.5586 	7.33537e-308
0.5593 	3.6679e-308
0.56 	5.23381e-312
0.5607 	4.81509e-312
0.5614 	4.30667e-312
0.5621 	3.46928e-312
0.5628 	2.63189e-312
0.5635 	1.7945e-312
0.5642 	9.57115e-313
0.5649 	1.19725e-313
0.5656 	1.14054e-316
0.5663 	1.03558e-316
0.567 	8.39659e-317
0.5677 	6.43737e-317
0.5684 	4.47815e-317
0.5691 	2.51894e-317
0.5698 	5.5972e-318
0.5705 	0
0.5712 	0
0.5719 	0
0.5726 	0
0.5733 	0
0.574 	0
0.5747 	0
0.5754 	0
0.5761 	0
0.5768 	0
0.5775 	0
0.5782 	0
0.5789 	0
0.5796 	0
0.5803 	0
0.581 	0
0.5817 	0
0.5824 	0
0.5831 	0
0.5838 	0
0.5845 	0
0.5852 	0
0.5859 	0
0.5866 	0
0.5873 	0
0.588 	0
0.5887 	0
0.5894 	0
0.5901 	0
0.5908 	0
0.5915 	0
0.5922 	0
0.5929 	0
0.5936 	0
0.5943 	0
0.595 	0
0.5957 	0
0.5964 	0
0.5971 	0
0.5978 	0
0.5985 	0
0.5992 	0
0.5999 	0
0.6006 	0
0.6013 	0
0.602 	0
0.6027 	0
0.6034 	0
0.6041 	0
0.6048 	0
0.6055 	0
0.6062 	0
0.6069 	0
0.6076 	0
0.6083 	0
0.609 	0
0.6097 	0
0.6104 	0
0.6111 	0
0.6118 	0
0.6125 	0
0.6132 	0
0.6139 	0
0.6146 	0
0.6153 	0
0.616 	0
0.6167 	0
0.6174 	0
0.6181 	0
0.6188 	0
0.6195 	0
0.6202 	0
0.6209 	0
0.6216 	0
0.6223 	0
0.623 	0
0.6237 	0
0.6244 	0
0.6251 	0
0.6258 	0
0.6265 	0
0.6272 	0
0.6279 	0
0.6286 	0
0.6293 	0
0.63 	0
0.6307 	0
0.6314 	0
0.6321 	0
0.6328 	0
0.6335 	0
0.6342 	0
0.6349 	0
0.6356 	0
0.6363 	0
0.637 	0
0.6377 	0
0.6384 	0
0.6391 	0
0.6398 	0
0.6405 	0
0.6412 	0
0.6419 	0
0.6426 	0
0.6433 	0
0.644 	0
0.6447 	0
0.6454 	0
0.6461 	0
0.6468 	0
0.6475 	0
0.6482 	0
0.6489 	0
0.6496 	0
0.6503 	0
0.651 	0
0.6517 	0
0.6524 	0
0.6531 	0
0.6538 	0
0.6545 	0
0.6552 	0
0.6559 	0
0.6566 	0
0.6573 	0
0.658 	0
0.6587 	0
0.6594 	0
0.6601 	0
0.6608 	0
0.6615 	0
0.6622 	0
0.6629 	0
0.6636 	0
0.6643 	0
0.665 	0
0.6657 	0
0.6664 	0
0.6671 	0
0.6678 	0
0.6685 	0
0.6692 	0
0.6699 	0
0.6706 	0
0.6713 	0
0.672 	0
0.6727 	0
0.6734 	0
0.6741 	0
0.6748 	0
0.6755 	0
0.6762 	0
0.6769 	0
0.6776 	0
0.6783 	0
0.679 	0
0.6797 	0
0.6804 	0
0.6811 	0
0.6818 	0
0.6825 	0
0.6832 	0
0.6839 	0
0.6846 	0
0.6853 	0
0.686 	0
0.6867 	0
0.6874 	0
0.6881 	0
0.6888 	0
0.6895 	0
0.6902 	0
0.6909 	0
0.6916 	0
0.6923 	0
0.693 	0
0.6937 	0
0.6944 	0
0.6951 	0
0.6958 	0
0.6965 	0
0.6972 	0
0.6979 	0
0.6986 	0
0.6993 	0
0.7 	0
