0 	1
0.0007 	1
0.0014 	1
0.0021 	1
0.0028 	1
0.0035 	1
0.0042 	1
0.0049 	1
0.0056 	1
0.0063 	1
0.007 	1
0.0077 	1
0.0084 	1
0.0091 	1
0.0098 	1
0.0105 	1
0.0112 	1
0.0119 	1
0.0126 	1
0.0133 	1
0.014 	1
0.0147 	1
0.0154 	1
0.0161 	1
0.0168 	1
0.0175 	1
0.0182 	1
0.0189 	1
0.0196 	1
0.0203 	1
0.021 	1
0.0217 	1
0.0224 	1
0.0231 	1
0.0238 	1
0.0245 	1
0.0252 	1
0.0259 	1
0.0266 	1
0.0273 	1
0.028 	1
0.0287 	1
0.0294 	1
0.0301 	1
0.0308 	1
0.0315 	1
0.0322 	1
0.0329 	1
0.0336 	1
0.0343 	1
0.035 	1
0.0357 	1
0.0364 	1
0.0371 	1
0.0378 	1
0.0385 	1
0.0392 	1
0.0399 	1
0.0406 	1
0.0413 	1
0.042 	1
0.0427 	1
0.0434 	1
0.0441 	1
0.0448 	1
0.0455 	1
0.0462 	1
0.0469 	1
0.0476 	1
0.0483 	1
0.049 	1
0.0497 	1
0.0504 	1
0.0511 	1
0.0518 	1
0.0525 	1
0.0532 	1
0.0539 	1
0.0546 	1
0.0553 	1
0.056 	1
0.0567 	1
0.0574 	1
0.0581 	1
0.0588 	1
0.0595 	1
0.0602 	1
0.0609 	1
0.0616 	1
0.0623 	1
0.063 	1
0.0637 	1
0.0644 	1
0.0651 	1
0.0658 	1
0.0665 	1
0.0672 	1
0.0679 	1
0.0686 	1
0.0693 	1
0.07 	1
0.0707 	1
0.0714 	1
0.0721 	1
0.0728 	1
0.0735 	1
0.0742 	1
0.0749 	1
0.0756 	1
0.0763 	1
0.077 	1
0.0777 	1
0.0784 	1
0.0791 	1
0.0798 	1
0.0805 	1
0.0812 	1
0.0819 	1
0.0826 	1
0.0833 	1
0.084 	1
0.0847 	1
0.0854 	1
0.0861 	1
0.0868 	1
0.0875 	1
0.0882 	1
0.0889 	1
0.0896 	1
0.0903 	1
0.091 	1
0.0917 	1
0.0924 	1
0.0931 	1
0.0938 	1
0.0945 	1
0.0952 	1
0.0959 	1
0.0966 	1
0.0973 	1
0.098 	1
0.0987 	1
0.0994 	1
0.1001 	1
0.1008 	1
0.1015 	1
0.1022 	1
0.1029 	1
0.1036 	1
0.1043 	1
0.105 	1
0.1057 	1
0.1064 	1
0.1071 	1
0.1078 	1
0.1085 	1
0.1092 	1
0.1099 	1
0.1106 	1
0.1113 	1
0.112 	1
0.1127 	1
0.1134 	1
0.1141 	1
0.1148 	1
0.1155 	1
0.1162 	1
0.1169 	1
0.1176 	1
0.1183 	1
0.119 	1
0.1197 	1
0.1204 	1
0.1211 	1
0.1218 	1
0.1225 	1
0.1232 	1
0.1239 	1
0.1246 	1
0.1253 	1
0.126 	1
0.1267 	1
0.1274 	1
0.1281 	1
0.1288 	1
0.1295 	1
0.1302 	1
0.1309 	1
0.1316 	1
0.1323 	1
0.133 	1
0.1337 	1
0.1344 	1
0.1351 	1
0.1358 	1
0.1365 	1
0.1372 	1
0.1379 	1
0.1386 	1
0.1393 	1
0.14 	1
0.1407 	1
0.1414 	1
0.1421 	1
0.1428 	1
0.1435 	1
0.1442 	1
0.1449 	1
0.1456 	1
0.1463 	1
0.147 	1
0.1477 	1
0.1484 	1
0.1491 	1
0.1498 	1
0.1505 	1
0.1512 	1
0.1519 	1
0.1526 	1
0.1533 	1
0.154 	1
0.1547 	1
0.1554 	1
0.1561 	1
0.1568 	1
0.1575 	1
0.1582 	1
0.1589 	1
0.1596 	1
0.1603 	1
0.161 	1
0.1617 	1
0.1624 	1
0.1631 	1
0.1638 	1
0.1645 	1
0.1652 	1
0.1659 	1
0.1666 	1
0.1673 	1
0.168 	1
0.1687 	1
0.1694 	1
0.1701 	1
0.1708 	1
0.1715 	1
0.1722 	1
0.1729 	1
0.1736 	1
0.1743 	1
0.175 	1
0.1757 	1
0.1764 	1
0.1771 	1
0.1778 	1
0.1785 	1
0.1792 	1
0.1799 	1
0.1806 	1
0.1813 	1
0.182 	1
0.1827 	1
0.1834 	1
0.1841 	1
0.1848 	1
0.1855 	1
0.1862 	1
0.1869 	1
0.1876 	1
0.1883 	1
0.189 	1
0.1897 	1
0.1904 	1
0.1911 	1
0.1918 	1
0.1925 	1
0.1932 	1
0.1939 	1
0.1946 	1
0.1953 	1
0.196 	1
0.1967 	1
0.1974 	1
0.1981 	1
0.1988 	1
0.1995 	1
0.2002 	1
0.2009 	1
0.2016 	1
0.203 	0.997096
0.2044 	0.970966
0.2058 	0.929071
0.2072 	0.922938
0.2086 	0.943545
0.21 	0.975912
0.2114 	0.997027
0.2128 	0.998723
0.2135 	0.99868
0.2149 	0.998705
0.2163 	0.99883
0.2177 	0.998801
0.2191 	0.998864
0.2205 	0.999006
0.2212 	0.999057
0.2219 	0.999069
0.2226 	0.99904
0.2233 	0.998789
0.224 	0.998261
0.2247 	0.997233
0.2261 	0.995248
0.2268 	0.994924
0.2282 	0.994882
0.2289 	0.995124
0.2303 	0.996618
0.231 	0.997335
0.2317 	0.99765
0.2324 	0.99774
0.2331 	0.997778
0.2345 	0.997719
0.2352 	0.997583
0.2359 	0.997306
0.2366 	0.99704
0.238 	0.996995
0.2394 	0.997964
0.2408 	0.998772
0.2415 	0.999011
0.2429 	0.999361
0.2436 	0.99951
0.245 	0.999693
0.2464 	0.999811
0.2478 	0.999806
0.2492 	0.999655
0.2506 	0.999683
0.252 	0.999855
0.2527 	0.999911
0.2541 	0.999907
0.2555 	0.999833
0.2569 	0.999773
0.2576 	0.999766
0.259 	0.999813
0.2597 	0.99986
0.2611 	0.999946
0.2625 	0.999976
0.2639 	0.999967
0.2646 	0.99996
0.266 	0.999936
0.2667 	0.999846
0.2681 	0.999466
0.2695 	0.999055
0.2702 	0.998947
0.2716 	0.99892
0.273 	0.998747
0.2737 	0.998591
0.2744 	0.99859
0.2751 	0.998622
0.2758 	0.998782
0.2765 	0.998901
0.2779 	0.999064
0.2793 	0.999464
0.2807 	0.99983
0.2821 	0.999952
0.2828 	0.999968
0.2842 	0.99997
0.2856 	0.999968
0.287 	0.999969
0.2884 	0.99997
0.2891 	0.999951
0.2898 	0.999913
0.2905 	0.999798
0.2919 	0.999558
0.2926 	0.999488
0.294 	0.999594
0.2954 	0.999556
0.2968 	0.99151
0.2982 	0.82397
0.2989 	0.644478
0.3003 	0.183715
0.3017 	0.0116113
0.3031 	9.53924e-05
0.3038 	1.51416e-07
0.3045 	7.7447e-08
0.3052 	2.46356e-08
0.3066 	2.47759e-08
0.308 	2.47816e-08
0.3094 	2.47275e-08
0.3101 	2.47275e-08
0.3108 	2.47286e-08
0.3122 	2.47419e-08
0.3136 	1.55012e-07
0.315 	9.9335e-07
0.3164 	1.49256e-06
0.3171 	1.19211e-06
0.3178 	9.07806e-07
0.3185 	6.45043e-07
0.3192 	1.05751e-06
0.3206 	1.46766e-05
0.3213 	2.91758e-05
0.3227 	4.30222e-05
0.3234 	3.08885e-05
0.3241 	1.93982e-05
0.3248 	8.55008e-06
0.3255 	3.44065e-06
0.3262 	6.26705e-07
0.3276 	1.34344e-07
0.329 	1.74373e-07
0.3304 	1.94074e-07
0.3318 	1.71204e-07
0.3325 	1.56639e-07
0.3339 	1.45951e-07
0.3353 	2.85715e-07
0.336 	6.19368e-07
0.3374 	2.94538e-06
0.3388 	5.1003e-06
0.3402 	6.8945e-06
0.3409 	8.22913e-06
0.3423 	8.81337e-06
0.3437 	6.40733e-06
0.3451 	3.02864e-06
0.3458 	1.67976e-06
0.3465 	6.63747e-07
0.3472 	2.45201e-07
0.3486 	1.86181e-07
0.35 	2.49361e-06
0.3514 	5.67569e-06
0.3528 	6.29644e-06
0.3535 	5.78139e-06
0.3549 	3.68903e-06
0.3563 	1.32426e-06
0.357 	6.64238e-07
0.3577 	1.6281e-07
0.3584 	5.78751e-08
0.3598 	1.12749e-09
0.3612 	2.0124e-10
0.3626 	2.58208e-09
0.364 	1.27321e-07
0.3647 	4.2253e-07
0.3661 	3.35222e-06
0.3675 	8.69438e-06
0.3689 	1.10253e-05
0.3703 	9.95986e-06
0.3717 	6.85109e-06
0.3731 	3.03358e-06
0.3738 	1.40466e-06
0.3752 	4.78726e-07
0.3766 	5.22357e-07
0.378 	3.86647e-07
0.3787 	2.60803e-07
0.3794 	1.46198e-07
0.3808 	2.14782e-08
0.3822 	8.80117e-08
0.3836 	8.20799e-07
0.385 	1.88238e-06
0.3864 	1.70437e-06
0.3878 	7.69776e-07
0.3892 	1.50184e-07
0.3899 	3.41566e-08
0.3913 	2.83867e-09
0.3927 	6.61018e-09
0.3941 	1.16212e-07
0.3948 	3.00759e-07
0.3962 	1.10216e-06
0.3976 	1.65561e-06
0.399 	1.46217e-06
0.4004 	7.4482e-07
0.4018 	1.59259e-07
0.4025 	2.26448e-08
0.4039 	4.53836e-10
0.4046 	2.79129e-10
0.406 	1.0963e-09
0.4067 	8.22187e-09
0.4081 	3.4748e-08
0.4095 	5.78688e-08
0.4102 	6.57811e-08
0.4109 	7.55477e-08
0.4116 	9.71714e-08
0.4123 	1.30588e-07
0.4137 	1.78171e-07
0.4151 	1.7182e-07
0.4165 	1.07766e-07
0.4179 	3.0215e-08
0.4186 	1.07714e-08
0.42 	3.52141e-09
0.4214 	3.84602e-09
0.4221 	3.57262e-09
0.4228 	3.13781e-09
0.4242 	1.91969e-09
0.4256 	8.86986e-10
0.427 	1.96204e-10
0.4284 	2.24696e-11
0.4291 	1.17074e-11
0.4298 	1.17205e-11
0.4312 	1.18235e-11
0.4326 	1.11373e-11
0.434 	9.06278e-12
0.4347 	7.43978e-12
0.4361 	3.77878e-12
0.4375 	1.00562e-12
0.4389 	1.17494e-13
0.4403 	6.07228e-15
0.4417 	2.58365e-15
0.4424 	2.36018e-15
0.4438 	1.64179e-15
0.4452 	7.49425e-16
0.4466 	1.81003e-16
0.448 	1.69022e-17
0.4494 	4.00887e-19
0.4501 	1.32213e-20
0.4515 	8.81436e-21
0.4522 	8.2926e-21
0.4536 	6.65994e-21
0.455 	4.52673e-21
0.4564 	2.27527e-21
0.4578 	7.34327e-22
0.4592 	1.19055e-22
0.4599 	2.63015e-23
0.4613 	2.07916e-25
0.462 	9.22432e-26
0.4634 	1.065e-26
0.4648 	1.42278e-26
0.4662 	2.17185e-26
0.4676 	3.67373e-26
0.469 	7.75347e-26
0.4697 	1.14596e-25
0.4704 	1.65701e-25
0.4711 	2.27339e-25
0.4718 	2.97575e-25
0.4725 	3.70186e-25
0.4732 	4.20419e-25
0.4739 	4.63284e-25
0.4753 	4.87972e-25
0.4767 	4.81312e-25
0.4774 	4.72227e-25
0.4788 	4.22706e-25
0.4795 	3.73585e-25
0.4809 	2.47427e-25
0.4816 	1.77737e-25
0.483 	6.20281e-26
0.4837 	2.35015e-26
0.4844 	1.11443e-26
0.4851 	2.13216e-27
0.4865 	4.77766e-28
0.4879 	4.09126e-28
0.4893 	3.50688e-28
0.49 	3.10845e-28
0.4914 	1.87079e-28
0.4928 	7.14768e-29
0.4942 	1.41913e-29
0.4949 	3.71916e-30
0.4956 	1.26425e-30
0.497 	1.5881e-31
0.4977 	1.0438e-31
0.4991 	4.06173e-32
0.4998 	1.90358e-32
0.5012 	1.20847e-33
0.5026 	1.68562e-36
0.504 	1.68562e-36
0.5054 	1.68562e-36
0.5068 	1.68562e-36
0.5075 	1.68562e-36
0.5089 	1.68562e-36
0.5103 	1.68562e-36
0.5117 	1.68562e-36
0.5131 	1.70213e-36
0.5145 	1.7343e-36
0.5152 	1.75179e-36
0.5159 	1.77967e-36
0.5173 	1.80187e-36
0.5187 	1.75885e-36
0.5194 	1.69925e-36
0.5201 	1.62764e-36
0.5215 	1.3519e-36
0.5229 	9.59633e-37
0.5236 	7.27041e-37
0.5243 	5.14305e-37
0.5257 	1.82841e-37
0.5271 	4.04505e-38
0.5285 	1.19131e-38
0.5299 	9.12608e-39
0.5306 	8.29575e-39
0.532 	6.39178e-39
0.5327 	5.30317e-39
0.5341 	2.89697e-39
0.5355 	1.12519e-39
0.5369 	2.55263e-40
0.5383 	4.34857e-41
0.539 	2.3103e-41
0.5397 	2.02048e-41
0.5411 	1.54789e-41
0.5418 	1.26072e-41
0.5432 	6.48337e-42
0.5446 	2.00009e-42
0.546 	3.8041e-43
0.5474 	1.373e-43
0.5481 	1.05766e-43
0.5488 	7.84962e-44
0.5495 	6.76421e-44
0.5502 	5.56854e-44
0.5509 	4.09723e-44
0.5516 	2.85677e-44
0.5523 	1.846e-44
0.553 	1.08264e-44
0.5537 	4.18245e-45
0.5551 	3.0265e-46
0.5565 	1.34486e-49
0.5579 	9.14606e-50
0.5593 	3.49794e-54
0.56 	3.49798e-54
0.5614 	3.49804e-54
0.5621 	3.49806e-54
0.5628 	3.49808e-54
0.5635 	3.49809e-54
0.5642 	3.4981e-54
0.5649 	3.49811e-54
0.5656 	3.49813e-54
0.567 	3.49819e-54
0.5684 	3.49826e-54
0.5698 	3.49832e-54
0.5712 	3.49839e-54
0.5726 	4.24139e-54
0.5733 	9.44198e-54
0.5747 	1.27873e-53
0.5761 	8.78645e-53
0.5768 	1.50896e-52
0.5782 	2.81033e-52
0.5796 	4.08844e-52
0.581 	4.91411e-52
0.5824 	5.32534e-52
0.5838 	5.28359e-52
0.5852 	4.77477e-52
0.5866 	3.64347e-52
0.588 	2.07487e-52
0.5894 	7.45398e-53
0.5908 	1.34845e-53
0.5915 	2.71352e-54
0.5929 	6.32034e-56
0.5936 	1.13558e-56
0.595 	6.30992e-70
0.5964 	-1.08642e-77
0.5971 	-9.1032e-78
0.5985 	-4.4535e-78
0.5999 	-1.28909e-78
0.6013 	-2.48898e-79
0.6027 	-4.20595e-80
0.6041 	-5.82701e-81
0.6048 	-2.13868e-81
0.6062 	-2.23059e-82
0.6076 	-6.52806e-83
0.6083 	-4.79672e-83
0.609 	-3.32266e-83
0.6104 	-1.54512e-83
0.6111 	-9.54449e-84
0.6125 	-3.17168e-84
0.6139 	-1.00576e-84
0.6153 	-2.97952e-85
0.6167 	-8.7681e-86
0.6174 	-4.51427e-86
0.6188 	-1.40434e-86
0.6202 	-5.31191e-87
0.6216 	-2.27145e-87
0.6223 	-1.55557e-87
0.6237 	-8.08298e-88
0.6251 	-4.85401e-88
0.6265 	-3.12622e-88
0.6272 	-2.54766e-88
0.6279 	-2.07302e-88
0.6286 	-1.67632e-88
0.6293 	-1.36164e-88
0.6307 	-8.33052e-89
0.6321 	-4.25976e-89
0.6335 	8.69619e-72
0.6349 	3.01596e-71
0.6363 	1.96617e-70
0.6377 	3.62572e-70
0.6391 	3.86874e-70
0.6398 	3.86746e-70
0.6405 	3.78497e-70
0.6412 	3.67e-70
0.6419 	3.39958e-70
0.6426 	3.08741e-70
0.644 	2.07754e-70
0.6447 	1.50637e-70
0.6461 	5.29753e-71
0.6475 	6.8949e-72
0.6482 	3.11861e-72
0.6489 	9.02975e-74
0.6496 	-1.9727e-73
0.6503 	-4.60002e-73
0.651 	-6.89619e-73
0.6524 	-1.12233e-72
0.6531 	-1.32036e-72
0.6545 	-1.69e-72
0.6559 	-2.01497e-72
0.6573 	-2.29468e-72
0.6587 	-2.52963e-72
0.6601 	-2.71837e-72
0.6615 	-2.86434e-72
0.6629 	-2.97116e-72
0.6643 	-3.04131e-72
0.665 	-3.06673e-72
0.6657 	-3.07739e-72
0.6664 	-3.08511e-72
0.6671 	-3.08212e-72
0.6685 	-3.0583e-72
0.6699 	-3.00872e-72
0.6713 	-2.93556e-72
0.6727 	-2.84133e-72
0.6741 	-2.73028e-72
0.6755 	-2.60516e-72
0.6769 	-2.4687e-72
0.6783 	-2.32352e-72
0.6797 	-2.17215e-72
0.6811 	-2.01702e-72
0.6825 	-1.86038e-72
0.6839 	-1.70456e-72
0.6853 	-1.55149e-72
0.686 	-1.47638e-72
0.6874 	-1.33009e-72
0.6888 	-1.19032e-72
0.6895 	-1.12387e-72
0.6902 	-1.05846e-72
0.6916 	-9.34855e-73
0.6923 	-8.7599e-73
0.6937 	-7.6541e-73
0.6951 	-6.66446e-73
0.6965 	-5.80149e-73
0.6972 	-5.42321e-73
0.6986 	-4.77404e-73
0.6993 	-4.60612e-73
0.7 	-4.47619e-73
