0 	1
0.0007 	1
0.0014 	1
0.0021 	1
0.0028 	1
0.0035 	1
0.0042 	1
0.0049 	1
0.0056 	1
0.0063 	1
0.007 	1
0.0077 	1
0.0084 	1
0.0091 	1
0.0098 	1
0.0105 	1
0.0112 	1
0.0119 	1
0.0126 	1
0.0133 	1
0.014 	1
0.0147 	1
0.0154 	1
0.0161 	1
0.0168 	1
0.0175 	1
0.0182 	1
0.0189 	1
0.0196 	1
0.0203 	1
0.021 	1
0.0217 	1
0.0224 	1
0.0231 	1
0.0238 	1
0.0245 	1
0.0252 	1
0.0259 	1
0.0266 	1
0.0273 	1
0.028 	1
0.0287 	1
0.0294 	1
0.0301 	1
0.0308 	1
0.0315 	1
0.0322 	1
0.0329 	1
0.0336 	1
0.0343 	1
0.035 	1
0.0357 	1
0.0364 	1
0.0371 	1
0.0378 	1
0.0385 	1
0.0392 	1
0.0399 	1
0.0406 	1
0.0413 	1
0.042 	1
0.0427 	1
0.0434 	1
0.0441 	1
0.0448 	1
0.0455 	1
0.0462 	1
0.0469 	1
0.0476 	1
0.0483 	1
0.049 	1
0.0497 	1
0.0504 	1
0.0511 	1
0.0518 	1
0.0525 	1
0.0532 	1
0.0539 	1
0.0546 	1
0.0553 	1
0.056 	1
0.0567 	1
0.0574 	1
0.0581 	1
0.0588 	1
0.0595 	1
0.0602 	1
0.0609 	1
0.0616 	1
0.0623 	1
0.063 	1
0.0637 	1
0.0644 	1
0.0651 	1
0.0658 	1
0.0665 	1
0.0672 	1
0.0679 	1
0.0686 	1
0.0693 	1
0.07 	1
0.0707 	1
0.0714 	1
0.0721 	1
0.0728 	1
0.0735 	1
0.0742 	1
0.0749 	1
0.0756 	1
0.0763 	1
0.077 	1
0.0777 	1
0.0784 	1
0.0791 	1
0.0798 	1
0.0805 	1
0.0812 	1
0.0819 	1
0.0826 	1
0.0833 	1
0.084 	1
0.0847 	1
0.0854 	1
0.0861 	1
0.0868 	1
0.0875 	1
0.0882 	1
0.0889 	1
0.0896 	1
0.0903 	1
0.091 	1
0.0917 	1
0.0924 	1
0.0931 	1
0.0938 	1
0.0945 	1
0.0952 	1
0.0959 	1
0.0966 	1
0.0973 	1
0.098 	1
0.0987 	1
0.0994 	1
0.1001 	1
0.1008 	1
0.1015 	1
0.1022 	1
0.1029 	1
0.1036 	1
0.1043 	1
0.105 	1
0.1057 	1
0.1064 	1
0.1071 	1
0.1078 	1
0.1085 	1
0.1092 	1
0.1099 	1
0.1106 	1
0.1113 	1
0.112 	1
0.1127 	1
0.1134 	1
0.1141 	1
0.1148 	1
0.1155 	1
0.1162 	1
0.1169 	1
0.1176 	1
0.1183 	1
0.119 	1
0.1197 	1
0.1204 	1
0.1211 	1
0.1218 	1
0.1225 	1
0.1232 	1
0.1239 	1
0.1246 	1
0.1253 	1
0.126 	1
0.1267 	1
0.1274 	1
0.1281 	1
0.1288 	1
0.1295 	1
0.1302 	1
0.1309 	1
0.1316 	1
0.1323 	1
0.133 	1
0.1337 	1
0.1344 	1
0.1351 	1
0.1358 	1
0.1365 	1
0.1372 	1
0.1379 	1
0.1386 	1
0.1393 	1
0.14 	1
0.1407 	1
0.1414 	1
0.1421 	1
0.1428 	1
0.1435 	1
0.1442 	1
0.1449 	1
0.1456 	1
0.1463 	1
0.147 	1
0.1477 	1
0.1484 	1
0.1491 	1
0.1498 	1
0.1505 	1
0.1512 	1
0.1519 	1
0.1526 	1
0.1533 	1
0.154 	1
0.1547 	1
0.1554 	1
0.1561 	1
0.1568 	1
0.1575 	1
0.1582 	1
0.1589 	1
0.1596 	1
0.1603 	1
0.161 	1
0.1617 	1
0.1624 	1
0.1631 	1
0.1638 	1
0.1645 	1
0.1652 	1
0.1659 	1
0.1666 	1
0.1673 	1
0.168 	1
0.1687 	1
0.1694 	1
0.1701 	1
0.1708 	1
0.1715 	1
0.1722 	1
0.1729 	1
0.1736 	1
0.1743 	1
0.175 	1
0.1757 	1
0.1764 	1
0.1771 	1
0.1778 	1
0.1785 	1
0.1792 	1
0.1799 	1
0.1806 	1
0.1813 	1
0.182 	1
0.1827 	1
0.1834 	1
0.1841 	1
0.1848 	1
0.1855 	1
0.1862 	1
0.1869 	1
0.1876 	1
0.1883 	1
0.189 	1
0.1897 	1
0.1904 	1
0.1911 	1
0.1918 	1
0.1925 	1
0.1932 	1
0.1939 	1
0.1946 	1
0.1953 	1
0.196 	1
0.1967 	1
0.1974 	1
0.1981 	1
0.1988 	1
0.1995 	1
0.2002 	0.999996
0.2009 	0.999983
0.2016 	0.999971
0.2023 	0.999958
0.203 	0.999945
0.2037 	0.999932
0.2044 	0.999919
0.2051 	0.99974
0.2058 	0.998553
0.2065 	0.997366
0.2072 	0.99618
0.2079 	0.994993
0.2086 	0.993807
0.2093 	0.99262
0.21 	0.991432
0.2107 	0.973077
0.2114 	0.954711
0.2121 	0.936345
0.2128 	0.917979
0.2135 	0.899613
0.2142 	0.881247
0.2149 	0.862881
0.2156 	0.809246
0.2163 	0.749728
0.217 	0.69021
0.2177 	0.630692
0.2184 	0.571174
0.2191 	0.511656
0.2198 	0.452138
0.2205 	0.398468
0.2212 	0.347192
0.2219 	0.295916
0.2226 	0.24464
0.2233 	0.193364
0.224 	0.142088
0.2247 	0.0908119
0.2254 	0.063553
0.2261 	0.0542743
0.2268 	0.0449954
0.2275 	0.0357164
0.2282 	0.0264374
0.2289 	0.0171584
0.2296 	0.00787939
0.2303 	0.00243536
0.231 	0.00209089
0.2317 	0.00174642
0.2324 	0.00140194
0.2331 	0.00105746
0.2338 	0.000712985
0.2345 	0.000368508
0.2352 	0.000117994
0.2359 	0.000101641
0.2366 	8.52888e-05
0.2373 	6.89362e-05
0.238 	5.25837e-05
0.2387 	3.62312e-05
0.2394 	1.98787e-05
0.2401 	5.76024e-06
0.2408 	4.97504e-06
0.2415 	4.18985e-06
0.2422 	3.4047e-06
0.2429 	2.61955e-06
0.2436 	1.8344e-06
0.2443 	1.04925e-06
0.245 	2.6462e-07
0.2457 	2.29115e-07
0.2464 	1.93633e-07
0.2471 	1.58158e-07
0.2478 	1.22684e-07
0.2485 	8.72092e-08
0.2492 	5.17346e-08
0.2499 	1.626e-08
0.2506 	9.92418e-09
0.2513 	8.41827e-09
0.252 	6.91326e-09
0.2527 	5.40825e-09
0.2534 	3.90323e-09
0.2541 	2.39822e-09
0.2548 	8.93212e-10
0.2555 	4.20561e-10
0.2562 	3.59481e-10
0.2569 	2.98469e-10
0.2576 	2.37464e-10
0.2583 	1.76458e-10
0.259 	1.15452e-10
0.2597 	5.44457e-11
0.2604 	2.65321e-11
0.2611 	2.33691e-11
0.2618 	2.02105e-11
0.2625 	1.70532e-11
0.2632 	1.38959e-11
0.2639 	1.07386e-11
0.2646 	7.58134e-12
0.2653 	5.56407e-12
0.266 	5.06307e-12
0.2667 	4.56288e-12
0.2674 	4.06314e-12
0.2681 	3.56339e-12
0.2688 	3.06364e-12
0.2695 	2.5639e-12
0.2702 	2.15706e-12
0.2709 	1.98196e-12
0.2716 	1.80719e-12
0.2723 	1.63275e-12
0.273 	1.45832e-12
0.2737 	1.28389e-12
0.2744 	1.10946e-12
0.2751 	9.48426e-13
0.2758 	8.67569e-13
0.2765 	7.86867e-13
0.2772 	7.06444e-13
0.2779 	6.2602e-13
0.2786 	5.45597e-13
0.2793 	4.65173e-13
0.28 	3.84773e-13
0.2807 	3.48761e-13
0.2814 	3.1281e-13
0.2821 	2.77046e-13
0.2828 	2.41282e-13
0.2835 	2.05518e-13
0.2842 	1.69754e-13
0.2849 	1.3399e-13
0.2856 	1.17666e-13
0.2863 	1.0458e-13
0.287 	9.15862e-14
0.2877 	7.85919e-14
0.2884 	6.55977e-14
0.2891 	5.26034e-14
0.2898 	3.96092e-14
0.2905 	3.31724e-14
0.2912 	2.93529e-14
0.2919 	2.55627e-14
0.2926 	2.17749e-14
0.2933 	1.79871e-14
0.294 	1.41992e-14
0.2947 	1.04114e-14
0.2954 	8.24161e-15
0.2961 	7.28293e-15
0.2968 	6.33101e-15
0.2975 	5.38094e-15
0.2982 	4.43087e-15
0.2989 	3.48079e-15
0.2996 	2.53072e-15
0.3003 	1.89296e-15
0.301 	1.67074e-15
0.3017 	1.44988e-15
0.3024 	1.22978e-15
0.3031 	1.00969e-15
0.3038 	7.89594e-16
0.3045 	5.69499e-16
0.3052 	3.98774e-16
0.3059 	3.51152e-16
0.3066 	3.03771e-16
0.3073 	2.56633e-16
0.308 	2.09495e-16
0.3087 	1.62357e-16
0.3094 	1.15218e-16
0.3101 	7.35584e-17
0.3108 	6.46193e-17
0.3115 	5.57145e-17
0.3122 	4.68713e-17
0.3129 	3.80281e-17
0.3136 	2.91849e-17
0.3143 	2.03417e-17
0.315 	1.15036e-17
0.3157 	1.009e-17
0.3164 	8.68049e-18
0.3171 	7.28347e-18
0.3178 	5.88646e-18
0.3185 	4.48945e-18
0.3192 	3.09243e-18
0.3199 	1.69542e-18
0.3206 	1.33535e-18
0.3213 	1.14739e-18
0.322 	9.61483e-19
0.3227 	7.75579e-19
0.3234 	5.89675e-19
0.3241 	4.0377e-19
0.3248 	2.17866e-19
0.3255 	1.4973e-19
0.3262 	1.28554e-19
0.3269 	1.07618e-19
0.3276 	8.67005e-20
0.3283 	6.5783e-20
0.329 	4.48656e-20
0.3297 	2.39481e-20
0.3304 	1.38727e-20
0.3311 	1.19069e-20
0.3318 	9.96074e-21
0.3325 	8.01988e-21
0.3332 	6.07901e-21
0.3339 	4.13815e-21
0.3346 	2.19729e-21
0.3353 	1.02713e-21
0.336 	8.81712e-22
0.3367 	7.37526e-22
0.3374 	5.94025e-22
0.3381 	4.50523e-22
0.3388 	3.07021e-22
0.3395 	1.6352e-22
0.3402 	5.87476e-23
0.3409 	5.04671e-23
0.3416 	4.22435e-23
0.3423 	3.40768e-23
0.343 	2.59102e-23
0.3437 	1.77435e-23
0.3444 	9.57679e-24
0.3451 	2.53195e-24
0.3458 	2.17888e-24
0.3465 	1.82764e-24
0.3472 	1.47971e-24
0.3479 	1.13177e-24
0.3486 	7.83835e-25
0.3493 	4.35899e-25
0.35 	8.8214e-26
0.3507 	7.62219e-26
0.3514 	6.42762e-26
0.3521 	5.2478e-26
0.3528 	4.06797e-26
0.3535 	2.88815e-26
0.3542 	1.70832e-26
0.3549 	5.28499e-27
0.3556 	3.1957e-27
0.3563 	2.71551e-27
0.357 	2.2425e-27
0.3577 	1.76949e-27
0.3584 	1.29647e-27
0.3591 	8.23458e-28
0.3598 	3.50445e-28
0.3605 	1.94837e-28
0.3612 	1.65754e-28
0.3619 	1.3707e-28
0.3626 	1.08416e-28
0.3633 	7.97626e-29
0.364 	5.1109e-29
0.3647 	2.24553e-29
0.3654 	9.39247e-30
0.3661 	7.98857e-30
0.3668 	6.59956e-30
0.3675 	5.21461e-30
0.3682 	3.82966e-30
0.3689 	2.44471e-30
0.3696 	1.05976e-30
0.3703 	2.53277e-31
0.371 	2.15774e-31
0.3717 	1.78567e-31
0.3724 	1.41526e-31
0.3731 	1.04486e-31
0.3738 	6.74447e-32
0.3745 	3.04038e-32
0.3752 	3.81392e-33
0.3759 	3.25612e-33
0.3766 	2.70121e-33
0.3773 	2.1492e-33
0.378 	1.59719e-33
0.3787 	1.04518e-33
0.3794 	4.93167e-34
0.3801 	2.00175e-35
0.3808 	1.71444e-35
0.3815 	1.42786e-35
0.3822 	1.1426e-35
0.3829 	8.57344e-36
0.3836 	5.72085e-36
0.3843 	2.86826e-36
0.385 	1.78347e-38
0.3857 	1.53316e-38
0.3864 	1.28313e-38
0.3871 	1.03366e-38
0.3878 	7.84198e-39
0.3885 	5.34732e-39
0.3892 	2.85266e-39
0.3899 	3.58008e-40
0.3906 	3.09132e-42
0.3913 	2.59676e-42
0.392 	2.11145e-42
0.3927 	1.62614e-42
0.3934 	1.14084e-42
0.3941 	6.55527e-43
0.3948 	1.70219e-43
0.3955 	2.86594e-44
0.3962 	2.40987e-44
0.3969 	1.97089e-44
0.3976 	1.53322e-44
0.3983 	1.09556e-44
0.399 	6.5789e-45
0.3997 	2.20223e-45
0.4004 	3.02611e-46
0.4011 	2.55157e-46
0.4018 	2.09233e-46
0.4025 	1.63726e-46
0.4032 	1.18219e-46
0.4039 	7.27118e-47
0.4046 	2.72048e-47
0.4053 	1.15828e-48
0.406 	9.80249e-49
0.4067 	8.0676e-49
0.4074 	6.35791e-49
0.4081 	4.64823e-49
0.4088 	2.93854e-49
0.4095 	1.22885e-49
0.4102 	8.56109e-52
0.4109 	7.2756e-52
0.4116 	6.01377e-52
0.4123 	4.77562e-52
0.413 	3.53746e-52
0.4137 	2.29931e-52
0.4144 	1.06115e-52
0.4151 	7.85982e-56
0.4158 	6.70679e-56
0.4165 	5.56783e-56
0.4172 	4.45422e-56
0.4179 	3.3406e-56
0.4186 	2.22698e-56
0.4193 	1.11337e-56
0.42 	5.83824e-60
0.4207 	5.00506e-60
0.4214 	4.17698e-60
0.4221 	3.3648e-60
0.4228 	2.55262e-60
0.4235 	1.74044e-60
0.4242 	9.28259e-61
0.4249 	1.16079e-61
0.4256 	6.01255e-64
0.4263 	5.36364e-64
0.427 	4.70748e-64
0.4277 	4.05131e-64
0.4284 	3.39514e-64
0.4291 	2.73898e-64
0.4298 	2.08281e-64
0.4305 	1.88045e-64
0.4312 	1.85908e-64
0.4319 	1.8197e-64
0.4326 	1.77893e-64
0.4333 	1.73817e-64
0.434 	1.6974e-64
0.4347 	1.65664e-64
0.4354 	1.62436e-64
0.4361 	1.59857e-64
0.4368 	1.55366e-64
0.4375 	1.50354e-64
0.4382 	1.45341e-64
0.4389 	1.40329e-64
0.4396 	1.35317e-64
0.4403 	1.3097e-64
0.441 	1.27538e-64
0.4417 	1.21961e-64
0.4424 	1.15194e-64
0.4431 	1.08427e-64
0.4438 	1.0166e-64
0.4445 	9.48924e-65
0.4452 	8.90925e-65
0.4459 	8.5763e-65
0.4466 	8.07986e-65
0.4473 	7.41992e-65
0.448 	6.75999e-65
0.4487 	6.10005e-65
0.4494 	5.44012e-65
0.4501 	4.84218e-65
0.4508 	4.62327e-65
0.4515 	4.32738e-65
0.4522 	3.8929e-65
0.4529 	3.45842e-65
0.4536 	3.02394e-65
0.4543 	2.58946e-65
0.455 	2.41462e-65
0.4557 	2.0456e-65
0.4564 	1.91374e-65
0.4571 	1.69763e-65
0.4578 	1.48152e-65
0.4585 	1.26541e-65
0.4592 	1.0493e-65
0.4599 	8.33194e-66
0.4606 	7.65033e-66
0.4613 	7.18699e-66
0.462 	6.32836e-66
0.4627 	5.46974e-66
0.4634 	4.61111e-66
0.4641 	3.75249e-66
0.4648 	2.89386e-66
0.4655 	2.543e-66
0.4662 	2.39607e-66
0.4669 	2.11507e-66
0.4676 	1.82376e-66
0.4683 	1.53245e-66
0.469 	1.24114e-66
0.4697 	9.4983e-67
0.4704 	7.99891e-67
0.4711 	7.56219e-67
0.4718 	6.78799e-67
0.4725 	5.92175e-67
0.4732 	5.05551e-67
0.4739 	4.18927e-67
0.4746 	3.32303e-67
0.4753 	2.76543e-67
0.476 	2.62051e-67
0.4767 	2.38398e-67
0.4774 	2.09655e-67
0.4781 	1.80913e-67
0.4788 	1.52171e-67
0.4795 	1.23428e-67
0.4802 	1.01298e-67
0.4809 	9.5761e-68
0.4816 	8.75631e-68
0.4823 	7.6704e-68
0.483 	6.58449e-68
0.4837 	5.49858e-68
0.4844 	4.41268e-68
0.4851 	3.44891e-68
0.4858 	3.22499e-68
0.4865 	2.92768e-68
0.4872 	2.49827e-68
0.4879 	2.06886e-68
0.4886 	1.63945e-68
0.4893 	1.21004e-68
0.49 	8.13037e-69
0.4907 	7.22716e-69
0.4914 	6.54694e-69
0.4921 	5.4899e-69
0.4928 	4.43286e-69
0.4935 	3.37582e-69
0.4942 	2.31877e-69
0.4949 	1.26173e-69
0.4956 	1.03638e-69
0.4963 	9.443e-70
0.497 	7.8217e-70
0.4977 	6.2004e-70
0.4984 	4.5791e-70
0.4991 	2.9578e-70
0.4998 	1.3365e-70
0.5005 	8.15866e-71
0.5012 	7.34769e-71
0.5019 	6.10938e-71
0.5026 	4.8382e-71
0.5033 	3.56702e-71
0.504 	2.29585e-71
0.5047 	1.02467e-71
0.5054 	4.55292e-72
0.5061 	4.11305e-72
0.5068 	3.46099e-72
0.5075 	2.75106e-72
0.5082 	2.04113e-72
0.5089 	1.3312e-72
0.5096 	6.21265e-73
0.5103 	2.06895e-73
0.511 	1.85798e-73
0.5117 	1.57865e-73
0.5124 	1.26134e-73
0.5131 	9.44042e-74
0.5138 	6.2674e-74
0.5145 	3.09438e-74
0.5152 	8.09271e-75
0.5159 	7.38359e-75
0.5166 	6.39162e-75
0.5173 	5.11679e-75
0.518 	3.84196e-75
0.5187 	2.56712e-75
0.5194 	1.29229e-75
0.5201 	1.97896e-76
0.5208 	1.80906e-76
0.5215 	1.58804e-76
0.5222 	1.27499e-76
0.5229 	9.61939e-77
0.5236 	6.48889e-77
0.5243 	3.35839e-77
0.525 	3.72734e-78
0.5257 	2.19962e-78
0.5264 	1.90885e-78
0.5271 	9.03813e-79
0.5278 	-1.01222e-79
0.5285 	-1.10626e-78
0.5292 	-2.11129e-78
0.5299 	-3.11633e-78
0.5306 	-2.69914e-78
0.5313 	-2.09334e-78
0.532 	-2.11492e-78
0.5327 	-2.1365e-78
0.5334 	-2.15808e-78
0.5341 	-2.17966e-78
0.5348 	-2.20124e-78
0.5355 	-1.84332e-78
0.5362 	-1.33311e-78
0.5369 	-1.29775e-78
0.5376 	-1.29892e-78
0.5383 	-1.30009e-78
0.539 	-1.30126e-78
0.5397 	-1.30243e-78
0.5404 	-1.11607e-78
0.5411 	-7.88673e-79
0.5418 	-7.18665e-79
0.5425 	-7.18854e-79
0.5432 	-7.19043e-79
0.5439 	-7.19232e-79
0.5446 	-7.19421e-79
0.5453 	-6.37256e-79
0.546 	-4.44979e-79
0.5467 	-3.76332e-79
0.5474 	-3.76369e-79
0.5481 	-3.76405e-79
0.5488 	-3.76441e-79
0.5495 	-3.76477e-79
0.5502 	-3.46341e-79
0.5509 	-2.40522e-79
0.5516 	-1.87614e-79
0.5523 	-1.87617e-79
0.553 	-1.8762e-79
0.5537 	-1.87623e-79
0.5544 	-1.87626e-79
0.5551 	-1.79802e-79
0.5558 	-1.24751e-79
0.5565 	-8.93613e-80
0.5572 	-8.9361e-80
0.5579 	-8.93607e-80
0.5586 	-8.93604e-80
0.5593 	-8.936e-80
0.56 	-8.93938e-80
0.5607 	-6.21687e-80
0.5614 	-4.07895e-80
0.5621 	-4.07886e-80
0.5628 	-4.07876e-80
0.5635 	-4.07866e-80
0.5642 	-4.07857e-80
0.5649 	-4.07847e-80
0.5656 	-2.97984e-80
0.5663 	-1.78872e-80
0.567 	-1.78865e-80
0.5677 	-1.78858e-80
0.5684 	-1.78852e-80
0.5691 	-1.78845e-80
0.5698 	-1.78838e-80
0.5705 	-1.37538e-80
0.5712 	-7.96659e-81
0.5719 	-7.55286e-81
0.5726 	-7.55249e-81
0.5733 	-7.55211e-81
0.574 	-7.55173e-81
0.5747 	-7.55135e-81
0.5754 	-6.12079e-81
0.5761 	-3.61463e-81
0.5768 	-3.07745e-81
0.5775 	-3.07726e-81
0.5782 	-3.07707e-81
0.5789 	-3.07688e-81
0.5796 	-3.07669e-81
0.5803 	-2.62968e-81
0.581 	-1.58526e-81
0.5817 	-1.2122e-81
0.5824 	-1.21211e-81
0.5831 	-1.21202e-81
0.5838 	-1.21193e-81
0.5845 	-1.21184e-81
0.5852 	-1.09211e-81
0.5859 	-6.72301e-82
0.5866 	-4.62374e-82
0.5873 	-4.62334e-82
0.588 	-4.62293e-82
0.5887 	-4.62253e-82
0.5894 	-4.62213e-82
0.5901 	-4.38988e-82
0.5908 	-2.75892e-82
0.5915 	-1.71038e-82
0.5922 	-1.71021e-82
0.5929 	-1.71003e-82
0.5936 	-1.70986e-82
0.5943 	-1.70969e-82
0.595 	-1.71015e-82
0.5957 	-1.09645e-82
0.5964 	-6.14413e-83
0.5971 	-6.14341e-83
0.5978 	-6.1427e-83
0.5985 	-6.14199e-83
0.5992 	-6.14128e-83
0.5999 	-6.14056e-83
0.6006 	-4.2239e-83
0.6013 	-2.14599e-83
0.602 	-2.14571e-83
0.6027 	-2.14542e-83
0.6034 	-2.14514e-83
0.6041 	-2.14486e-83
0.6048 	-2.14458e-83
0.6055 	-1.57884e-83
0.6062 	-7.86189e-84
0.6069 	-7.29471e-84
0.6076 	-7.29363e-84
0.6083 	-7.29255e-84
0.609 	-7.29147e-84
0.6097 	-7.29039e-84
0.6104 	-5.73172e-84
0.6111 	-3.0017e-84
0.6118 	-2.41638e-84
0.6125 	-2.41598e-84
0.6132 	-2.41558e-84
0.6139 	-2.41518e-84
0.6146 	-2.41478e-84
0.6153 	-2.0229e-84
0.616 	-1.10762e-84
0.6167 	-7.80649e-85
0.6174 	-7.80506e-85
0.6181 	-7.80364e-85
0.6188 	-7.80222e-85
0.6195 	-7.80079e-85
0.6202 	-6.94741e-85
0.6209 	-3.95723e-85
0.6216 	-2.46189e-85
0.6223 	-2.4614e-85
0.623 	-2.4609e-85
0.6237 	-2.46041e-85
0.6244 	-2.45992e-85
0.6251 	-2.324e-85
0.6258 	-1.37114e-85
0.6265 	-7.58524e-86
0.6272 	-7.58359e-86
0.6279 	-7.58194e-86
0.6286 	-7.58029e-86
0.6293 	-7.57863e-86
0.63 	-7.57977e-86
0.6307 	-4.61446e-86
0.6314 	-2.28512e-86
0.6321 	-2.28458e-86
0.6328 	-2.28404e-86
0.6335 	-2.2835e-86
0.6342 	-2.28296e-86
0.6349 	-2.28243e-86
0.6356 	-1.51047e-86
0.6363 	-6.73618e-87
0.637 	-6.73448e-87
0.6377 	-6.73278e-87
0.6384 	-6.73108e-87
0.6391 	-6.72938e-87
0.6398 	-6.72768e-87
0.6405 	-4.8151e-87
0.6412 	-2.13573e-87
0.6419 	-1.94386e-87
0.6426 	-1.94334e-87
0.6433 	-1.94281e-87
0.644 	-1.94229e-87
0.6447 	-1.94177e-87
0.6454 	-1.49653e-87
0.6461 	-7.16869e-88
0.6468 	-5.49676e-88
0.6475 	-5.4952e-88
0.6482 	-5.49364e-88
0.6489 	-5.49207e-88
0.6496 	-5.49051e-88
0.6503 	-4.53877e-88
0.651 	-2.31672e-88
0.6517 	-1.52284e-88
0.6524 	-1.52239e-88
0.6531 	-1.52194e-88
0.6538 	-1.52148e-88
0.6545 	-1.52103e-88
0.6552 	-1.34381e-88
0.6559 	-7.23266e-89
0.6566 	-4.1293e-89
0.6573 	-4.12802e-89
0.658 	-4.12674e-89
0.6587 	-4.12545e-89
0.6594 	-4.12417e-89
0.6601 	-3.88163e-89
0.6608 	-2.18381e-89
0.6615 	-1.09222e-89
0.6622 	-1.09187e-89
0.6629 	-1.09152e-89
0.6636 	-1.09117e-89
0.6643 	-1.09082e-89
0.665 	-1.09086e-89
0.6657 	-6.36504e-90
0.6664 	-2.79566e-90
0.6671 	-2.79473e-90
0.6678 	-2.7938e-90
0.6685 	-2.79287e-90
0.6692 	-2.79194e-90
0.6699 	-2.79101e-90
0.6706 	-1.77878e-90
0.6713 	-6.81504e-91
0.672 	-6.81268e-91
0.6727 	-6.81032e-91
0.6734 	-6.80796e-91
0.6741 	-6.80559e-91
0.6748 	-6.80323e-91
0.6755 	-4.69825e-91
0.6762 	-1.74954e-91
0.6769 	-1.53839e-91
0.6776 	-1.53783e-91
0.6783 	-1.53726e-91
0.679 	-1.53669e-91
0.6797 	-1.53613e-91
0.6804 	-1.14332e-91
0.6811 	-4.55559e-92
0.6818 	-3.08084e-92
0.6825 	-3.07959e-92
0.6832 	-3.07834e-92
0.6839 	-3.0771e-92
0.6846 	-3.07585e-92
0.6853 	-2.46089e-92
0.686 	-1.02547e-92
0.6867 	-5.12663e-93
0.6874 	-5.12422e-93
0.6881 	-5.12182e-93
0.6888 	-5.11941e-93
0.6895 	-5.117e-93
0.6902 	-4.40088e-93
0.6909 	-1.89476e-93
0.6916 	-6.41509e-94
0.6923 	-6.41127e-94
0.693 	-6.40744e-94
0.6937 	-6.40361e-94
0.6944 	-6.39979e-94
0.6951 	-5.96499e-94
0.6958 	-2.93055e-94
0.6965 	-9.79683e-95
0.6972 	-9.79264e-95
0.6979 	-9.78845e-95
0.6986 	-9.78426e-95
0.6993 	-9.78007e-95
0.7 	-9.77943e-95
