0 	1
0.0007 	1
0.0014 	1
0.0021 	1
0.0028 	1
0.0035 	1
0.0042 	1
0.0049 	1
0.0056 	1
0.0063 	1
0.007 	1
0.0077 	1
0.0084 	1
0.0091 	1
0.0098 	1
0.0105 	1
0.0112 	1
0.0119 	1
0.0126 	1
0.0133 	1
0.014 	1
0.0147 	1
0.0154 	1
0.0161 	1
0.0168 	1
0.0175 	1
0.0182 	1
0.0189 	1
0.0196 	1
0.0203 	1
0.021 	1
0.0217 	1
0.0224 	1
0.0231 	1
0.0238 	1
0.0245 	1
0.0252 	1
0.0259 	1
0.0266 	1
0.0273 	1
0.028 	1
0.0287 	1
0.0294 	1
0.0301 	1
0.0308 	1
0.0315 	1
0.0322 	1
0.0329 	1
0.0336 	1
0.0343 	1
0.035 	1
0.0357 	1
0.0364 	1
0.0371 	1
0.0378 	1
0.0385 	1
0.0392 	1
0.0399 	1
0.0406 	1
0.0413 	1
0.042 	1
0.0427 	1
0.0434 	1
0.0441 	1
0.0448 	1
0.0455 	1
0.0462 	1
0.0469 	1
0.0476 	1
0.0483 	1
0.049 	1
0.0497 	1
0.0504 	1
0.0511 	1
0.0518 	1
0.0525 	1
0.0532 	1
0.0539 	1
0.0546 	1
0.0553 	1
0.056 	1
0.0567 	1
0.0574 	1
0.0581 	1
0.0588 	1
0.0595 	1
0.0602 	1
0.0609 	1
0.0616 	1
0.0623 	1
0.063 	1
0.0637 	1
0.0644 	1
0.0651 	1
0.0658 	1
0.0665 	1
0.0672 	1
0.0679 	1
0.0686 	1
0.0693 	1
0.07 	1
0.0707 	1
0.0714 	1
0.0721 	1
0.0728 	1
0.0735 	1
0.0742 	1
0.0749 	1
0.0756 	1
0.0763 	1
0.077 	1
0.0777 	1
0.0784 	1
0.0791 	1
0.0798 	1
0.0805 	1
0.0812 	1
0.0819 	1
0.0826 	1
0.0833 	1
0.084 	1
0.0847 	1
0.0854 	1
0.0861 	1
0.0868 	1
0.0875 	1
0.0882 	1
0.0889 	1
0.0896 	1
0.0903 	1
0.091 	1
0.0917 	1
0.0924 	1
0.0931 	1
0.0938 	1
0.0945 	1
0.0952 	1
0.0959 	1
0.0966 	1
0.0973 	1
0.098 	1
0.0987 	1
0.0994 	1
0.1001 	1
0.1008 	1
0.1015 	1
0.1022 	1
0.1029 	1
0.1036 	1
0.1043 	1
0.105 	1
0.1057 	1
0.1064 	1
0.1071 	1
0.1078 	1
0.1085 	1
0.1092 	1
0.1099 	1
0.1106 	1
0.1113 	1
0.112 	1
0.1127 	1
0.1134 	1
0.1141 	1
0.1148 	1
0.1155 	1
0.1162 	1
0.1169 	1
0.1176 	1
0.1183 	1
0.119 	1
0.1197 	1
0.1204 	1
0.1211 	1
0.1218 	1
0.1225 	1
0.1232 	1
0.1239 	1
0.1246 	1
0.1253 	1
0.126 	1
0.1267 	1
0.1274 	1
0.1281 	1
0.1288 	1
0.1295 	1
0.1302 	1
0.1309 	1
0.1316 	1
0.1323 	1
0.133 	1
0.1337 	1
0.1344 	1
0.1351 	1
0.1358 	1
0.1365 	1
0.1372 	1
0.1379 	1
0.1386 	1
0.1393 	1
0.14 	1
0.1407 	1
0.1414 	1
0.1421 	1
0.1428 	1
0.1435 	1
0.1442 	1
0.1449 	1
0.1456 	1
0.1463 	1
0.147 	1
0.1477 	1
0.1484 	1
0.1491 	1
0.1498 	1
0.1505 	1
0.1512 	1
0.1519 	1
0.1526 	1
0.1533 	1
0.154 	1
0.1547 	1
0.1554 	1
0.1561 	1
0.1568 	1
0.1575 	1
0.1582 	1
0.1589 	1
0.1596 	1
0.1603 	1
0.161 	1
0.1617 	1
0.1624 	1
0.1631 	1
0.1638 	1
0.1645 	1
0.1652 	1
0.1659 	1
0.1666 	1
0.1673 	1
0.168 	1
0.1687 	1
0.1694 	1
0.1701 	1
0.1708 	1
0.1715 	1
0.1722 	1
0.1729 	1
0.1736 	1
0.1743 	1
0.175 	1
0.1757 	1
0.1764 	1
0.1771 	1
0.1778 	1
0.1785 	1
0.1792 	1
0.1799 	1
0.1806 	1
0.1813 	1
0.182 	1
0.1827 	1
0.1834 	1
0.1841 	1
0.1848 	1
0.1855 	1
0.1862 	1
0.1869 	1
0.1876 	1
0.1883 	1
0.189 	1
0.1897 	1
0.1904 	1
0.1911 	1
0.1918 	1
0.1925 	1
0.1932 	1
0.1939 	1
0.1946 	1
0.1953 	1
0.196 	1
0.1967 	1
0.1974 	1
0.1981 	1
0.1988 	1
0.1995 	1
0.2002 	1
0.2009 	1
0.2016 	1
0.2023 	1
0.203 	1
0.2037 	1
0.2044 	1
0.2051 	1
0.2058 	1
0.2065 	1
0.2072 	1
0.2079 	1
0.2086 	1
0.2093 	1
0.21 	1
0.2107 	0.999998
0.2114 	0.999996
0.2121 	0.999994
0.2128 	0.999992
0.2135 	0.99999
0.2142 	0.999987
0.2149 	0.999985
0.2156 	0.999674
0.2163 	0.999311
0.217 	0.998949
0.2177 	0.998586
0.2184 	0.998223
0.2191 	0.99786
0.2198 	0.997498
0.2205 	0.990717
0.2212 	0.981367
0.2219 	0.972018
0.2226 	0.962668
0.2233 	0.953319
0.224 	0.94397
0.2247 	0.93462
0.2254 	0.902958
0.2261 	0.854558
0.2268 	0.806158
0.2275 	0.757758
0.2282 	0.709357
0.2289 	0.660957
0.2296 	0.612557
0.2303 	0.559339
0.231 	0.499717
0.2317 	0.440095
0.2324 	0.380473
0.2331 	0.32085
0.2338 	0.261228
0.2345 	0.201606
0.2352 	0.152965
0.2359 	0.131772
0.2366 	0.110579
0.2373 	0.0893855
0.238 	0.0681919
0.2387 	0.0469984
0.2394 	0.0258049
0.2401 	0.00749587
0.2408 	0.0064718
0.2415 	0.00544772
0.2422 	0.00442362
0.2429 	0.00339951
0.2436 	0.00237541
0.2443 	0.00135131
0.245 	0.000327363
0.2457 	0.000283826
0.2464 	0.000240292
0.2471 	0.000196758
0.2478 	0.000153223
0.2485 	0.000109689
0.2492 	6.61544e-05
0.2499 	2.26201e-05
0.2506 	1.45325e-05
0.2513 	1.23451e-05
0.252 	1.01576e-05
0.2527 	7.97005e-06
0.2534 	5.78254e-06
0.2541 	3.59503e-06
0.2548 	1.40752e-06
0.2555 	7.0821e-07
0.2562 	6.03695e-07
0.2569 	4.99185e-07
0.2576 	3.94674e-07
0.2583 	2.90164e-07
0.259 	1.85653e-07
0.2597 	8.11429e-08
0.2604 	3.35925e-08
0.2611 	2.87329e-08
0.2618 	2.3874e-08
0.2625 	1.90154e-08
0.2632 	1.41568e-08
0.2639 	9.29813e-09
0.2646 	4.4395e-09
0.2653 	1.56927e-09
0.266 	1.34839e-09
0.2667 	1.12758e-09
0.2674 	9.06805e-10
0.2681 	6.86032e-10
0.2688 	4.65259e-10
0.2695 	2.44485e-10
0.2702 	8.38161e-11
0.2709 	7.32789e-11
0.2716 	6.27465e-11
0.2723 	5.22191e-11
0.273 	4.16916e-11
0.2737 	3.11641e-11
0.2744 	2.06366e-11
0.2751 	1.14708e-11
0.2758 	1.04635e-11
0.2765 	9.45669e-12
0.2772 	8.45067e-12
0.2779 	7.44464e-12
0.2786 	6.43862e-12
0.2793 	5.4326e-12
0.28 	4.42671e-12
0.2807 	4.13215e-12
0.2814 	3.83765e-12
0.2821 	3.54331e-12
0.2828 	3.24897e-12
0.2835 	2.95464e-12
0.2842 	2.6603e-12
0.2849 	2.36596e-12
0.2856 	2.17953e-12
0.2863 	2.01107e-12
0.287 	1.84262e-12
0.2877 	1.67417e-12
0.2884 	1.50572e-12
0.2891 	1.33727e-12
0.2898 	1.16882e-12
0.2905 	1.05165e-12
0.2912 	9.54984e-13
0.2919 	8.58326e-13
0.2926 	7.61668e-13
0.2933 	6.65011e-13
0.294 	5.68353e-13
0.2947 	4.71696e-13
0.2954 	4.06698e-13
0.2961 	3.65438e-13
0.2968 	3.24187e-13
0.2975 	2.82939e-13
0.2982 	2.4169e-13
0.2989 	2.00442e-13
0.2996 	1.59193e-13
0.3003 	1.29766e-13
0.301 	1.16094e-13
0.3017 	1.02425e-13
0.3024 	8.87572e-14
0.3031 	7.50894e-14
0.3038 	6.14216e-14
0.3045 	4.77538e-14
0.3052 	3.68609e-14
0.3059 	3.29007e-14
0.3066 	2.89408e-14
0.3073 	2.49811e-14
0.308 	2.10214e-14
0.3087 	1.70617e-14
0.3094 	1.3102e-14
0.3101 	9.55815e-15
0.3108 	8.50692e-15
0.3115 	7.45564e-15
0.3122 	6.40427e-15
0.3129 	5.3529e-15
0.3136 	4.30153e-15
0.3143 	3.25016e-15
0.315 	2.19893e-15
0.3157 	1.95064e-15
0.3164 	1.70235e-15
0.3171 	1.454e-15
0.3178 	1.20564e-15
0.3185 	9.57286e-16
0.3192 	7.08931e-16
0.3199 	4.60576e-16
0.3206 	3.82431e-16
0.3213 	3.32617e-16
0.322 	2.82776e-16
0.3227 	2.32936e-16
0.3234 	1.83095e-16
0.3241 	1.33255e-16
0.3248 	8.34139e-17
0.3255 	6.32115e-17
0.3262 	5.48548e-17
0.3269 	4.64912e-17
0.3276 	3.8127e-17
0.3283 	2.97628e-17
0.329 	2.13986e-17
0.3297 	1.30344e-17
0.3304 	8.78088e-18
0.3311 	7.60811e-18
0.3318 	6.43412e-18
0.3325 	5.25979e-18
0.3332 	4.08546e-18
0.3339 	2.91113e-18
0.3346 	1.7368e-18
0.3353 	1.00786e-18
0.336 	8.72314e-19
0.3367 	7.36608e-19
0.3374 	6.00812e-19
0.3381 	4.65017e-19
0.3388 	3.29221e-19
0.3395 	1.93425e-19
0.3402 	9.28702e-20
0.3409 	8.0336e-20
0.3416 	6.7786e-20
0.3423 	5.52201e-20
0.343 	4.26542e-20
0.3437 	3.00883e-20
0.3444 	1.75224e-20
0.3451 	6.62613e-21
0.3458 	5.7318e-21
0.3465 	4.83638e-21
0.3472 	3.93901e-21
0.3479 	3.04165e-21
0.3486 	2.14428e-21
0.3493 	1.24691e-21
0.35 	3.49723e-22
0.3507 	3.0275e-22
0.3514 	2.55738e-22
0.3521 	2.08556e-22
0.3528 	1.61374e-22
0.3535 	1.14192e-22
0.3542 	6.70105e-23
0.3549 	1.98286e-23
0.3556 	1.1586e-23
0.3563 	9.82123e-24
0.357 	8.04591e-24
0.3577 	6.2706e-24
0.3584 	4.49528e-24
0.3591 	2.71997e-24
0.3598 	9.44655e-25
0.3605 	3.96729e-25
0.3612 	3.39239e-25
0.3619 	2.81264e-25
0.3626 	2.23252e-25
0.3633 	1.6524e-25
0.364 	1.07228e-25
0.3647 	4.92154e-26
0.3654 	2.25601e-26
0.3661 	1.94021e-26
0.3668 	1.62182e-26
0.3675 	1.30272e-26
0.3682 	9.8362e-27
0.3689 	6.64523e-27
0.3696 	3.45425e-27
0.3703 	1.53813e-27
0.371 	1.32035e-27
0.3717 	1.10103e-27
0.3724 	8.80857e-28
0.3731 	6.60681e-28
0.3738 	4.40505e-28
0.3745 	2.20329e-28
0.3752 	6.06597e-29
0.3759 	5.20924e-29
0.3766 	4.34722e-29
0.3773 	3.47991e-29
0.378 	2.61259e-29
0.3787 	1.74527e-29
0.3794 	8.77955e-30
0.3801 	1.32092e-30
0.3808 	1.13596e-30
0.3815 	9.50088e-31
0.3822 	7.62563e-31
0.3829 	5.75037e-31
0.3836 	3.87512e-31
0.3843 	1.99986e-31
0.385 	1.25042e-32
0.3857 	1.07784e-32
0.3864 	9.04668e-33
0.3871 	7.2922e-33
0.3878 	5.53773e-33
0.3885 	3.78325e-33
0.3892 	2.02878e-33
0.3899 	2.74303e-34
0.3906 	2.12346e-35
0.3913 	1.79127e-35
0.392 	1.45246e-35
0.3927 	1.11364e-35
0.3934 	7.74827e-36
0.3941 	4.36012e-36
0.3948 	9.71971e-37
0.3955 	4.27199e-39
0.3962 	3.62251e-39
0.3969 	2.95629e-39
0.3976 	2.28878e-39
0.3983 	1.62127e-39
0.399 	9.53762e-40
0.3997 	2.86253e-40
0.4004 	3.11352e-43
0.4011 	2.65331e-43
0.4018 	2.1808e-43
0.4025 	1.70494e-43
0.4032 	1.22908e-43
0.4039 	7.53219e-44
0.4046 	2.77358e-44
0.4053 	5.23419e-46
0.406 	4.4903e-46
0.4067 	3.72003e-46
0.4074 	2.93511e-46
0.4081 	2.15019e-46
0.4088 	1.36527e-46
0.4095 	5.80356e-47
0.4102 	1.91307e-48
0.4109 	1.6474e-48
0.4116 	1.37342e-48
0.4123 	1.09113e-48
0.413 	8.0884e-49
0.4137 	5.26551e-49
0.4144 	2.44262e-49
0.4151 	2.32387e-51
0.4158 	2.00808e-51
0.4165 	1.68476e-51
0.4172 	1.34788e-51
0.4179 	1.011e-51
0.4186 	6.74118e-52
0.4193 	3.37239e-52
0.42 	4.43208e-55
0.4207 	3.842e-55
0.4214 	3.2433e-55
0.4221 	2.6127e-55
0.4228 	1.9821e-55
0.4235 	1.3515e-55
0.4242 	7.20895e-56
0.4249 	9.02944e-57
0.4256 	3.23937e-59
0.4263 	2.74921e-59
0.427 	2.22912e-59
0.4277 	1.70903e-59
0.4284 	1.18894e-59
0.4291 	6.68847e-60
0.4298 	1.48756e-60
0.4305 	2.61232e-63
0.4312 	2.22644e-63
0.4319 	1.81776e-63
0.4326 	1.40732e-63
0.4333 	9.96886e-64
0.434 	5.8645e-64
0.4347 	1.76014e-64
0.4354 	2.002e-67
0.4361 	1.71193e-67
0.4368 	1.40782e-67
0.4375 	1.09987e-67
0.4382 	7.9193e-68
0.4389 	4.83987e-68
0.4396 	1.76043e-68
0.4403 	1.44988e-71
0.441 	1.24382e-71
0.4417 	1.0298e-71
0.4424 	8.11369e-72
0.4431 	5.92936e-72
0.4438 	3.74504e-72
0.4445 	1.56071e-72
0.4452 	9.94015e-76
0.4459 	8.55399e-76
0.4466 	7.12725e-76
0.4473 	5.65993e-76
0.448 	4.19262e-76
0.4487 	2.7253e-76
0.4494 	1.25798e-76
0.4501 	6.48567e-80
0.4508 	5.59804e-80
0.4515 	4.69226e-80
0.4522 	3.75384e-80
0.4529 	2.81542e-80
0.4536 	1.877e-80
0.4543 	9.38581e-81
0.455 	4.04164e-84
0.4557 	3.49854e-84
0.4564 	2.949e-84
0.4571 	2.3756e-84
0.4578 	1.8022e-84
0.4585 	1.2288e-84
0.4592 	6.55401e-85
0.4599 	8.20022e-86
0.4606 	2.09785e-88
0.4613 	1.77773e-88
0.462 	1.44141e-88
0.4627 	1.10509e-88
0.4634 	7.68774e-89
0.4641 	4.32455e-89
0.4648 	9.61363e-90
0.4655 	1.20293e-92
0.4662 	1.02294e-92
0.4669 	8.34186e-93
0.4676 	6.44754e-93
0.4683 	4.55322e-93
0.469 	2.6589e-93
0.4697 	7.64582e-94
0.4704 	-4.32065e-95
0.4711 	-3.69644e-95
0.4718 	-3.57076e-95
0.4725 	-3.58104e-95
0.4732 	-3.59131e-95
0.4739 	-3.60159e-95
0.4746 	-3.61186e-95
0.4753 	-3.36839e-95
0.476 	-2.78622e-95
0.4767 	-2.57824e-95
0.4774 	-2.57815e-95
0.4781 	-2.57805e-95
0.4788 	-2.57795e-95
0.4795 	-2.57785e-95
0.4802 	-2.4464e-95
0.4809 	-1.98615e-95
0.4816 	-1.75598e-95
0.4823 	-1.75589e-95
0.483 	-1.75581e-95
0.4837 	-1.75572e-95
0.4844 	-1.75563e-95
0.4851 	-1.70677e-95
0.4858 	-1.36462e-95
0.4865 	-1.14464e-95
0.4872 	-1.14458e-95
0.4879 	-1.14451e-95
0.4886 	-1.14444e-95
0.4893 	-1.14437e-95
0.49 	-1.14447e-95
0.4907 	-9.03871e-96
0.4914 	-7.14901e-96
0.4921 	-7.14851e-96
0.4928 	-7.148e-96
0.4935 	-7.14749e-96
0.4942 	-7.14698e-96
0.4949 	-7.14648e-96
0.4956 	-5.77189e-96
0.4963 	-4.28233e-96
0.497 	-4.28198e-96
0.4977 	-4.28163e-96
0.4984 	-4.28128e-96
0.4991 	-4.28093e-96
0.4998 	-4.28058e-96
0.5005 	-3.55349e-96
0.5012 	-2.53532e-96
0.5019 	-2.46238e-96
0.5026 	-2.46215e-96
0.5033 	-2.46191e-96
0.504 	-2.46168e-96
0.5047 	-2.46145e-96
0.5054 	-2.10929e-96
0.5061 	-1.4929e-96
0.5068 	-1.3607e-96
0.5075 	-1.36055e-96
0.5082 	-1.36041e-96
0.5089 	-1.36026e-96
0.5096 	-1.36012e-96
0.5103 	-1.20729e-96
0.511 	-8.50661e-97
0.5117 	-7.23237e-97
0.5124 	-7.23151e-97
0.5131 	-7.23065e-97
0.5138 	-7.22979e-97
0.5145 	-7.22893e-97
0.5152 	-6.66445e-97
0.5159 	-4.68901e-97
0.5166 	-3.70105e-97
0.5173 	-3.70056e-97
0.518 	-3.70007e-97
0.5187 	-3.69958e-97
0.5194 	-3.69909e-97
0.5201 	-3.54907e-97
0.5208 	-2.49981e-97
0.5215 	-1.82518e-97
0.5222 	-1.82492e-97
0.5229 	-1.82465e-97
0.5236 	-1.82438e-97
0.5243 	-1.82412e-97
0.525 	-1.82413e-97
0.5257 	-1.28878e-97
0.5264 	-8.68224e-98
0.5271 	-8.68084e-98
0.5278 	-8.67945e-98
0.5285 	-8.67806e-98
0.5292 	-8.67666e-98
0.5299 	-8.67527e-98
0.5306 	-6.42545e-98
0.5313 	-3.98753e-98
0.532 	-3.98683e-98
0.5327 	-3.98613e-98
0.5334 	-3.98543e-98
0.5341 	-3.98473e-98
0.5348 	-3.98404e-98
0.5355 	-3.09841e-98
0.5362 	-1.85834e-98
0.5369 	-1.76945e-98
0.5376 	-1.76912e-98
0.5383 	-1.76878e-98
0.539 	-1.76844e-98
0.5397 	-1.76811e-98
0.5404 	-1.44544e-98
0.5411 	-8.80738e-99
0.5418 	-7.59609e-99
0.5425 	-7.59453e-99
0.5432 	-7.59297e-99
0.5439 	-7.59142e-99
0.5446 	-7.58986e-99
0.5453 	-6.52592e-99
0.546 	-4.04385e-99
0.5467 	-3.15695e-99
0.5474 	-3.15626e-99
0.5481 	-3.15556e-99
0.5488 	-3.15487e-99
0.5495 	-3.15417e-99
0.5502 	-2.85277e-99
0.5509 	-1.79857e-99
0.5516 	-1.27132e-99
0.5523 	-1.27102e-99
0.553 	-1.27072e-99
0.5537 	-1.27042e-99
0.5544 	-1.27012e-99
0.5551 	-1.20811e-99
0.5558 	-7.74988e-100
0.5565 	-4.96506e-100
0.5572 	-4.96382e-100
0.5579 	-4.96257e-100
0.5586 	-4.96133e-100
0.5593 	-4.96008e-100
0.56 	-4.95962e-100
0.5607 	-3.23614e-100
0.5614 	-1.88211e-100
0.5621 	-1.88161e-100
0.5628 	-1.88111e-100
0.5635 	-1.88061e-100
0.5642 	-1.8801e-100
0.5649 	-1.8796e-100
0.5656 	-1.31013e-100
0.5663 	-6.93066e-101
0.567 	-6.92872e-101
0.5677 	-6.92677e-101
0.5684 	-6.92482e-101
0.5691 	-6.92288e-101
0.5698 	-6.92093e-101
0.5705 	-5.14512e-101
0.5712 	-2.65879e-101
0.5719 	-2.48051e-101
0.5726 	-2.47978e-101
0.5733 	-2.47905e-101
0.574 	-2.47831e-101
0.5747 	-2.47758e-101
0.5754 	-1.96128e-101
0.5761 	-1.05786e-101
0.5768 	-8.64058e-102
0.5775 	-8.6379e-102
0.5782 	-8.63522e-102
0.5789 	-8.63254e-102
0.5796 	-8.62986e-102
0.5803 	-7.26178e-102
0.581 	-4.07104e-102
0.5817 	-2.93088e-102
0.5824 	-2.92993e-102
0.5831 	-2.92898e-102
0.5838 	-2.92803e-102
0.5845 	-2.92708e-102
0.5852 	-2.61348e-102
0.5859 	-1.51715e-102
0.5866 	-9.68821e-103
0.5873 	-9.68493e-103
0.588 	-9.68166e-103
0.5887 	-9.67839e-103
0.5894 	-9.67512e-103
0.5901 	-9.14938e-103
0.5908 	-5.48155e-103
0.5915 	-3.12327e-103
0.5922 	-3.12217e-103
0.5929 	-3.12107e-103
0.5936 	-3.11998e-103
0.5943 	-3.11888e-103
0.595 	-3.11829e-103
0.5957 	-1.92233e-103
0.5964 	-9.82704e-104
0.5971 	-9.82347e-104
0.5978 	-9.8199e-104
0.5985 	-9.81632e-104
0.5992 	-9.81275e-104
0.5999 	-9.80918e-104
0.6006 	-6.55072e-104
0.6013 	-3.02001e-104
0.602 	-3.01888e-104
0.6027 	-3.01775e-104
0.6034 	-3.01661e-104
0.6041 	-3.01548e-104
0.6048 	-3.01434e-104
0.6055 	-2.17147e-104
0.6062 	-9.91431e-105
0.6069 	-9.06816e-105
0.6076 	-9.06465e-105
0.6083 	-9.06114e-105
0.609 	-9.05763e-105
0.6097 	-9.05412e-105
0.6104 	-7.00936e-105
0.6111 	-3.43187e-105
0.6118 	-2.66443e-105
0.6125 	-2.66337e-105
0.6132 	-2.66231e-105
0.6139 	-2.66125e-105
0.6146 	-2.66019e-105
0.6153 	-2.20548e-105
0.616 	-1.1452e-105
0.6167 	-7.66327e-106
0.6174 	-7.66014e-106
0.6181 	-7.65701e-106
0.6188 	-7.65389e-106
0.6195 	-7.65076e-106
0.6202 	-6.77102e-106
0.6209 	-3.69665e-106
0.6216 	-2.15901e-106
0.6223 	-2.15811e-106
0.623 	-2.15721e-106
0.6237 	-2.1563e-106
0.6244 	-2.1554e-106
0.6251 	-2.0302e-106
0.6258 	-1.1574e-106
0.6265 	-5.96231e-107
0.6272 	-5.95977e-107
0.6279 	-5.95722e-107
0.6286 	-5.95467e-107
0.6293 	-5.95213e-107
0.63 	-5.95055e-107
0.6307 	-3.5226e-107
0.6314 	-1.61497e-107
0.6321 	-1.61427e-107
0.6328 	-1.61357e-107
0.6335 	-1.61286e-107
0.6342 	-1.61216e-107
0.6349 	-1.61146e-107
0.6356 	-1.04408e-107
0.6363 	-4.29298e-108
0.637 	-4.29107e-108
0.6377 	-4.28917e-108
0.6384 	-4.28727e-108
0.6391 	-4.28536e-108
0.6398 	-4.28346e-108
0.6405 	-3.01825e-108
0.6412 	-1.24699e-108
0.6419 	-1.12e-108
0.6426 	-1.1195e-108
0.6433 	-1.11899e-108
0.644 	-1.11849e-108
0.6447 	-1.11798e-108
0.6454 	-8.52095e-109
0.6461 	-3.86936e-109
0.6468 	-2.87156e-109
0.6475 	-2.87024e-109
0.6482 	-2.86892e-109
0.6489 	-2.8676e-109
0.6496 	-2.86628e-109
0.6503 	-2.35174e-109
0.651 	-1.15207e-109
0.6517 	-7.23397e-110
0.6524 	-7.23058e-110
0.6531 	-7.22719e-110
0.6538 	-7.2238e-110
0.6545 	-7.22041e-110
0.6552 	-6.35041e-110
0.6559 	-3.31078e-110
0.6566 	-1.79054e-110
0.6573 	-1.78968e-110
0.658 	-1.78882e-110
0.6587 	-1.78796e-110
0.6594 	-1.7871e-110
0.6601 	-1.67848e-110
0.6608 	-9.21687e-111
0.6615 	-4.35103e-111
0.6622 	-4.34889e-111
0.6629 	-4.34674e-111
0.6636 	-4.3446e-111
0.6643 	-4.34246e-111
0.665 	-4.34102e-111
0.6657 	-2.4896e-111
0.6664 	-1.03493e-111
0.6671 	-1.0344e-111
0.6678 	-1.03388e-111
0.6685 	-1.03335e-111
0.6692 	-1.03283e-111
0.6699 	-1.0323e-111
0.6706 	-6.5152e-112
0.6713 	-2.38939e-112
0.672 	-2.38812e-112
0.6727 	-2.38686e-112
0.6734 	-2.38559e-112
0.6741 	-2.38433e-112
0.6748 	-2.38306e-112
0.6755 	-1.63973e-112
0.6762 	-5.99142e-113
0.6769 	-5.24539e-113
0.6776 	-5.24242e-113
0.6783 	-5.23945e-113
0.679 	-5.23649e-113
0.6797 	-5.23352e-113
0.6804 	-3.89524e-113
0.6811 	-1.55428e-113
0.6818 	-1.05212e-113
0.6825 	-1.05145e-113
0.6832 	-1.05079e-113
0.6839 	-1.05012e-113
0.6846 	-1.04945e-113
0.6853 	-8.40334e-114
0.686 	-3.52947e-114
0.6867 	-1.78792e-114
0.6874 	-1.78654e-114
0.6881 	-1.78516e-114
0.6888 	-1.78378e-114
0.6895 	-1.7824e-114
0.6902 	-1.53256e-114
0.6909 	-6.60687e-115
0.6916 	-2.24626e-115
0.6923 	-2.24382e-115
0.693 	-2.24138e-115
0.6937 	-2.23894e-115
0.6944 	-2.2365e-115
0.6951 	-2.05614e-115
0.6958 	-8.05696e-116
0.6965 	-1.72851e-118
0.6972 	-1.41114e-118
0.6979 	-1.09376e-118
0.6986 	-7.76389e-119
0.6993 	-4.59015e-119
0.7 	-1.41746e-119
