0 	1
0.0007 	1
0.0014 	1
0.0021 	1
0.0028 	1
0.0035 	1
0.0042 	1
0.0049 	1
0.0056 	1
0.0063 	1
0.007 	1
0.0077 	1
0.0084 	1
0.0091 	1
0.0098 	1
0.0105 	1
0.0112 	1
0.0119 	1
0.0126 	1
0.0133 	1
0.014 	1
0.0147 	1
0.0154 	1
0.0161 	1
0.0168 	1
0.0175 	1
0.0182 	1
0.0189 	1
0.0196 	1
0.0203 	1
0.021 	1
0.0217 	1
0.0224 	1
0.0231 	1
0.0238 	1
0.0245 	1
0.0252 	1
0.0259 	1
0.0266 	1
0.0273 	1
0.028 	1
0.0287 	1
0.0294 	1
0.0301 	1
0.0308 	1
0.0315 	1
0.0322 	1
0.0329 	1
0.0336 	1
0.0343 	1
0.035 	1
0.0357 	1
0.0364 	1
0.0371 	1
0.0378 	1
0.0385 	1
0.0392 	1
0.0399 	1
0.0406 	1
0.0413 	1
0.042 	1
0.0427 	1
0.0434 	1
0.0441 	1
0.0448 	1
0.0455 	1
0.0462 	1
0.0469 	1
0.0476 	1
0.0483 	1
0.049 	1
0.0497 	1
0.0504 	1
0.0511 	1
0.0518 	1
0.0525 	1
0.0532 	1
0.0539 	1
0.0546 	1
0.0553 	1
0.056 	1
0.0567 	1
0.0574 	1
0.0581 	1
0.0588 	1
0.0595 	1
0.0602 	1
0.0609 	1
0.0616 	1
0.0623 	1
0.063 	1
0.0637 	1
0.0644 	1
0.0651 	1
0.0658 	1
0.0665 	1
0.0672 	1
0.0679 	1
0.0686 	1
0.0693 	1
0.07 	1
0.0707 	1
0.0714 	1
0.0721 	1
0.0728 	1
0.0735 	1
0.0742 	1
0.0749 	1
0.0756 	1
0.0763 	1
0.077 	1
0.0777 	1
0.0784 	1
0.0791 	1
0.0798 	1
0.0805 	1
0.0812 	1
0.0819 	1
0.0826 	1
0.0833 	1
0.084 	1
0.0847 	1
0.0854 	1
0.0861 	1
0.0868 	1
0.0875 	1
0.0882 	1
0.0889 	1
0.0896 	1
0.0903 	1
0.091 	1
0.0917 	1
0.0924 	1
0.0931 	1
0.0938 	1
0.0945 	1
0.0952 	1
0.0959 	1
0.0966 	1
0.0973 	1
0.098 	1
0.0987 	1
0.0994 	1
0.1001 	1
0.1008 	1
0.1015 	1
0.1022 	1
0.1029 	1
0.1036 	1
0.1043 	1
0.105 	1
0.1057 	1
0.1064 	1
0.1071 	1
0.1078 	1
0.1085 	1
0.1092 	1
0.1099 	1
0.1106 	1
0.1113 	1
0.112 	1
0.1127 	1
0.1134 	1
0.1141 	1
0.1148 	1
0.1155 	1
0.1162 	1
0.1169 	1
0.1176 	1
0.1183 	1
0.119 	1
0.1197 	1
0.1204 	1
0.1211 	1
0.1218 	1
0.1225 	1
0.1232 	1
0.1239 	1
0.1246 	1
0.1253 	1
0.126 	1
0.1267 	1
0.1274 	1
0.1281 	1
0.1288 	1
0.1295 	1
0.1302 	1
0.1309 	1
0.1316 	1
0.1323 	1
0.133 	1
0.1337 	1
0.1344 	1
0.1351 	1
0.1358 	1
0.1365 	1
0.1372 	1
0.1379 	1
0.1386 	1
0.1393 	1
0.14 	1
0.1407 	1
0.1414 	1
0.1421 	1
0.1428 	1
0.1435 	1
0.1442 	1
0.1449 	1
0.1456 	1
0.1463 	1
0.147 	1
0.1477 	1
0.1484 	1
0.1491 	1
0.1498 	1
0.1505 	1
0.1512 	1
0.1519 	1
0.1526 	1
0.1533 	1
0.154 	1
0.1547 	1
0.1554 	1
0.1561 	1
0.1568 	1
0.1575 	1
0.1582 	1
0.1589 	1
0.1596 	1
0.1603 	1
0.161 	1
0.1617 	1
0.1624 	1
0.1631 	1
0.1638 	1
0.1645 	1
0.1652 	1
0.1659 	1
0.1666 	1
0.1673 	1
0.168 	1
0.1687 	1
0.1694 	1
0.1701 	1
0.1708 	1
0.1715 	1
0.1722 	1
0.1729 	1
0.1736 	1
0.1743 	1
0.175 	1
0.1757 	1
0.1764 	1
0.1771 	1
0.1778 	1
0.1785 	1
0.1792 	1
0.1799 	1
0.1806 	1
0.1813 	1
0.182 	1
0.1827 	1
0.1834 	1
0.1841 	1
0.1848 	1
0.1855 	1
0.1862 	1
0.1869 	1
0.1876 	1
0.1883 	1
0.189 	1
0.1897 	1
0.1904 	1
0.1911 	1
0.1918 	1
0.1925 	1
0.1932 	1
0.1939 	1
0.1946 	1
0.1953 	1
0.196 	1
0.1967 	1
0.1974 	1
0.1981 	1
0.1988 	1
0.1995 	1
0.2002 	1
0.2009 	1
0.2016 	1
0.2023 	1
0.203 	1
0.2037 	1
0.2044 	0.999999
0.2051 	0.999994
0.2058 	0.999955
0.2065 	0.999916
0.2072 	0.999877
0.2079 	0.999838
0.2086 	0.999798
0.2093 	0.999759
0.21 	0.99972
0.2107 	0.997286
0.2114 	0.99485
0.2121 	0.992413
0.2128 	0.989977
0.2135 	0.987541
0.2142 	0.985105
0.2149 	0.982669
0.2156 	0.959215
0.2163 	0.932244
0.217 	0.905272
0.2177 	0.878301
0.2184 	0.851329
0.2191 	0.824357
0.2198 	0.797386
0.2205 	0.744931
0.2212 	0.682298
0.2219 	0.619664
0.2226 	0.55703
0.2233 	0.494397
0.224 	0.431763
0.2247 	0.369129
0.2254 	0.317795
0.2261 	0.274988
0.2268 	0.23218
0.2275 	0.189373
0.2282 	0.146566
0.2289 	0.103758
0.2296 	0.0609512
0.2303 	0.0344026
0.231 	0.0294815
0.2317 	0.0245604
0.2324 	0.0196395
0.2331 	0.0147185
0.2338 	0.00979752
0.2345 	0.00487655
0.2352 	0.00131286
0.2359 	0.00113126
0.2366 	0.000949665
0.2373 	0.000768076
0.238 	0.000586486
0.2387 	0.000404897
0.2394 	0.000223308
0.2401 	6.64835e-05
0.2408 	5.74494e-05
0.2415 	4.84156e-05
0.2422 	3.93823e-05
0.2429 	3.03491e-05
0.2436 	2.13158e-05
0.2443 	1.22825e-05
0.245 	3.25524e-06
0.2457 	2.81982e-06
0.2464 	2.38464e-06
0.2471 	1.94952e-06
0.2478 	1.51441e-06
0.2485 	1.07929e-06
0.2492 	6.44173e-07
0.2499 	2.09055e-07
0.2506 	1.30263e-07
0.2513 	1.10531e-07
0.252 	9.08071e-08
0.2527 	7.10829e-08
0.2534 	5.13586e-08
0.2541 	3.16343e-08
0.2548 	1.19101e-08
0.2555 	5.68541e-09
0.2562 	4.84252e-09
0.2569 	4.00027e-09
0.2576 	3.15807e-09
0.2583 	2.31587e-09
0.259 	1.47367e-09
0.2597 	6.31467e-10
0.2604 	2.50868e-10
0.2611 	2.15496e-10
0.2618 	1.80164e-10
0.2625 	1.44843e-10
0.2632 	1.09522e-10
0.2639 	7.42012e-11
0.2646 	3.88804e-11
0.2653 	1.7786e-11
0.266 	1.56076e-11
0.2667 	1.34322e-11
0.2674 	1.12584e-11
0.2681 	9.08459e-12
0.2688 	6.91079e-12
0.2695 	4.73699e-12
0.2702 	3.0884e-12
0.2709 	2.74905e-12
0.2716 	2.41019e-12
0.2723 	2.0718e-12
0.273 	1.73341e-12
0.2737 	1.39502e-12
0.2744 	1.05664e-12
0.2751 	7.56016e-13
0.2758 	6.80992e-13
0.2765 	6.06078e-13
0.2772 	5.31365e-13
0.2779 	4.56651e-13
0.2786 	3.81937e-13
0.2793 	3.07223e-13
0.28 	2.32542e-13
0.2807 	2.10224e-13
0.2814 	1.87939e-13
0.2821 	1.65757e-13
0.2828 	1.43575e-13
0.2835 	1.21393e-13
0.2842 	9.92106e-14
0.2849 	7.70285e-14
0.2856 	6.72267e-14
0.2863 	5.94855e-14
0.287 	5.17952e-14
0.2877 	4.41049e-14
0.2884 	3.64146e-14
0.2891 	2.87242e-14
0.2898 	2.10339e-14
0.2905 	1.73042e-14
0.2912 	1.51554e-14
0.2919 	1.30221e-14
0.2926 	1.089e-14
0.2933 	8.75798e-15
0.294 	6.62592e-15
0.2947 	4.49386e-15
0.2954 	3.33993e-15
0.2961 	2.91797e-15
0.2968 	2.49881e-15
0.2975 	2.08041e-15
0.2982 	1.66201e-15
0.2989 	1.24362e-15
0.2996 	8.25219e-16
0.3003 	5.56517e-16
0.301 	4.8693e-16
0.3017 	4.17745e-16
0.3024 	3.48784e-16
0.3031 	2.79823e-16
0.3038 	2.10863e-16
0.3045 	1.41902e-16
0.3052 	8.94587e-17
0.3059 	7.81921e-17
0.3066 	6.69788e-17
0.3073 	5.58188e-17
0.308 	4.46588e-17
0.3087 	3.34988e-17
0.3094 	2.23388e-17
0.3101 	1.25487e-17
0.3108 	1.09373e-17
0.3115 	9.33167e-18
0.3122 	7.73631e-18
0.3129 	6.14095e-18
0.3136 	4.54559e-18
0.3143 	2.95023e-18
0.315 	1.35587e-18
0.3157 	1.18001e-18
0.3164 	1.00463e-18
0.3171 	8.30689e-19
0.3178 	6.56752e-19
0.3185 	4.82816e-19
0.3192 	3.08879e-19
0.3199 	1.34942e-19
0.3206 	9.7681e-20
0.3213 	8.30861e-20
0.322 	6.86388e-20
0.3227 	5.41915e-20
0.3234 	3.97442e-20
0.3241 	2.52969e-20
0.3248 	1.08497e-20
0.3255 	6.08109e-21
0.3262 	5.17084e-21
0.3269 	4.27009e-21
0.3276 	3.37007e-21
0.3283 	2.47005e-21
0.329 	1.57003e-21
0.3297 	6.70015e-22
0.3304 	2.62495e-22
0.3311 	2.23269e-22
0.3318 	1.844e-22
0.3325 	1.45627e-22
0.3332 	1.06855e-22
0.3339 	6.80831e-23
0.3346 	2.93109e-23
0.3353 	6.7532e-24
0.336 	5.74977e-24
0.3367 	4.75402e-24
0.3374 	3.76255e-24
0.3381 	2.77107e-24
0.3388 	1.77959e-24
0.3395 	7.88113e-25
0.3402 	7.74058e-26
0.3409 	6.60385e-26
0.3416 	5.47409e-26
0.3423 	4.35131e-26
0.343 	3.22852e-26
0.3437 	2.10574e-26
0.3444 	9.82951e-27
0.3451 	2.0985e-28
0.3458 	1.79585e-28
0.3465 	1.49457e-28
0.3472 	1.19574e-28
0.3479 	8.96918e-29
0.3486 	5.98092e-29
0.3493 	2.99265e-29
0.35 	6.67618e-32
0.3507 	5.73193e-32
0.3514 	4.79077e-32
0.3521 	3.85917e-32
0.3528 	2.92757e-32
0.3535 	1.99597e-32
0.3542 	1.06437e-32
0.3549 	1.32771e-33
0.3556 	3.49387e-36
0.3563 	2.9326e-36
0.357 	2.37775e-36
0.3577 	1.82289e-36
0.3584 	1.26804e-36
0.3591 	7.13187e-37
0.3598 	1.58333e-37
0.3605 	2.04692e-40
0.3612 	1.72536e-40
0.3619 	1.40729e-40
0.3626 	1.08949e-40
0.3633 	7.71687e-41
0.364 	4.53885e-41
0.3647 	1.36083e-41
0.3654 	1.14535e-44
0.3661 	9.69454e-45
0.3668 	7.95093e-45
0.3675 	6.21152e-45
0.3682 	4.47211e-45
0.3689 	2.73269e-45
0.3696 	9.9328e-46
0.3703 	6.15941e-49
0.371 	5.23419e-49
0.3717 	4.31526e-49
0.3724 	3.39983e-49
0.3731 	2.48439e-49
0.3738 	1.56896e-49
0.3745 	6.5352e-50
0.3752 	3.21172e-53
0.3759 	2.73961e-53
0.3766 	2.26987e-53
0.3773 	1.80251e-53
0.378 	1.33514e-53
0.3787 	8.67775e-54
0.3794 	4.0041e-54
0.3801 	1.63379e-57
0.3808 	1.39865e-57
0.3815 	1.16432e-57
0.3822 	9.31437e-58
0.3829 	6.98554e-58
0.3836 	4.65671e-58
0.3843 	2.32788e-58
0.385 	8.13607e-62
0.3857 	6.98853e-62
0.3864 	5.84387e-62
0.3871 	4.70747e-62
0.3878 	3.57107e-62
0.3885 	2.43467e-62
0.3892 	1.29827e-62
0.3899 	1.61871e-63
0.3906 	3.41849e-66
0.3913 	2.87083e-66
0.392 	2.32766e-66
0.3927 	1.78448e-66
0.3934 	1.24131e-66
0.3941 	6.98137e-67
0.3948 	1.54964e-67
0.3955 	1.63406e-70
0.3962 	1.37803e-70
0.3969 	1.12403e-70
0.3976 	8.70184e-71
0.3983 	6.16339e-71
0.399 	3.62494e-71
0.3997 	1.08649e-71
0.4004 	4.5708e-75
0.4011 	3.80286e-75
0.4018 	2.72671e-75
0.4025 	1.5665e-75
0.4032 	4.06293e-76
0.4039 	-7.53916e-76
0.4046 	-1.91413e-75
0.4053 	-2.36819e-75
0.406 	-1.88191e-75
0.4067 	-1.70819e-75
0.4074 	-1.70811e-75
0.4081 	-1.70803e-75
0.4088 	-1.70796e-75
0.4095 	-1.70788e-75
0.4102 	-1.60672e-75
0.4109 	-1.25192e-75
0.4116 	-1.07446e-75
0.4123 	-1.07436e-75
0.413 	-1.07425e-75
0.4137 	-1.07414e-75
0.4144 	-1.07403e-75
0.4151 	-1.03965e-75
0.4158 	-7.98339e-76
0.4165 	-6.43188e-76
0.4172 	-6.43123e-76
0.4179 	-6.43059e-76
0.4186 	-6.42994e-76
0.4193 	-6.42929e-76
0.42 	-6.43133e-76
0.4207 	-4.88716e-76
0.4214 	-3.675e-76
0.4221 	-3.67464e-76
0.4228 	-3.67427e-76
0.4235 	-3.67391e-76
0.4242 	-3.67354e-76
0.4249 	-3.67318e-76
0.4256 	-2.87349e-76
0.4263 	-2.00646e-76
0.427 	-2.00626e-76
0.4277 	-2.00606e-76
0.4284 	-2.00587e-76
0.4291 	-2.00567e-76
0.4298 	-2.00547e-76
0.4305 	-1.62245e-76
0.4312 	-1.08574e-76
0.4319 	-1.04731e-76
0.4326 	-1.04721e-76
0.4333 	-1.04711e-76
0.434 	-1.047e-76
0.4347 	-1.0469e-76
0.4354 	-8.7947e-77
0.4361 	-5.8616e-77
0.4368 	-5.23268e-77
0.4375 	-5.23217e-77
0.4382 	-5.23166e-77
0.4389 	-5.23115e-77
0.4396 	-5.23064e-77
0.4403 	-4.57734e-77
0.441 	-3.05104e-77
0.4417 	-2.50577e-77
0.4424 	-2.50552e-77
0.4431 	-2.50528e-77
0.4438 	-2.50503e-77
0.4445 	-2.50478e-77
0.4452 	-2.28847e-77
0.4459 	-1.53005e-77
0.4466 	-1.15078e-77
0.4473 	-1.15067e-77
0.448 	-1.15055e-77
0.4487 	-1.15043e-77
0.4494 	-1.15032e-77
0.4501 	-1.09904e-77
0.4508 	-7.38968e-78
0.4515 	-5.07472e-78
0.4522 	-5.0742e-78
0.4529 	-5.07367e-78
0.4536 	-5.07314e-78
0.4543 	-5.07262e-78
0.455 	-5.07417e-78
0.4557 	-3.43687e-78
0.4564 	-2.15107e-78
0.4571 	-2.15083e-78
0.4578 	-2.1506e-78
0.4585 	-2.15037e-78
0.4592 	-2.15014e-78
0.4599 	-2.1499e-78
0.4606 	-1.53933e-78
0.4613 	-8.77349e-79
0.462 	-8.77249e-79
0.4627 	-8.77149e-79
0.4634 	-8.7705e-79
0.4641 	-8.7695e-79
0.4648 	-8.7685e-79
0.4655 	-6.64073e-79
0.4662 	-3.65923e-79
0.4669 	-3.44588e-79
0.4676 	-3.44546e-79
0.4683 	-3.44505e-79
0.469 	-3.44464e-79
0.4697 	-3.44422e-79
0.4704 	-2.76007e-79
0.4711 	-1.56161e-79
0.4718 	-1.30467e-79
0.4725 	-1.3045e-79
0.4732 	-1.30433e-79
0.4739 	-1.30417e-79
0.4746 	-1.304e-79
0.4753 	-1.10559e-79
0.476 	-6.4208e-80
0.4767 	-4.76499e-80
0.4774 	-4.76434e-80
0.4781 	-4.76369e-80
0.4788 	-4.76304e-80
0.4795 	-4.76239e-80
0.4802 	-4.26988e-80
0.4809 	-2.54337e-80
0.4816 	-1.67999e-80
0.4823 	-1.67975e-80
0.483 	-1.67951e-80
0.4837 	-1.67926e-80
0.4844 	-1.67902e-80
0.4851 	-1.59069e-80
0.4858 	-9.70751e-81
0.4865 	-5.72189e-81
0.4872 	-5.721e-81
0.4879 	-5.72011e-81
0.4886 	-5.71923e-81
0.4893 	-5.71834e-81
0.49 	-5.71974e-81
0.4907 	-3.57134e-81
0.4914 	-1.88383e-81
0.4921 	-1.88352e-81
0.4928 	-1.88321e-81
0.4935 	-1.8829e-81
0.4942 	-1.88259e-81
0.4949 	-1.88228e-81
0.4956 	-1.26699e-81
0.4963 	-5.99914e-82
0.497 	-5.99809e-82
0.4977 	-5.99705e-82
0.4984 	-5.996e-82
0.4991 	-5.99495e-82
0.4998 	-5.9939e-82
0.5005 	-4.33674e-82
0.5012 	-2.01484e-82
0.5019 	-1.84867e-82
0.5026 	-1.84833e-82
0.5033 	-1.84798e-82
0.504 	-1.84764e-82
0.5047 	-1.8473e-82
0.5054 	-1.43301e-82
0.5061 	-7.07352e-83
0.5068 	-5.5177e-83
0.5075 	-5.51662e-83
0.5082 	-5.51555e-83
0.5089 	-5.51447e-83
0.5096 	-5.51339e-83
0.5103 	-4.5739e-83
0.511 	-2.37959e-83
0.5117 	-1.5957e-83
0.5124 	-1.59537e-83
0.5131 	-1.59505e-83
0.5138 	-1.59472e-83
0.5145 	-1.59439e-83
0.5152 	-1.41106e-83
0.5159 	-7.68638e-84
0.5166 	-4.47379e-84
0.5173 	-4.47282e-84
0.518 	-4.47186e-84
0.5187 	-4.4709e-84
0.5194 	-4.46994e-84
0.5201 	-4.21009e-84
0.5208 	-2.38804e-84
0.5215 	-1.21663e-84
0.5222 	-1.21635e-84
0.5229 	-1.21608e-84
0.5236 	-1.2158e-84
0.5243 	-1.21553e-84
0.525 	-1.21573e-84
0.5257 	-7.14684e-85
0.5264 	-3.21086e-85
0.5271 	-3.21011e-85
0.5278 	-3.20935e-85
0.5285 	-3.2086e-85
0.5292 	-3.20784e-85
0.5299 	-3.20709e-85
0.5306 	-2.06306e-85
0.5313 	-8.22785e-86
0.532 	-8.22584e-86
0.5327 	-8.22383e-86
0.5334 	-8.22182e-86
0.5341 	-8.2198e-86
0.5348 	-8.21779e-86
0.5355 	-5.75102e-86
0.5362 	-2.29499e-86
0.5369 	-2.04765e-86
0.5376 	-2.04713e-86
0.5383 	-2.04661e-86
0.539 	-2.04609e-86
0.5397 	-2.04557e-86
0.5404 	-1.5498e-86
0.5411 	-6.81554e-87
0.5418 	-4.95398e-87
0.5425 	-4.95268e-87
0.5432 	-4.95137e-87
0.5439 	-4.95006e-87
0.5446 	-4.94875e-87
0.5453 	-4.04133e-87
0.546 	-1.92239e-87
0.5467 	-1.16541e-87
0.5474 	-1.16509e-87
0.5481 	-1.16477e-87
0.5488 	-1.16446e-87
0.5495 	-1.16414e-87
0.5502 	-1.02065e-87
0.5509 	-5.18045e-88
0.5516 	-2.66705e-88
0.5523 	-2.66629e-88
0.553 	-2.66553e-88
0.5537 	-2.66478e-88
0.5544 	-2.66402e-88
0.5551 	-2.49855e-88
0.5558 	-1.33931e-88
0.5565 	-5.94022e-89
0.5572 	-5.93847e-89
0.5579 	-5.93672e-89
0.5586 	-5.93497e-89
0.5593 	-5.93322e-89
0.56 	-5.93373e-89
0.5607 	-3.33206e-89
0.5614 	-1.2882e-89
0.5621 	-1.28781e-89
0.5628 	-1.28741e-89
0.5635 	-1.28702e-89
0.5642 	-1.28663e-89
0.5649 	-1.28623e-89
0.5656 	-7.99632e-90
0.5663 	-2.7212e-90
0.567 	-2.72033e-90
0.5677 	-2.71947e-90
0.5684 	-2.71861e-90
0.5691 	-2.71774e-90
0.5698 	-2.71688e-90
0.5705 	-1.85453e-90
0.5712 	-6.46437e-91
0.5719 	-5.59973e-91
0.5726 	-5.59789e-91
0.5733 	-5.59604e-91
0.574 	-5.5942e-91
0.5747 	-5.59235e-91
0.5754 	-4.1631e-91
0.5761 	-1.66033e-91
0.5768 	-1.12372e-91
0.5775 	-1.12334e-91
0.5782 	-1.12295e-91
0.5789 	-1.12257e-91
0.5796 	-1.12218e-91
0.5803 	-9.05745e-92
0.581 	-4.00438e-92
0.5817 	-2.19921e-92
0.5824 	-2.19843e-92
0.5831 	-2.19764e-92
0.5838 	-2.19686e-92
0.5845 	-2.19608e-92
0.5852 	-1.91199e-92
0.5859 	-9.17323e-93
0.5866 	-4.19909e-93
0.5873 	-4.19754e-93
0.588 	-4.19598e-93
0.5887 	-4.19442e-93
0.5894 	-4.19287e-93
0.5901 	-3.92e-93
0.5908 	-2.01029e-93
0.5915 	-7.82512e-94
0.5922 	-7.8221e-94
0.5929 	-7.81907e-94
0.5936 	-7.81604e-94
0.5943 	-7.81302e-94
0.595 	-7.81291e-94
0.5957 	-4.23482e-94
0.5964 	-1.42376e-94
0.5971 	-1.42319e-94
0.5978 	-1.42261e-94
0.5985 	-1.42204e-94
0.5992 	-1.42146e-94
0.5999 	-1.42089e-94
0.6006 	-8.60501e-95
0.6013 	-2.53023e-95
0.602 	-2.52916e-95
0.6027 	-2.52809e-95
0.6034 	-2.52702e-95
0.6041 	-2.52595e-95
0.6048 	-2.52488e-95
0.6055 	-1.69095e-95
0.6062 	-5.22785e-96
0.6069 	-4.39164e-96
0.6076 	-4.38969e-96
0.6083 	-4.38775e-96
0.609 	-4.3858e-96
0.6097 	-4.38386e-96
0.6104 	-3.21999e-96
0.6111 	-1.1823e-96
0.6118 	-7.45385e-97
0.6125 	-7.45039e-97
0.6132 	-7.44693e-97
0.6139 	-7.44346e-97
0.6146 	-7.44e-97
0.6153 	-5.95165e-97
0.616 	-2.47808e-97
0.6167 	-1.23713e-97
0.6174 	-1.23653e-97
0.6181 	-1.23592e-97
0.6188 	-1.23532e-97
0.6195 	-1.23471e-97
0.6202 	-1.06927e-97
0.6209 	-4.90369e-98
0.6216 	-2.00868e-98
0.6223 	-2.00765e-98
0.623 	-2.00662e-98
0.6237 	-2.00559e-98
0.6244 	-2.00456e-98
0.6251 	-1.8695e-98
0.6258 	-9.25871e-99
0.6265 	-3.19193e-99
0.6272 	-3.1902e-99
0.6279 	-3.18848e-99
0.6286 	-3.18676e-99
0.6293 	-3.18504e-99
0.63 	-3.18449e-99
0.6307 	-1.67923e-99
0.6314 	-4.96617e-100
0.6321 	-4.96335e-100
0.6328 	-4.96053e-100
0.6335 	-4.95771e-100
0.6342 	-4.95489e-100
0.6349 	-4.95207e-100
0.6356 	-2.93897e-100
0.6363 	-7.56837e-101
0.637 	-7.56385e-101
0.6377 	-7.55934e-101
0.6384 	-7.55482e-101
0.6391 	-7.5503e-101
0.6398 	-7.54578e-101
0.6405 	-4.9802e-101
0.6412 	-1.38689e-101
0.6419 	-1.12957e-101
0.6426 	-1.12886e-101
0.6433 	-1.12815e-101
0.644 	-1.12744e-101
0.6447 	-1.12673e-101
0.6454 	-8.19159e-102
0.6461 	-2.80819e-102
0.6468 	-1.65375e-102
0.6475 	-1.65266e-102
0.6482 	-1.65157e-102
0.6489 	-1.65048e-102
0.6496 	-1.64939e-102
0.6503 	-1.31047e-102
0.651 	-5.19907e-103
0.6517 	-2.37457e-103
0.6524 	-2.37293e-103
0.6531 	-2.37129e-103
0.6538 	-2.36965e-103
0.6545 	-2.36802e-103
0.6552 	-2.04232e-103
0.6559 	-9.03864e-104
0.6566 	-3.34517e-104
0.6573 	-3.34276e-104
0.658 	-3.34035e-104
0.6587 	-3.33794e-104
0.6594 	-3.33553e-104
0.6601 	-3.10476e-104
0.6608 	-1.49649e-104
0.6615 	-4.62478e-105
0.6622 	-4.62131e-105
0.6629 	-4.61785e-105
0.6636 	-4.61438e-105
0.6643 	-4.61092e-105
0.665 	-4.60913e-105
0.6657 	-2.37936e-105
0.6664 	-6.27475e-106
0.6671 	-6.26989e-106
0.6678 	-6.26502e-106
0.6685 	-6.26015e-106
0.6692 	-6.25529e-106
0.6699 	-6.25042e-106
0.6706 	-3.65146e-106
0.6713 	-8.34484e-107
0.672 	-8.33818e-107
0.6727 	-8.33151e-107
0.6734 	-8.32485e-107
0.6741 	-8.31819e-107
0.6748 	-8.31152e-107
0.6755 	-5.42005e-107
0.6762 	-1.37096e-107
0.6769 	-1.08091e-107
0.6776 	-1.08002e-107
0.6783 	-1.07914e-107
0.679 	-1.07825e-107
0.6797 	-1.07736e-107
0.6804 	-7.75498e-108
0.6811 	-2.47298e-108
0.6818 	-1.34022e-108
0.6825 	-1.33908e-108
0.6832 	-1.33794e-108
0.6839 	-1.3368e-108
0.6846 	-1.33566e-108
0.6853 	-1.05115e-108
0.686 	-3.87811e-109
0.6867 	-1.50815e-109
0.6874 	-1.50676e-109
0.6881 	-1.50537e-109
0.6888 	-1.50398e-109
0.6895 	-1.50259e-109
0.6902 	-1.28352e-109
0.6909 	-5.18523e-110
0.6916 	-1.35948e-110
0.6923 	-1.35795e-110
0.693 	-1.35642e-110
0.6937 	-1.3549e-110
0.6944 	-1.35337e-110
0.6951 	-1.24441e-110
0.6958 	-4.87401e-111
0.6965 	-7.0655e-114
0.6972 	-5.737e-114
0.6979 	-4.4085e-114
0.6986 	-3.08e-114
0.6993 	-1.7515e-114
0.7 	-4.23974e-115
