0 	1
0.0007 	1
0.0014 	1
0.0021 	1
0.0028 	1
0.0035 	1
0.0042 	1
0.0049 	1
0.0056 	1
0.007 	1
0.0077 	1
0.0084 	1
0.0091 	1
0.0098 	1
0.0105 	1
0.0112 	1
0.0119 	1
0.0126 	1
0.0133 	1
0.014 	1
0.0147 	1
0.0154 	1
0.0161 	1
0.0168 	1
0.0175 	1
0.0182 	1
0.0189 	1
0.0196 	1
0.0203 	1
0.021 	1
0.0217 	1
0.0224 	1
0.0231 	1
0.0238 	1
0.0245 	1
0.0252 	1
0.0259 	1
0.0266 	1
0.0273 	1
0.028 	1
0.0294 	1
0.0301 	1
0.0308 	1
0.0315 	1
0.0322 	1
0.0329 	1
0.0336 	1
0.0343 	1
0.035 	1
0.0357 	1
0.0371 	1
0.0378 	1
0.0385 	1
0.0392 	1
0.0399 	1
0.0406 	1
0.0413 	1
0.042 	1
0.0427 	1
0.0434 	1
0.0441 	1
0.0448 	1
0.0455 	1
0.0462 	1
0.0469 	1
0.0476 	1
0.0483 	1
0.049 	1
0.0497 	1
0.0504 	1
0.0511 	1
0.0518 	1
0.0525 	1
0.0532 	1
0.0539 	1
0.0546 	1
0.0553 	1
0.0567 	1
0.0574 	1
0.0581 	1
0.0588 	1
0.0595 	1
0.0602 	1
0.0616 	1
0.0623 	1
0.063 	1
0.0637 	1
0.0644 	1
0.0651 	1
0.0658 	1
0.0665 	1
0.0672 	1
0.0679 	1
0.0686 	1
0.0693 	1
0.07 	1
0.0707 	1
0.0714 	1
0.0721 	1
0.0728 	1
0.0735 	1
0.0742 	1
0.0749 	1
0.0756 	1
0.0763 	1
0.077 	1
0.0777 	1
0.0784 	1
0.0791 	1
0.0798 	1
0.0805 	1
0.0812 	1
0.0819 	1
0.0826 	1
0.0833 	1
0.084 	1
0.0847 	1
0.0854 	1
0.0861 	1
0.0868 	1
0.0875 	1
0.0882 	1
0.0889 	1
0.0903 	1
0.0917 	1
0.0931 	1
0.0938 	1
0.0945 	1
0.0952 	1
0.0959 	1
0.0966 	1
0.0973 	1
0.098 	1
0.0987 	1
0.0994 	1
0.1001 	1
0.1015 	1
0.1022 	1
0.1029 	1
0.1036 	1
0.1043 	1
0.105 	1
0.1057 	1
0.1064 	1
0.1071 	1
0.1078 	1
0.1085 	1
0.1092 	1
0.1099 	1
0.1106 	1
0.1113 	1
0.112 	1
0.1127 	1
0.1134 	1
0.1141 	1
0.1148 	1
0.1155 	1
0.1162 	1
0.1169 	1
0.1176 	1
0.1183 	1
0.119 	1
0.1197 	1
0.1204 	1
0.1211 	1
0.1218 	1
0.1225 	1
0.1232 	1
0.1239 	1
0.1246 	1
0.1253 	1
0.126 	1
0.1267 	1
0.1274 	1
0.1281 	1
0.1288 	1
0.1295 	1
0.1302 	1
0.1309 	1
0.1316 	1
0.1323 	1
0.133 	1
0.1337 	1
0.1344 	1
0.1351 	1
0.1358 	1
0.1365 	1
0.1372 	1
0.1379 	1
0.1386 	1
0.1393 	1
0.14 	1
0.1407 	1
0.1414 	1
0.1421 	1
0.1428 	1
0.1435 	1
0.1442 	1
0.1449 	1
0.1456 	1
0.1463 	1
0.1477 	1
0.1484 	1
0.1491 	1
0.1498 	1
0.1505 	1
0.1512 	1
0.1519 	1
0.1526 	1
0.1533 	1
0.154 	1
0.1547 	1
0.1554 	1
0.1561 	1
0.1568 	1
0.1575 	1
0.1582 	1
0.1589 	1
0.1596 	1
0.1603 	1
0.161 	1
0.1617 	1
0.1624 	1
0.1631 	1
0.1638 	1
0.1645 	1
0.1652 	1
0.1659 	1
0.1666 	1
0.1673 	1
0.168 	1
0.1687 	1
0.1694 	1
0.1701 	1
0.1715 	1
0.1722 	1
0.1729 	1
0.1736 	1
0.1743 	1
0.175 	1
0.1757 	1
0.1771 	1
0.1778 	1
0.1785 	1
0.1792 	1
0.1799 	1
0.1806 	1
0.1813 	1
0.182 	1
0.1827 	1
0.1834 	1
0.1841 	1
0.1848 	1
0.1855 	1
0.1862 	1
0.1869 	1
0.1876 	1
0.1883 	1
0.189 	1
0.1897 	1
0.1904 	1
0.1911 	1
0.1925 	1
0.1932 	1
0.1939 	1
0.1946 	1
0.1953 	1
0.196 	1
0.1967 	1
0.1974 	1
0.1981 	1
0.1988 	1
0.1995 	1
0.2002 	1
0.2009 	1
0.2016 	1
0.2023 	1
0.203 	1
0.2037 	1
0.2044 	1
0.2051 	1
0.2058 	1
0.2065 	1
0.2072 	1
0.2079 	1
0.2086 	1
0.2093 	1
0.21 	1
0.2107 	1
0.2114 	1
0.2121 	1
0.2128 	1
0.2135 	1
0.2142 	1
0.2149 	1
0.2156 	1
0.2163 	1
0.217 	1
0.2177 	1
0.2184 	1
0.2191 	1
0.2198 	1
0.2205 	1
0.2212 	1
0.2219 	1
0.2226 	1
0.2233 	1
0.224 	1
0.2247 	1
0.2254 	1
0.2261 	1
0.2268 	1
0.2275 	1
0.2282 	1
0.2289 	1
0.2296 	1
0.2303 	1
0.231 	1
0.2317 	1
0.2331 	1
0.2338 	1
0.2345 	1
0.2352 	1
0.2359 	1
0.2366 	1
0.2373 	1
0.238 	1
0.2387 	1
0.2394 	1
0.2401 	1
0.2408 	1
0.2415 	1
0.2422 	1
0.2429 	1
0.2436 	1
0.2443 	1
0.245 	1
0.2457 	1
0.2464 	1
0.2471 	1
0.2478 	1
0.2485 	1
0.2492 	1
0.2499 	1
0.2506 	0.999999
0.2513 	0.999999
0.252 	0.999999
0.2527 	0.999998
0.2534 	0.999998
0.2541 	0.999998
0.2548 	0.999998
0.2555 	0.999996
0.2562 	0.999993
0.2569 	0.999991
0.2576 	0.999989
0.2583 	0.999986
0.259 	0.999984
0.2597 	0.999982
0.2604 	0.99996
0.2611 	0.999923
0.2618 	0.999887
0.2625 	0.99985
0.2632 	0.999813
0.2639 	0.999777
0.2646 	0.99974
0.2653 	0.999149
0.266 	0.997817
0.2667 	0.996485
0.2674 	0.995153
0.2681 	0.993821
0.2688 	0.99249
0.2695 	0.991158
0.2702 	0.985015
0.2709 	0.966843
0.2716 	0.948671
0.2723 	0.930499
0.273 	0.912327
0.2737 	0.894155
0.2744 	0.875984
0.2751 	0.852172
0.2758 	0.794518
0.2765 	0.736864
0.2772 	0.679211
0.2779 	0.621557
0.2786 	0.563903
0.2793 	0.50625
0.28 	0.448596
0.2807 	0.398369
0.2814 	0.348142
0.2821 	0.297915
0.2828 	0.247687
0.2835 	0.19746
0.2842 	0.147233
0.2849 	0.0970055
0.2856 	0.0809078
0.2863 	0.0704983
0.287 	0.0600887
0.2877 	0.0496791
0.2884 	0.0392694
0.2891 	0.0288598
0.2898 	0.0184502
0.2905 	0.0144218
0.2912 	0.012946
0.2919 	0.0114702
0.2926 	0.00999429
0.2933 	0.00851842
0.294 	0.00704255
0.2947 	0.00556668
0.2954 	0.00459333
0.2961 	0.00399686
0.2968 	0.0034004
0.2975 	0.00280395
0.2982 	0.00220749
0.2989 	0.00161104
0.2996 	0.00101458
0.3003 	0.000636037
0.301 	0.000548032
0.3017 	0.00046003
0.3024 	0.000372031
0.3031 	0.000284032
0.3038 	0.000196032
0.3045 	0.000108033
0.3052 	4.34282e-05
0.3066 	3.11927e-05
0.3073 	2.50754e-05
0.308 	1.8958e-05
0.3087 	1.28407e-05
0.3094 	6.7233e-06
0.3101 	1.45067e-06
0.3108 	1.24644e-06
0.3115 	1.0422e-06
0.3122 	8.37975e-07
0.3129 	6.33747e-07
0.3136 	4.2952e-07
0.3143 	2.25292e-07
0.315 	2.10642e-08
0.3157 	1.81299e-08
0.3164 	1.51956e-08
0.3171 	1.22612e-08
0.3178 	9.32683e-09
0.3185 	6.39246e-09
0.3192 	3.45809e-09
0.3199 	5.23721e-10
0.3206 	9.20017e-11
0.3213 	7.7391e-11
0.322 	6.2778e-11
0.3227 	4.8165e-11
0.3234 	3.3552e-11
0.3241 	1.8939e-11
0.3248 	4.32595e-12
0.3255 	1.35821e-13
0.3262 	1.14846e-13
0.3269 	9.3863e-14
0.3276 	7.2879e-14
0.3283 	5.18951e-14
0.329 	3.09111e-14
0.3297 	9.92712e-15
0.3304 	9.09401e-16
0.3311 	8.66366e-16
0.3318 	8.23334e-16
0.3325 	7.80304e-16
0.3332 	7.37273e-16
0.3339 	6.94243e-16
0.3346 	6.51212e-16
0.3353 	6.16735e-16
0.336 	5.93663e-16
0.3367 	5.70597e-16
0.3374 	5.47535e-16
0.3381 	5.24472e-16
0.3388 	5.0141e-16
0.3395 	4.78348e-16
0.3402 	4.53355e-16
0.3409 	4.23535e-16
0.3416 	3.93713e-16
0.3423 	3.63889e-16
0.343 	3.34065e-16
0.3437 	3.0424e-16
0.3444 	2.74416e-16
0.3451 	2.45291e-16
0.3458 	2.20365e-16
0.3465 	1.95428e-16
0.3472 	1.70472e-16
0.3479 	1.45516e-16
0.3486 	1.2056e-16
0.3493 	9.56039e-17
0.35 	7.06478e-17
0.3507 	6.16279e-17
0.3514 	5.26029e-17
0.3521 	4.35588e-17
0.3528 	3.45147e-17
0.3535 	2.54707e-17
0.3542 	1.64266e-17
0.3549 	7.38247e-18
0.3556 	5.37021e-18
0.3563 	4.5296e-18
0.357 	3.68493e-18
0.3577 	2.84026e-18
0.3584 	1.99559e-18
0.3591 	1.15092e-18
0.3598 	3.06254e-19
0.3605 	5.84755e-20
0.3612 	4.94529e-20
0.3619 	4.03536e-20
0.3626 	3.12485e-20
0.3633 	2.21433e-20
0.364 	1.30381e-20
0.3647 	3.93297e-21
0.3654 	2.83276e-23
0.3661 	2.40693e-23
0.3668 	1.97605e-23
0.3675 	1.54379e-23
0.3682 	1.11154e-23
0.3689 	6.79281e-24
0.3696 	2.47025e-24
0.3703 	2.04867e-28
0.371 	1.74801e-28
0.3717 	1.44376e-28
0.3724 	1.13751e-28
0.3731 	8.31258e-29
0.3738 	5.25008e-29
0.3745 	2.18758e-29
0.3752 	8.15371e-34
0.3759 	6.98305e-34
0.3766 	5.80059e-34
0.3773 	4.60636e-34
0.378 	3.41212e-34
0.3787 	2.21789e-34
0.3794 	1.02365e-34
0.3801 	2.04866e-39
0.3808 	1.76095e-39
0.3815 	1.47092e-39
0.3822 	1.17674e-39
0.3829 	8.82556e-40
0.3836 	5.88372e-40
0.3843 	2.94188e-40
0.385 	3.59866e-45
0.3857 	3.10382e-45
0.3864 	2.60643e-45
0.3871 	2.09962e-45
0.3878 	1.59282e-45
0.3885 	1.08601e-45
0.3892 	5.7921e-46
0.3899 	7.24061e-47
0.3906 	4.89261e-51
0.3913 	4.12884e-51
0.392 	3.34771e-51
0.3927 	2.56658e-51
0.3934 	1.78545e-51
0.3941 	1.00432e-51
0.3948 	2.23189e-52
0.3955 	8.05011e-57
0.3962 	6.82275e-57
0.3969 	5.56767e-57
0.3976 	4.31046e-57
0.3983 	3.05324e-57
0.399 	1.79603e-57
0.3997 	5.3882e-58
0.4004 	1.30894e-62
0.4011 	1.11381e-62
0.4018 	9.14773e-63
0.4025 	7.14667e-63
0.4032 	5.14561e-63
0.4039 	3.14455e-63
0.4046 	1.14349e-63
0.4053 	2.15151e-68
0.406 	1.83748e-68
0.4067 	1.51829e-68
0.4074 	1.19623e-68
0.4081 	8.74169e-69
0.4088 	5.52108e-69
0.4095 	2.30047e-69
0.4102 	3.87855e-74
0.4109 	3.32402e-74
0.4116 	2.76239e-74
0.4123 	2.19366e-74
0.413 	1.62494e-74
0.4137 	1.05621e-74
0.4144 	4.87486e-75
0.4151 	7.6672e-80
0.4158 	6.59309e-80
0.4165 	5.50909e-80
0.4172 	4.40727e-80
0.4179 	3.30546e-80
0.4186 	2.20365e-80
0.4193 	1.10183e-80
0.42 	1.6467e-85
0.4207 	1.42046e-85
0.4214 	1.19298e-85
0.4221 	9.61016e-86
0.4228 	7.29048e-86
0.4235 	4.97079e-86
0.4242 	2.65111e-86
0.4249 	3.31422e-87
0.4256 	3.37177e-91
0.4263 	2.84571e-91
0.4277 	1.76896e-91
0.4284 	1.23058e-91
0.4291 	6.92208e-92
0.4298 	1.53831e-92
0.4305 	8.80395e-97
0.4312 	7.46229e-97
0.4319 	6.08961e-97
0.4326 	4.71454e-97
0.4333 	3.33947e-97
0.434 	1.96441e-97
0.4347 	5.89341e-98
0.4354 	2.50776e-102
0.4361 	2.13358e-102
0.4368 	1.75224e-102
0.4375 	1.36894e-102
0.4382 	9.85638e-103
0.4389 	6.02337e-103
0.4396 	2.19037e-103
0.4403 	7.70752e-108
0.441 	6.58119e-108
0.4417 	5.43747e-108
0.4424 	4.28407e-108
0.4431 	3.13067e-108
0.4438 	1.97728e-108
0.4445 	8.23881e-109
0.4452 	2.5728e-113
0.4459 	2.20428e-113
0.4466 	1.83149e-113
0.4473 	1.45442e-113
0.448 	1.07735e-113
0.4487 	7.00281e-114
0.4494 	3.23212e-114
0.4501 	9.44412e-119
0.4508 	8.11779e-119
0.4515 	6.78081e-119
0.4522 	5.42466e-119
0.4529 	4.0685e-119
0.4536 	2.71235e-119
0.4543 	1.3562e-119
0.455 	4.41206e-124
0.4557 	3.8038e-124
0.4564 	3.19285e-124
0.4571 	2.57203e-124
0.4578 	1.9512e-124
0.4585 	1.33038e-124
0.4592 	7.09558e-125
0.4599 	8.87354e-126
0.4606 	4.09554e-129
0.4613 	3.45195e-129
0.462 	2.7989e-129
0.4627 	2.14585e-129
0.4634 	1.49281e-129
0.4641 	8.39757e-130
0.4648 	1.86709e-130
0.4655 	1.11222e-133
0.4662 	9.41073e-134
0.4669 	7.67855e-134
0.4676 	5.94478e-134
0.4683 	4.21102e-134
0.469 	2.47725e-134
0.4697 	7.43477e-135
0.4704 	3.99263e-138
0.4711 	3.39081e-138
0.4718 	2.78347e-138
0.4725 	2.17462e-138
0.4732 	1.56577e-138
0.4739 	9.56928e-139
0.4746 	3.48081e-139
0.4753 	1.57944e-142
0.476 	1.34609e-142
0.4767 	1.11124e-142
0.4774 	8.75537e-143
0.4781 	6.39837e-143
0.4788 	4.04138e-143
0.4795 	1.68438e-143
0.4802 	7.80129e-147
0.4809 	6.73169e-147
0.4816 	5.65795e-147
0.4823 	4.58005e-147
0.483 	3.50216e-147
0.4837 	2.42426e-147
0.4844 	1.34637e-147
0.4851 	4.19438e-148
0.4858 	3.98282e-148
0.4865 	3.77124e-148
0.4872 	3.55963e-148
0.4879 	3.34801e-148
0.4886 	3.1364e-148
0.4893 	2.92478e-148
0.49 	2.71317e-148
0.4907 	2.56031e-148
0.4914 	2.40744e-148
0.4921 	2.25454e-148
0.4928 	2.10164e-148
0.4935 	1.94875e-148
0.4942 	1.79585e-148
0.4949 	1.64295e-148
0.4956 	1.53689e-148
0.4963 	1.43864e-148
0.497 	1.34036e-148
0.4977 	1.24208e-148
0.4984 	1.1438e-148
0.4991 	1.04553e-148
0.4998 	9.47248e-149
0.5005 	8.76265e-149
0.5012 	8.16201e-149
0.5019 	7.56119e-149
0.5026 	6.96035e-149
0.5033 	6.35951e-149
0.504 	5.75867e-149
0.5047 	5.15783e-149
0.5054 	4.70431e-149
0.5061 	4.36129e-149
0.5068 	4.01816e-149
0.5075 	3.675e-149
0.5082 	3.33185e-149
0.5089 	2.98869e-149
0.5096 	2.64553e-149
0.5103 	2.37123e-149
0.5117 	2.00616e-149
0.5124 	1.82357e-149
0.5131 	1.64098e-149
0.5138 	1.45839e-149
0.5145 	1.2758e-149
0.5152 	1.11962e-149
0.5159 	1.02944e-149
0.5166 	9.39233e-150
0.5173 	8.49007e-150
0.518 	7.58781e-150
0.5187 	6.68555e-150
0.5194 	5.78329e-150
0.5201 	4.95082e-150
0.5208 	4.53709e-150
0.5215 	4.12327e-150
0.5222 	3.7093e-150
0.5229 	3.29533e-150
0.5236 	2.88137e-150
0.5243 	2.4674e-150
0.525 	2.05343e-150
0.5257 	1.87676e-150
0.5264 	1.70007e-150
0.5271 	1.52329e-150
0.5278 	1.34652e-150
0.5292 	9.92962e-151
0.5299 	8.16184e-151
0.5306 	7.30515e-151
0.5313 	6.60028e-151
0.532 	5.89496e-151
0.5327 	5.18964e-151
0.5334 	4.48433e-151
0.5341 	3.77901e-151
0.5348 	3.07369e-151
0.5355 	2.68369e-151
0.5362 	2.41983e-151
0.5369 	2.15579e-151
0.5376 	1.89173e-151
0.5383 	1.62767e-151
0.539 	1.36361e-151
0.5397 	1.09956e-151
0.5404 	9.33212e-152
0.5411 	8.40152e-152
0.5418 	7.47034e-152
0.5425 	6.539e-152
0.5432 	5.60766e-152
0.5439 	4.67633e-152
0.5446 	3.74499e-152
0.5453 	3.07981e-152
0.546 	2.76952e-152
0.5467 	2.45905e-152
0.5474 	2.1485e-152
0.5481 	1.83794e-152
0.5488 	1.52738e-152
0.5495 	1.21682e-152
0.5502 	9.66962e-153
0.5509 	8.68844e-153
0.5516 	7.70682e-153
0.5523 	6.72475e-153
0.553 	5.74268e-153
0.5537 	4.76061e-153
0.5544 	3.77854e-153
0.5551 	2.89462e-153
0.5558 	2.59959e-153
0.5565 	2.30445e-153
0.5572 	2.00913e-153
0.5579 	1.71381e-153
0.5586 	1.4185e-153
0.5593 	1.12318e-153
0.56 	8.27859e-154
0.5607 	7.43289e-154
0.5614 	6.58701e-154
0.5621 	5.74045e-154
0.5628 	4.8939e-154
0.5635 	4.04734e-154
0.5642 	3.20079e-154
0.5649 	2.35423e-154
0.5656 	2.03478e-154
0.5663 	1.80315e-154
0.567 	1.57129e-154
0.5677 	1.33944e-154
0.5684 	1.10758e-154
0.5691 	8.75727e-155
0.5698 	6.43872e-155
0.5705 	5.3425e-155
0.5712 	4.73521e-155
0.5719 	4.1273e-155
0.5726 	3.51934e-155
0.5733 	2.91138e-155
0.574 	2.30341e-155
0.5747 	1.69545e-155
0.5754 	1.34762e-155
0.5761 	1.19487e-155
0.5768 	1.04199e-155
0.5775 	8.89068e-156
0.5782 	7.36147e-156
0.5789 	5.83227e-156
0.5796 	4.30306e-156
0.5803 	3.271e-156
0.581 	2.90181e-156
0.5817 	2.53233e-156
0.5824 	2.16269e-156
0.5831 	1.79305e-156
0.5838 	1.42341e-156
0.5845 	1.05377e-156
0.5852 	7.65201e-157
0.5859 	6.79289e-157
0.5866 	5.93324e-157
0.5873 	5.07305e-157
0.588 	4.21286e-157
0.5887 	3.35267e-157
0.5894 	2.49248e-157
0.5901 	1.72763e-157
0.5908 	1.53487e-157
0.5915 	1.34202e-157
0.5922 	1.14901e-157
0.5929 	9.55996e-158
0.5936 	7.62983e-158
0.5943 	5.6997e-158
0.595 	3.76957e-158
0.5957 	3.35194e-158
0.5964 	2.93419e-158
0.5971 	2.516e-158
0.5978 	2.0978e-158
0.5985 	1.67961e-158
0.5992 	1.26142e-158
0.5999 	8.43223e-159
0.6006 	7.08475e-159
0.6013 	6.2096e-159
0.602 	5.33331e-159
0.6027 	4.45701e-159
0.6034 	3.58072e-159
0.6041 	2.70443e-159
0.6048 	1.82814e-159
0.6055 	1.45095e-159
0.6062 	1.27342e-159
0.6069 	1.09564e-159
0.6076 	9.17849e-160
0.6083 	7.40056e-160
0.609 	5.62262e-160
0.6097 	3.84469e-160
0.6104 	2.88312e-160
0.6111 	2.53383e-160
0.6118 	2.18413e-160
0.6125 	1.83432e-160
0.6132 	1.4845e-160
0.6139 	1.13469e-160
0.6146 	7.84879e-161
0.6153 	5.56398e-161
0.616 	4.89691e-161
0.6167 	4.22919e-161
0.6174 	3.56111e-161
0.6181 	2.89302e-161
0.6188 	2.22493e-161
0.6195 	1.55685e-161
0.6202 	1.04426e-161
0.6209 	9.20407e-162
0.6216 	7.96459e-162
0.6223 	6.72413e-162
0.623 	5.48367e-162
0.6237 	4.24321e-162
0.6244 	3.00275e-162
0.6251 	1.90753e-162
0.6258 	1.68382e-162
0.6265 	1.45997e-162
0.6272 	1.2359e-162
0.6279 	1.01182e-162
0.6286 	7.87738e-163
0.6293 	5.63659e-163
0.63 	3.39581e-163
0.6307 	3.00209e-163
0.6314 	2.60823e-163
0.6321 	2.21385e-163
0.6328 	1.81947e-163
0.6335 	1.42509e-163
0.6342 	1.03071e-163
0.6349 	6.36337e-164
0.6356 	5.2208e-164
0.6363 	4.54501e-164
0.637 	3.86815e-164
0.6377 	3.19128e-164
0.6384 	2.51441e-164
0.6391 	1.83755e-164
0.6398 	1.16068e-164
0.6405 	8.86442e-165
0.6412 	7.73251e-165
0.6419 	6.59874e-165
0.6426 	5.46484e-165
0.6433 	4.33093e-165
0.644 	3.19703e-165
0.6447 	2.06312e-165
0.6454 	1.47126e-165
0.6461 	1.28593e-165
0.6468 	1.10034e-165
0.6475 	9.14682e-166
0.6482 	7.29019e-166
0.6489 	5.43357e-166
0.6496 	3.57694e-166
0.6503 	2.38881e-166
0.651 	2.09201e-166
0.6517 	1.79486e-166
0.6524 	1.4975e-166
0.6531 	1.20015e-166
0.6538 	9.02798e-167
0.6545 	6.05446e-167
0.6552 	3.79756e-167
0.6559 	3.33222e-167
0.6566 	2.86644e-167
0.6573 	2.40022e-167
0.658 	1.93399e-167
0.6587 	1.46777e-167
0.6594 	1.00155e-167
0.6601 	5.91713e-168
0.6608 	5.20214e-168
0.6615 	4.48665e-168
0.6622 	3.77026e-168
0.6629 	3.05388e-168
0.6636 	2.33749e-168
0.6643 	1.6211e-168
0.665 	9.04719e-169
0.6657 	7.96916e-169
0.6664 	6.89068e-169
0.6671 	5.81049e-169
0.6678 	4.73031e-169
0.6685 	3.65013e-169
0.6692 	2.56994e-169
0.6699 	1.48976e-169
0.6706 	1.19866e-169
0.6713 	1.03905e-169
0.672 	8.79131e-170
0.6727 	7.19215e-170
0.6741 	3.99383e-170
0.6748 	2.39467e-170
0.6755 	1.77191e-170
0.6762 	1.53973e-170
0.6769 	1.30708e-170
0.6776 	1.07441e-170
0.6783 	8.41728e-171
0.679 	6.09051e-171
0.6797 	3.76373e-171
0.6804 	2.57664e-171
0.6811 	2.2443e-171
0.6818 	1.9114e-171
0.6825 	1.57834e-171
0.6832 	1.24528e-171
0.6839 	9.12227e-172
0.6846 	5.79171e-172
0.6853 	3.68773e-172
0.686 	3.21918e-172
0.6867 	2.74996e-172
0.6874 	2.28036e-172
0.6881 	1.81077e-172
0.6888 	1.34118e-172
0.6895 	8.71592e-173
0.6902 	5.17548e-173
0.6909 	4.52372e-173
0.6916 	3.87121e-173
0.6923 	3.21796e-173
0.693 	2.56471e-173
0.6937 	1.91146e-173
0.6944 	1.25821e-173
0.6951 	6.85904e-174
0.6958 	5.99238e-174
0.6965 	5.13544e-174
0.6972 	4.29599e-174
0.6979 	3.45654e-174
0.6986 	2.61709e-174
0.6993 	1.77764e-174
0.7 	9.38188e-175
