0 	1
0.0007 	1
0.0014 	1
0.0021 	1
0.0028 	1
0.0035 	1
0.0042 	1
0.0049 	1
0.0056 	1
0.0063 	1
0.007 	1
0.0077 	1
0.0084 	1
0.0091 	1
0.0098 	1
0.0105 	1
0.0112 	1
0.0119 	1
0.0126 	1
0.0133 	1
0.014 	1
0.0147 	1
0.0154 	1
0.0161 	1
0.0168 	1
0.0175 	1
0.0182 	1
0.0189 	1
0.0196 	1
0.0203 	1
0.021 	1
0.0217 	1
0.0224 	1
0.0231 	1
0.0238 	1
0.0245 	1
0.0252 	1
0.0259 	1
0.0266 	1
0.0273 	1
0.028 	1
0.0287 	1
0.0294 	1
0.0301 	1
0.0308 	1
0.0315 	1
0.0322 	1
0.0329 	1
0.0336 	1
0.0343 	1
0.035 	1
0.0357 	1
0.0364 	1
0.0371 	1
0.0378 	1
0.0385 	1
0.0392 	1
0.0399 	1
0.0406 	1
0.0413 	1
0.042 	1
0.0427 	1
0.0434 	1
0.0441 	1
0.0448 	1
0.0455 	1
0.0462 	1
0.0469 	1
0.0476 	1
0.0483 	1
0.049 	1
0.0497 	1
0.0504 	1
0.0511 	1
0.0518 	1
0.0525 	1
0.0532 	1
0.0539 	1
0.0546 	1
0.0553 	1
0.056 	1
0.0567 	1
0.0574 	1
0.0581 	1
0.0588 	1
0.0595 	1
0.0602 	1
0.0609 	1
0.0616 	1
0.0623 	1
0.063 	1
0.0637 	1
0.0644 	1
0.0651 	1
0.0658 	1
0.0665 	1
0.0672 	1
0.0679 	1
0.0686 	1
0.0693 	1
0.07 	1
0.0707 	1
0.0714 	1
0.0721 	1
0.0728 	1
0.0735 	1
0.0742 	1
0.0749 	1
0.0756 	1
0.0763 	1
0.077 	1
0.0777 	1
0.0784 	1
0.0791 	1
0.0798 	1
0.0805 	1
0.0812 	1
0.0819 	1
0.0826 	1
0.0833 	1
0.084 	1
0.0847 	1
0.0854 	1
0.0861 	1
0.0868 	1
0.0875 	1
0.0882 	1
0.0889 	1
0.0896 	1
0.0903 	1
0.091 	1
0.0917 	1
0.0924 	1
0.0931 	1
0.0938 	1
0.0945 	1
0.0952 	1
0.0959 	1
0.0966 	1
0.0973 	1
0.098 	1
0.0987 	1
0.0994 	1
0.1001 	1
0.1008 	1
0.1015 	1
0.1022 	1
0.1029 	1
0.1036 	1
0.1043 	1
0.105 	1
0.1057 	1
0.1064 	1
0.1071 	1
0.1078 	1
0.1085 	1
0.1092 	1
0.1099 	1
0.1106 	1
0.1113 	1
0.112 	1
0.1127 	1
0.1134 	1
0.1141 	1
0.1148 	1
0.1155 	1
0.1162 	1
0.1169 	1
0.1176 	1
0.1183 	1
0.119 	1
0.1197 	1
0.1204 	1
0.1211 	1
0.1218 	1
0.1225 	1
0.1232 	1
0.1239 	1
0.1246 	1
0.1253 	1
0.126 	1
0.1267 	1
0.1274 	1
0.1281 	1
0.1288 	1
0.1295 	1
0.1302 	1
0.1309 	1
0.1316 	1
0.1323 	1
0.133 	1
0.1337 	1
0.1344 	1
0.1351 	1
0.1358 	1
0.1365 	1
0.1372 	1
0.1379 	1
0.1386 	1
0.1393 	1
0.14 	1
0.1407 	1
0.1414 	1
0.1421 	1
0.1428 	1
0.1435 	1
0.1442 	1
0.1449 	1
0.1456 	1
0.1463 	1
0.147 	1
0.1477 	1
0.1484 	1
0.1491 	1
0.1498 	1
0.1505 	1
0.1512 	1
0.1519 	1
0.1526 	1
0.1533 	1
0.154 	1
0.1547 	1
0.1554 	1
0.1561 	1
0.1568 	1
0.1575 	1
0.1582 	1
0.1589 	1
0.1596 	1
0.1603 	1
0.161 	1
0.1617 	1
0.1624 	1
0.1631 	1
0.1638 	1
0.1645 	1
0.1652 	1
0.1659 	1
0.1666 	1
0.1673 	1
0.168 	1
0.1687 	1
0.1694 	1
0.1701 	1
0.1708 	1
0.1715 	1
0.1722 	1
0.1729 	1
0.1736 	1
0.1743 	1
0.175 	1
0.1757 	1
0.1764 	1
0.1771 	1
0.1778 	1
0.1785 	1
0.1792 	1
0.1799 	1
0.1806 	1
0.1813 	1
0.182 	1
0.1827 	1
0.1834 	1
0.1841 	1
0.1848 	1
0.1855 	1
0.1862 	1
0.1869 	1
0.1876 	1
0.1883 	1
0.189 	1
0.1897 	1
0.1904 	1
0.1911 	1
0.1918 	1
0.1925 	1
0.1932 	1
0.1939 	1
0.1946 	1
0.1953 	1
0.196 	1
0.1967 	1
0.1974 	1
0.1981 	1
0.1988 	1
0.1995 	1
0.2002 	1
0.2009 	1
0.2016 	1
0.2023 	1
0.203 	1
0.2037 	1
0.2044 	1
0.2051 	1
0.2058 	1
0.2065 	1
0.2072 	1
0.2079 	1
0.2086 	1
0.2093 	1
0.21 	1
0.2107 	1
0.2114 	1
0.2121 	1
0.2128 	1
0.2135 	1
0.2142 	1
0.2149 	1
0.2156 	1
0.2163 	1
0.217 	1
0.2177 	1
0.2184 	1
0.2191 	1
0.2198 	1
0.2205 	1
0.2212 	1
0.2219 	1
0.2226 	1
0.2233 	1
0.224 	1
0.2247 	1
0.2254 	1
0.2261 	1
0.2268 	1
0.2275 	1
0.2282 	1
0.2289 	1
0.2296 	1
0.2303 	1
0.231 	1
0.2317 	1
0.2324 	1
0.2331 	1
0.2338 	1
0.2345 	1
0.2352 	1
0.2359 	1
0.2366 	1
0.2373 	1
0.238 	1
0.2387 	1
0.2394 	1
0.2401 	1
0.2408 	1
0.2415 	1
0.2422 	1
0.2429 	1
0.2436 	1
0.2443 	0.999999
0.245 	0.999999
0.2457 	0.999999
0.2464 	0.999998
0.2471 	0.999996
0.2478 	0.999995
0.2485 	0.999994
0.2492 	0.999992
0.2499 	0.99999
0.2506 	0.999987
0.2513 	0.999969
0.252 	0.999949
0.2527 	0.999928
0.2534 	0.999907
0.2541 	0.999887
0.2548 	0.999854
0.2555 	0.999816
0.2562 	0.999426
0.2569 	0.998901
0.2576 	0.998376
0.2583 	0.997852
0.259 	0.997327
0.2597 	0.99657
0.2604 	0.995643
0.2611 	0.987723
0.2618 	0.974803
0.2625 	0.961878
0.2632 	0.948954
0.2639 	0.936029
0.2646 	0.91848
0.2653 	0.894497
0.266 	0.856572
0.2667 	0.800931
0.2674 	0.745283
0.2681 	0.689635
0.2688 	0.633986
0.2695 	0.569994
0.2702 	0.483645
0.2709 	0.406522
0.2716 	0.350213
0.2723 	0.293916
0.273 	0.237618
0.2737 	0.18132
0.2744 	0.128697
0.2751 	0.101415
0.2758 	0.0764238
0.2765 	0.0625873
0.2772 	0.0487653
0.2779 	0.0349434
0.2786 	0.0211214
0.2793 	0.00729942
0.28 	0.00551107
0.2807 	0.00395782
0.2814 	0.00320256
0.2821 	0.00244856
0.2828 	0.00169457
0.2835 	0.000940567
0.2842 	0.000186569
0.2849 	5.26684e-05
0.2856 	3.81133e-05
0.2863 	3.01677e-05
0.287 	2.31757e-05
0.2877 	1.61838e-05
0.2884 	9.19182e-06
0.2891 	2.19986e-06
0.2898 	5.44453e-08
0.2905 	4.00109e-08
0.2912 	3.10378e-08
0.2919 	2.40617e-08
0.2926 	1.70878e-08
0.2933 	1.01139e-08
0.294 	3.13997e-09
0.2947 	4.66461e-12
0.2954 	3.47922e-12
0.2961 	2.6539e-12
0.2968 	2.07569e-12
0.2975 	1.49814e-12
0.2982 	9.20602e-13
0.2989 	3.43059e-13
0.2996 	2.25169e-16
0.3003 	1.69962e-16
0.301 	1.27608e-16
0.3017 	1.00644e-16
0.3024 	7.37206e-17
0.3031 	4.67975e-17
0.3038 	1.98745e-17
0.3045 	1.33984e-20
0.3052 	1.02444e-20
0.3059 	7.59661e-21
0.3066 	6.03928e-21
0.3073 	4.48369e-21
0.308 	2.9281e-21
0.3087 	1.3725e-21
0.3094 	8.05348e-25
0.3101 	6.21572e-25
0.3108 	4.54973e-25
0.3115 	3.64476e-25
0.3122 	2.73955e-25
0.3129 	1.83433e-25
0.3136 	9.29123e-26
0.3143 	2.39117e-27
0.315 	3.76824e-29
0.3157 	2.72682e-29
0.3164 	2.20061e-29
0.3171 	1.67295e-29
0.3178 	1.14529e-29
0.3185 	6.17635e-30
0.3192 	8.99774e-31
0.3199 	2.23142e-33
0.3206 	1.63376e-33
0.3213 	1.30008e-33
0.322 	9.98758e-34
0.3227 	6.9744e-34
0.3234 	3.96122e-34
0.3241 	9.48035e-35
0.3248 	1.27183e-37
0.3255 	9.45852e-38
0.3262 	7.40254e-38
0.3269 	5.74329e-38
0.3276 	4.08277e-38
0.3283 	2.42226e-38
0.329 	7.61751e-39
0.3297 	7.00533e-42
0.3304 	5.28451e-42
0.3311 	4.07632e-42
0.3318 	3.19286e-42
0.3325 	2.30666e-42
0.3332 	1.42046e-42
0.3339 	5.34265e-43
0.3346 	3.76554e-46
0.3353 	2.87572e-46
0.336 	2.19061e-46
0.3367 	1.73148e-46
0.3374 	1.26938e-46
0.3381 	8.07286e-47
0.3388 	3.45189e-47
0.3395 	1.9796e-50
0.3402 	1.52892e-50
0.3409 	1.15217e-50
0.3416 	9.18586e-51
0.3423 	6.82515e-51
0.343 	4.46445e-51
0.3437 	2.10374e-51
0.3444 	1.02204e-54
0.3451 	7.97737e-55
0.3458 	5.95643e-55
0.3465 	4.78796e-55
0.3472 	3.60144e-55
0.3479 	2.41492e-55
0.3486 	1.2284e-55
0.3493 	4.18786e-57
0.35 	4.09038e-59
0.3507 	3.03059e-59
0.3514 	2.45501e-59
0.3521 	1.86761e-59
0.3528 	1.28021e-59
0.3535 	6.92808e-60
0.3542 	1.05407e-60
0.3549 	2.06162e-63
0.3556 	1.54245e-63
0.3563 	1.23786e-63
0.357 	9.51556e-64
0.3577 	6.65254e-64
0.3584 	3.78951e-64
0.3591 	9.26481e-65
0.3598 	1.02026e-67
0.3605 	7.74522e-68
0.3612 	6.13345e-68
0.3619 	4.76274e-68
0.3626 	3.38931e-68
0.3633 	2.01587e-68
0.364 	6.42439e-69
0.3647 	4.96144e-72
0.3654 	3.81869e-72
0.3661 	2.98899e-72
0.3668 	2.34395e-72
0.3675 	1.695e-72
0.3682 	1.04605e-72
0.3689 	3.97107e-73
0.3696 	2.37515e-76
0.3703 	1.8525e-76
0.371 	1.43594e-76
0.3717 	1.13642e-76
0.3724 	8.33866e-77
0.3731 	5.31312e-77
0.3738 	2.28758e-77
0.3745 	1.12178e-80
0.3752 	8.86332e-81
0.3759 	6.81541e-81
0.3766 	5.43996e-81
0.3773 	4.04519e-81
0.378 	2.65043e-81
0.3787 	1.25566e-81
0.3794 	5.23615e-85
0.3801 	4.19049e-85
0.3808 	3.20147e-85
0.3815 	2.57572e-85
0.3822 	1.93887e-85
0.3829 	1.30201e-85
0.3836 	6.65153e-86
0.3843 	2.82968e-87
0.385 	1.95978e-89
0.3857 	1.48965e-89
0.3864 	1.20739e-89
0.3871 	9.19135e-90
0.3878 	6.30879e-90
0.3885 	3.42623e-90
0.3892 	5.43665e-91
0.3899 	9.04921e-94
0.3906 	6.94919e-94
0.3913 	5.60349e-94
0.392 	4.31021e-94
0.3927 	3.01693e-94
0.3934 	1.72365e-94
0.3941 	4.30376e-95
0.3948 	4.12793e-98
0.3955 	3.22037e-98
0.3962 	2.57229e-98
0.3969 	1.99852e-98
0.3976 	1.42373e-98
0.3983 	8.4894e-99
0.399 	2.74148e-99
0.3997 	1.85886e-102
0.4004 	1.47297e-102
0.4011 	1.16714e-102
0.4018 	9.15607e-103
0.4025 	6.62755e-103
0.4032 	4.09904e-103
0.4039 	1.57053e-103
0.4046 	8.25717e-107
0.4053 	6.64592e-107
0.406 	5.2325e-107
0.4067 	4.14184e-107
0.4074 	3.04184e-107
0.4081 	1.94183e-107
0.4088 	8.41831e-108
0.4095 	3.61592e-111
0.4102 	2.95657e-111
0.4109 	2.3163e-111
0.4116 	1.84888e-111
0.4123 	1.37596e-111
0.413 	9.03035e-112
0.4137 	4.30111e-112
0.4144 	1.56031e-115
0.4151 	1.29648e-115
0.4158 	1.01201e-115
0.4165 	8.14118e-116
0.4172 	6.13282e-116
0.4179 	4.12446e-116
0.4186 	2.11609e-116
0.4193 	1.07731e-117
0.42 	5.60195e-120
0.4207 	4.36174e-120
0.4214 	3.53459e-120
0.4221 	2.69258e-120
0.4228 	1.85058e-120
0.4235 	1.00857e-120
0.4242 	1.66557e-121
0.4249 	2.36853e-124
0.4256 	1.86888e-124
0.4263 	1.51238e-124
0.427 	1.16406e-124
0.4277 	8.15749e-125
0.4284 	4.67432e-125
0.4291 	1.19116e-125
0.4298 	9.84704e-129
0.4305 	7.91828e-129
0.4312 	6.37205e-129
0.4319 	4.9534e-129
0.4326 	3.53251e-129
0.4333 	2.11163e-129
0.434 	6.90747e-130
0.4347 	4.02337e-133
0.4354 	3.29838e-133
0.4361 	2.6423e-133
0.4368 	2.07374e-133
0.4375 	1.50251e-133
0.4382 	9.31276e-134
0.4389 	3.60046e-134
0.4396 	1.61479e-137
0.4403 	1.35036e-137
0.441 	1.07822e-137
0.4417 	8.5378e-138
0.4424 	6.27581e-138
0.4431 	4.01381e-138
0.4438 	1.75182e-138
0.4445 	6.36373e-142
0.4452 	5.4321e-142
0.4459 	4.32799e-142
0.4466 	3.45571e-142
0.4473 	2.57384e-142
0.448 	1.69198e-142
0.4487 	8.1012e-143
0.4494 	2.79618e-146
0.4501 	2.46877e-146
0.4508 	2.0172e-146
0.4515 	1.66652e-146
0.4522 	1.31118e-146
0.4529 	9.55826e-147
0.4536 	6.00477e-147
0.4543 	2.45128e-147
0.455 	1.98634e-147
0.4557 	1.72436e-147
0.4564 	1.5328e-147
0.4571 	1.34055e-147
0.4578 	1.1483e-147
0.4585 	9.56047e-148
0.4592 	7.63795e-148
0.4599 	6.6094e-148
0.4606 	5.79702e-148
0.4613 	5.18564e-148
0.462 	4.58986e-148
0.4627 	3.99409e-148
0.4634 	3.39832e-148
0.4641 	2.80254e-148
0.4648 	2.40319e-148
0.4655 	2.10481e-148
0.4662 	1.86861e-148
0.4669 	1.64982e-148
0.4676 	1.43096e-148
0.4683 	1.21211e-148
0.469 	9.93261e-149
0.4697 	8.33339e-149
0.4704 	7.28837e-149
0.4711 	6.4129e-149
0.4718 	5.64072e-149
0.4725 	4.86778e-149
0.4732 	4.09484e-149
0.4739 	3.3219e-149
0.4746 	2.70844e-149
0.4753 	2.36872e-149
0.476 	2.0658e-149
0.4767 	1.81092e-149
0.4774 	1.55555e-149
0.4781 	1.30017e-149
0.4788 	1.04479e-149
0.4795 	8.23168e-150
0.4802 	7.21054e-150
0.4809 	6.2353e-150
0.4816 	5.45098e-150
0.4823 	4.6641e-150
0.483 	3.87722e-150
0.4837 	3.09033e-150
0.4844 	2.34038e-150
0.4851 	2.05695e-150
0.4858 	1.76478e-150
0.4865 	1.53963e-150
0.4872 	1.31341e-150
0.4879 	1.0872e-150
0.4886 	8.60983e-151
0.4893 	6.34769e-151
0.49 	5.51177e-151
0.4907 	4.69518e-151
0.4914 	4.09044e-151
0.4921 	3.48182e-151
0.4928 	2.8732e-151
0.4935 	2.26458e-151
0.4942 	1.65597e-151
0.4949 	1.38626e-151
0.4956 	1.18138e-151
0.4963 	1.02492e-151
0.497 	8.71179e-152
0.4977 	7.17439e-152
0.4984 	5.63698e-152
0.4991 	4.09958e-152
0.4998 	3.28894e-152
0.5005 	2.81935e-152
0.5012 	2.42867e-152
0.5019 	2.06301e-152
0.5026 	1.6971e-152
0.5033 	1.33118e-152
0.504 	9.65265e-153
0.5047 	7.38133e-153
0.5054 	6.37683e-153
0.5061 	5.45762e-153
0.5068 	4.63609e-153
0.5075 	3.81268e-153
0.5082 	2.98926e-153
0.5089 	2.16585e-153
0.5096 	1.57103e-153
0.5103 	1.37041e-153
0.511 	1.16609e-153
0.5117 	9.91086e-154
0.5124 	8.15362e-154
0.5131 	6.39637e-154
0.5138 	4.63913e-154
0.5145 	3.17827e-154
0.5152 	2.8046e-154
0.5159 	2.37425e-154
0.5166 	2.01986e-154
0.5173 	1.66325e-154
0.518 	1.30664e-154
0.5187 	9.5003e-155
0.5194 	6.12401e-155
0.5201 	5.47699e-155
0.5208 	4.61592e-155
0.5215 	3.93201e-155
0.5222 	3.24221e-155
0.5229 	2.55241e-155
0.5236 	1.86261e-155
0.5243 	1.17281e-155
0.525 	1.02246e-155
0.5257 	8.58402e-156
0.5264 	7.32374e-156
0.5271 	6.04931e-156
0.5278 	4.77488e-156
0.5285 	3.50045e-156
0.5292 	2.22602e-156
0.5299 	1.80968e-156
0.5306 	1.53374e-156
0.5313 	1.30717e-156
0.532 	1.08187e-156
0.5327 	8.56574e-157
0.5334 	6.31277e-157
0.5341 	4.0598e-157
0.5348 	3.06558e-157
0.5355 	2.63801e-157
0.5362 	2.23827e-157
0.5369 	1.85699e-157
0.5376 	1.47528e-157
0.5383 	1.09357e-157
0.539 	7.11864e-158
0.5397 	4.97652e-158
0.5404 	4.35611e-158
0.5411 	3.68118e-158
0.5418 	3.06273e-158
0.5425 	2.44207e-158
0.5432 	1.8214e-158
0.5439 	1.20074e-158
0.5446 	7.75056e-159
0.5453 	6.91371e-159
0.546 	5.82242e-159
0.5467 	4.85872e-159
0.5474 	3.88896e-159
0.5481 	2.91919e-159
0.5488 	1.94943e-159
0.5495 	1.15927e-159
0.5502 	1.05573e-159
0.5509 	8.86518e-160
0.5516 	7.42091e-160
0.5523 	5.96327e-160
0.553 	4.50563e-160
0.5537 	3.04799e-160
0.5544 	1.6668e-160
0.5551 	1.55249e-160
0.5558 	1.30054e-160
0.5565 	1.09216e-160
0.5572 	8.81176e-161
0.5579 	6.70196e-161
0.5586 	4.59216e-161
0.5593 	2.48236e-161
0.56 	2.20042e-161
0.5607 	1.83974e-161
0.5614 	1.55003e-161
0.5621 	1.25571e-161
0.5628 	9.61377e-162
0.5635 	6.67049e-162
0.5642 	3.72721e-162
0.5649 	2.95471e-162
0.5656 	2.5169e-162
0.5663 	2.12294e-162
0.567 	1.72686e-162
0.5677 	1.33078e-162
0.5684 	9.34707e-163
0.5691 	5.3863e-163
0.5698 	3.82271e-163
0.5705 	3.33589e-163
0.5712 	2.80696e-163
0.5719 	2.29322e-163
0.5726 	1.77869e-163
0.5733 	1.26416e-163
0.574 	7.49633e-164
0.5747 	4.7684e-164
0.5754 	4.26994e-164
0.5761 	3.58505e-164
0.5768 	2.94244e-164
0.5775 	2.29675e-164
0.5782 	1.65107e-164
0.5789 	1.00539e-164
0.5796 	5.73846e-165
0.5803 	5.28157e-165
0.581 	4.42671e-165
0.5817 	3.6499e-165
0.5824 	2.86668e-165
0.5831 	2.08345e-165
0.5838 	1.30023e-165
0.5845 	6.6665e-166
0.5852 	6.31657e-166
0.5859 	5.28716e-166
0.5866 	4.37912e-166
0.5873 	3.46024e-166
0.588 	2.54137e-166
0.5887 	1.6225e-166
0.5894 	7.48031e-167
0.5901 	7.30812e-167
0.5908 	6.11127e-167
0.5915 	5.08431e-167
0.5922 	4.04111e-167
0.5929 	2.99792e-167
0.5936 	1.95472e-167
0.5943 	9.11524e-168
0.595 	8.1837e-168
0.5957 	6.83923e-168
0.5964 	5.71489e-168
0.5971 	4.56825e-168
0.5978 	3.4216e-168
0.5985 	2.27496e-168
0.5992 	1.12832e-168
0.5999 	8.64646e-169
0.6006 	7.42555e-169
0.6013 	6.2215e-169
0.602 	5.00071e-169
0.6027 	3.77991e-169
0.6034 	2.55912e-169
0.6041 	1.33833e-169
0.6048 	8.8358e-170
0.6055 	7.83569e-170
0.6062 	6.56004e-170
0.6069 	5.30288e-170
0.6076 	4.04341e-170
0.6083 	2.78394e-170
0.609 	1.52447e-170
0.6097 	8.73689e-171
0.6104 	8.01132e-171
0.6111 	6.70193e-171
0.6118 	5.44936e-171
0.6125 	4.18975e-171
0.6132 	2.93015e-171
0.6139 	1.67055e-171
0.6146 	8.36266e-172
0.6153 	7.93905e-172
0.616 	6.6386e-172
0.6167 	5.42846e-172
0.6174 	4.20685e-172
0.6181 	2.98523e-172
0.6188 	1.76362e-172
0.6195 	7.75113e-173
0.6202 	7.62818e-173
0.6209 	6.37779e-173
0.6216 	5.24371e-173
0.6223 	4.09442e-173
0.623 	2.94513e-173
0.6237 	1.79584e-173
0.6244 	6.95926e-174
0.6251 	7.10882e-174
0.6258 	5.94439e-174
0.6265 	4.9131e-174
0.6272 	3.86393e-174
0.6279 	2.81475e-174
0.6286 	1.76557e-174
0.6293 	7.16397e-175
0.63 	6.4273e-175
0.6307 	5.37654e-175
0.6314 	4.46621e-175
0.6321 	3.53658e-175
0.6328 	2.60696e-175
0.6335 	1.67733e-175
0.6342 	7.47711e-176
0.6349 	5.4584e-176
0.6356 	4.72578e-176
0.6363 	3.94012e-176
0.637 	3.14046e-176
0.6377 	2.34081e-176
0.6384 	1.54115e-176
0.6391 	7.41495e-177
0.6398 	4.49567e-177
0.6405 	4.04436e-177
0.6412 	3.37361e-177
0.6419 	2.70669e-177
0.6426 	2.03856e-177
0.6433 	1.37042e-177
0.644 	7.02282e-178
0.6447 	3.59086e-178
0.6454 	3.35954e-178
0.6461 	2.80339e-178
0.6468 	2.26412e-178
0.6475 	1.72194e-178
0.6482 	1.17975e-178
0.6489 	6.37567e-179
0.6496 	2.7821e-179
0.6503 	2.70928e-179
0.651 	2.26215e-179
0.6517 	1.83848e-179
0.6524 	1.41109e-179
0.6531 	9.837e-180
0.6538 	5.5631e-180
0.6545 	2.09121e-180
0.6552 	2.12156e-180
0.6559 	1.7729e-180
0.6566 	1.44942e-180
0.6573 	1.1221e-180
0.658 	7.94787e-181
0.6587 	4.67472e-181
0.6594 	1.52528e-181
0.6601 	1.61345e-181
0.6608 	1.34971e-181
0.6615 	1.10961e-181
0.6622 	8.66035e-182
0.6629 	6.22462e-182
0.6636 	3.78889e-182
0.6643 	1.35316e-182
0.665 	1.19185e-182
0.6657 	9.98276e-183
0.6664 	8.24993e-183
0.6671 	6.48848e-183
0.6678 	4.72703e-183
0.6685 	2.96558e-183
0.6692 	1.20413e-183
0.6699 	8.2393e-184
0.6706 	7.17967e-184
0.6713 	5.95782e-184
0.672 	4.71979e-184
0.6727 	3.48175e-184
0.6734 	2.24372e-184
0.6741 	1.00568e-184
0.6748 	5.52961e-185
0.6755 	5.02841e-185
0.6762 	4.17853e-185
0.6769 	3.33377e-185
0.6776 	2.48799e-185
0.6783 	1.64221e-185
0.679 	7.96435e-186
0.6797 	3.60314e-186
0.6804 	3.42116e-186
0.6811 	2.84678e-186
0.6818 	2.28683e-186
0.6825 	1.72517e-186
0.6832 	1.16351e-186
0.6839 	6.01848e-187
0.6846 	2.27975e-187
0.6853 	2.26138e-187
0.686 	1.88468e-187
0.6867 	1.52355e-187
0.6874 	1.16097e-187
0.6881 	7.98389e-188
0.6888 	4.35806e-188
0.6895 	1.40067e-188
0.6902 	1.4523e-188
0.6909 	1.21256e-188
0.6916 	9.85912e-189
0.6923 	7.58367e-189
0.693 	5.30822e-189
0.6937 	3.03276e-189
0.6944 	8.35706e-190
0.6951 	9.06275e-190
0.6958 	7.5616e-190
0.6965 	6.12889e-190
0.6972 	4.75209e-190
0.6979 	3.3753e-190
0.6986 	1.9985e-190
0.6993 	6.2171e-191
0.7 	5.41287e-191
