0 	1
0.0007 	1
0.0014 	1
0.0021 	1
0.0028 	1
0.0035 	1
0.0042 	1
0.0049 	1
0.0056 	1
0.0063 	1
0.007 	1
0.0077 	1
0.0084 	1
0.0091 	1
0.0098 	1
0.0105 	1
0.0112 	1
0.0119 	1
0.0126 	1
0.0133 	1
0.014 	1
0.0147 	1
0.0154 	1
0.0161 	1
0.0168 	1
0.0175 	1
0.0182 	1
0.0189 	1
0.0196 	1
0.0203 	1
0.021 	1
0.0217 	1
0.0224 	1
0.0231 	1
0.0238 	1
0.0245 	1
0.0252 	1
0.0259 	1
0.0266 	1
0.0273 	1
0.028 	1
0.0287 	1
0.0294 	1
0.0301 	1
0.0308 	1
0.0315 	1
0.0322 	1
0.0329 	1
0.0336 	1
0.0343 	1
0.035 	1
0.0357 	1
0.0364 	1
0.0371 	1
0.0378 	1
0.0385 	1
0.0392 	1
0.0399 	1
0.0406 	1
0.0413 	1
0.042 	1
0.0427 	1
0.0434 	1
0.0441 	1
0.0448 	1
0.0455 	1
0.0462 	1
0.0469 	1
0.0476 	1
0.0483 	1
0.049 	1
0.0497 	1
0.0504 	1
0.0511 	1
0.0518 	1
0.0525 	1
0.0532 	1
0.0539 	1
0.0546 	1
0.0553 	1
0.056 	1
0.0567 	1
0.0574 	1
0.0581 	1
0.0588 	1
0.0595 	1
0.0602 	1
0.0609 	1
0.0616 	1
0.0623 	1
0.063 	1
0.0637 	1
0.0644 	1
0.0651 	1
0.0658 	1
0.0665 	1
0.0672 	1
0.0679 	1
0.0686 	1
0.0693 	1
0.07 	1
0.0707 	1
0.0714 	1
0.0721 	1
0.0728 	1
0.0735 	1
0.0742 	1
0.0749 	1
0.0756 	1
0.0763 	1
0.077 	1
0.0777 	1
0.0784 	1
0.0791 	1
0.0798 	1
0.0805 	1
0.0812 	1
0.0819 	1
0.0826 	1
0.0833 	1
0.084 	1
0.0847 	1
0.0854 	1
0.0861 	1
0.0868 	1
0.0875 	1
0.0882 	1
0.0889 	1
0.0896 	1
0.0903 	1
0.091 	1
0.0917 	1
0.0924 	1
0.0931 	1
0.0938 	1
0.0945 	1
0.0952 	1
0.0959 	1
0.0966 	1
0.0973 	1
0.098 	1
0.0987 	1
0.0994 	1
0.1001 	1
0.1008 	1
0.1015 	1
0.1022 	1
0.1029 	1
0.1036 	1
0.1043 	1
0.105 	1
0.1057 	1
0.1064 	1
0.1071 	1
0.1078 	1
0.1085 	1
0.1092 	1
0.1099 	1
0.1106 	1
0.1113 	1
0.112 	1
0.1127 	1
0.1134 	1
0.1141 	1
0.1148 	1
0.1155 	1
0.1162 	1
0.1169 	1
0.1176 	1
0.1183 	1
0.119 	1
0.1197 	1
0.1204 	1
0.1211 	1
0.1218 	1
0.1225 	1
0.1232 	1
0.1239 	1
0.1246 	1
0.1253 	1
0.126 	1
0.1267 	1
0.1274 	1
0.1281 	1
0.1288 	1
0.1295 	1
0.1302 	1
0.1309 	1
0.1316 	1
0.1323 	1
0.133 	1
0.1337 	1
0.1344 	1
0.1351 	1
0.1358 	1
0.1365 	1
0.1372 	1
0.1379 	1
0.1386 	1
0.1393 	1
0.14 	1
0.1407 	1
0.1414 	1
0.1421 	1
0.1428 	1
0.1435 	1
0.1442 	1
0.1449 	1
0.1456 	1
0.1463 	1
0.147 	1
0.1477 	1
0.1484 	1
0.1491 	1
0.1498 	1
0.1505 	1
0.1512 	1
0.1519 	1
0.1526 	1
0.1533 	1
0.154 	1
0.1547 	1
0.1554 	1
0.1561 	1
0.1568 	1
0.1575 	1
0.1582 	1
0.1589 	1
0.1596 	1
0.1603 	1
0.161 	1
0.1617 	1
0.1624 	1
0.1631 	1
0.1638 	1
0.1645 	1
0.1652 	1
0.1659 	1
0.1666 	1
0.1673 	1
0.168 	1
0.1687 	1
0.1694 	1
0.1701 	1
0.1708 	1
0.1715 	1
0.1722 	1
0.1729 	1
0.1736 	1
0.1743 	1
0.175 	1
0.1757 	1
0.1764 	1
0.1771 	1
0.1778 	1
0.1785 	1
0.1792 	1
0.1799 	1
0.1806 	1
0.1813 	1
0.182 	1
0.1827 	1
0.1834 	1
0.1841 	1
0.1848 	1
0.1855 	1
0.1862 	1
0.1869 	1
0.1876 	1
0.1883 	1
0.189 	1
0.1897 	1
0.1904 	1
0.1911 	1
0.1918 	1
0.1925 	1
0.1932 	1
0.1939 	1
0.1946 	1
0.1953 	1
0.196 	1
0.1967 	1
0.1974 	1
0.1981 	1
0.1988 	1
0.1995 	1
0.2002 	1
0.2009 	1
0.2016 	1
0.2023 	1
0.203 	1
0.2037 	1
0.2044 	1
0.2051 	1
0.2058 	1
0.2065 	1
0.2072 	1
0.2079 	1
0.2086 	1
0.2093 	1
0.21 	1
0.2107 	1
0.2114 	1
0.2121 	1
0.2128 	1
0.2135 	1
0.2142 	1
0.2149 	1
0.2156 	1
0.2163 	1
0.217 	1
0.2177 	1
0.2184 	1
0.2191 	1
0.2198 	1
0.2205 	1
0.2212 	1
0.2219 	1
0.2226 	1
0.2233 	1
0.224 	1
0.2247 	1
0.2254 	1
0.2261 	1
0.2268 	1
0.2275 	1
0.2282 	1
0.2289 	1
0.2296 	1
0.2303 	1
0.231 	0.999999
0.2317 	0.999998
0.2324 	0.999997
0.2331 	0.999996
0.2338 	0.999994
0.2345 	0.999993
0.2352 	0.999991
0.2359 	0.999975
0.2366 	0.999954
0.2373 	0.999933
0.238 	0.999913
0.2387 	0.999892
0.2394 	0.999871
0.2401 	0.999829
0.2408 	0.999578
0.2415 	0.999174
0.2422 	0.998769
0.2429 	0.998365
0.2436 	0.997961
0.2443 	0.997556
0.245 	0.996758
0.2457 	0.9911
0.2464 	0.979087
0.2471 	0.967085
0.2478 	0.955082
0.2485 	0.943079
0.2492 	0.931076
0.2499 	0.911535
0.2506 	0.875523
0.2513 	0.821236
0.252 	0.766956
0.2527 	0.712675
0.2534 	0.658395
0.2541 	0.604115
0.2548 	0.541282
0.2555 	0.460605
0.2562 	0.403486
0.2569 	0.346358
0.2576 	0.289228
0.2583 	0.232099
0.259 	0.174969
0.2597 	0.122506
0.2604 	0.0983402
0.2611 	0.0830401
0.2618 	0.0677334
0.2625 	0.052425
0.2632 	0.0371165
0.2639 	0.021808
0.2646 	0.00649956
0.2653 	0.00527298
0.266 	0.00437556
0.2667 	0.00353611
0.2674 	0.00269649
0.2681 	0.00185687
0.2688 	0.00101725
0.2695 	0.000177634
0.2702 	4.50418e-05
0.2709 	3.73157e-05
0.2716 	3.02775e-05
0.2723 	2.32388e-05
0.273 	1.62001e-05
0.2737 	9.16146e-06
0.2744 	2.12279e-06
0.2751 	3.92816e-08
0.2758 	3.26979e-08
0.2765 	2.66859e-08
0.2772 	2.06767e-08
0.2779 	1.46674e-08
0.2786 	8.65808e-09
0.2793 	2.64879e-09
0.28 	2.49476e-12
0.2807 	2.08598e-12
0.2814 	1.71213e-12
0.2821 	1.33874e-12
0.2828 	9.6534e-13
0.2835 	5.91943e-13
0.2842 	2.18546e-13
0.2849 	9.82212e-17
0.2856 	8.38759e-17
0.2863 	6.92277e-17
0.287 	5.45918e-17
0.2877 	3.9956e-17
0.2884 	2.53201e-17
0.2891 	1.06843e-17
0.2898 	4.4412e-21
0.2905 	3.87766e-21
0.2912 	3.21767e-21
0.2919 	2.5576e-21
0.2926 	1.89752e-21
0.2933 	1.23745e-21
0.294 	5.77369e-22
0.2947 	1.96171e-25
0.2954 	1.75981e-25
0.2961 	1.46776e-25
0.2968 	1.17541e-25
0.2975 	8.82977e-26
0.2982 	5.90542e-26
0.2989 	2.98106e-26
0.2996 	5.67089e-28
0.3003 	7.44316e-30
0.301 	6.21745e-30
0.3017 	5.01441e-30
0.3024 	3.81021e-30
0.3031 	2.60601e-30
0.3038 	1.40181e-30
0.3045 	1.97614e-31
0.3052 	2.9049e-34
0.3059 	2.42998e-34
0.3066 	1.97304e-34
0.3073 	1.51513e-34
0.308 	1.05723e-34
0.3087 	5.99323e-35
0.3094 	1.41418e-35
0.3101 	1.05726e-38
0.3108 	8.85811e-39
0.3115 	7.23878e-39
0.3122 	5.6134e-39
0.3129 	3.98802e-39
0.3136 	2.36264e-39
0.3143 	7.37261e-40
0.315 	3.63792e-43
0.3157 	3.05282e-43
0.3164 	2.51013e-43
0.3171 	1.96425e-43
0.3178 	1.41838e-43
0.3185 	8.72507e-44
0.3192 	3.26633e-44
0.3199 	1.16336e-47
0.3206 	1.00567e-47
0.3213 	8.31788e-48
0.322 	6.56422e-48
0.3227 	4.81056e-48
0.3234 	3.0569e-48
0.3241 	1.30325e-48
0.3248 	3.57067e-52
0.3255 	3.18149e-52
0.3262 	2.64594e-52
0.3269 	2.10496e-52
0.3276 	1.56355e-52
0.3283 	1.02215e-52
0.329 	4.80746e-53
0.3297 	1.04924e-56
0.3304 	9.6467e-57
0.3311 	8.0637e-57
0.3318 	6.46491e-57
0.3325 	4.86182e-57
0.3332 	3.25873e-57
0.3339 	1.65564e-57
0.3346 	5.25509e-59
0.3353 	2.7945e-61
0.336 	2.3419e-61
0.3367 	1.89145e-61
0.3374 	1.43869e-61
0.3381 	9.8593e-62
0.3388 	5.33173e-62
0.3395 	8.04149e-63
0.3402 	7.67832e-66
0.3409 	6.44786e-66
0.3416 	5.24431e-66
0.3423 	4.03104e-66
0.343 	2.81776e-66
0.3437 	1.60449e-66
0.3444 	3.91224e-67
0.3451 	1.99409e-70
0.3458 	1.67819e-70
0.3465 	1.37411e-70
0.3472 	1.06652e-70
0.3479 	7.58928e-71
0.3486 	4.51334e-71
0.3493 	1.43741e-71
0.35 	4.89391e-75
0.3507 	4.12798e-75
0.3514 	3.40176e-75
0.3521 	2.6642e-75
0.3528 	1.92664e-75
0.3535 	1.18908e-75
0.3542 	4.51517e-76
0.3549 	1.09982e-79
0.3556 	9.6104e-80
0.3563 	7.96857e-80
0.357 	6.29346e-80
0.3577 	4.61836e-80
0.3584 	2.94325e-80
0.3591 	1.26814e-80
0.3598 	2.34188e-84
0.3605 	2.12192e-84
0.3612 	1.76925e-84
0.3619 	1.4088e-84
0.3626 	1.04775e-84
0.3633 	6.86698e-85
0.364 	3.25647e-85
0.3647 	4.73253e-89
0.3654 	4.45055e-89
0.3661 	3.72934e-89
0.3668 	2.99358e-89
0.3675 	2.25384e-89
0.3682 	1.51411e-89
0.3689 	7.7438e-90
0.3696 	3.46474e-91
0.3703 	8.88678e-94
0.371 	7.47103e-94
0.3717 	6.04315e-94
0.3724 	4.60147e-94
0.3731 	3.15979e-94
0.3738 	1.71811e-94
0.3745 	2.76432e-95
0.3752 	1.32132e-98
0.3759 	1.41573e-98
0.3766 	1.15566e-98
0.3773 	8.88458e-99
0.378 	6.21256e-99
0.3787 	3.54055e-99
0.3794 	8.68535e-100
0.3801 	-1.41444e-99
0.3808 	-1.79709e-101
0.3815 	-4.8019e-102
0.3822 	-4.8501e-102
0.3829 	-4.8983e-102
0.3836 	-4.9465e-102
0.3843 	-4.9947e-102
0.385 	-2.30516e-100
0.3857 	-3.31887e-102
0.3864 	-5.46048e-103
0.3871 	-5.46174e-103
0.3878 	-5.463e-103
0.3885 	-5.46426e-103
0.3892 	-5.46552e-103
0.3899 	-1.54517e-101
0.3906 	-4.12616e-103
0.3913 	-4.73236e-104
0.392 	-4.73344e-104
0.3927 	-4.73451e-104
0.3934 	-4.73558e-104
0.3941 	-4.73666e-104
0.3948 	-7.48957e-103
0.3955 	-4.04715e-104
0.3962 	-5.93722e-105
0.3969 	-3.47122e-105
0.3976 	-3.47199e-105
0.3983 	-3.47276e-105
0.399 	-3.47352e-105
0.3997 	-2.05577e-104
0.4004 	-3.32323e-105
0.4011 	-7.69657e-106
0.4018 	-2.22502e-106
0.4025 	-2.2255e-106
0.4032 	-2.22597e-106
0.4039 	-2.22644e-106
0.4046 	-2.22691e-106
0.4053 	-1.19632e-105
0.406 	-7.15206e-107
0.4067 	-1.27328e-107
0.4074 	-1.27354e-107
0.4081 	-1.27379e-107
0.4088 	-1.27404e-107
0.4095 	-1.27429e-107
0.4102 	-1.52229e-106
0.4109 	-5.38947e-108
0.4116 	-6.60984e-109
0.4123 	-6.611e-109
0.413 	-6.61217e-109
0.4137 	-6.61333e-109
0.4144 	-6.61449e-109
0.4151 	-1.15023e-107
0.4158 	-3.47978e-109
0.4165 	-3.15164e-110
0.4172 	-3.15209e-110
0.4179 	-3.15254e-110
0.4186 	-3.15299e-110
0.4193 	-3.15344e-110
0.42 	-6.88397e-109
0.4207 	-1.98699e-110
0.4214 	-1.39289e-111
0.4221 	-1.39302e-111
0.4228 	-1.39314e-111
0.4235 	-1.39327e-111
0.4242 	-1.3934e-111
0.4249 	-2.0335e-110
0.4256 	-1.02368e-111
0.4263 	-5.7387e-113
0.427 	-5.73879e-113
0.4277 	-5.73888e-113
0.4284 	-5.73897e-113
0.4291 	-5.73907e-113
0.4298 	-4.84665e-112
0.4305 	-4.81822e-113
0.4312 	-5.27491e-114
0.4319 	-2.20994e-114
0.4326 	-2.20973e-114
0.4333 	-2.20952e-114
0.434 	-2.20931e-114
0.4347 	-7.10801e-114
0.4354 	-2.08695e-114
0.4361 	-4.3386e-115
0.4368 	-7.96109e-116
0.4375 	-7.95904e-116
0.4382 	-7.95699e-116
0.4389 	-7.95494e-116
0.4396 	-7.95289e-116
0.4403 	-2.37803e-115
0.441 	-2.39534e-116
0.4417 	-2.68336e-117
0.4424 	-2.68203e-117
0.4431 	-2.6807e-117
0.4438 	-2.67937e-117
0.4445 	-2.67805e-117
0.4452 	-1.8172e-116
0.4459 	-1.08788e-117
0.4466 	-8.47063e-119
0.4473 	-8.46349e-119
0.448 	-8.45635e-119
0.4487 	-8.44921e-119
0.4494 	-8.44207e-119
0.4501 	-8.53031e-118
0.4508 	-4.31723e-119
0.4515 	-2.51135e-120
0.4522 	-2.50796e-120
0.4529 	-2.50456e-120
0.4536 	-2.50117e-120
0.4543 	-2.49778e-120
0.455 	-3.24301e-119
0.4557 	-1.54006e-120
0.4564 	-7.03058e-122
0.4571 	-7.01594e-122
0.4578 	-7.0013e-122
0.4585 	-6.98666e-122
0.4592 	-6.97202e-122
0.4599 	-6.18012e-121
0.4606 	-5.03052e-122
0.4613 	-1.87379e-123
0.462 	-1.86797e-123
0.4627 	-1.86216e-123
0.4634 	-1.85634e-123
0.4641 	-1.85052e-123
0.4648 	-9.62351e-123
0.4655 	-1.52839e-123
0.4662 	-1.46718e-124
0.4669 	-4.78282e-125
0.4676 	-4.76136e-125
0.4683 	-4.7399e-125
0.469 	-4.71844e-125
0.4697 	-9.61675e-125
0.4704 	-4.38489e-125
0.4711 	-8.72342e-126
0.4718 	-1.19073e-126
0.4725 	-1.18334e-126
0.4732 	-1.17596e-126
0.4739 	-1.16857e-126
0.4746 	-1.16118e-126
0.4753 	-2.19916e-126
0.476 	-3.38659e-127
0.4767 	-2.90858e-128
0.4774 	-2.88476e-128
0.4781 	-2.86095e-128
0.4788 	-2.83713e-128
0.4795 	-2.81331e-128
0.4802 	-1.09734e-127
0.4809 	-1.11672e-128
0.4816 	-7.0015e-130
0.4823 	-6.92944e-130
0.483 	-6.85738e-130
0.4837 	-6.78531e-130
0.4844 	-6.71325e-130
0.4851 	-3.58476e-129
0.4858 	-3.36502e-130
0.4865 	-1.6588e-131
0.4872 	-1.63829e-131
0.4879 	-1.61779e-131
0.4886 	-1.59728e-131
0.4893 	-1.57678e-131
0.49 	-9.96517e-131
0.4907 	-9.52923e-132
0.4914 	-3.84617e-133
0.4921 	-3.79122e-133
0.4928 	-3.73627e-133
0.4935 	-3.68132e-133
0.4942 	-3.62636e-133
0.4949 	-1.52422e-132
0.4956 	-2.56069e-133
0.4963 	-8.66249e-135
0.497 	-8.5236e-135
0.4977 	-8.3847e-135
0.4984 	-8.2458e-135
0.4991 	-8.10691e-135
0.4998 	-2.08474e-134
0.5005 	-6.53887e-135
0.5012 	-6.11339e-136
0.5019 	-1.84868e-136
0.5026 	-1.81552e-136
0.5033 	-1.78237e-136
0.504 	-1.74921e-136
0.5047 	-2.25548e-136
0.5054 	-1.58421e-136
0.5061 	-3.11732e-137
0.5068 	-3.84714e-138
0.5075 	-3.77231e-138
0.5082 	-3.69749e-138
0.5089 	-3.62266e-138
0.5096 	-3.54783e-138
0.5103 	-4.48805e-138
0.511 	-1.01366e-138
0.5117 	-7.65433e-140
0.5124 	-7.49446e-140
0.5131 	-7.3346e-140
0.5138 	-7.17474e-140
0.5145 	-7.01487e-140
0.5152 	-1.50886e-139
0.5159 	-2.7274e-140
0.5166 	-1.45314e-141
0.5173 	-1.42077e-141
0.518 	-1.38841e-141
0.5187 	-1.35604e-141
0.5194 	-1.32367e-141
0.5201 	-3.83275e-141
0.5208 	-6.49666e-142
0.5215 	-2.63013e-143
0.5222 	-2.56796e-143
0.5229 	-2.50579e-143
0.5236 	-2.44362e-143
0.5243 	-2.38145e-143
0.525 	-8.38909e-143
0.5257 	-1.40882e-143
0.5264 	-4.5381e-145
0.5271 	-4.4247e-145
0.5278 	-4.3113e-145
0.5285 	-4.1979e-145
0.5292 	-4.0845e-145
0.5299 	-1.05821e-144
0.5306 	-2.82229e-145
0.5313 	-7.46716e-147
0.532 	-7.27054e-147
0.5327 	-7.07392e-147
0.5334 	-6.8773e-147
0.5341 	-6.68069e-147
0.5348 	-1.19111e-146
0.5355 	-5.26989e-147
0.5362 	-4.60535e-148
0.5369 	-1.13999e-148
0.5376 	-1.10756e-148
0.5383 	-1.07512e-148
0.539 	-1.04268e-148
0.5397 	-1.13171e-148
0.5404 	-9.22746e-149
0.5411 	-1.77224e-149
0.5418 	-1.70689e-150
0.5425 	-1.65594e-150
0.5432 	-1.60498e-150
0.5439 	-1.55403e-150
0.5446 	-1.50307e-150
0.5453 	-1.6477e-150
0.546 	-4.18829e-151
0.5467 	-2.44243e-152
0.5474 	-2.36613e-152
0.5481 	-2.28983e-152
0.5488 	-2.21353e-152
0.5495 	-2.13723e-152
0.5502 	-3.47438e-152
0.5509 	-8.13262e-153
0.5516 	-3.3426e-154
0.5523 	-3.23359e-154
0.553 	-3.12459e-154
0.5537 	-3.01559e-154
0.5544 	-2.90659e-154
0.5551 	-6.01897e-154
0.5558 	-1.39771e-154
0.5565 	-4.37846e-156
0.5572 	-4.22974e-156
0.5579 	-4.08102e-156
0.5586 	-3.93231e-156
0.5593 	-3.78359e-156
0.56 	-9.22935e-156
0.5607 	-2.19277e-156
0.5614 	-5.49347e-158
0.5621 	-5.2995e-158
0.5628 	-5.10553e-158
0.5635 	-4.91156e-158
0.5642 	-4.71759e-158
0.5649 	-8.8712e-158
0.5656 	-3.19079e-158
0.5663 	-6.60637e-160
0.567 	-6.36426e-160
0.5677 	-6.12214e-160
0.5684 	-5.88002e-160
0.5691 	-5.6379e-160
0.5698 	-7.89266e-160
0.5705 	-4.34766e-160
0.5712 	-3.60772e-161
0.5719 	-7.3307e-162
0.5726 	-7.04117e-162
0.5733 	-6.75165e-162
0.574 	-6.46212e-162
0.5747 	-6.39858e-162
0.5754 	-5.58145e-162
0.5761 	-1.05385e-162
0.5768 	-8.10444e-164
0.5775 	-7.77242e-164
0.5782 	-7.44039e-164
0.5789 	-7.10837e-164
0.5796 	-6.77635e-164
0.5803 	-6.91443e-164
0.581 	-1.84947e-164
0.5817 	-8.60564e-166
0.5824 	-8.24014e-166
0.5831 	-7.87463e-166
0.5838 	-7.50913e-166
0.5845 	-7.14363e-166
0.5852 	-9.46513e-166
0.5859 	-2.66644e-166
0.5866 	-8.78292e-168
0.5873 	-8.39635e-168
0.588 	-8.00978e-168
0.5887 	-7.62321e-168
0.5894 	-7.23663e-168
0.5901 	-1.14055e-167
0.5908 	-3.41217e-168
0.5915 	-8.62205e-170
0.5922 	-8.22894e-170
0.5929 	-7.83583e-170
0.5936 	-7.44271e-170
0.5943 	-7.0496e-170
0.595 	-1.25434e-169
0.5957 	-4.00035e-170
0.5964 	-8.14734e-172
0.5971 	-7.76273e-172
0.5978 	-7.37812e-172
0.5985 	-6.99351e-172
0.5992 	-6.6089e-172
0.5999 	-9.60346e-172
0.6006 	-4.36752e-172
0.6013 	-7.41576e-174
0.602 	-7.05357e-174
0.6027 	-6.69138e-174
0.6034 	-6.32919e-174
0.6041 	-5.967e-174
0.6048 	-7.00944e-174
0.6055 	-4.48394e-174
0.6062 	-3.5943e-175
0.6069 	-6.1774e-176
0.6076 	-5.84899e-176
0.6083 	-5.52059e-176
0.609 	-5.19219e-176
0.6097 	-4.87585e-176
0.6104 	-4.35641e-176
0.6111 	-8.13599e-177
0.6118 	-5.21723e-178
0.6125 	-4.93048e-178
0.6132 	-4.64374e-178
0.6139 	-4.35699e-178
0.6146 	-4.07024e-178
0.6153 	-4.0231e-178
0.616 	-1.09118e-178
0.6167 	-4.25108e-180
0.6174 	-4.00995e-180
0.6181 	-3.76883e-180
0.6188 	-3.5277e-180
0.6195 	-3.28658e-180
0.6202 	-3.79268e-180
0.6209 	-1.20388e-180
0.6216 	-3.34283e-182
0.6223 	-3.14757e-182
0.623 	-2.95232e-182
0.6237 	-2.75706e-182
0.6244 	-2.5618e-182
0.6251 	-3.29526e-182
0.6258 	-1.18276e-182
0.6265 	-2.5373e-184
0.6272 	-2.38505e-184
0.6279 	-2.23281e-184
0.6286 	-2.08056e-184
0.6293 	-1.92831e-184
0.63 	-2.67857e-184
0.6307 	-1.06836e-184
0.6314 	-1.85915e-186
0.6321 	-1.74486e-186
0.6328 	-1.63057e-186
0.6335 	-1.51628e-186
0.6342 	-1.402e-186
0.6349 	-1.68311e-186
0.6356 	-9.01756e-187
0.6363 	-1.31509e-188
0.637 	-1.2325e-188
0.6377 	-1.14991e-188
0.6384 	-1.06732e-188
0.6391 	-9.8473e-189
0.6398 	-1.02485e-188
0.6405 	-7.17919e-189
0.6412 	-5.62044e-190
0.6419 	-8.4057e-191
0.6426 	-7.83119e-191
0.6433 	-7.25668e-191
0.644 	-6.68217e-191
0.6447 	-6.10765e-191
0.6454 	-5.42306e-191
0.6461 	-1.00508e-191
0.6468 	-5.53475e-193
0.6475 	-5.15005e-193
0.6482 	-4.76536e-193
0.6489 	-4.38066e-193
0.6496 	-3.99597e-193
0.6503 	-3.90216e-193
0.651 	-1.05398e-193
0.6517 	-3.5182e-195
0.6524 	-3.27022e-195
0.6531 	-3.02224e-195
0.6538 	-2.77425e-195
0.6545 	-2.52627e-195
0.6552 	-2.67414e-195
0.6559 	-9.08865e-196
0.6566 	-2.15868e-197
0.6573 	-2.00477e-197
0.658 	-1.85086e-197
0.6587 	-1.69695e-197
0.6594 	-1.54304e-197
0.6601 	-1.73094e-197
0.6608 	-6.98211e-198
0.6615 	-1.27832e-199
0.6622 	-1.18632e-199
0.6629 	-1.09433e-199
0.6636 	-1.00234e-199
0.6643 	-9.10351e-200
0.665 	-1.06376e-199
0.6657 	-4.93324e-200
0.6664 	-7.30447e-202
0.6671 	-6.77491e-202
0.6678 	-6.24535e-202
0.6685 	-5.71578e-202
0.6692 	-5.18622e-202
0.6699 	-5.49396e-202
0.6706 	-3.257e-202
0.6713 	-4.02668e-204
0.672 	-3.73303e-204
0.6727 	-3.43938e-204
0.6734 	-3.14572e-204
0.6741 	-2.85207e-204
0.6748 	-2.75621e-204
0.6755 	-2.02732e-204
0.6762 	-1.55032e-205
0.6769 	-1.98409e-206
0.6776 	-1.82722e-206
0.6783 	-1.67036e-206
0.679 	-1.51349e-206
0.6797 	-1.35663e-206
0.6804 	-1.19625e-206
0.6811 	-2.2e-207
0.6818 	-1.01689e-208
0.6825 	-9.36164e-209
0.6832 	-8.55443e-209
0.6839 	-7.74722e-209
0.6846 	-6.94001e-209
0.6853 	-6.71498e-209
0.686 	-1.80602e-209
0.6867 	-5.02406e-211
0.6874 	-4.62396e-211
0.6881 	-4.22387e-211
0.6888 	-3.82377e-211
0.6895 	-3.42368e-211
0.6902 	-3.45336e-211
0.6909 	-1.21469e-211
0.6916 	-2.39204e-213
0.6923 	-2.20107e-213
0.693 	-2.0101e-213
0.6937 	-1.81913e-213
0.6944 	-1.62815e-213
0.6951 	-1.68242e-213
0.6958 	-7.2958e-214
0.6965 	-1.78304e-215
0.6972 	-1.69568e-215
0.6979 	-1.60832e-215
0.6986 	-1.52096e-215
0.6993 	-1.4336e-215
0.7 	-1.55792e-215
