0 	1
0.0007 	1
0.0014 	1
0.0021 	1
0.0028 	1
0.0035 	1
0.0042 	1
0.0049 	1
0.0056 	1
0.0063 	1
0.007 	1
0.0077 	1
0.0084 	1
0.0091 	1
0.0098 	1
0.0105 	1
0.0112 	1
0.0119 	1
0.0126 	1
0.0133 	1
0.014 	1
0.0147 	1
0.0154 	1
0.0161 	1
0.0168 	1
0.0175 	1
0.0182 	1
0.0189 	1
0.0196 	1
0.0203 	1
0.021 	1
0.0217 	1
0.0224 	1
0.0231 	1
0.0238 	1
0.0245 	1
0.0252 	1
0.0259 	1
0.0266 	1
0.0273 	1
0.028 	1
0.0287 	1
0.0294 	1
0.0301 	1
0.0308 	1
0.0315 	1
0.0322 	1
0.0329 	1
0.0336 	1
0.0343 	1
0.035 	1
0.0357 	1
0.0364 	1
0.0371 	1
0.0378 	1
0.0385 	1
0.0392 	1
0.0399 	1
0.0406 	1
0.0413 	1
0.042 	1
0.0427 	1
0.0434 	1
0.0441 	1
0.0448 	1
0.0455 	1
0.0462 	1
0.0469 	1
0.0476 	1
0.0483 	1
0.049 	1
0.0497 	1
0.0504 	1
0.0511 	1
0.0518 	1
0.0525 	1
0.0532 	1
0.0539 	1
0.0546 	1
0.0553 	1
0.056 	1
0.0567 	1
0.0574 	1
0.0581 	1
0.0588 	1
0.0595 	1
0.0602 	1
0.0609 	1
0.0616 	1
0.0623 	1
0.063 	1
0.0637 	1
0.0644 	1
0.0651 	1
0.0658 	1
0.0665 	1
0.0672 	1
0.0679 	1
0.0686 	1
0.0693 	1
0.07 	1
0.0707 	1
0.0714 	1
0.0721 	1
0.0728 	1
0.0735 	1
0.0742 	1
0.0749 	1
0.0756 	1
0.0763 	1
0.077 	1
0.0777 	1
0.0784 	1
0.0791 	1
0.0798 	1
0.0805 	1
0.0812 	1
0.0819 	1
0.0826 	1
0.0833 	1
0.084 	1
0.0847 	1
0.0854 	1
0.0861 	1
0.0868 	1
0.0875 	1
0.0882 	1
0.0889 	1
0.0896 	1
0.0903 	1
0.091 	1
0.0917 	1
0.0924 	1
0.0931 	1
0.0938 	1
0.0945 	1
0.0952 	1
0.0959 	1
0.0966 	1
0.0973 	1
0.098 	1
0.0987 	1
0.0994 	1
0.1001 	1
0.1008 	1
0.1015 	1
0.1022 	1
0.1029 	1
0.1036 	1
0.1043 	1
0.105 	1
0.1057 	1
0.1064 	1
0.1071 	1
0.1078 	1
0.1085 	1
0.1092 	1
0.1099 	1
0.1106 	1
0.1113 	1
0.112 	1
0.1127 	1
0.1134 	1
0.1141 	1
0.1148 	1
0.1155 	1
0.1162 	1
0.1169 	1
0.1176 	1
0.1183 	1
0.119 	1
0.1197 	1
0.1204 	1
0.1211 	1
0.1218 	1
0.1225 	1
0.1232 	1
0.1239 	1
0.1246 	1
0.1253 	1
0.126 	1
0.1267 	1
0.1274 	1
0.1281 	1
0.1288 	1
0.1295 	1
0.1302 	1
0.1309 	1
0.1316 	1
0.1323 	1
0.133 	1
0.1337 	1
0.1344 	1
0.1351 	1
0.1358 	1
0.1365 	1
0.1372 	1
0.1379 	1
0.1386 	1
0.1393 	1
0.14 	1
0.1407 	1
0.1414 	1
0.1421 	1
0.1428 	1
0.1435 	1
0.1442 	1
0.1449 	1
0.1456 	1
0.1463 	1
0.147 	1
0.1477 	1
0.1484 	1
0.1491 	1
0.1498 	1
0.1505 	1
0.1512 	1
0.1519 	1
0.1526 	1
0.1533 	1
0.154 	1
0.1547 	1
0.1554 	1
0.1561 	1
0.1568 	1
0.1575 	1
0.1582 	1
0.1589 	1
0.1596 	1
0.1603 	1
0.161 	1
0.1617 	1
0.1624 	1
0.1631 	1
0.1638 	1
0.1645 	1
0.1652 	1
0.1659 	1
0.1666 	1
0.1673 	1
0.168 	1
0.1687 	1
0.1694 	1
0.1701 	1
0.1708 	1
0.1715 	1
0.1722 	1
0.1729 	1
0.1736 	1
0.1743 	1
0.175 	1
0.1757 	1
0.1764 	1
0.1771 	1
0.1778 	1
0.1785 	1
0.1792 	1
0.1799 	1
0.1806 	1
0.1813 	1
0.182 	1
0.1827 	1
0.1834 	1
0.1841 	1
0.1848 	1
0.1855 	1
0.1862 	1
0.1869 	1
0.1876 	1
0.1883 	1
0.189 	1
0.1897 	1
0.1904 	1
0.1911 	1
0.1918 	1
0.1925 	1
0.1932 	1
0.1939 	1
0.1946 	1
0.1953 	1
0.196 	1
0.1967 	1
0.1974 	1
0.1981 	1
0.1988 	1
0.1995 	1
0.2002 	1
0.2009 	1
0.2016 	1
0.2023 	1
0.203 	1
0.2037 	1
0.2044 	1
0.2051 	1
0.2058 	1
0.2065 	1
0.2072 	1
0.2079 	1
0.2086 	1
0.2093 	1
0.21 	1
0.2107 	1
0.2114 	1
0.2121 	1
0.2128 	1
0.2135 	1
0.2142 	1
0.2149 	1
0.2156 	1
0.2163 	1
0.217 	1
0.2177 	1
0.2184 	1
0.2191 	1
0.2198 	1
0.2205 	1
0.2212 	1
0.2219 	1
0.2226 	1
0.2233 	1
0.224 	1
0.2247 	1
0.2254 	1
0.2261 	1
0.2268 	1
0.2275 	1
0.2282 	1
0.2289 	1
0.2296 	1
0.2303 	1
0.231 	0.999999
0.2317 	0.999998
0.2324 	0.999998
0.2331 	0.999997
0.2338 	0.999996
0.2345 	0.999996
0.2352 	0.999844
0.2359 	0.999315
0.2366 	0.998786
0.2373 	0.998257
0.238 	0.997729
0.2387 	0.9972
0.2394 	0.996671
0.2401 	0.993376
0.2408 	0.973476
0.2415 	0.953575
0.2422 	0.933676
0.2429 	0.913777
0.2436 	0.893877
0.2443 	0.873978
0.245 	0.854078
0.2457 	0.784975
0.2464 	0.715871
0.2471 	0.646768
0.2478 	0.577664
0.2485 	0.508561
0.2492 	0.439457
0.2499 	0.370354
0.2506 	0.317536
0.2513 	0.267438
0.252 	0.217338
0.2527 	0.167238
0.2534 	0.117138
0.2541 	0.0670376
0.2548 	0.0169376
0.2555 	0.00236422
0.2562 	0.00199773
0.2569 	0.00162983
0.2576 	0.00126183
0.2583 	0.00089383
0.259 	0.000525828
0.2597 	0.000157825
0.2604 	1.19994e-07
0.2611 	1.01648e-07
0.2618 	8.33843e-08
0.2625 	6.51438e-08
0.2632 	4.69033e-08
0.2639 	2.86629e-08
0.2646 	1.04224e-08
0.2653 	2.33583e-13
0.266 	1.97981e-13
0.2667 	1.63034e-13
0.2674 	1.28451e-13
0.2681 	9.38674e-14
0.2688 	5.92841e-14
0.2695 	2.47008e-14
0.2702 	3.27081e-19
0.2709 	2.77082e-19
0.2716 	2.28555e-19
0.2723 	1.81499e-19
0.273 	1.34443e-19
0.2737 	8.73874e-20
0.2744 	4.03314e-20
0.2751 	4.22286e-25
0.2758 	3.5727e-25
0.2765 	2.94443e-25
0.2772 	2.35553e-25
0.2779 	1.76664e-25
0.2786 	1.17775e-25
0.2793 	5.88861e-26
0.28 	3.04012e-31
0.2807 	2.56767e-31
0.2814 	2.10866e-31
0.2821 	1.69864e-31
0.2828 	1.28862e-31
0.2835 	8.78595e-32
0.2842 	4.68574e-32
0.2849 	5.85526e-33
0.2856 	1.3725e-37
0.2863 	1.11984e-37
0.287 	9.07977e-38
0.2877 	6.96113e-38
0.2884 	4.84249e-38
0.2891 	2.72385e-38
0.2898 	6.0521e-39
0.2905 	5.7622e-44
0.2912 	4.67304e-44
0.2919 	3.79872e-44
0.2926 	2.94094e-44
0.2933 	2.08315e-44
0.294 	1.22536e-44
0.2947 	3.67575e-45
0.2954 	1.7581e-50
0.2961 	1.41659e-50
0.2968 	1.14637e-50
0.2975 	8.95602e-51
0.2982 	6.44829e-51
0.2989 	3.94057e-51
0.2996 	1.43284e-51
0.3003 	4.08381e-57
0.301 	3.26046e-57
0.3017 	2.61043e-57
0.3024 	2.0567e-57
0.3031 	1.50296e-57
0.3038 	9.49228e-58
0.3045 	3.95493e-58
0.3052 	7.19546e-64
0.3059 	5.68264e-64
0.3066 	4.46644e-64
0.3073 	3.54687e-64
0.308 	2.6273e-64
0.3087 	1.70772e-64
0.3094 	7.88152e-65
0.3101 	9.27277e-71
0.3108 	7.20596e-71
0.3115 	5.48547e-71
0.3122 	4.38836e-71
0.3129 	3.29126e-71
0.3136 	2.19415e-71
0.3143 	1.09704e-71
0.315 	9.95717e-78
0.3157 	7.66482e-78
0.3164 	5.63015e-78
0.3171 	4.53539e-78
0.3178 	3.44062e-78
0.3185 	2.34586e-78
0.3192 	1.25109e-78
0.3199 	1.56331e-79
0.3206 	6.26599e-85
0.3213 	4.45135e-85
0.322 	3.6092e-85
0.3227 	2.76704e-85
0.3234 	1.92488e-85
0.3241 	1.08272e-85
0.3248 	2.40567e-86
0.3255 	5.25414e-92
0.3262 	3.88393e-92
0.3269 	3.1298e-92
0.3276 	2.42306e-92
0.3283 	1.71632e-92
0.329 	1.00958e-92
0.3297 	3.02846e-93
0.3304 	4.31882e-99
0.3311 	3.48598e-99
0.3318 	2.82241e-99
0.3325 	2.205e-99
0.3332 	1.58759e-99
0.3339 	9.70178e-100
0.3346 	3.52769e-100
0.3353 	3.94281e-106
0.336 	3.42954e-106
0.3367 	2.85668e-106
0.3374 	2.25071e-106
0.3381 	1.64474e-106
0.3388 	1.03877e-106
0.3395 	4.32799e-107
0.3402 	3.58407e-113
0.3409 	3.22937e-113
0.3416 	2.76716e-113
0.3423 	2.19745e-113
0.343 	1.62773e-113
0.3437 	1.05801e-113
0.3444 	4.88295e-114
0.3451 	2.78787e-120
0.3458 	2.54936e-120
0.3465 	2.2363e-120
0.3472 	1.78903e-120
0.3479 	1.34177e-120
0.3486 	8.94503e-121
0.3493 	4.47238e-121
0.35 	2.08068e-127
0.3507 	1.91128e-127
0.3514 	1.70748e-127
0.3521 	1.37547e-127
0.3528 	1.04345e-127
0.3535 	7.1144e-128
0.3542 	3.79425e-128
0.3549 	4.74107e-129
0.3556 	1.14147e-134
0.3563 	1.03614e-134
0.357 	8.40108e-135
0.3577 	6.4408e-135
0.3584 	4.48052e-135
0.3591 	2.52024e-135
0.3598 	5.5996e-136
0.3605 	-6.08784e-142
0.3612 	3.20973e-142
0.3619 	3.14079e-142
0.3626 	2.35135e-142
0.3633 	1.56191e-142
0.364 	7.7247e-143
0.3647 	-1.69711e-144
0.3654 	-3.35825e-143
0.3661 	-3.01866e-143
0.3668 	-2.51408e-143
0.3675 	-1.96451e-143
0.3682 	-1.41494e-143
0.3689 	-8.65368e-144
0.3696 	-3.15797e-144
0.3703 	-1.71883e-146
0.371 	-1.55311e-146
0.3717 	-1.31474e-146
0.3724 	-1.036e-146
0.3731 	-7.57258e-147
0.3738 	-4.78517e-147
0.3745 	-1.99776e-147
0.3752 	-6.74311e-150
0.3759 	-6.0997e-150
0.3766 	-5.23895e-150
0.3773 	-4.16083e-150
0.378 	-3.08271e-150
0.3787 	-2.0046e-150
0.3794 	-9.2648e-151
0.3801 	-2.41387e-153
0.3808 	-2.18734e-153
0.3815 	-1.90564e-153
0.3822 	-1.52466e-153
0.3829 	-1.14368e-153
0.3836 	-7.62696e-154
0.3843 	-3.81715e-154
0.385 	-8.34271e-157
0.3857 	-6.86714e-157
0.3864 	-6.06494e-157
0.3871 	-4.88604e-157
0.3878 	-3.70714e-157
0.3885 	-2.52824e-157
0.3892 	-1.34934e-157
0.3899 	-1.70434e-158
0.3906 	-1.92587e-160
0.3913 	-1.7234e-160
0.392 	-1.39744e-160
0.3927 	-1.07149e-160
0.3934 	-7.4553e-161
0.3941 	-4.19572e-161
0.3948 	-9.36153e-162
0.3955 	-4.71441e-164
0.3962 	-4.2497e-164
0.3969 	-3.48582e-164
0.3976 	-2.69893e-164
0.3983 	-1.91204e-164
0.399 	-1.12515e-164
0.3997 	-3.38253e-165
0.4004 	-1.00642e-167
0.4011 	-9.08706e-168
0.4018 	-7.5759e-168
0.4025 	-5.91909e-168
0.4032 	-4.26228e-168
0.4039 	-2.60547e-168
0.4046 	-9.48656e-169
0.4053 	-1.92832e-171
0.406 	-1.74379e-171
0.4067 	-1.47657e-171
0.4074 	-1.16343e-171
0.4081 	-8.50281e-172
0.4088 	-5.37135e-172
0.4095 	-2.2399e-172
0.4102 	-3.25152e-175
0.4109 	-2.94469e-175
0.4116 	-2.5308e-175
0.4123 	-2.00985e-175
0.413 	-1.48889e-175
0.4137 	-9.67939e-176
0.4144 	-4.46986e-176
0.4151 	-4.79917e-179
0.4158 	-4.35235e-179
0.4165 	-3.79414e-179
0.4172 	-3.03543e-179
0.4179 	-2.27672e-179
0.4186 	-1.51801e-179
0.4193 	-7.59293e-180
0.42 	-7.05368e-183
0.4207 	-5.69519e-183
0.4214 	-5.03235e-183
0.4221 	-4.05396e-183
0.4228 	-3.07558e-183
0.4235 	-2.0972e-183
0.4242 	-1.11882e-183
0.4249 	-1.40435e-184
0.4256 	-6.68328e-187
0.4263 	-5.98208e-187
0.427 	-4.85046e-187
0.4277 	-3.71884e-187
0.4284 	-2.58723e-187
0.4291 	-1.45561e-187
0.4298 	-3.23992e-188
0.4305 	-6.93461e-191
0.4312 	-6.25055e-191
0.4319 	-5.12683e-191
0.4326 	-3.96929e-191
0.4333 	-2.81176e-191
0.434 	-1.65422e-191
0.4347 	-4.96685e-192
0.4354 	-6.32981e-195
0.4361 	-5.71308e-195
0.4368 	-4.76245e-195
0.4375 	-3.72077e-195
0.4382 	-2.67909e-195
0.4389 	-1.6374e-195
0.4396 	-5.95721e-196
0.4403 	-5.15637e-199
0.441 	-4.65958e-199
0.4417 	-3.94434e-199
0.4424 	-3.10773e-199
0.4431 	-2.27112e-199
0.4438 	-1.43452e-199
0.4445 	-5.97911e-200
0.4452 	-3.76161e-203
0.4459 	-3.40295e-203
0.4466 	-2.92277e-203
0.4473 	-2.32107e-203
0.448 	-1.71937e-203
0.4487 	-1.11766e-203
0.4494 	-5.15957e-204
0.4501 	-2.44533e-207
0.4508 	-2.21459e-207
0.4515 	-1.92852e-207
0.4522 	-1.54284e-207
0.4529 	-1.15716e-207
0.4536 	-7.71478e-208
0.4543 	-3.85798e-208
0.455 	-1.66726e-211
0.4557 	-1.28054e-211
0.4564 	-1.12991e-211
0.4571 	-9.10216e-212
0.4578 	-6.90523e-212
0.4585 	-4.7083e-212
0.4592 	-2.51137e-212
0.4599 	-3.14435e-213
0.4606 	-6.63765e-216
0.4613 	-5.93013e-216
0.462 	-4.80827e-216
0.4627 	-3.6864e-216
0.4634 	-2.56453e-216
0.4641 	-1.44266e-216
0.4648 	-3.20796e-217
0.4655 	-3.08487e-220
0.4662 	-2.77408e-220
0.4669 	-2.27491e-220
0.4676 	-1.76124e-220
0.4683 	-1.24758e-220
0.469 	-7.33911e-221
0.4697 	-2.20247e-221
0.4704 	-1.28394e-224
0.4711 	-1.15574e-224
0.4718 	-9.62793e-225
0.4725 	-7.52191e-225
0.4732 	-5.41588e-225
0.4739 	-3.30985e-225
0.4746 	-1.20382e-225
0.4753 	-4.87806e-229
0.476 	-4.39741e-229
0.4767 	-3.71867e-229
0.4774 	-2.92989e-229
0.4781 	-2.14111e-229
0.4788 	-1.35232e-229
0.4795 	-5.63541e-230
0.4802 	-1.67823e-233
0.4809 	-1.51531e-233
0.4816 	-1.30002e-233
0.4823 	-1.03238e-233
0.483 	-7.64735e-234
0.4837 	-4.97091e-234
0.4844 	-2.29447e-234
0.4851 	-5.28888e-238
0.4858 	-4.7841e-238
0.4865 	-4.16229e-238
0.4872 	-3.32986e-238
0.4879 	-2.49742e-238
0.4886 	-1.66498e-238
0.4893 	-8.3254e-239
0.49 	-1.89195e-242
0.4907 	-1.37064e-242
0.4914 	-1.20884e-242
0.4921 	-9.73793e-243
0.4928 	-7.38746e-243
0.4935 	-5.03698e-243
0.4942 	-2.68651e-243
0.4949 	-3.36034e-244
0.4956 	-3.62407e-247
0.4963 	-3.2391e-247
0.497 	-2.62631e-247
0.4977 	-2.01352e-247
0.4984 	-1.40073e-247
0.4991 	-7.87935e-248
0.4998 	-1.75144e-248
0.5005 	-9.19066e-252
0.5012 	-8.28702e-252
0.5019 	-6.79727e-252
0.5026 	-5.26244e-252
0.5033 	-3.7276e-252
0.504 	-2.19276e-252
0.5047 	-6.57927e-253
0.5054 	-2.2055e-256
0.5061 	-1.996e-256
0.5068 	-1.66494e-256
0.5075 	-1.30074e-256
0.5082 	-9.36544e-257
0.5089 	-5.72344e-257
0.5096 	-2.08144e-257
0.5103 	-4.97311e-261
0.511 	-4.51731e-261
0.5117 	-3.83199e-261
0.5124 	-3.01916e-261
0.5131 	-2.20632e-261
0.5138 	-1.39349e-261
0.5145 	-5.80654e-262
0.5152 	-1.04377e-265
0.5159 	-9.51295e-266
0.5166 	-8.20587e-266
0.5173 	-6.51644e-266
0.518 	-4.82702e-266
0.5187 	-3.1376e-266
0.5194 	-1.44818e-266
0.5201 	-2.0396e-270
0.5208 	-1.86399e-270
0.5215 	-1.63437e-270
0.5222 	-1.3075e-270
0.5229 	-9.80626e-271
0.5236 	-6.53757e-271
0.5243 	-3.26887e-271
0.525 	-5.02223e-275
0.5257 	-3.4193e-275
0.5264 	-3.04661e-275
0.5271 	-2.45422e-275
0.5278 	-1.86183e-275
0.5285 	-1.26944e-275
0.5292 	-6.77049e-276
0.5299 	-8.4657e-277
0.5306 	-6.05042e-280
0.5313 	-5.47641e-280
0.532 	-4.44034e-280
0.5327 	-3.40427e-280
0.5334 	-2.3682e-280
0.5341 	-1.33213e-280
0.5348 	-2.96063e-281
0.5355 	-9.89038e-285
0.5362 	-9.03065e-285
0.5369 	-7.41458e-285
0.5376 	-5.74034e-285
0.5383 	-4.06609e-285
0.539 	-2.39184e-285
0.5397 	-7.1759e-286
0.5404 	-1.47253e-289
0.5411 	-1.34707e-289
0.5418 	-1.12656e-289
0.5425 	-8.80124e-290
0.5432 	-6.33691e-290
0.5439 	-3.87258e-290
0.5446 	-1.40825e-290
0.5453 	-1.99167e-294
0.546 	-1.82484e-294
0.5467 	-1.55343e-294
0.5474 	-1.22392e-294
0.5481 	-8.94404e-295
0.5488 	-5.64889e-295
0.5495 	-2.35373e-295
0.5502 	-2.44947e-299
0.5509 	-2.24737e-299
0.5516 	-1.946e-299
0.5523 	-1.54535e-299
0.553 	-1.14471e-299
0.5537 	-7.44061e-300
0.5544 	-3.43415e-300
0.5551 	-2.75061e-304
0.5558 	-2.52682e-304
0.5565 	-2.2241e-304
0.5572 	-1.77928e-304
0.5579 	-1.33446e-304
0.5586 	-8.89641e-305
0.5593 	-4.44822e-305
0.56 	-4.35867e-309
0.5607 	-2.66092e-309
0.5614 	-2.37927e-309
0.5621 	-1.91664e-309
0.5628 	-1.454e-309
0.5635 	-9.91364e-310
0.5642 	-5.28728e-310
0.5649 	-6.60912e-311
0.5656 	-2.58085e-314
0.5663 	-2.34282e-314
0.567 	-1.89958e-314
0.5677 	-1.45634e-314
0.5684 	-1.0131e-314
0.5691 	-5.69855e-315
0.5698 	-1.26614e-315
0.5705 	0
0.5712 	0
0.5719 	0
0.5726 	0
0.5733 	0
0.574 	0
0.5747 	0
0.5754 	0
0.5761 	0
0.5768 	0
0.5775 	0
0.5782 	0
0.5789 	0
0.5796 	0
0.5803 	0
0.581 	0
0.5817 	0
0.5824 	0
0.5831 	0
0.5838 	0
0.5845 	0
0.5852 	0
0.5859 	0
0.5866 	0
0.5873 	0
0.588 	0
0.5887 	0
0.5894 	0
0.5901 	0
0.5908 	0
0.5915 	0
0.5922 	0
0.5929 	0
0.5936 	0
0.5943 	0
0.595 	0
0.5957 	0
0.5964 	0
0.5971 	0
0.5978 	0
0.5985 	0
0.5992 	0
0.5999 	0
0.6006 	0
0.6013 	0
0.602 	0
0.6027 	0
0.6034 	0
0.6041 	0
0.6048 	0
0.6055 	0
0.6062 	0
0.6069 	0
0.6076 	0
0.6083 	0
0.609 	0
0.6097 	0
0.6104 	0
0.6111 	0
0.6118 	0
0.6125 	0
0.6132 	0
0.6139 	0
0.6146 	0
0.6153 	0
0.616 	0
0.6167 	0
0.6174 	0
0.6181 	0
0.6188 	0
0.6195 	0
0.6202 	0
0.6209 	0
0.6216 	0
0.6223 	0
0.623 	0
0.6237 	0
0.6244 	0
0.6251 	0
0.6258 	0
0.6265 	0
0.6272 	0
0.6279 	0
0.6286 	0
0.6293 	0
0.63 	0
0.6307 	0
0.6314 	0
0.6321 	0
0.6328 	0
0.6335 	0
0.6342 	0
0.6349 	0
0.6356 	0
0.6363 	0
0.637 	0
0.6377 	0
0.6384 	0
0.6391 	0
0.6398 	0
0.6405 	0
0.6412 	0
0.6419 	0
0.6426 	0
0.6433 	0
0.644 	0
0.6447 	0
0.6454 	0
0.6461 	0
0.6468 	0
0.6475 	0
0.6482 	0
0.6489 	0
0.6496 	0
0.6503 	0
0.651 	0
0.6517 	0
0.6524 	0
0.6531 	0
0.6538 	0
0.6545 	0
0.6552 	0
0.6559 	0
0.6566 	0
0.6573 	0
0.658 	0
0.6587 	0
0.6594 	0
0.6601 	0
0.6608 	0
0.6615 	0
0.6622 	0
0.6629 	0
0.6636 	0
0.6643 	0
0.665 	0
0.6657 	0
0.6664 	0
0.6671 	0
0.6678 	0
0.6685 	0
0.6692 	0
0.6699 	0
0.6706 	0
0.6713 	0
0.672 	0
0.6727 	0
0.6734 	0
0.6741 	0
0.6748 	0
0.6755 	0
0.6762 	0
0.6769 	0
0.6776 	0
0.6783 	0
0.679 	0
0.6797 	0
0.6804 	0
0.6811 	0
0.6818 	0
0.6825 	0
0.6832 	0
0.6839 	0
0.6846 	0
0.6853 	0
0.686 	0
0.6867 	0
0.6874 	0
0.6881 	0
0.6888 	0
0.6895 	0
0.6902 	0
0.6909 	0
0.6916 	0
0.6923 	0
0.693 	0
0.6937 	0
0.6944 	0
0.6951 	0
0.6958 	0
0.6965 	0
0.6972 	0
0.6979 	0
0.6986 	0
0.6993 	0
0.7 	0
