0 	1
0.0007 	1
0.0014 	1
0.0021 	1
0.0028 	1
0.0035 	1
0.0042 	1
0.0049 	1
0.0056 	1
0.0063 	1
0.007 	1
0.0077 	1
0.0084 	1
0.0091 	1
0.0098 	1
0.0105 	1
0.0112 	1
0.0119 	1
0.0126 	1
0.0133 	1
0.014 	1
0.0147 	1
0.0154 	1
0.0161 	1
0.0168 	1
0.0175 	1
0.0182 	1
0.0189 	1
0.0196 	1
0.0203 	1
0.021 	1
0.0217 	1
0.0224 	1
0.0231 	1
0.0238 	1
0.0245 	1
0.0252 	1
0.0259 	1
0.0266 	1
0.0273 	1
0.028 	1
0.0287 	1
0.0294 	1
0.0301 	1
0.0308 	1
0.0315 	1
0.0322 	1
0.0329 	1
0.0336 	1
0.0343 	1
0.035 	1
0.0357 	1
0.0364 	1
0.0371 	1
0.0378 	1
0.0385 	1
0.0392 	1
0.0399 	1
0.0406 	1
0.0413 	1
0.042 	1
0.0427 	1
0.0434 	1
0.0441 	1
0.0448 	1
0.0455 	1
0.0462 	1
0.0469 	1
0.0476 	1
0.0483 	1
0.049 	1
0.0497 	1
0.0504 	1
0.0511 	1
0.0518 	1
0.0525 	1
0.0532 	1
0.0539 	1
0.0546 	1
0.0553 	1
0.056 	1
0.0567 	1
0.0574 	1
0.0581 	1
0.0588 	1
0.0595 	1
0.0602 	1
0.0609 	1
0.0616 	1
0.0623 	1
0.063 	1
0.0637 	1
0.0644 	1
0.0651 	1
0.0658 	1
0.0665 	1
0.0672 	1
0.0679 	1
0.0686 	1
0.0693 	1
0.07 	1
0.0707 	1
0.0714 	1
0.0721 	1
0.0728 	1
0.0735 	1
0.0742 	1
0.0749 	1
0.0756 	1
0.0763 	1
0.077 	1
0.0777 	1
0.0784 	1
0.0791 	1
0.0798 	1
0.0805 	1
0.0812 	1
0.0819 	1
0.0826 	1
0.0833 	1
0.084 	1
0.0847 	1
0.0854 	1
0.0861 	1
0.0868 	1
0.0875 	1
0.0882 	1
0.0889 	1
0.0896 	1
0.0903 	1
0.091 	1
0.0917 	1
0.0924 	1
0.0931 	1
0.0938 	1
0.0945 	1
0.0952 	1
0.0959 	1
0.0966 	1
0.0973 	1
0.098 	1
0.0987 	1
0.0994 	1
0.1001 	1
0.1008 	1
0.1015 	1
0.1022 	1
0.1029 	1
0.1036 	1
0.1043 	1
0.105 	1
0.1057 	1
0.1064 	1
0.1071 	1
0.1078 	1
0.1085 	1
0.1092 	1
0.1099 	1
0.1106 	1
0.1113 	1
0.112 	1
0.1127 	1
0.1134 	1
0.1141 	1
0.1148 	1
0.1155 	1
0.1162 	1
0.1169 	1
0.1176 	1
0.1183 	1
0.119 	1
0.1197 	1
0.1204 	1
0.1211 	1
0.1218 	1
0.1225 	1
0.1232 	1
0.1239 	1
0.1246 	1
0.1253 	1
0.126 	1
0.1267 	1
0.1274 	1
0.1281 	1
0.1288 	1
0.1295 	1
0.1302 	1
0.1309 	1
0.1316 	1
0.1323 	1
0.133 	1
0.1337 	1
0.1344 	1
0.1351 	1
0.1358 	1
0.1365 	1
0.1372 	1
0.1379 	1
0.1386 	1
0.1393 	1
0.14 	1
0.1407 	1
0.1414 	1
0.1421 	1
0.1428 	1
0.1435 	1
0.1442 	1
0.1449 	1
0.1456 	1
0.1463 	1
0.147 	1
0.1477 	1
0.1484 	1
0.1491 	1
0.1498 	1
0.1505 	1
0.1512 	1
0.1519 	1
0.1526 	1
0.1533 	1
0.154 	1
0.1547 	1
0.1554 	1
0.1561 	1
0.1568 	1
0.1575 	1
0.1582 	1
0.1589 	1
0.1596 	1
0.1603 	1
0.161 	1
0.1617 	1
0.1624 	1
0.1631 	1
0.1638 	1
0.1645 	1
0.1652 	1
0.1659 	1
0.1666 	1
0.1673 	1
0.168 	1
0.1687 	1
0.1694 	1
0.1701 	1
0.1708 	1
0.1715 	1
0.1722 	1
0.1729 	1
0.1736 	1
0.1743 	1
0.175 	1
0.1757 	1
0.1764 	1
0.1771 	1
0.1778 	1
0.1785 	1
0.1792 	1
0.1799 	1
0.1806 	1
0.1813 	1
0.182 	1
0.1827 	1
0.1834 	1
0.1841 	1
0.1848 	1
0.1855 	1
0.1862 	1
0.1869 	1
0.1876 	1
0.1883 	1
0.189 	1
0.1897 	1
0.1904 	1
0.1911 	1
0.1918 	1
0.1925 	1
0.1932 	1
0.1939 	1
0.1946 	1
0.1953 	1
0.196 	1
0.1967 	1
0.1974 	1
0.1981 	1
0.1988 	1
0.1995 	1
0.2002 	1
0.2009 	1
0.2016 	1
0.2023 	1
0.203 	1
0.2037 	1
0.2044 	1
0.2051 	1
0.2058 	1
0.2065 	1
0.2072 	1
0.2079 	1
0.2086 	1
0.2093 	1
0.21 	1
0.2107 	1
0.2114 	1
0.2121 	1
0.2128 	1
0.2135 	1
0.2142 	1
0.2149 	1
0.2156 	1
0.2163 	1
0.217 	1
0.2177 	1
0.2184 	1
0.2191 	1
0.2198 	1
0.2205 	1
0.2212 	1
0.2219 	1
0.2226 	1
0.2233 	1
0.224 	1
0.2247 	1
0.2254 	1
0.2261 	1
0.2268 	1
0.2275 	1
0.2282 	1
0.2289 	1
0.2296 	1
0.2303 	1
0.231 	1
0.2317 	1
0.2324 	1
0.2331 	1
0.2338 	1
0.2345 	1
0.2352 	0.999998
0.2359 	0.99999
0.2366 	0.999983
0.2373 	0.999975
0.238 	0.999968
0.2387 	0.99996
0.2394 	0.999953
0.2401 	0.999253
0.2408 	0.994401
0.2415 	0.989542
0.2422 	0.984672
0.2429 	0.979801
0.2436 	0.974931
0.2443 	0.970061
0.245 	0.965191
0.2457 	0.895359
0.2464 	0.825531
0.2471 	0.755717
0.2478 	0.685903
0.2485 	0.616089
0.2492 	0.546275
0.2499 	0.476461
0.2506 	0.410646
0.2513 	0.345499
0.252 	0.280369
0.2527 	0.21524
0.2534 	0.15011
0.2541 	0.08498
0.2548 	0.0198502
0.2555 	0.00112774
0.2562 	0.000967489
0.2569 	0.000790329
0.2576 	0.000611868
0.2583 	0.000433406
0.259 	0.000254945
0.2597 	7.64834e-05
0.2604 	1.13911e-09
0.2611 	8.8384e-10
0.2618 	7.07532e-10
0.2625 	5.52759e-10
0.2632 	3.97986e-10
0.2639 	2.43213e-10
0.2646 	8.84406e-11
0.2653 	1.29924e-16
0.266 	5.33898e-17
0.2667 	2.29293e-17
0.2674 	1.80655e-17
0.2681 	1.32017e-17
0.2688 	8.33792e-18
0.2695 	3.47414e-18
0.2702 	3.78903e-23
0.2709 	1.28028e-23
0.2716 	2.34831e-25
0.2723 	1.86486e-25
0.273 	1.3814e-25
0.2737 	8.97952e-26
0.2744 	4.14498e-26
0.2751 	1.04718e-29
0.2758 	4.10891e-30
0.2765 	1.72655e-32
0.2772 	1.38129e-32
0.2779 	1.03602e-32
0.2786 	6.90755e-33
0.2793 	3.4549e-33
0.28 	2.27468e-36
0.2807 	1.0031e-36
0.2814 	3.84538e-39
0.2821 	3.09774e-39
0.2828 	2.3501e-39
0.2835 	1.60245e-39
0.2842 	8.54814e-40
0.2849 	1.07173e-40
0.2856 	1.94175e-43
0.2863 	6.67791e-46
0.287 	5.41461e-46
0.2877 	4.15132e-46
0.2884 	2.88803e-46
0.2891 	1.62474e-46
0.2898 	3.61446e-47
0.2905 	3.09938e-50
0.2912 	2.15134e-51
0.2919 	7.53656e-53
0.2926 	5.83489e-53
0.2933 	4.13322e-53
0.294 	2.43155e-53
0.2947 	7.29883e-54
0.2954 	4.15323e-57
0.2961 	7.42408e-58
0.2968 	9.82898e-60
0.2975 	7.67902e-60
0.2982 	5.52907e-60
0.2989 	3.37911e-60
0.2996 	1.22916e-60
0.3003 	4.77734e-64
0.301 	1.2689e-64
0.3017 	1.39744e-66
0.3024 	1.10103e-66
0.3031 	8.0461e-67
0.3038 	5.08195e-67
0.3045 	2.1178e-67
0.3052 	4.78687e-71
0.3059 	1.61314e-71
0.3066 	2.38299e-73
0.3073 	1.89238e-73
0.308 	1.40177e-73
0.3087 	9.11167e-74
0.3094 	4.20561e-74
0.3101 	4.23042e-78
0.3108 	1.68707e-78
0.3115 	4.85882e-80
0.3122 	3.88706e-80
0.3129 	2.9153e-80
0.3136 	1.94354e-80
0.3143 	9.71784e-81
0.315 	3.37293e-85
0.3157 	1.5487e-85
0.3164 	1.1076e-86
0.3171 	8.92231e-87
0.3178 	6.76865e-87
0.3185 	4.61499e-87
0.3192 	2.46133e-87
0.3199 	3.07671e-88
0.3206 	1.37041e-92
0.3213 	2.63319e-93
0.322 	2.13501e-93
0.3227 	1.63684e-93
0.3234 	1.13867e-93
0.3241 	6.40503e-94
0.3248 	1.42332e-94
0.3255 	1.39672e-99
0.3262 	6.65924e-100
0.3269 	5.07346e-100
0.3276 	3.92784e-100
0.3283 	2.78221e-100
0.329 	1.63659e-100
0.3297 	4.90972e-101
0.3304 	1.93601e-106
0.3311 	1.45686e-106
0.3318 	1.15557e-106
0.3325 	9.02787e-107
0.3332 	6.50006e-107
0.3339 	3.97225e-107
0.3346 	1.44444e-107
0.3353 	3.39839e-113
0.336 	2.96822e-113
0.3367 	2.47684e-113
0.3374 	1.95145e-113
0.3381 	1.42606e-113
0.3388 	9.00667e-114
0.3395 	3.75275e-114
0.3402 	6.2812e-120
0.3409 	5.70337e-120
0.3416 	4.9091e-120
0.3423 	3.8984e-120
0.343 	2.8877e-120
0.3437 	1.877e-120
0.3444 	8.66305e-121
0.3451 	1.11099e-126
0.3458 	1.01861e-126
0.3465 	8.95278e-127
0.3472 	7.16222e-127
0.3479 	5.37166e-127
0.3486 	3.5811e-127
0.3493 	1.79054e-127
0.35 	1.81447e-133
0.3507 	1.66844e-133
0.3514 	1.49155e-133
0.3521 	1.20153e-133
0.3528 	9.11502e-134
0.3535 	6.21478e-134
0.3542 	3.31454e-134
0.3549 	4.14296e-135
0.3556 	2.49016e-140
0.3563 	2.26073e-140
0.357 	1.83302e-140
0.3577 	1.40532e-140
0.3584 	9.7761e-141
0.3591 	5.49904e-141
0.3598 	1.22198e-141
0.3605 	4.04219e-147
0.3612 	3.65916e-147
0.3619 	3.00269e-147
0.3626 	2.32518e-147
0.3633 	1.64768e-147
0.364 	9.70171e-148
0.3647 	2.92666e-148
0.3654 	2.20426e-150
0.3661 	2.01501e-150
0.3668 	1.68508e-150
0.3675 	1.31679e-150
0.3682 	9.48494e-151
0.3689 	5.802e-151
0.3696 	2.11906e-151
0.3703 	1.40595e-153
0.371 	1.28922e-153
0.3717 	1.09792e-153
0.3724 	8.65194e-154
0.3731 	6.32468e-154
0.3738 	3.99743e-154
0.3745 	1.67017e-154
0.3752 	7.68427e-157
0.3759 	7.05523e-157
0.3766 	6.11188e-157
0.3773 	4.85423e-157
0.378 	3.59658e-157
0.3787 	2.33893e-157
0.3794 	1.08128e-157
0.3801 	3.27096e-160
0.3808 	3.00634e-160
0.3815 	2.64721e-160
0.3822 	2.11799e-160
0.3829 	1.58876e-160
0.3836 	1.05954e-160
0.3843 	5.30316e-161
0.385 	1.09711e-163
0.3857 	1.00936e-163
0.3864 	9.02814e-164
0.3871 	7.27324e-164
0.3878 	5.51833e-164
0.3885 	3.76343e-164
0.3892 	2.00853e-164
0.3899 	2.5363e-165
0.3906 	2.74459e-167
0.3913 	2.49208e-167
0.392 	2.02073e-167
0.3927 	1.54938e-167
0.3934 	1.07802e-167
0.3941 	6.06674e-168
0.3948 	1.35323e-168
0.3955 	6.18005e-171
0.3962 	5.65578e-171
0.3969 	4.6447e-171
0.3976 	3.59617e-171
0.3983 	2.54765e-171
0.399 	1.49912e-171
0.3997 	4.50588e-172
0.4004 	1.17283e-174
0.4011 	1.07453e-174
0.4018 	8.98983e-175
0.4025 	7.02373e-175
0.4032 	5.05763e-175
0.4039 	3.09153e-175
0.4046 	1.12544e-175
0.4053 	1.90398e-178
0.406 	1.74627e-178
0.4067 	1.48719e-178
0.4074 	1.17178e-178
0.4081 	8.56375e-179
0.4088 	5.40969e-179
0.4095 	2.25562e-179
0.4102 	2.68532e-182
0.4109 	2.46549e-182
0.4116 	2.13576e-182
0.4123 	1.69611e-182
0.413 	1.25647e-182
0.4137 	8.16819e-183
0.4144 	3.77173e-183
0.4151 	3.33924e-186
0.4158 	3.06904e-186
0.4165 	2.70234e-186
0.4172 	2.16195e-186
0.4179 	1.62155e-186
0.4186 	1.08116e-186
0.4193 	5.40759e-187
0.42 	3.68231e-190
0.4207 	3.38775e-190
0.4214 	3.03007e-190
0.4221 	2.44096e-190
0.4228 	1.85185e-190
0.4235 	1.26274e-190
0.4242 	6.73625e-191
0.4249 	8.45124e-192
0.4256 	3.34863e-194
0.4263 	3.0405e-194
0.427 	2.46533e-194
0.4277 	1.89016e-194
0.4284 	1.31499e-194
0.4291 	7.39819e-195
0.4298 	1.64648e-195
0.4305 	3.01428e-198
0.4312 	2.75854e-198
0.4319 	2.26534e-198
0.4326 	1.75387e-198
0.4333 	1.2424e-198
0.434 	7.30928e-199
0.4347 	2.19458e-199
0.4354 	2.49573e-202
0.4361 	2.28652e-202
0.4368 	1.91293e-202
0.4375 	1.49452e-202
0.4382 	1.07611e-202
0.4389 	6.57698e-203
0.4396 	2.39286e-203
0.4403 	1.90978e-206
0.441 	1.75159e-206
0.4417 	1.49169e-206
0.4424 	1.1753e-206
0.4431 	8.58912e-207
0.4438 	5.42521e-207
0.4445 	2.2613e-207
0.4452 	1.36474e-210
0.4459 	1.25301e-210
0.4466 	1.08542e-210
0.4473 	8.61972e-211
0.448 	6.38521e-211
0.4487 	4.15071e-211
0.4494 	1.9162e-211
0.4501 	9.27386e-215
0.4508 	8.52342e-215
0.4515 	7.50496e-215
0.4522 	6.00408e-215
0.4529 	4.50321e-215
0.4536 	3.00233e-215
0.4543 	1.50146e-215
0.455 	5.99431e-219
0.4557 	5.51478e-219
0.4564 	4.93251e-219
0.4571 	3.97348e-219
0.4578 	3.01445e-219
0.4585 	2.05542e-219
0.4592 	1.09639e-219
0.4599 	1.37359e-220
0.4606 	3.3948e-223
0.4613 	3.08241e-223
0.462 	2.49929e-223
0.4627 	1.91617e-223
0.4634 	1.33305e-223
0.4641 	7.49932e-224
0.4648 	1.66812e-224
0.4655 	1.99954e-227
0.4662 	1.82989e-227
0.4669 	1.50271e-227
0.4676 	1.16342e-227
0.4683 	8.24119e-228
0.469 	4.84823e-228
0.4697 	1.45527e-228
0.4704 	1.12955e-231
0.4711 	1.03486e-231
0.4718 	8.65773e-232
0.4725 	6.76399e-232
0.4732 	4.87024e-232
0.4739 	2.9765e-232
0.4746 	1.08275e-232
0.4753 	6.08075e-236
0.476 	5.57704e-236
0.4767 	4.74952e-236
0.4774 	3.74211e-236
0.4781 	2.7347e-236
0.4788 	1.72729e-236
0.4795 	7.19885e-237
0.4802 	3.10259e-240
0.4809 	2.84859e-240
0.4816 	2.46758e-240
0.4823 	1.95958e-240
0.483 	1.45158e-240
0.4837 	9.43579e-241
0.4844 	4.35577e-241
0.4851 	1.50696e-244
0.4858 	1.38502e-244
0.4865 	1.21952e-244
0.4872 	9.75629e-245
0.4879 	7.31739e-245
0.4886 	4.87848e-245
0.4893 	2.43958e-245
0.49 	6.95905e-249
0.4907 	6.40233e-249
0.4914 	5.72634e-249
0.4921 	4.61294e-249
0.4928 	3.49954e-249
0.4935 	2.38614e-249
0.4942 	1.27274e-249
0.4949 	1.59345e-250
0.4956 	2.79796e-253
0.4963 	2.54049e-253
0.497 	2.05988e-253
0.4977 	1.57927e-253
0.4984 	1.09866e-253
0.4991 	6.18046e-254
0.4998 	1.37435e-254
0.5005 	1.15344e-257
0.5012 	1.05558e-257
0.5019 	8.66842e-258
0.5026 	6.71114e-258
0.5033 	4.75385e-258
0.504 	2.79657e-258
0.5047 	8.39287e-259
0.5054 	4.5125e-262
0.5061 	4.13422e-262
0.5068 	3.45872e-262
0.5075 	2.70216e-262
0.5082 	1.9456e-262
0.5089 	1.18904e-262
0.5096 	4.32485e-263
0.5103 	1.67798e-266
0.511 	1.53898e-266
0.5117 	1.31063e-266
0.5124 	1.03263e-266
0.5131 	7.54627e-267
0.5138 	4.76628e-267
0.5145 	1.98628e-267
0.5152 	5.91703e-271
0.5159 	5.43261e-271
0.5166 	4.70598e-271
0.5173 	3.73714e-271
0.518 	2.7683e-271
0.5187 	1.79946e-271
0.5194 	8.30622e-272
0.5201 	1.97401e-275
0.5208 	1.81427e-275
0.5215 	1.59748e-275
0.5222 	1.27799e-275
0.5229 	9.58509e-276
0.5236 	6.39026e-276
0.5243 	3.19542e-276
0.525 	6.24289e-280
0.5257 	5.74346e-280
0.5264 	5.13702e-280
0.5271 	4.13819e-280
0.5278 	3.13936e-280
0.5285 	2.14053e-280
0.5292 	1.1417e-280
0.5299 	1.42866e-281
0.5306 	1.73792e-284
0.5313 	1.57799e-284
0.532 	1.27946e-284
0.5327 	9.80935e-285
0.5334 	6.82405e-285
0.5341 	3.83874e-285
0.5348 	8.53444e-286
0.5355 	5.02598e-289
0.5362 	4.59955e-289
0.5369 	3.77713e-289
0.5376 	2.92426e-289
0.5383 	2.07139e-289
0.539 	1.21852e-289
0.5397 	3.65652e-290
0.5404 	1.38422e-293
0.5411 	1.26818e-293
0.5418 	1.06097e-293
0.5425 	8.28891e-294
0.5432 	5.96811e-294
0.5439 	3.64732e-294
0.5446 	1.32652e-294
0.5453 	3.63004e-298
0.546 	3.32933e-298
0.5467 	2.83532e-298
0.5474 	2.2339e-298
0.5481 	1.63249e-298
0.5488 	1.03108e-298
0.5495 	4.29666e-299
0.5502 	9.07444e-303
0.5509 	8.33152e-303
0.5516 	7.21714e-303
0.5523 	5.7313e-303
0.553 	4.24546e-303
0.5537 	2.75962e-303
0.5544 	1.27378e-303
0.5551 	2.18199e-307
0.5558 	2.00542e-307
0.5565 	1.76578e-307
0.5572 	1.41263e-307
0.5579 	1.05949e-307
0.5586 	7.06341e-308
0.5593 	3.53194e-308
0.56 	5.0394e-312
0.5607 	4.63625e-312
0.5614 	4.14672e-312
0.5621 	3.34044e-312
0.5628 	2.53415e-312
0.5635 	1.72787e-312
0.5642 	9.21582e-313
0.5649 	1.15297e-313
0.5656 	1.1399e-316
0.5663 	1.035e-316
0.567 	8.39189e-317
0.5677 	6.43378e-317
0.5684 	4.47566e-317
0.5691 	2.51755e-317
0.5698 	5.59439e-318
0.5705 	0
0.5712 	0
0.5719 	0
0.5726 	0
0.5733 	0
0.574 	0
0.5747 	0
0.5754 	0
0.5761 	0
0.5768 	0
0.5775 	0
0.5782 	0
0.5789 	0
0.5796 	0
0.5803 	0
0.581 	0
0.5817 	0
0.5824 	0
0.5831 	0
0.5838 	0
0.5845 	0
0.5852 	0
0.5859 	0
0.5866 	0
0.5873 	0
0.588 	0
0.5887 	0
0.5894 	0
0.5901 	0
0.5908 	0
0.5915 	0
0.5922 	0
0.5929 	0
0.5936 	0
0.5943 	0
0.595 	0
0.5957 	0
0.5964 	0
0.5971 	0
0.5978 	0
0.5985 	0
0.5992 	0
0.5999 	0
0.6006 	0
0.6013 	0
0.602 	0
0.6027 	0
0.6034 	0
0.6041 	0
0.6048 	0
0.6055 	0
0.6062 	0
0.6069 	0
0.6076 	0
0.6083 	0
0.609 	0
0.6097 	0
0.6104 	0
0.6111 	0
0.6118 	0
0.6125 	0
0.6132 	0
0.6139 	0
0.6146 	0
0.6153 	0
0.616 	0
0.6167 	0
0.6174 	0
0.6181 	0
0.6188 	0
0.6195 	0
0.6202 	0
0.6209 	0
0.6216 	0
0.6223 	0
0.623 	0
0.6237 	0
0.6244 	0
0.6251 	0
0.6258 	0
0.6265 	0
0.6272 	0
0.6279 	0
0.6286 	0
0.6293 	0
0.63 	0
0.6307 	0
0.6314 	0
0.6321 	0
0.6328 	0
0.6335 	0
0.6342 	0
0.6349 	0
0.6356 	0
0.6363 	0
0.637 	0
0.6377 	0
0.6384 	0
0.6391 	0
0.6398 	0
0.6405 	0
0.6412 	0
0.6419 	0
0.6426 	0
0.6433 	0
0.644 	0
0.6447 	0
0.6454 	0
0.6461 	0
0.6468 	0
0.6475 	0
0.6482 	0
0.6489 	0
0.6496 	0
0.6503 	0
0.651 	0
0.6517 	0
0.6524 	0
0.6531 	0
0.6538 	0
0.6545 	0
0.6552 	0
0.6559 	0
0.6566 	0
0.6573 	0
0.658 	0
0.6587 	0
0.6594 	0
0.6601 	0
0.6608 	0
0.6615 	0
0.6622 	0
0.6629 	0
0.6636 	0
0.6643 	0
0.665 	0
0.6657 	0
0.6664 	0
0.6671 	0
0.6678 	0
0.6685 	0
0.6692 	0
0.6699 	0
0.6706 	0
0.6713 	0
0.672 	0
0.6727 	0
0.6734 	0
0.6741 	0
0.6748 	0
0.6755 	0
0.6762 	0
0.6769 	0
0.6776 	0
0.6783 	0
0.679 	0
0.6797 	0
0.6804 	0
0.6811 	0
0.6818 	0
0.6825 	0
0.6832 	0
0.6839 	0
0.6846 	0
0.6853 	0
0.686 	0
0.6867 	0
0.6874 	0
0.6881 	0
0.6888 	0
0.6895 	0
0.6902 	0
0.6909 	0
0.6916 	0
0.6923 	0
0.693 	0
0.6937 	0
0.6944 	0
0.6951 	0
0.6958 	0
0.6965 	0
0.6972 	0
0.6979 	0
0.6986 	0
0.6993 	0
0.7 	0
