0 	1
0.0007 	1
0.0014 	1
0.0021 	1
0.0028 	1
0.0035 	1
0.0042 	1
0.0049 	1
0.0056 	1
0.0063 	1
0.007 	1
0.0077 	1
0.0091 	1
0.0098 	1
0.0105 	1
0.0112 	1
0.0119 	1
0.0126 	1
0.0133 	1
0.014 	1
0.0147 	1
0.0154 	1
0.0161 	1
0.0168 	1
0.0175 	1
0.0182 	1
0.0189 	1
0.0196 	1
0.0203 	1
0.021 	1
0.0217 	1
0.0224 	1
0.0231 	1
0.0238 	1
0.0245 	1
0.0252 	1
0.0259 	1
0.0266 	1
0.0273 	1
0.028 	1
0.0287 	1
0.0294 	1
0.0301 	1
0.0308 	1
0.0315 	1
0.0322 	1
0.0329 	1
0.0336 	1
0.0343 	1
0.035 	1
0.0357 	1
0.0364 	1
0.0371 	1
0.0378 	1
0.0385 	1
0.0392 	1
0.0399 	1
0.0406 	1
0.0413 	1
0.042 	1
0.0427 	1
0.0434 	1
0.0441 	1
0.0448 	1
0.0455 	1
0.0462 	1
0.0469 	1
0.0476 	1
0.0483 	1
0.049 	1
0.0497 	1
0.0504 	1
0.0511 	1
0.0518 	1
0.0525 	1
0.0532 	1
0.0546 	1
0.0553 	1
0.056 	1
0.0567 	1
0.0574 	1
0.0581 	1
0.0588 	1
0.0595 	1
0.0602 	1
0.0609 	1
0.0616 	1
0.0623 	1
0.063 	1
0.0637 	1
0.0644 	1
0.0651 	1
0.0658 	1
0.0665 	1
0.0679 	1
0.0686 	1
0.0693 	1
0.07 	1
0.0707 	1
0.0714 	1
0.0721 	1
0.0728 	1
0.0735 	1
0.0742 	1
0.0749 	1
0.0756 	1
0.077 	1
0.0777 	1
0.0784 	1
0.0791 	1
0.0798 	1
0.0805 	1
0.0812 	1
0.0819 	1
0.0826 	1
0.0833 	1
0.084 	1
0.0847 	1
0.0854 	1
0.0861 	1
0.0868 	1
0.0875 	1
0.0882 	1
0.0889 	1
0.0896 	1
0.0903 	1
0.091 	1
0.0917 	1
0.0924 	1
0.0931 	1
0.0938 	1
0.0945 	1
0.0952 	1
0.0959 	1
0.0966 	1
0.0973 	1
0.098 	1
0.0987 	1
0.1001 	1
0.1008 	1
0.1015 	1
0.1029 	1
0.1036 	1
0.1043 	1
0.105 	1
0.1064 	1
0.1071 	1
0.1078 	1
0.1085 	1
0.1092 	1
0.1099 	1
0.1106 	1
0.1113 	1
0.112 	1
0.1127 	1
0.1134 	1
0.1141 	1
0.1148 	1
0.1155 	1
0.1162 	1
0.1169 	1
0.1183 	1
0.119 	1
0.1197 	1
0.1204 	1
0.1211 	1
0.1218 	1
0.1225 	1
0.1232 	1
0.1239 	1
0.1246 	1
0.1253 	1
0.126 	1
0.1267 	1
0.1274 	1
0.1281 	1
0.1288 	1
0.1295 	1
0.1302 	1
0.1309 	1
0.1316 	1
0.1323 	1
0.133 	1
0.1337 	1
0.1344 	1
0.1351 	1
0.1358 	1
0.1365 	1
0.1372 	1
0.1379 	1
0.1386 	1
0.1393 	1
0.14 	1
0.1407 	1
0.1414 	1
0.1421 	1
0.1428 	1
0.1435 	1
0.1442 	1
0.1449 	1
0.1456 	1
0.1463 	1
0.147 	1
0.1477 	1
0.1484 	1
0.1498 	1
0.1505 	1
0.1512 	1
0.1519 	1
0.1526 	1
0.1533 	1
0.154 	1
0.1547 	1
0.1554 	1
0.1561 	1
0.1568 	1
0.1575 	1
0.1582 	1
0.1589 	1
0.1596 	1
0.1603 	1
0.161 	1
0.1624 	1
0.1631 	1
0.1638 	1
0.1645 	1
0.1652 	1
0.1659 	1
0.1666 	1
0.1673 	1
0.168 	1
0.1687 	1
0.1701 	1
0.1708 	1
0.1715 	1
0.1722 	1
0.1729 	1
0.1736 	1
0.1743 	1
0.175 	1
0.1757 	1
0.1764 	1
0.1771 	1
0.1778 	1
0.1792 	1
0.1799 	1
0.1806 	1
0.1813 	1
0.182 	1
0.1827 	1
0.1834 	1
0.1841 	1
0.1848 	1
0.1855 	1
0.1862 	1
0.1869 	1
0.1876 	1
0.189 	1
0.1897 	1
0.1904 	1
0.1911 	1
0.1918 	1
0.1925 	1
0.1932 	1
0.1939 	1
0.1946 	1
0.1953 	1
0.196 	1
0.1967 	1
0.1974 	1
0.1981 	1
0.1995 	1
0.2002 	1
0.2009 	1
0.2016 	1
0.2023 	1
0.203 	1
0.2037 	1
0.2044 	1
0.2051 	1
0.2058 	1
0.2065 	1
0.2072 	1
0.2079 	1
0.2086 	1
0.2093 	1
0.21 	1
0.2107 	1
0.2114 	1
0.2121 	1
0.2128 	1
0.2135 	1
0.2142 	1
0.2149 	1
0.2156 	1
0.2163 	1
0.217 	1
0.2177 	1
0.2184 	1
0.2191 	1
0.2198 	1
0.2205 	1
0.2212 	1
0.2219 	1
0.2226 	1
0.2233 	1
0.224 	1
0.2247 	1
0.2254 	1
0.2261 	1
0.2268 	1
0.2275 	1
0.2282 	1
0.2289 	1
0.2296 	1
0.2303 	1
0.231 	1
0.2317 	1
0.2324 	1
0.2331 	1
0.2338 	1
0.2345 	1
0.2352 	1
0.2359 	1
0.2366 	1
0.2373 	1
0.238 	1
0.2387 	1
0.2394 	1
0.2401 	0.999938
0.2408 	0.999507
0.2415 	0.999062
0.2422 	0.998591
0.2429 	0.998121
0.2436 	0.997651
0.2443 	0.997181
0.245 	0.99671
0.2457 	0.927031
0.2464 	0.857358
0.2471 	0.787711
0.2478 	0.718064
0.2485 	0.648417
0.2492 	0.57877
0.2499 	0.509123
0.2506 	0.439543
0.2513 	0.369977
0.252 	0.300448
0.2527 	0.230918
0.2534 	0.161388
0.2541 	0.0918585
0.2548 	0.0223288
0.2555 	0.00223435
0.2562 	0.00191399
0.2569 	0.00156331
0.2576 	0.00121031
0.2583 	0.000857301
0.259 	0.000504296
0.2597 	0.00015129
0.2604 	1.92987e-09
0.2611 	1.68788e-09
0.2618 	1.39607e-09
0.2625 	1.09068e-09
0.2632 	7.8529e-10
0.2639 	4.799e-10
0.2646 	1.74509e-10
0.2653 	5.19748e-16
0.266 	4.58927e-16
0.2667 	3.84741e-16
0.2674 	3.03129e-16
0.2681 	2.21518e-16
0.2688 	1.39906e-16
0.2695 	5.82944e-17
0.2702 	2.86848e-22
0.2709 	2.58391e-22
0.2716 	2.21374e-22
0.2723 	1.75797e-22
0.273 	1.3022e-22
0.2737 	8.46436e-23
0.2744 	3.90669e-23
0.2751 	1.1831e-27
0.2758 	1.08532e-27
0.2765 	9.54293e-28
0.2772 	7.63435e-28
0.2779 	5.72577e-28
0.2786 	3.81719e-28
0.28 	3.31438e-33
0.2807 	3.04783e-33
0.2814 	2.72486e-33
0.2821 	2.19503e-33
0.2828 	1.66519e-33
0.2835 	1.13536e-33
0.2842 	6.05528e-34
0.2849 	7.56961e-35
0.2856 	5.40388e-39
0.2863 	4.90561e-39
0.287 	3.97752e-39
0.2877 	3.04944e-39
0.2884 	2.12135e-39
0.2891 	1.19326e-39
0.2898 	2.65175e-40
0.2905 	6.48933e-45
0.2912 	5.93803e-45
0.2919 	4.87622e-45
0.2926 	3.77514e-45
0.294 	1.57298e-45
0.2947 	4.71898e-46
0.2954 	5.47218e-51
0.2961 	5.013e-51
0.2968 	4.1938e-51
0.2982 	2.35901e-51
0.2989 	1.44162e-51
0.2996 	5.24228e-52
0.3003 	3.3409e-57
0.301 	3.06381e-57
0.3017 	2.60907e-57
0.3024 	2.05563e-57
0.3031 	1.50219e-57
0.3038 	9.48754e-58
0.3045 	3.95315e-58
0.3052 	1.53576e-63
0.3059 	1.40963e-63
0.3066 	1.22089e-63
0.3073 	9.69529e-64
0.308 	7.18169e-64
0.3087 	4.6681e-64
0.3094 	2.15451e-64
0.3101 	5.69355e-70
0.3108 	5.22644e-70
0.3115 	4.59775e-70
0.3122 	3.6782e-70
0.3129 	2.75865e-70
0.3136 	1.8391e-70
0.3143 	9.19551e-71
0.315 	2.15377e-76
0.3157 	1.97052e-76
0.3164 	1.75349e-76
0.3171 	1.41253e-76
0.3178 	1.07157e-76
0.3192 	3.89665e-77
0.3199 	4.87095e-78
0.3206 	1.53184e-82
0.3213 	1.37284e-82
0.3227 	8.5339e-83
0.3234 	5.93664e-83
0.3241 	3.33937e-83
0.3248 	7.42102e-84
0.3255 	2.43643e-88
0.3262 	2.19908e-88
0.3269 	1.8039e-88
0.3276 	1.39656e-88
0.3283 	9.89235e-89
0.329 	5.81905e-89
0.3297 	1.74575e-89
0.3304 	4.3523e-94
0.3311 	3.94299e-94
0.3318 	3.28984e-94
0.3325 	2.57019e-94
0.3332 	1.85054e-94
0.3339 	1.13089e-94
0.3346 	4.11236e-95
0.3353 	7.31293e-100
0.336 	6.64725e-100
0.3367 	5.64037e-100
0.3374 	4.44393e-100
0.3381 	3.24749e-100
0.3388 	2.05105e-100
0.3395 	8.54611e-101
0.3402 	1.12742e-105
0.3409 	1.02766e-105
0.3416 	8.86519e-106
0.3423 	7.04001e-106
0.343 	5.21483e-106
0.3437 	3.38964e-106
0.3444 	1.56446e-106
0.3451 	1.58609e-111
0.3458 	1.44917e-111
0.3465 	1.27041e-111
0.3472 	1.01633e-111
0.3479 	7.62249e-112
0.3486 	5.08167e-112
0.3493 	2.54084e-112
0.35 	2.03556e-117
0.3507 	1.86368e-117
0.3514 	1.65949e-117
0.3521 	1.33682e-117
0.3528 	1.01414e-117
0.3535 	6.91457e-118
0.3542 	3.68778e-118
0.3549 	4.60994e-119
0.3556 	2.18036e-123
0.3563 	1.97103e-123
0.357 	1.59813e-123
0.3577 	1.22523e-123
0.3584 	8.52337e-124
0.3591 	4.7944e-124
0.3598 	1.06544e-124
0.3605 	2.31908e-129
0.3612 	2.11392e-129
0.3619 	1.73539e-129
0.3626 	1.34353e-129
0.3633 	9.51666e-130
0.364 	5.59804e-130
0.3647 	1.67943e-130
0.3654 	2.24127e-135
0.3661 	2.04658e-135
0.3668 	1.71082e-135
0.3675 	1.33658e-135
0.3682 	9.62335e-136
0.3689 	5.88094e-136
0.3696 	2.13854e-136
0.3703 	1.96773e-141
0.371 	1.7997e-141
0.3717 	1.53093e-141
0.3731 	8.81443e-142
0.3738 	5.56702e-142
0.3745 	2.31961e-142
0.3752 	2.54408e-147
0.3759 	2.24988e-147
0.3766 	1.90749e-147
0.3773 	1.5169e-147
0.378 	1.12632e-147
0.3787 	7.35729e-148
0.3794 	3.45143e-148
0.3801 	1.018e-149
0.3808 	8.96034e-150
0.3815 	7.63374e-150
0.3822 	6.11459e-150
0.3829 	4.59543e-150
0.3836 	3.07628e-150
0.3843 	1.55713e-150
0.385 	3.79733e-152
0.3857 	3.38883e-152
0.3864 	2.94558e-152
0.3871 	2.37495e-152
0.3878 	1.80432e-152
0.3885 	1.23369e-152
0.3892 	6.63061e-153
0.3899 	9.24304e-154
0.3906 	9.99127e-155
0.3913 	8.87441e-155
0.392 	7.20012e-155
0.3927 	5.52583e-155
0.3934 	3.85154e-155
0.3948 	5.02962e-156
0.3955 	2.29706e-157
0.3962 	2.0699e-157
0.3969 	1.69848e-157
0.3976 	1.31596e-157
0.399 	5.50929e-158
0.3997 	1.68413e-158
0.4004 	4.25019e-160
0.4011 	3.85372e-160
0.4018 	3.217e-160
0.4025 	2.51476e-160
0.4032 	1.81251e-160
0.4039 	1.11027e-160
0.4046 	4.08025e-161
0.4053 	6.49291e-163
0.406 	5.91149e-163
0.4067 	5.02042e-163
0.4074 	3.9573e-163
0.4081 	2.89419e-163
0.4088 	1.83107e-163
0.4095 	7.6796e-164
0.4102 	8.38506e-166
0.4109 	7.65589e-166
0.4116 	6.61167e-166
0.4123 	5.25239e-166
0.413 	3.89311e-166
0.4137 	2.53384e-166
0.4144 	1.17456e-166
0.4151 	9.3531e-169
0.4158 	8.55751e-169
0.4165 	7.51027e-169
0.4172 	6.01004e-169
0.4179 	4.50981e-169
0.4186 	3.00959e-169
0.4193 	1.50936e-169
0.42 	9.13382e-172
0.4207 	8.37005e-172
0.4214 	7.45946e-172
0.4228 	4.56162e-172
0.4235 	3.11269e-172
0.4242 	1.66377e-172
0.4249 	2.14854e-173
0.4256 	7.30286e-175
0.4263 	6.60439e-175
0.427 	5.35607e-175
0.4277 	4.10774e-175
0.4291 	1.6111e-175
0.4298 	3.62776e-176
0.4305 	5.7487e-178
0.4312 	5.2391e-178
0.4319 	4.30165e-178
0.4326 	3.33129e-178
0.4333 	2.36093e-178
0.434 	1.39057e-178
0.4347 	4.20206e-179
0.4354 	4.13023e-181
0.4361 	3.76859e-181
0.4368 	3.15016e-181
0.4375 	2.46168e-181
0.4382 	1.77321e-181
0.4389 	1.08474e-181
0.4396 	3.96265e-182
0.4403 	2.74968e-184
0.441 	2.51189e-184
0.4417 	2.13594e-184
0.4424 	1.68323e-184
0.4431 	1.23052e-184
0.4438 	7.77814e-185
0.4445 	3.25105e-185
0.4452 	1.69972e-187
0.4459 	1.55457e-187
0.4466 	1.34377e-187
0.4473 	1.06731e-187
0.448 	7.90861e-188
0.4487 	5.14409e-188
0.4494 	2.37957e-188
0.4501 	9.85734e-191
0.4508 	9.02656e-191
0.4515 	7.92668e-191
0.4522 	6.34242e-191
0.4529 	4.75816e-191
0.4536 	3.1739e-191
0.4543 	1.58963e-191
0.455 	5.37201e-194
0.4557 	4.92551e-194
0.4571 	3.53838e-194
0.4578 	2.68494e-194
0.4585 	1.83151e-194
0.4592 	9.78069e-195
0.4599 	1.24632e-195
0.4606 	2.52007e-197
0.4613 	2.28038e-197
0.4627 	1.41803e-197
0.4634 	9.86846e-198
0.4641 	5.55667e-198
0.4648 	1.24489e-198
0.4655 	1.21822e-200
0.4662 	1.11118e-200
0.4669 	9.12358e-201
0.4676 	7.06472e-201
0.4683 	5.00587e-201
0.469 	2.94702e-201
0.4697 	8.88168e-202
0.4704 	5.52987e-204
0.4711 	5.05165e-204
0.4718 	4.22365e-204
0.4725 	3.30026e-204
0.4732 	2.37687e-204
0.4739 	1.45348e-204
0.4746 	5.30091e-205
0.4753 	2.35288e-207
0.476 	2.15252e-207
0.4767 	1.83136e-207
0.4774 	1.44309e-207
0.4781 	1.05483e-207
0.4788 	6.66565e-208
0.4795 	2.78301e-208
0.4802 	9.45989e-211
0.4809 	8.66649e-211
0.4816 	7.49828e-211
0.4823 	5.95526e-211
0.4837 	2.86922e-211
0.4844 	1.3262e-211
0.4851 	3.57479e-214
0.4858 	3.27939e-214
0.4865 	2.88361e-214
0.4879 	1.73067e-214
0.4886 	1.1542e-214
0.4893 	5.77736e-215
0.49 	1.26886e-217
0.4907 	1.16549e-217
0.4914 	1.04092e-217
0.4921 	8.38597e-218
0.4928 	6.36279e-218
0.4935 	4.3396e-218
0.4942 	2.31642e-218
0.4949 	2.93231e-219
0.4956 	3.912e-221
0.4963 	3.54671e-221
0.497 	2.87596e-221
0.4977 	2.20521e-221
0.4984 	1.53446e-221
0.4991 	8.63713e-222
0.4998 	1.92964e-222
0.5005 	1.24434e-224
0.5012 	1.1372e-224
0.5019 	9.33827e-225
0.5026 	7.23051e-225
0.5033 	5.12275e-225
0.504 	3.015e-225
0.5047 	9.07242e-226
0.5054 	3.73683e-228
0.5061 	3.41958e-228
0.5068 	2.8602e-228
0.5075 	2.23477e-228
0.5082 	1.60934e-228
0.5089 	9.83914e-229
0.5096 	3.58486e-229
0.5103 	1.06137e-231
0.511 	9.72479e-232
0.5117 	8.27879e-232
0.5124 	6.52331e-232
0.5131 	4.76782e-232
0.5138 	3.01234e-232
0.5145 	1.25686e-232
0.5152 	2.87081e-235
0.5159 	2.63353e-235
0.5166 	2.28024e-235
0.5173 	1.81093e-235
0.518 	1.34163e-235
0.5187 	8.7232e-236
0.5194 	4.03013e-236
0.5201 	7.41297e-239
0.5208 	6.80814e-239
0.5215 	5.99149e-239
0.5222 	4.79356e-239
0.5229 	3.59562e-239
0.5243 	1.19976e-239
0.525 	1.82163e-242
0.5257 	1.67487e-242
0.5264 	1.49718e-242
0.5271 	1.20615e-242
0.5278 	9.1511e-243
0.5285 	6.24073e-243
0.5292 	3.33036e-243
0.5299 	4.19986e-244
0.5306 	3.92801e-246
0.5313 	3.56447e-246
0.532 	2.89029e-246
0.5327 	2.2161e-246
0.5334 	1.54192e-246
0.5341 	8.67739e-247
0.5348 	1.93557e-247
0.5355 	8.79759e-250
0.5362 	8.04672e-250
0.5369 	6.60796e-250
0.5376 	5.11629e-250
0.5383 	3.62462e-250
0.539 	2.13295e-250
0.5397 	6.41277e-251
0.5404 	1.89824e-253
0.5411 	1.73828e-253
0.5418 	1.45414e-253
0.5425 	1.13614e-253
0.5432 	8.18134e-254
0.5439 	5.0013e-254
0.5446 	1.82125e-254
0.5453 	3.93758e-257
0.546 	3.60991e-257
0.5467 	3.07383e-257
0.5474 	2.42197e-257
0.5481 	1.77012e-257
0.5488 	1.11827e-257
0.5495 	4.66413e-258
0.5502 	7.84181e-261
0.5509 	7.19721e-261
0.5516 	6.23339e-261
0.5523 	4.95036e-261
0.553 	3.66732e-261
0.5537 	2.38429e-261
0.5544 	1.10126e-261
0.5551 	1.50159e-264
0.5558 	1.37964e-264
0.5565 	1.21451e-264
0.5572 	9.71665e-265
0.5579 	7.28818e-265
0.5586 	4.85971e-265
0.5593 	2.43124e-265
0.56 	2.76852e-268
0.5607 	2.54633e-268
0.5614 	2.2769e-268
0.5621 	1.83426e-268
0.5628 	1.39163e-268
0.5635 	9.48993e-269
0.5642 	5.06356e-269
0.5649 	6.37203e-270
0.5656 	4.53103e-272
0.5663 	4.11295e-272
0.567 	3.33498e-272
0.5677 	2.55701e-272
0.5684 	1.77904e-272
0.5691 	1.00108e-272
0.5698 	2.23108e-273
0.5705 	7.83185e-276
0.5712 	7.16543e-276
0.5719 	5.88431e-276
0.5726 	4.5559e-276
0.5733 	3.2275e-276
0.574 	1.8991e-276
0.5747 	5.70692e-277
0.5754 	1.31283e-279
0.5761 	1.20248e-279
0.5768 	1.00597e-279
0.5775 	7.85966e-280
0.5782 	5.65957e-280
0.5789 	3.45949e-280
0.5796 	1.2594e-280
0.5803 	2.13008e-283
0.581 	1.95321e-283
0.5817 	1.66327e-283
0.5824 	1.31053e-283
0.5831 	9.57788e-284
0.5838 	6.05045e-284
0.5845 	2.52302e-284
0.5852 	3.34893e-287
0.5859 	3.07415e-287
0.5866 	2.66271e-287
0.5873 	2.11461e-287
0.588 	1.56651e-287
0.5887 	1.01841e-287
0.5894 	4.70315e-288
0.5901 	5.10727e-291
0.5908 	4.69313e-291
0.5915 	4.13182e-291
0.5922 	3.30561e-291
0.5929 	2.4794e-291
0.5936 	1.65318e-291
0.5943 	8.2697e-292
0.595 	7.56267e-295
0.5957 	6.95653e-295
0.5964 	6.22111e-295
0.5971 	5.01166e-295
0.5978 	3.80221e-295
0.5985 	2.59276e-295
0.5992 	1.38331e-295
0.5999 	1.73855e-296
0.6006 	1.00213e-298
0.6013 	9.09762e-299
0.602 	7.37673e-299
0.6027 	5.65584e-299
0.6034 	3.93495e-299
0.6041 	2.21406e-299
0.6048 	4.93172e-300
0.6055 	1.40426e-302
0.6062 	1.28489e-302
0.6069 	1.05517e-302
0.6076 	8.16948e-303
0.6083 	5.7873e-303
0.6097 	1.02295e-303
0.6104 	1.92135e-306
0.6111 	1.76001e-306
0.6118 	1.47241e-306
0.6125 	1.15038e-306
0.6132 	8.28348e-307
0.6139 	5.06316e-307
0.6146 	1.84285e-307
0.6153 	2.57461e-310
0.616 	2.36099e-310
0.6167 	2.01057e-310
0.6174 	1.58416e-310
0.6181 	1.15775e-310
0.6188 	7.31337e-311
0.6195 	3.04925e-311
0.6202 	3.36371e-314
0.6209 	3.08788e-314
0.6216 	2.67463e-314
0.6223 	2.12397e-314
0.623 	1.57331e-314
0.6237 	1.02265e-314
0.6244 	4.71994e-315
0.6251 	0
0.6258 	0
0.6265 	0
0.6272 	0
0.6279 	0
0.6293 	0
0.63 	0
0.6307 	0
0.6314 	0
0.6321 	0
0.6328 	0
0.6335 	0
0.6342 	0
0.6349 	0
0.6356 	0
0.6363 	0
0.637 	0
0.6377 	0
0.6384 	0
0.6398 	0
0.6405 	0
0.6412 	0
0.6419 	0
0.6426 	0
0.6433 	0
0.644 	0
0.6447 	0
0.6454 	0
0.6461 	0
0.6468 	0
0.6475 	0
0.6482 	0
0.6489 	0
0.6496 	0
0.6503 	0
0.651 	0
0.6517 	0
0.6524 	0
0.6531 	0
0.6538 	0
0.6545 	0
0.6552 	0
0.6559 	0
0.6566 	0
0.6573 	0
0.658 	0
0.6594 	0
0.6601 	0
0.6608 	0
0.6615 	0
0.6622 	0
0.6629 	0
0.6636 	0
0.6643 	0
0.665 	0
0.6657 	0
0.6664 	0
0.6678 	0
0.6685 	0
0.6692 	0
0.6699 	0
0.6706 	0
0.6713 	0
0.672 	0
0.6727 	0
0.6734 	0
0.6741 	0
0.6748 	0
0.6755 	0
0.6762 	0
0.6769 	0
0.6776 	0
0.6783 	0
0.679 	0
0.6797 	0
0.6804 	0
0.6811 	0
0.6818 	0
0.6825 	0
0.6832 	0
0.6839 	0
0.6846 	0
0.6853 	0
0.686 	0
0.6867 	0
0.6874 	0
0.6881 	0
0.6888 	0
0.6895 	0
0.6902 	0
0.6909 	0
0.6916 	0
0.6923 	0
0.693 	0
0.6937 	0
0.6944 	0
0.6951 	0
0.6958 	0
0.6965 	0
0.6972 	0
0.6979 	0
0.6986 	0
0.6993 	0
0.7 	0
