0 	1
0.0007 	1
0.0014 	1
0.0021 	1
0.0028 	1
0.0035 	1
0.0042 	1
0.0049 	1
0.0056 	1
0.0063 	1
0.007 	1
0.0077 	1
0.0084 	1
0.0091 	1
0.0098 	1
0.0105 	1
0.0112 	1
0.0119 	1
0.0126 	1
0.0133 	1
0.014 	1
0.0147 	1
0.0154 	1
0.0161 	1
0.0168 	1
0.0175 	1
0.0182 	1
0.0189 	1
0.0196 	1
0.0203 	1
0.021 	1
0.0217 	1
0.0224 	1
0.0231 	1
0.0238 	1
0.0245 	1
0.0252 	1
0.0259 	1
0.0266 	1
0.0273 	1
0.028 	1
0.0287 	1
0.0294 	1
0.0301 	1
0.0308 	1
0.0315 	1
0.0322 	1
0.0329 	1
0.0336 	1
0.0343 	1
0.035 	1
0.0357 	1
0.0364 	1
0.0371 	1
0.0378 	1
0.0385 	1
0.0392 	1
0.0399 	1
0.0406 	1
0.0413 	1
0.042 	1
0.0427 	1
0.0434 	1
0.0441 	1
0.0448 	1
0.0455 	1
0.0462 	1
0.0469 	1
0.0476 	1
0.0483 	1
0.049 	1
0.0497 	1
0.0504 	1
0.0511 	1
0.0518 	1
0.0525 	1
0.0532 	1
0.0539 	1
0.0546 	1
0.0553 	1
0.056 	1
0.0567 	1
0.0574 	1
0.0581 	1
0.0588 	1
0.0595 	1
0.0602 	1
0.0609 	1
0.0616 	1
0.0623 	1
0.063 	1
0.0637 	1
0.0644 	1
0.0651 	1
0.0658 	1
0.0665 	1
0.0672 	1
0.0679 	1
0.0686 	1
0.0693 	1
0.07 	1
0.0707 	1
0.0714 	1
0.0721 	1
0.0728 	1
0.0735 	1
0.0742 	1
0.0749 	1
0.0756 	1
0.0763 	1
0.077 	1
0.0777 	1
0.0784 	1
0.0791 	1
0.0798 	1
0.0805 	1
0.0812 	1
0.0819 	1
0.0826 	1
0.0833 	1
0.084 	1
0.0847 	1
0.0854 	1
0.0861 	1
0.0868 	1
0.0875 	1
0.0882 	1
0.0889 	1
0.0896 	1
0.0903 	1
0.091 	1
0.0917 	1
0.0924 	1
0.0931 	1
0.0938 	1
0.0945 	1
0.0952 	1
0.0959 	1
0.0966 	1
0.0973 	1
0.098 	1
0.0987 	1
0.0994 	1
0.1001 	1
0.1008 	1
0.1015 	1
0.1022 	1
0.1029 	1
0.1036 	1
0.1043 	1
0.105 	1
0.1057 	1
0.1064 	1
0.1071 	1
0.1078 	1
0.1085 	1
0.1092 	1
0.1099 	1
0.1106 	1
0.1113 	1
0.112 	1
0.1127 	1
0.1134 	1
0.1141 	1
0.1148 	1
0.1155 	1
0.1162 	1
0.1169 	1
0.1176 	1
0.1183 	1
0.119 	1
0.1197 	1
0.1204 	1
0.1211 	1
0.1218 	1
0.1225 	1
0.1232 	1
0.1239 	1
0.1246 	1
0.1253 	1
0.126 	1
0.1267 	1
0.1274 	1
0.1281 	1
0.1288 	1
0.1295 	1
0.1302 	1
0.1309 	1
0.1316 	1
0.1323 	1
0.133 	1
0.1337 	1
0.1344 	1
0.1351 	1
0.1358 	1
0.1365 	1
0.1372 	1
0.1379 	1
0.1386 	1
0.1393 	1
0.14 	1
0.1407 	1
0.1414 	1
0.1421 	1
0.1428 	1
0.1435 	1
0.1442 	1
0.1449 	1
0.1456 	1
0.1463 	1
0.147 	1
0.1477 	1
0.1484 	1
0.1491 	1
0.1498 	1
0.1505 	1
0.1512 	1
0.1519 	1
0.1526 	1
0.1533 	1
0.154 	1
0.1547 	1
0.1554 	1
0.1561 	1
0.1568 	1
0.1575 	1
0.1582 	1
0.1589 	1
0.1596 	1
0.1603 	1
0.161 	1
0.1617 	1
0.1624 	1
0.1631 	1
0.1638 	1
0.1645 	1
0.1652 	1
0.1659 	1
0.1666 	1
0.1673 	1
0.168 	1
0.1687 	1
0.1694 	1
0.1701 	1
0.1708 	1
0.1715 	1
0.1722 	1
0.1729 	1
0.1736 	1
0.1743 	1
0.175 	1
0.1757 	1
0.1764 	1
0.1771 	1
0.1778 	1
0.1785 	1
0.1792 	1
0.1799 	1
0.1806 	1
0.1813 	1
0.182 	1
0.1827 	1
0.1834 	1
0.1841 	1
0.1848 	1
0.1855 	1
0.1862 	1
0.1869 	1
0.1876 	1
0.1883 	1
0.189 	1
0.1897 	1
0.1904 	1
0.1911 	1
0.1918 	1
0.1925 	1
0.1932 	1
0.1939 	1
0.1946 	1
0.1953 	1
0.196 	1
0.1967 	1
0.1974 	1
0.1981 	1
0.1988 	1
0.1995 	1
0.2002 	1
0.2009 	1
0.2016 	1
0.2023 	1
0.203 	1
0.2037 	1
0.2044 	1
0.2051 	1
0.2058 	0.999987
0.2065 	0.999974
0.2072 	0.99996
0.2079 	0.999947
0.2086 	0.999934
0.2093 	0.99992
0.21 	0.999905
0.2107 	0.998926
0.2114 	0.9977
0.2121 	0.996474
0.2128 	0.995248
0.2135 	0.994021
0.2142 	0.992795
0.2149 	0.99152
0.2156 	0.978651
0.2163 	0.959983
0.217 	0.94131
0.2177 	0.922638
0.2184 	0.903966
0.2191 	0.885293
0.2198 	0.866621
0.2205 	0.821911
0.2212 	0.762305
0.2219 	0.702696
0.2226 	0.643087
0.2233 	0.583478
0.224 	0.523869
0.2247 	0.46426
0.2254 	0.397243
0.2261 	0.346252
0.2268 	0.295264
0.2275 	0.244277
0.2282 	0.19329
0.2289 	0.142303
0.2296 	0.0913164
0.2303 	0.062175
0.231 	0.053023
0.2317 	0.0438732
0.2324 	0.0347246
0.2331 	0.0255759
0.2338 	0.0164273
0.2345 	0.00727868
0.2352 	0.00229494
0.2359 	0.00196776
0.2366 	0.00164064
0.2373 	0.00131358
0.238 	0.000986522
0.2387 	0.000659462
0.2394 	0.000332402
0.2401 	0.00010796
0.2408 	9.18279e-05
0.2415 	7.69335e-05
0.2422 	6.20418e-05
0.2429 	4.71501e-05
0.2436 	3.22584e-05
0.2443 	1.73667e-05
0.245 	5.24098e-06
0.2457 	4.35547e-06
0.2464 	3.6615e-06
0.2471 	2.96772e-06
0.2478 	2.27393e-06
0.2485 	1.58015e-06
0.2492 	8.8637e-07
0.2499 	2.32762e-07
0.2506 	1.89821e-07
0.2513 	1.60117e-07
0.252 	1.30432e-07
0.2527 	1.00746e-07
0.2534 	7.10603e-08
0.2541 	4.13746e-08
0.2548 	1.16889e-08
0.2555 	7.65219e-09
0.2562 	6.47877e-09
0.2569 	5.3066e-09
0.2576 	4.13452e-09
0.2583 	2.96245e-09
0.259 	1.79037e-09
0.2597 	6.18298e-10
0.2604 	3.01147e-10
0.2611 	2.56727e-10
0.2618 	2.12368e-10
0.2625 	1.68026e-10
0.2632 	1.23684e-10
0.2639 	7.93424e-11
0.2646 	3.50004e-11
0.2653 	1.64602e-11
0.266 	1.42361e-11
0.2667 	1.20151e-11
0.2674 	9.79596e-12
0.2681 	7.5768e-12
0.2688 	5.35764e-12
0.2695 	3.13848e-12
0.2702 	1.79164e-12
0.2709 	1.54975e-12
0.2716 	1.30823e-12
0.2723 	1.06708e-12
0.273 	8.25937e-13
0.2737 	5.8479e-13
0.2744 	3.43642e-13
0.2751 	1.69604e-13
0.2758 	1.44256e-13
0.2765 	1.20822e-13
0.2772 	9.74603e-14
0.2779 	7.40985e-14
0.2786 	5.07366e-14
0.2793 	2.73747e-14
0.28 	8.37216e-15
0.2807 	6.90324e-15
0.2814 	5.75521e-15
0.2821 	4.61335e-15
0.2828 	3.47148e-15
0.2835 	2.32962e-15
0.2842 	1.18776e-15
0.2849 	1.19518e-16
0.2856 	9.62804e-17
0.2863 	8.03581e-17
0.287 	6.45874e-17
0.2877 	4.88167e-17
0.2884 	3.3046e-17
0.2891 	1.72753e-17
0.2898 	1.50459e-18
0.2905 	2.48041e-19
0.2912 	2.07681e-19
0.2919 	1.67873e-19
0.2926 	1.28107e-19
0.2933 	8.83411e-20
0.294 	4.85752e-20
0.2947 	8.80927e-21
0.2954 	1.03318e-22
0.2961 	8.68397e-23
0.2968 	7.05988e-23
0.2975 	5.44226e-23
0.2982 	3.82464e-23
0.2989 	2.20702e-23
0.2996 	5.894e-24
0.3003 	4.8213e-26
0.301 	4.06904e-26
0.3017 	3.3257e-26
0.3024 	2.58732e-26
0.3031 	1.84894e-26
0.3038 	1.11056e-26
0.3045 	3.72177e-27
0.3052 	4.87681e-30
0.3059 	4.13254e-30
0.3066 	3.39504e-30
0.3073 	2.66432e-30
0.308 	1.93359e-30
0.3087 	1.20287e-30
0.3094 	4.72149e-31
0.3101 	2.71839e-34
0.3108 	2.28057e-34
0.3115 	1.88328e-34
0.3122 	1.49e-34
0.3129 	1.09672e-34
0.3136 	7.03431e-35
0.3143 	3.10147e-35
0.315 	1.62855e-38
0.3157 	1.33351e-38
0.3164 	1.10675e-38
0.3171 	8.82307e-39
0.3178 	6.5786e-39
0.3185 	4.33414e-39
0.3192 	2.08967e-39
0.3199 	9.38913e-43
0.3206 	7.5416e-43
0.3213 	6.29097e-43
0.322 	5.05099e-43
0.3227 	3.81101e-43
0.3234 	2.57103e-43
0.3241 	1.33106e-43
0.3248 	9.108e-45
0.3255 	4.07574e-47
0.3262 	3.41742e-47
0.3269 	2.76205e-47
0.3276 	2.10689e-47
0.3283 	1.45174e-47
0.329 	7.96584e-48
0.3297 	1.4143e-48
0.3304 	2.10863e-51
0.3311 	1.77697e-51
0.3318 	1.44534e-51
0.3325 	1.11371e-51
0.3332 	7.8208e-52
0.3339 	4.50451e-52
0.3346 	1.18821e-52
0.3353 	1.05283e-55
0.336 	8.91445e-56
0.3367 	7.29595e-56
0.3374 	5.67489e-56
0.3381 	4.05382e-56
0.3388 	2.43276e-56
0.3395 	8.11695e-57
0.3402 	5.10512e-60
0.3409 	4.34172e-60
0.3416 	3.57504e-60
0.3423 	2.80508e-60
0.343 	2.03512e-60
0.3437 	1.26515e-60
0.3444 	4.95194e-61
0.3451 	2.45156e-64
0.3458 	2.06414e-64
0.3465 	1.70964e-64
0.3472 	1.35239e-64
0.3479 	9.95139e-65
0.3486 	6.37891e-65
0.3493 	2.80643e-65
0.35 	1.16593e-68
0.3507 	9.59818e-69
0.3514 	7.99458e-69
0.3521 	6.3723e-69
0.3528 	4.75002e-69
0.3535 	3.12774e-69
0.3542 	1.50546e-69
0.3549 	5.41176e-73
0.3556 	4.36835e-73
0.3563 	3.65807e-73
0.357 	2.93662e-73
0.3577 	2.21516e-73
0.3584 	1.49371e-73
0.3591 	7.72256e-74
0.3598 	5.08019e-75
0.3605 	1.94732e-77
0.3612 	1.63859e-77
0.3619 	1.32458e-77
0.3626 	1.01016e-77
0.3633 	6.95749e-78
0.364 	3.81335e-78
0.3647 	6.69204e-79
0.3654 	8.5212e-82
0.3661 	7.20101e-82
0.3668 	5.86079e-82
0.3675 	4.51511e-82
0.3682 	3.16943e-82
0.3689 	1.82376e-82
0.3696 	4.78076e-83
0.3703 	3.66992e-86
0.371 	3.1138e-86
0.3717 	2.55062e-86
0.3724 	1.98353e-86
0.3731 	1.41643e-86
0.3738 	8.49336e-87
0.3745 	2.8224e-87
0.3752 	1.56015e-90
0.3759 	1.32875e-90
0.3766 	1.09505e-90
0.3773 	8.59053e-91
0.378 	6.23058e-91
0.3787 	3.87062e-91
0.3794 	1.51066e-91
0.3801 	6.64414e-95
0.3808 	5.60579e-95
0.3815 	4.64634e-95
0.3822 	3.67482e-95
0.3829 	2.7033e-95
0.3836 	1.73178e-95
0.3843 	7.60263e-96
0.385 	2.82876e-99
0.3857 	2.34049e-99
0.3864 	1.9504e-99
0.3871 	1.55438e-99
0.3878 	1.15836e-99
0.3885 	7.62335e-100
0.3892 	3.66313e-100
0.3899 	1.18961e-103
0.3906 	9.66775e-104
0.3913 	8.0976e-104
0.392 	6.49962e-104
0.3927 	4.90165e-104
0.3934 	3.30367e-104
0.3941 	1.7057e-104
0.3948 	1.07723e-105
0.3955 	3.94851e-108
0.3962 	3.32239e-108
0.3969 	2.68536e-108
0.3976 	2.04748e-108
0.3983 	1.4096e-108
0.399 	7.71729e-109
0.3997 	1.33854e-109
0.4004 	1.59335e-112
0.4011 	1.34621e-112
0.4018 	1.09549e-112
0.4025 	8.43782e-113
0.4032 	5.92078e-113
0.4039 	3.40373e-113
0.4046 	8.86693e-114
0.4053 	6.34862e-117
0.406 	5.385e-117
0.4067 	4.41009e-117
0.4074 	3.42892e-117
0.4081 	2.44774e-117
0.4088 	1.46657e-117
0.4095 	4.85396e-118
0.4102 	2.49614e-121
0.4109 	2.12521e-121
0.4116 	1.75096e-121
0.4123 	1.37336e-121
0.413 	9.95768e-122
0.4137 	6.18175e-122
0.4144 	2.40581e-122
0.4151 	9.79014e-126
0.4158 	8.2706e-126
0.4165 	6.85292e-126
0.4172 	5.41913e-126
0.4179 	3.98534e-126
0.4186 	2.55155e-126
0.4193 	1.11776e-126
0.42 	3.81423e-130
0.4207 	3.17168e-130
0.4214 	2.64213e-130
0.4221 	2.10534e-130
0.4228 	1.56854e-130
0.4235 	1.03174e-130
0.4242 	4.94938e-131
0.4249 	1.46175e-134
0.4256 	1.19812e-134
0.4263 	1.00312e-134
0.427 	8.05053e-135
0.4277 	6.06982e-135
0.4284 	4.0891e-135
0.4291 	2.10839e-135
0.4298 	1.27671e-136
0.4305 	4.45784e-139
0.4312 	3.74942e-139
0.4319 	3.03002e-139
0.4326 	2.30977e-139
0.4333 	1.58952e-139
0.434 	8.69268e-140
0.4347 	1.49018e-140
0.4354 	1.63207e-143
0.4361 	1.37825e-143
0.4368 	1.12129e-143
0.4375 	8.63483e-144
0.4382 	6.05676e-144
0.4389 	3.47868e-144
0.4396 	9.00605e-145
0.4403 	5.68078e-148
0.441 	4.92755e-148
0.4417 	4.06838e-148
0.4424 	3.15037e-148
0.4431 	2.23235e-148
0.4438 	1.31433e-148
0.4445 	3.96312e-149
0.4452 	-5.48416e-150
0.4459 	8.61772e-151
0.4466 	3.74113e-150
0.4473 	3.15391e-150
0.448 	2.56668e-150
0.4487 	1.97946e-150
0.4494 	1.39224e-150
0.4501 	-7.18483e-151
0.4508 	1.3224e-150
0.4515 	1.55321e-150
0.4522 	1.36172e-150
0.4529 	1.17023e-150
0.4536 	9.78738e-151
0.4543 	7.87246e-151
0.455 	3.86307e-151
0.4557 	5.84437e-151
0.4564 	5.62e-151
0.4571 	4.92891e-151
0.4578 	4.23783e-151
0.4585 	3.54675e-151
0.4592 	2.85566e-151
0.4599 	2.14402e-151
0.4606 	1.96102e-151
0.4613 	1.78692e-151
0.462 	1.56424e-151
0.4627 	1.34157e-151
0.4634 	1.11889e-151
0.4641 	8.96219e-152
0.4648 	6.73544e-152
0.4655 	5.84708e-152
0.4662 	5.23224e-152
0.4669 	4.57578e-152
0.4676 	3.91613e-152
0.4683 	3.25647e-152
0.469 	2.59682e-152
0.4697 	1.93716e-152
0.4704 	1.61674e-152
0.4711 	1.43829e-152
0.4718 	1.25672e-152
0.4725 	1.0743e-152
0.4732 	8.91881e-153
0.4739 	7.09463e-153
0.4746 	5.27045e-153
0.4753 	4.22123e-153
0.476 	3.74925e-153
0.4767 	3.27448e-153
0.4774 	2.79817e-153
0.4781 	2.32185e-153
0.4788 	1.84553e-153
0.4795 	1.36922e-153
0.4802 	1.05032e-153
0.4809 	9.32689e-154
0.4816 	8.14706e-154
0.4823 	6.96368e-154
0.483 	5.7803e-154
0.4837 	4.59692e-154
0.4844 	3.41354e-154
0.4851 	2.51607e-154
0.4858 	2.22485e-154
0.4865 	1.9446e-154
0.4872 	1.66334e-154
0.4879 	1.38209e-154
0.4886 	1.10083e-154
0.4893 	8.1958e-155
0.49 	5.81786e-155
0.4907 	5.10954e-155
0.4914 	4.47016e-155
0.4921 	3.82788e-155
0.4928 	3.18559e-155
0.4935 	2.5433e-155
0.4942 	1.90102e-155
0.4949 	1.29662e-155
0.4956 	1.13397e-155
0.4963 	9.93279e-156
0.497 	8.51778e-156
0.4977 	7.10278e-156
0.4984 	5.68777e-156
0.4991 	4.27276e-156
0.4998 	2.85775e-156
0.5005 	2.44086e-156
0.5012 	2.14095e-156
0.5019 	1.83918e-156
0.5026 	1.53728e-156
0.5033 	1.23537e-156
0.504 	9.33459e-157
0.5047 	6.31551e-157
0.5054 	5.11422e-157
0.5061 	4.49241e-157
0.5068 	3.86713e-157
0.5075 	3.2409e-157
0.5082 	2.61467e-157
0.5089 	1.98844e-157
0.5096 	1.36221e-157
0.5103 	1.04685e-157
0.511 	9.21032e-158
0.5117 	7.94612e-158
0.5124 	6.67854e-158
0.5131 	5.41097e-158
0.5138 	4.1434e-158
0.5145 	2.87582e-158
0.5152 	2.101e-158
0.5159 	1.85164e-158
0.5166 	1.6013e-158
0.5173 	1.34998e-158
0.518 	1.09866e-158
0.5187 	8.47348e-159
0.5194 	5.96031e-159
0.5201 	4.16541e-159
0.5208 	3.66356e-159
0.5215 	3.1762e-159
0.5222 	2.6863e-159
0.5229 	2.19641e-159
0.5236 	1.70651e-159
0.5243 	1.21661e-159
0.525 	8.17315e-160
0.5257 	7.16031e-160
0.5264 	6.22397e-160
0.5271 	5.28148e-160
0.5278 	4.339e-160
0.5285 	3.39652e-160
0.5292 	2.45404e-160
0.5299 	1.57862e-160
0.5306 	1.38774e-160
0.5313 	1.2095e-160
0.532 	1.02986e-160
0.5327 	8.50213e-161
0.5334 	6.70569e-161
0.5341 	4.90926e-161
0.5348 	3.11282e-161
0.5355 	2.67764e-161
0.5362 	2.33991e-161
0.5369 	1.99951e-161
0.5376 	1.6589e-161
0.5383 	1.31829e-161
0.539 	9.77677e-162
0.5397 	6.37067e-162
0.5404 	5.16465e-162
0.5411 	4.52502e-162
0.5418 	3.88113e-162
0.5425 	3.23608e-162
0.5432 	2.59103e-162
0.5439 	1.94599e-162
0.5446 	1.30094e-162
0.5453 	1.00001e-162
0.546 	8.78489e-163
0.5467 	7.5632e-163
0.5474 	6.3379e-163
0.5481 	5.1126e-163
0.5488 	3.88731e-163
0.5495 	2.66201e-163
0.5502 	1.95229e-163
0.5509 	1.71968e-163
0.5516 	1.48613e-163
0.5523 	1.25166e-163
0.553 	1.01718e-163
0.5537 	7.82711e-164
0.5544 	5.48236e-164
0.5551 	3.87156e-164
0.5558 	3.40957e-164
0.5565 	2.95772e-164
0.5572 	2.50366e-164
0.5579 	2.04961e-164
0.5586 	1.59556e-164
0.5593 	1.14151e-164
0.56 	7.82155e-165
0.5607 	6.87736e-165
0.5614 	5.98851e-165
0.5621 	5.09477e-165
0.5628 	4.20103e-165
0.5635 	3.30729e-165
0.5642 	2.41355e-165
0.5649 	1.59249e-165
0.5656 	1.41723e-165
0.5663 	1.23869e-165
0.567 	1.0591e-165
0.5677 	8.7952e-166
0.5684 	6.99936e-166
0.5691 	5.20353e-166
0.5698 	3.40769e-166
0.5705 	2.99504e-166
0.5712 	2.62725e-166
0.5719 	2.25759e-166
0.5726 	1.88779e-166
0.5733 	1.51799e-166
0.574 	1.14819e-166
0.5747 	7.78387e-167
0.5754 	6.51188e-167
0.5761 	5.73238e-167
0.5768 	4.95011e-167
0.5775 	4.16709e-167
0.5782 	3.38406e-167
0.5789 	2.60103e-167
0.5796 	1.818e-167
0.5803 	1.46022e-167
0.581 	1.28988e-167
0.5817 	1.11915e-167
0.5824 	9.48209e-168
0.5831 	7.77266e-168
0.5838 	6.06323e-168
0.5845 	4.3538e-168
0.5852 	3.38238e-168
0.5859 	2.99786e-168
0.5866 	2.61288e-168
0.5873 	2.22742e-168
0.588 	1.84196e-168
0.5887 	1.4565e-168
0.5894 	1.07104e-168
0.5901 	8.11822e-169
0.5908 	7.20064e-169
0.5915 	6.30284e-169
0.5922 	5.40428e-169
0.5929 	4.50571e-169
0.5936 	3.60714e-169
0.5943 	2.70857e-169
0.595 	2.01559e-169
0.5957 	1.78658e-169
0.5964 	1.57007e-169
0.5971 	1.35353e-169
0.5978 	1.13699e-169
0.5985 	9.20448e-170
0.5992 	7.03909e-170
0.5999 	5.06944e-170
0.6006 	4.57171e-170
0.6013 	4.03237e-170
0.602 	3.49355e-170
0.6027 	2.95473e-170
0.6034 	2.41592e-170
0.6041 	1.8771e-170
0.6048 	1.33828e-170
0.6055 	1.20331e-170
0.6062 	1.06486e-170
0.6069 	9.26707e-171
0.6076 	7.88574e-171
0.6083 	6.50442e-171
0.609 	5.1231e-171
0.6097 	3.74177e-171
0.6104 	3.24567e-171
0.6111 	2.88078e-171
0.6118 	2.51687e-171
0.6125 	2.15324e-171
0.6132 	1.7896e-171
0.6139 	1.42597e-171
0.6146 	1.06233e-171
0.6153 	8.93038e-172
0.616 	7.94718e-172
0.6167 	6.96681e-172
0.6174 	5.98802e-172
0.6181 	5.00923e-172
0.6188 	4.03043e-172
0.6195 	3.05164e-172
0.6202 	2.49368e-172
0.6209 	2.2242e-172
0.6216 	1.95544e-172
0.6223 	1.68741e-172
0.623 	1.41938e-172
0.6237 	1.15135e-172
0.6244 	8.83314e-173
0.6251 	7.04593e-173
0.6258 	6.2816e-173
0.6265 	5.53595e-173
0.6272 	4.79325e-173
0.6279 	4.05055e-173
0.6286 	3.30785e-173
0.6293 	2.56515e-173
0.63 	2.00119e-173
0.6307 	1.78069e-173
0.6314 	1.57247e-173
0.6321 	1.36536e-173
0.6328 	1.15824e-173
0.6335 	9.51129e-174
0.6342 	7.44016e-174
0.6349 	5.56717e-174
0.6356 	5.0401e-174
0.6363 	4.458e-174
0.637 	3.87985e-174
0.6377 	3.3017e-174
0.6384 	2.72355e-174
0.6391 	2.1454e-174
0.6398 	1.56725e-174
0.6405 	1.41674e-174
0.6412 	1.2548e-174
0.6419 	1.09403e-174
0.6426 	9.33353e-175
0.6433 	7.72672e-175
0.644 	6.11991e-175
0.6447 	4.5131e-175
0.6454 	3.93241e-175
0.6461 	3.48669e-175
0.6468 	3.04382e-175
0.6475 	2.60172e-175
0.6482 	2.15962e-175
0.6489 	1.71752e-175
0.6496 	1.27542e-175
0.6503 	1.0709e-175
0.651 	9.50209e-176
0.6517 	8.30174e-176
0.6524 	7.10503e-176
0.6531 	5.90833e-176
0.6538 	4.71162e-176
0.6545 	3.51492e-176
0.6552 	2.83923e-176
0.6559 	2.5201e-176
0.6566 	2.20237e-176
0.6573 	1.88605e-176
0.658 	1.56972e-176
0.6587 	1.25339e-176
0.6594 	9.37066e-177
0.6601 	7.27409e-177
0.6608 	6.44065e-177
0.6615 	5.62703e-177
0.6622 	4.81816e-177
0.6629 	4.0093e-177
0.6636 	3.20043e-177
0.6643 	2.39156e-177
0.665 	1.77543e-177
0.6657 	1.56578e-177
0.6664 	1.36673e-177
0.6671 	1.16914e-177
0.6678 	9.71543e-178
0.6685 	7.73951e-178
0.6692 	5.76358e-178
0.6699 	3.97584e-178
0.6706 	3.55866e-178
0.6713 	3.10134e-178
0.672 	2.64803e-178
0.6727 	2.19471e-178
0.6734 	1.7414e-178
0.6741 	1.28808e-178
0.6748 	8.3477e-179
0.6755 	7.38612e-179
0.6762 	6.42299e-179
0.6769 	5.46832e-179
0.6776 	4.5143e-179
0.6783 	3.56028e-179
0.679 	2.60626e-179
0.6797 	1.65224e-179
0.6804 	1.35559e-179
0.6811 	1.17563e-179
0.6818 	9.97002e-180
0.6825 	8.18738e-180
0.6832 	6.40473e-180
0.6839 	4.62209e-180
0.6846 	2.83944e-180
0.6853 	2.10139e-180
0.686 	1.81644e-180
0.6867 	1.53322e-180
0.6874 	1.25095e-180
0.6881 	9.68678e-181
0.6888 	6.86407e-181
0.6895 	4.04136e-181
0.6902 	2.56461e-181
0.6909 	2.20859e-181
0.6916 	1.85423e-181
0.6923 	1.50154e-181
0.693 	1.14885e-181
0.6937 	7.96161e-182
0.6944 	4.4347e-182
0.6951 	2.18348e-182
0.6958 	1.85461e-182
0.6965 	1.53764e-182
0.6972 	1.23285e-182
0.6979 	9.2807e-183
0.6986 	6.23286e-183
0.6993 	3.18502e-183
0.7 	8.53588e-184
