0 	1
0.0007 	1
0.0014 	1
0.0021 	1
0.0028 	1
0.0035 	1
0.0042 	1
0.0049 	1
0.0056 	1
0.0063 	1
0.007 	1
0.0077 	1
0.0084 	1
0.0091 	1
0.0098 	1
0.0105 	1
0.0112 	1
0.0119 	1
0.0126 	1
0.0133 	1
0.014 	1
0.0147 	1
0.0154 	1
0.0161 	1
0.0168 	1
0.0175 	1
0.0182 	1
0.0189 	1
0.0196 	1
0.0203 	1
0.021 	1
0.0217 	1
0.0224 	1
0.0231 	1
0.0238 	1
0.0245 	1
0.0252 	1
0.0259 	1
0.0266 	1
0.0273 	1
0.028 	1
0.0287 	1
0.0294 	1
0.0301 	1
0.0308 	1
0.0315 	1
0.0322 	1
0.0329 	1
0.0336 	1
0.0343 	1
0.035 	1
0.0357 	1
0.0364 	1
0.0371 	1
0.0378 	1
0.0385 	1
0.0392 	1
0.0399 	1
0.0406 	1
0.0413 	1
0.042 	1
0.0427 	1
0.0434 	1
0.0441 	1
0.0448 	1
0.0455 	1
0.0462 	1
0.0469 	1
0.0476 	1
0.0483 	1
0.049 	1
0.0497 	1
0.0504 	1
0.0511 	1
0.0518 	1
0.0525 	1
0.0532 	1
0.0539 	1
0.0546 	1
0.0553 	1
0.056 	1
0.0567 	1
0.0574 	1
0.0581 	1
0.0588 	1
0.0595 	1
0.0602 	1
0.0609 	1
0.0616 	1
0.0623 	1
0.063 	1
0.0637 	1
0.0644 	1
0.0651 	1
0.0658 	1
0.0665 	1
0.0672 	1
0.0679 	1
0.0686 	1
0.0693 	1
0.07 	1
0.0707 	1
0.0714 	1
0.0721 	1
0.0728 	1
0.0735 	1
0.0742 	1
0.0749 	1
0.0756 	1
0.0763 	1
0.077 	1
0.0777 	1
0.0784 	1
0.0791 	1
0.0798 	1
0.0805 	1
0.0812 	1
0.0819 	1
0.0826 	1
0.0833 	1
0.084 	1
0.0847 	1
0.0854 	1
0.0861 	1
0.0868 	1
0.0875 	1
0.0882 	1
0.0889 	1
0.0896 	1
0.0903 	1
0.091 	1
0.0917 	1
0.0924 	1
0.0931 	1
0.0938 	1
0.0945 	1
0.0952 	1
0.0959 	1
0.0966 	1
0.0973 	1
0.098 	1
0.0987 	1
0.0994 	1
0.1001 	1
0.1008 	1
0.1015 	1
0.1022 	1
0.1029 	1
0.1036 	1
0.1043 	1
0.105 	1
0.1057 	1
0.1064 	1
0.1071 	1
0.1078 	1
0.1085 	1
0.1092 	1
0.1099 	1
0.1106 	1
0.1113 	1
0.112 	1
0.1127 	1
0.1134 	1
0.1141 	1
0.1148 	1
0.1155 	1
0.1162 	1
0.1169 	1
0.1176 	1
0.1183 	1
0.119 	1
0.1197 	1
0.1204 	1
0.1211 	1
0.1218 	1
0.1225 	1
0.1232 	1
0.1239 	1
0.1246 	1
0.1253 	1
0.126 	1
0.1267 	1
0.1274 	1
0.1281 	1
0.1288 	1
0.1295 	1
0.1302 	1
0.1309 	1
0.1316 	1
0.1323 	1
0.133 	1
0.1337 	1
0.1344 	1
0.1351 	1
0.1358 	1
0.1365 	1
0.1372 	1
0.1379 	1
0.1386 	1
0.1393 	1
0.14 	1
0.1407 	1
0.1414 	1
0.1421 	1
0.1428 	1
0.1435 	1
0.1442 	1
0.1449 	1
0.1456 	1
0.1463 	1
0.147 	1
0.1477 	1
0.1484 	1
0.1491 	1
0.1498 	1
0.1505 	1
0.1512 	1
0.1519 	1
0.1526 	1
0.1533 	1
0.154 	1
0.1547 	1
0.1554 	1
0.1561 	1
0.1568 	1
0.1575 	1
0.1582 	1
0.1589 	1
0.1596 	1
0.1603 	1
0.161 	1
0.1617 	1
0.1624 	1
0.1631 	1
0.1638 	1
0.1645 	1
0.1652 	1
0.1659 	1
0.1666 	1
0.1673 	1
0.168 	1
0.1687 	1
0.1694 	1
0.1701 	1
0.1708 	1
0.1715 	1
0.1722 	1
0.1729 	1
0.1736 	1
0.1743 	1
0.175 	1
0.1757 	1
0.1764 	1
0.1771 	1
0.1778 	1
0.1785 	1
0.1792 	1
0.1799 	1
0.1806 	1
0.1813 	1
0.182 	1
0.1827 	1
0.1834 	1
0.1841 	1
0.1848 	1
0.1855 	1
0.1862 	1
0.1869 	1
0.1876 	1
0.1883 	1
0.189 	1
0.1897 	1
0.1904 	1
0.1911 	1
0.1918 	1
0.1925 	1
0.1932 	1
0.1939 	1
0.1946 	1
0.1953 	1
0.196 	1
0.1967 	1
0.1974 	1
0.1981 	1
0.1988 	1
0.1995 	1
0.2002 	1
0.2009 	1
0.2016 	1
0.203 	1
0.2044 	1
0.2058 	1
0.2065 	1
0.2072 	1
0.2086 	1
0.21 	1
0.2114 	1
0.2128 	1
0.2142 	1
0.2156 	1
0.217 	1
0.2177 	1
0.2191 	1
0.2205 	1
0.2219 	1
0.2226 	1
0.224 	1
0.2254 	0.999967
0.2268 	0.999272
0.2282 	0.99597
0.2289 	0.993541
0.2296 	0.991385
0.231 	0.991385
0.2324 	0.996441
0.2331 	0.998303
0.2338 	0.999877
0.2345 	0.999935
0.2359 	0.999965
0.2366 	0.999919
0.238 	0.999726
0.2387 	0.999606
0.2401 	0.999633
0.2415 	0.999881
0.2429 	0.999997
0.2443 	1
0.2457 	1
0.2471 	1
0.2478 	1
0.2492 	1
0.2506 	1
0.252 	1
0.2534 	1
0.2548 	0.999998
0.2562 	0.999994
0.2576 	0.999988
0.259 	0.999965
0.2604 	0.999879
0.2611 	0.999813
0.2625 	0.999731
0.2632 	0.999761
0.2639 	0.999799
0.2646 	0.999871
0.2653 	0.999926
0.2667 	0.999552
0.2681 	0.978837
0.2688 	0.945599
0.2695 	0.783146
0.2702 	0.596196
0.2709 	0.348005
0.2716 	0.167
0.2723 	0.0531786
0.273 	0.0162778
0.2744 	0.00819137
0.2751 	0.00657136
0.2758 	0.00502419
0.2772 	0.00276471
0.2786 	0.00160025
0.28 	0.000987661
0.2814 	0.000629792
0.2828 	0.000401625
0.2842 	0.000260308
0.2856 	0.000174348
0.287 	0.00010978
0.2877 	7.96634e-05
0.2891 	3.48232e-05
0.2898 	2.41224e-05
0.2912 	1.94179e-05
0.2926 	1.96653e-05
0.294 	1.29803e-05
0.2954 	5.21252e-06
0.2968 	1.24031e-06
0.2975 	4.48898e-07
0.2982 	4.29872e-07
0.2989 	4.14945e-07
0.3003 	4.15082e-07
0.301 	4.15069e-07
0.3017 	4.15065e-07
0.3024 	4.15065e-07
0.3031 	6.22874e-07
0.3038 	1.18178e-06
0.3052 	1.18056e-05
0.3059 	2.09894e-05
0.3066 	2.37311e-05
0.308 	1.21623e-05
0.3087 	2.62594e-06
0.3101 	1.02255e-08
0.3108 	4.12988e-09
0.3122 	2.16282e-10
0.3136 	1.69775e-10
0.315 	5.27321e-11
0.3157 	3.41191e-11
0.3164 	1.81703e-11
0.3178 	7.02602e-12
0.3192 	1.76657e-12
0.3206 	4.66417e-13
0.322 	2.11747e-13
0.3227 	1.56862e-13
0.3241 	8.70162e-14
0.3255 	4.01982e-14
0.3262 	2.38388e-14
0.3276 	8.31618e-15
0.329 	2.67061e-15
0.3304 	7.64915e-16
0.3311 	3.73605e-16
0.3318 	1.96259e-16
0.3325 	7.73293e-17
0.3332 	4.54583e-17
0.3339 	1.8537e-17
0.3346 	9.7801e-18
0.3353 	3.89525e-18
0.336 	1.83978e-18
0.3367 	7.62355e-19
0.3374 	2.28435e-19
0.3388 	3.26519e-19
0.3402 	2.7081e-19
0.3409 	1.72519e-19
0.3416 	8.88302e-20
0.3423 	1.97401e-20
0.3437 	2.37809e-29
0.3451 	1.34282e-28
0.3458 	2.41721e-28
0.3465 	3.60247e-28
0.3479 	6.29826e-28
0.3493 	8.44215e-28
0.35 	9.23025e-28
0.3514 	9.75252e-28
0.3528 	9.29402e-28
0.3542 	7.05887e-28
0.3549 	5.38619e-28
0.3563 	2.47709e-28
0.357 	1.68981e-28
0.3577 	1.00904e-28
0.3591 	2.92038e-29
0.3605 	2.82568e-30
0.3619 	3.75763e-33
0.3633 	5.24095e-33
0.3647 	3.10857e-33
0.3661 	3.82455e-34
0.3675 	1.56684e-37
0.3689 	6.24033e-38
0.3703 	1.38237e-42
0.371 	7.87678e-43
0.3717 	3.77956e-43
0.3731 	2.4295e-44
0.3738 	2.0974e-44
0.3752 	1.12721e-44
0.3759 	7.19525e-45
0.3773 	1.97628e-45
0.378 	9.72385e-46
0.3794 	2.14918e-46
0.3801 	6.16009e-47
0.3815 	8.06191e-49
0.3822 	6.6204e-49
0.3829 	4.67894e-49
0.3843 	1.06636e-49
0.3857 	2.86227e-51
0.3864 	1.15684e-51
0.3878 	1.38503e-54
0.3892 	2.61577e-59
0.3899 	4.24736e-59
0.3913 	2.82023e-59
0.392 	1.19384e-59
0.3934 	1.65617e-61
0.3948 	2.72085e-62
0.3962 	5.7759e-64
0.3969 	1.38515e-64
0.3976 	1.82068e-64
0.399 	1.10903e-64
0.4004 	2.11022e-65
0.4018 	6.03463e-68
0.4032 	6.69561e-70
0.4039 	3.26986e-70
0.4053 	-1.93155e-70
0.4067 	-1.95269e-70
0.4081 	-1.89444e-70
0.4095 	-1.77473e-70
0.4102 	-1.67266e-70
0.4116 	-1.40257e-70
0.4123 	-1.27331e-70
0.4137 	-1.09678e-70
0.4151 	-9.1076e-71
0.4165 	-7.25913e-71
0.4172 	-6.425e-71
0.4186 	-5.24891e-71
0.42 	-4.18965e-71
0.4214 	-3.23928e-71
0.4228 	-2.47723e-71
0.4242 	-1.96833e-71
0.4256 	-1.50437e-71
0.427 	-1.11748e-71
0.4284 	-8.49126e-72
0.4291 	-7.43641e-72
0.4298 	-6.42523e-72
0.4305 	-5.54824e-72
0.4319 	-4.03351e-72
0.4333 	-2.97324e-72
0.4347 	-2.2023e-72
0.4354 	-1.87774e-72
0.4361 	-1.58774e-72
0.4368 	-1.33997e-72
0.4375 	-1.10372e-72
0.4389 	-8.21675e-73
0.4403 	-5.87421e-73
0.441 	-4.94005e-73
0.4424 	-3.37387e-73
0.4438 	-2.43602e-73
0.4452 	-1.70765e-73
0.4466 	-1.18154e-73
0.448 	-8.05586e-74
0.4494 	-5.66072e-74
0.4508 	-3.86798e-74
0.4522 	-2.56538e-74
0.4536 	-1.75652e-74
0.455 	-1.17649e-74
0.4564 	-7.93857e-75
0.4578 	-5.17796e-75
0.4592 	-3.53238e-75
0.4599 	-2.83717e-75
0.4613 	-1.87192e-75
0.4627 	-1.19629e-75
0.4641 	-8.04985e-76
0.4655 	-5.23479e-76
0.4669 	-3.35765e-76
0.4676 	-2.6066e-76
0.469 	-1.73118e-76
0.4697 	-1.3846e-76
0.4704 	-1.108e-76
0.4711 	-8.83868e-77
0.4725 	-5.36664e-77
0.4739 	-3.51927e-77
0.4746 	-2.81265e-77
0.476 	-1.76973e-77
0.4774 	-1.06629e-77
0.4781 	-8.5964e-78
0.4788 	-6.7727e-78
0.4795 	-5.41309e-78
0.4802 	-4.20097e-78
0.4816 	-2.62715e-78
0.483 	-1.58745e-78
0.4844 	-9.8899e-79
0.4851 	-7.5535e-79
0.4858 	-6.04768e-79
0.4865 	-4.68979e-79
0.4879 	-2.78555e-79
0.4893 	-1.71739e-79
0.4907 	-1.03532e-79
0.4921 	-6.12655e-80
0.4935 	-3.64643e-80
0.4949 	-2.13871e-80
0.4956 	-1.68717e-80
0.497 	-9.93667e-81
0.4984 	-5.81151e-81
0.4998 	-3.38239e-81
0.5005 	-2.622e-81
0.5012 	-1.99353e-81
0.5026 	-1.12354e-81
0.504 	-6.72691e-82
0.5054 	-3.88918e-82
0.5068 	-2.27087e-82
0.5082 	-1.28597e-82
0.5089 	-9.66705e-83
0.5096 	-7.37256e-83
0.511 	-4.23322e-83
0.5124 	-2.32024e-83
0.5138 	-1.32888e-83
0.5145 	-1.01819e-83
0.5152 	-7.47526e-84
0.5159 	-5.7694e-84
0.5173 	-3.15975e-84
0.5187 	-1.7639e-84
0.5201 	-9.70322e-85
0.5208 	-7.52841e-85
0.5215 	-5.60149e-85
0.5229 	-3.042e-85
0.5243 	-1.70635e-85
0.5257 	-9.42018e-86
0.5271 	-5.15389e-86
0.5285 	-2.79178e-86
0.5292 	-2.07643e-86
0.5299 	-1.48352e-86
0.5313 	-8.27693e-87
0.532 	-6.18963e-87
0.5327 	-4.3896e-87
0.5341 	-2.42814e-87
0.5348 	-1.75084e-87
0.5355 	-1.30661e-87
0.5362 	-9.5562e-88
0.5376 	-4.96774e-88
0.539 	-2.7282e-88
0.5404 	-1.44953e-88
0.5411 	-1.0696e-88
0.5418 	-7.91341e-89
0.5425 	-5.40814e-89
0.5439 	-2.94979e-89
0.5453 	-1.54828e-89
0.546 	-1.15252e-89
0.5474 	-5.85598e-90
0.5481 	-4.35555e-90
0.5488 	-3.07408e-90
0.5495 	-2.27709e-90
0.5502 	-1.59425e-90
0.5509 	-1.19681e-90
0.5523 	-6.1071e-91
0.5537 	-3.12791e-91
0.5551 	-1.58393e-91
0.5565 	-8.62546e-92
0.5579 	-4.3609e-92
0.5593 	-2.26024e-92
0.56 	-1.5201e-92
0.5614 	-8.26928e-93
0.5628 	-4.14297e-93
0.5642 	-2.13747e-93
0.5656 	-1.08361e-93
0.5663 	-7.65909e-94
0.5677 	-3.80391e-94
0.5684 	-2.76993e-94
0.5691 	-1.9532e-94
0.5705 	-9.78605e-95
0.5712 	-6.93245e-95
0.5719 	-5.05277e-95
0.5726 	-3.37812e-95
0.574 	-1.72627e-95
0.5747 	-1.21309e-95
0.5761 	-6.13424e-96
0.5768 	-4.4233e-96
0.5782 	-2.15647e-96
0.5789 	-1.47733e-96
0.5796 	-1.05179e-96
0.581 	-5.25351e-97
0.5824 	-2.51076e-97
0.5838 	-1.22521e-97
0.5852 	-5.93693e-98
0.5859 	-4.35913e-98
0.5866 	-3.08038e-98
0.5873 	-2.10069e-98
0.5887 	-1.0013e-98
0.5894 	-7.19254e-99
0.5901 	-4.72995e-99
0.5915 	-2.45721e-99
0.5922 	-1.70411e-99
0.5936 	-8.06347e-100
0.5943 	-5.68759e-100
0.595 	-3.66168e-100
0.5957 	-2.74483e-100
0.5964 	-1.90384e-100
0.5971 	-1.34101e-100
0.5978 	-9.02671e-101
0.5985 	-6.30326e-101
0.5999 	-2.87401e-101
0.6013 	-1.4335e-101
0.602 	-1.02428e-101
0.6034 	-4.78446e-102
0.6048 	-2.18812e-102
0.6055 	-1.54045e-102
0.6062 	-1.06315e-102
0.6076 	-4.92097e-103
0.609 	-2.36927e-103
0.6104 	-1.10767e-103
0.6111 	-7.76736e-104
0.6125 	-3.49202e-104
0.6139 	-1.67657e-104
0.6146 	-1.16462e-104
0.6153 	-7.76169e-105
0.616 	-5.52384e-105
0.6167 	-3.86083e-105
0.6181 	-1.77627e-105
0.6195 	-8.16502e-106
0.6209 	-3.83121e-106
0.6216 	-2.65061e-106
0.6223 	-1.76717e-106
0.6237 	-7.94902e-107
0.6244 	-5.58847e-107
0.6251 	-3.54994e-107
0.6258 	-2.59499e-107
0.6272 	-1.20959e-107
0.6286 	-5.42475e-108
0.63 	-2.3211e-108
0.6314 	-1.16601e-108
0.6328 	-5.30877e-109
0.6335 	-3.61575e-109
0.6342 	-2.44326e-109
0.6349 	-1.55995e-109
0.6363 	-7.49597e-110
0.6377 	-3.40606e-110
0.6391 	-1.56849e-110
0.6398 	-1.02655e-110
0.6412 	-4.80732e-111
0.6426 	-2.15297e-111
0.644 	-9.92859e-112
0.6447 	-6.648e-112
0.6461 	-3.08514e-112
0.6475 	-1.34781e-112
0.6489 	-6.22917e-113
0.6496 	-4.25912e-113
0.6503 	-2.78205e-113
0.651 	-1.96231e-113
0.6517 	-1.3592e-113
0.6524 	-8.76445e-114
0.6538 	-3.89721e-114
0.6552 	-1.73427e-114
0.6566 	-8.56996e-115
0.6573 	-5.68637e-115
0.658 	-3.87767e-115
0.6587 	-2.49892e-115
0.6594 	-1.74035e-115
0.6608 	-7.95855e-116
0.6615 	-5.45301e-116
0.6622 	-3.71688e-116
0.6629 	-2.49292e-116
0.6643 	-1.13151e-116
0.6657 	-5.17439e-117
0.6671 	-2.47276e-117
0.6685 	-1.11549e-117
0.6699 	-4.79802e-118
0.6713 	-2.34315e-118
0.6727 	-1.09987e-118
0.6741 	-5.07537e-119
0.6755 	-2.2938e-119
0.6762 	-1.56229e-119
0.6776 	-7.19206e-120
0.679 	-3.24587e-120
0.6804 	-1.40518e-120
0.6818 	-6.56551e-121
0.6832 	-2.83654e-121
0.6839 	-1.74386e-121
0.6853 	-7.14679e-122
0.6867 	-3.25504e-122
0.6874 	-2.05879e-122
0.6881 	-1.39775e-122
0.6888 	-8.474e-123
0.6895 	-5.76401e-123
0.6909 	-2.4989e-123
0.6916 	-1.69338e-123
0.693 	-7.4028e-124
0.6944 	-2.83019e-124
0.6951 	-1.45874e-124
0.6965 	-5.20942e-125
0.6979 	-1.25272e-125
0.6986 	-5.32184e-126
0.6993 	-2.15497e-126
0.7 	-2.61123e-128
