0 	1
0.0007 	1
0.0014 	1
0.0021 	1
0.0028 	1
0.0035 	1
0.0042 	1
0.0049 	1
0.0056 	1
0.0063 	1
0.007 	1
0.0077 	1
0.0084 	1
0.0091 	1
0.0098 	1
0.0105 	1
0.0112 	1
0.0119 	1
0.0126 	1
0.0133 	1
0.014 	1
0.0147 	1
0.0154 	1
0.0161 	1
0.0168 	1
0.0175 	1
0.0182 	1
0.0189 	1
0.0196 	1
0.0203 	1
0.021 	1
0.0217 	1
0.0224 	1
0.0231 	1
0.0238 	1
0.0245 	1
0.0252 	1
0.0259 	1
0.0266 	1
0.0273 	1
0.028 	1
0.0287 	1
0.0294 	1
0.0301 	1
0.0308 	1
0.0315 	1
0.0322 	1
0.0329 	1
0.0336 	1
0.0343 	1
0.035 	1
0.0357 	1
0.0364 	1
0.0371 	1
0.0378 	1
0.0385 	1
0.0392 	1
0.0399 	1
0.0406 	1
0.0413 	1
0.042 	1
0.0427 	1
0.0434 	1
0.0441 	1
0.0448 	1
0.0455 	1
0.0462 	1
0.0469 	1
0.0476 	1
0.0483 	1
0.049 	1
0.0497 	1
0.0504 	1
0.0511 	1
0.0518 	1
0.0525 	1
0.0532 	1
0.0539 	1
0.0546 	1
0.0553 	1
0.056 	1
0.0567 	1
0.0574 	1
0.0581 	1
0.0588 	1
0.0595 	1
0.0602 	1
0.0609 	1
0.0616 	1
0.0623 	1
0.063 	1
0.0637 	1
0.0644 	1
0.0651 	1
0.0658 	1
0.0665 	1
0.0672 	1
0.0679 	1
0.0686 	1
0.0693 	1
0.07 	1
0.0707 	1
0.0714 	1
0.0721 	1
0.0728 	1
0.0735 	1
0.0742 	1
0.0749 	1
0.0756 	1
0.0763 	1
0.077 	1
0.0777 	1
0.0784 	1
0.0791 	1
0.0798 	1
0.0805 	1
0.0812 	1
0.0819 	1
0.0826 	1
0.0833 	1
0.084 	1
0.0847 	1
0.0854 	1
0.0861 	1
0.0868 	1
0.0875 	1
0.0882 	1
0.0889 	1
0.0896 	1
0.0903 	1
0.091 	1
0.0917 	1
0.0924 	1
0.0931 	1
0.0938 	1
0.0945 	1
0.0952 	1
0.0959 	1
0.0966 	1
0.0973 	1
0.098 	1
0.0987 	1
0.0994 	1
0.1001 	1
0.1008 	1
0.1015 	1
0.1022 	1
0.1029 	1
0.1036 	1
0.1043 	1
0.105 	1
0.1057 	1
0.1064 	1
0.1071 	1
0.1078 	1
0.1085 	1
0.1092 	1
0.1099 	1
0.1106 	1
0.1113 	1
0.112 	1
0.1127 	1
0.1134 	1
0.1141 	1
0.1148 	1
0.1155 	1
0.1162 	1
0.1169 	1
0.1176 	1
0.1183 	1
0.119 	1
0.1197 	1
0.1204 	1
0.1211 	1
0.1218 	1
0.1225 	1
0.1232 	1
0.1239 	1
0.1246 	1
0.1253 	1
0.126 	1
0.1267 	1
0.1274 	1
0.1281 	1
0.1288 	1
0.1295 	1
0.1302 	1
0.1309 	1
0.1316 	1
0.1323 	1
0.133 	1
0.1337 	1
0.1344 	1
0.1351 	1
0.1358 	1
0.1365 	1
0.1372 	1
0.1379 	1
0.1386 	1
0.1393 	1
0.14 	1
0.1407 	1
0.1414 	1
0.1421 	1
0.1428 	1
0.1435 	1
0.1442 	1
0.1449 	1
0.1456 	1
0.1463 	1
0.147 	1
0.1477 	1
0.1484 	1
0.1491 	1
0.1498 	1
0.1505 	1
0.1512 	1
0.1519 	1
0.1526 	1
0.1533 	1
0.154 	1
0.1547 	1
0.1554 	1
0.1561 	1
0.1568 	1
0.1575 	1
0.1582 	1
0.1589 	1
0.1596 	1
0.1603 	1
0.161 	1
0.1617 	1
0.1624 	1
0.1631 	1
0.1638 	1
0.1645 	1
0.1652 	1
0.1659 	1
0.1666 	1
0.1673 	1
0.168 	1
0.1687 	1
0.1694 	1
0.1701 	1
0.1708 	1
0.1715 	1
0.1722 	1
0.1729 	1
0.1736 	1
0.1743 	1
0.175 	1
0.1757 	1
0.1764 	1
0.1771 	1
0.1778 	1
0.1785 	1
0.1792 	1
0.1799 	1
0.1806 	1
0.1813 	1
0.182 	1
0.1827 	1
0.1834 	1
0.1841 	1
0.1848 	1
0.1855 	1
0.1862 	1
0.1869 	1
0.1876 	1
0.1883 	1
0.189 	1
0.1897 	1
0.1904 	1
0.1911 	1
0.1918 	1
0.1925 	1
0.1932 	1
0.1939 	1
0.1946 	1
0.1953 	1
0.196 	1
0.1967 	1
0.1974 	1
0.1981 	1
0.1988 	1
0.1995 	1
0.2002 	1
0.2009 	1
0.2016 	1
0.2023 	1
0.203 	1
0.2037 	1
0.2044 	1
0.2051 	1
0.2058 	1
0.2065 	1
0.2072 	1
0.2079 	1
0.2086 	1
0.2093 	1
0.21 	1
0.2107 	1
0.2114 	1
0.2121 	1
0.2128 	1
0.2135 	1
0.2142 	1
0.2149 	1
0.2156 	1
0.2163 	1
0.217 	1
0.2177 	1
0.2184 	1
0.2191 	1
0.2198 	1
0.2205 	1
0.2212 	1
0.2219 	1
0.2226 	1
0.2233 	1
0.224 	1
0.2247 	1
0.2254 	1
0.2261 	1
0.2268 	1
0.2275 	1
0.2282 	1
0.2289 	1
0.2296 	1
0.2303 	1
0.231 	0.999999
0.2317 	0.999999
0.2324 	0.999998
0.2331 	0.999998
0.2338 	0.999997
0.2345 	0.999997
0.2352 	0.999985
0.2359 	0.999944
0.2366 	0.999904
0.2373 	0.999863
0.238 	0.999823
0.2387 	0.999783
0.2394 	0.999742
0.2401 	0.999569
0.2408 	0.998595
0.2415 	0.997622
0.2422 	0.996648
0.2429 	0.995675
0.2436 	0.994701
0.2443 	0.993728
0.245 	0.992754
0.2457 	0.972289
0.2464 	0.951819
0.2471 	0.931348
0.2478 	0.910878
0.2485 	0.890408
0.2492 	0.869937
0.2499 	0.849467
0.2506 	0.795778
0.2513 	0.736555
0.252 	0.677332
0.2527 	0.61811
0.2534 	0.558887
0.2541 	0.499664
0.2548 	0.440441
0.2555 	0.38844
0.2562 	0.339351
0.2569 	0.290262
0.2576 	0.241172
0.2583 	0.192083
0.259 	0.142994
0.2597 	0.0939045
0.2604 	0.0672751
0.2611 	0.0574747
0.2618 	0.047674
0.2625 	0.0378733
0.2632 	0.0280726
0.2639 	0.0182719
0.2646 	0.00847124
0.2653 	0.00270272
0.266 	0.00230278
0.2667 	0.00190284
0.2674 	0.00150289
0.2681 	0.00110294
0.2688 	0.00070299
0.2695 	0.000303041
0.2702 	1.68096e-05
0.2709 	1.43598e-05
0.2716 	1.19099e-05
0.2723 	9.46001e-06
0.273 	7.0101e-06
0.2737 	4.5602e-06
0.2744 	2.1103e-06
0.2751 	1.1062e-08
0.2758 	9.48174e-09
0.2765 	7.90147e-09
0.2772 	6.32119e-09
0.2779 	4.7409e-09
0.2786 	3.16061e-09
0.2793 	1.58032e-09
0.28 	6.20547e-13
0.2807 	5.33664e-13
0.2814 	4.46791e-13
0.2821 	3.59915e-13
0.2828 	2.73038e-13
0.2835 	1.86161e-13
0.2842 	9.92839e-14
0.2849 	1.2407e-14
0.2856 	2.50519e-17
0.2863 	2.10668e-17
0.287 	1.70812e-17
0.2877 	1.30955e-17
0.2884 	9.10988e-18
0.2891 	5.12425e-18
0.2898 	1.13861e-18
0.2905 	1.21647e-21
0.2912 	1.02728e-21
0.2919 	8.38043e-22
0.2926 	6.48805e-22
0.2933 	4.59567e-22
0.294 	2.70329e-22
0.2947 	8.10914e-23
0.2954 	5.57792e-26
0.2961 	4.72938e-26
0.2968 	3.88057e-26
0.2975 	3.03168e-26
0.2982 	2.18279e-26
0.2989 	1.3339e-26
0.2996 	4.85014e-27
0.3003 	2.39252e-30
0.301 	2.03635e-30
0.3017 	1.68004e-30
0.3024 	1.32366e-30
0.3031 	9.67284e-31
0.3038 	6.10903e-31
0.3045 	2.54523e-31
0.3052 	9.61712e-35
0.3059 	8.21547e-35
0.3066 	6.81326e-35
0.3073 	5.4105e-35
0.308 	4.00774e-35
0.3087 	2.60497e-35
0.3094 	1.20221e-35
0.3101 	3.6408e-39
0.3108 	3.12107e-39
0.3115 	2.60117e-39
0.3122 	2.08092e-39
0.3129 	1.56067e-39
0.3136 	1.04043e-39
0.3143 	5.2018e-40
0.315 	1.30491e-43
0.3157 	1.12237e-43
0.3164 	9.39804e-44
0.3171 	7.57059e-44
0.3178 	5.74315e-44
0.3185 	3.9157e-44
0.3192 	2.08825e-44
0.3199 	2.60806e-45
0.3206 	3.83769e-48
0.3213 	3.22783e-48
0.322 	2.61714e-48
0.3227 	2.00645e-48
0.3234 	1.39577e-48
0.3241 	7.85078e-49
0.3248 	1.74389e-49
0.3255 	1.25181e-52
0.3262 	1.05736e-52
0.3269 	8.62593e-53
0.3276 	6.67807e-53
0.3283 	4.73021e-53
0.329 	2.78234e-53
0.3297 	8.34482e-54
0.3304 	3.90346e-57
0.3311 	3.31037e-57
0.3318 	2.71638e-57
0.3325 	2.12215e-57
0.3332 	1.52792e-57
0.3339 	9.33688e-58
0.3346 	3.39458e-58
0.3353 	1.16482e-61
0.336 	9.91624e-62
0.3367 	8.18193e-62
0.3374 	6.4463e-62
0.3381 	4.71067e-62
0.3388 	2.97505e-62
0.3395 	1.23942e-62
0.3402 	3.32758e-66
0.3409 	2.84318e-66
0.3416 	2.35821e-66
0.3423 	1.87268e-66
0.343 	1.38714e-66
0.3437 	9.01612e-67
0.3444 	4.16079e-67
0.3451 	9.1011e-71
0.3458 	7.80341e-71
0.3465 	6.50456e-71
0.3472 	5.2036e-71
0.3479 	3.90263e-71
0.3486 	2.60167e-71
0.3493 	1.30071e-71
0.35 	2.38334e-75
0.3507 	2.05032e-75
0.3514 	1.71713e-75
0.3521 	1.38323e-75
0.3528 	1.04933e-75
0.3535 	7.15432e-76
0.3542 	3.81532e-76
0.3549 	4.76318e-77
0.3556 	5.15856e-80
0.3563 	4.3397e-80
0.357 	3.51865e-80
0.3577 	2.69759e-80
0.3584 	1.87653e-80
0.3591 	1.05547e-80
0.3598 	2.34414e-81
0.3605 	1.24344e-84
0.3612 	1.0505e-84
0.3619 	8.57015e-85
0.3626 	6.63486e-85
0.3633 	4.69957e-85
0.364 	2.76428e-85
0.3647 	8.28989e-86
0.3654 	2.87368e-89
0.3661 	2.43752e-89
0.3668 	2.00025e-89
0.3675 	1.56267e-89
0.3682 	1.12509e-89
0.3689 	6.87512e-90
0.3696 	2.49934e-90
0.3703 	5.06118e-94
0.371 	3.92067e-94
0.3717 	2.88561e-94
0.3724 	1.90913e-94
0.3731 	9.32661e-95
0.3738 	-4.38114e-96
0.3745 	-1.02028e-94
0.3752 	-1.63967e-94
0.3759 	-1.36726e-94
0.3766 	-1.2099e-94
0.3773 	-1.16757e-94
0.378 	-1.12525e-94
0.3787 	-1.08293e-94
0.3794 	-1.0406e-94
0.3801 	-9.74133e-95
0.3808 	-7.62129e-95
0.3815 	-6.0569e-95
0.3822 	-5.49266e-95
0.3829 	-4.92842e-95
0.3836 	-4.36418e-95
0.3843 	-3.79994e-95
0.385 	-3.23601e-95
0.3857 	-2.49407e-95
0.3864 	-1.86556e-95
0.3871 	-1.65361e-95
0.3878 	-1.44165e-95
0.3885 	-1.22969e-95
0.3892 	-1.01773e-95
0.3899 	-8.05771e-96
0.3906 	-6.17291e-96
0.3913 	-4.41826e-96
0.392 	-3.8691e-96
0.3927 	-3.31994e-96
0.3934 	-2.77079e-96
0.3941 	-2.22163e-96
0.3948 	-1.67247e-96
0.3955 	-1.25251e-96
0.3962 	-8.83754e-97
0.3969 	-7.52645e-97
0.3976 	-6.39816e-97
0.3983 	-5.26987e-97
0.399 	-4.14158e-97
0.3997 	-3.01329e-97
0.4004 	-2.17398e-97
0.4011 	-1.55028e-97
0.4018 	-1.26324e-97
0.4025 	-1.06802e-97
0.4032 	-8.72797e-98
0.4039 	-6.77575e-98
0.4046 	-4.82352e-98
0.4053 	-3.31378e-98
0.406 	-2.39154e-98
0.4067 	-1.87305e-98
0.4074 	-1.57886e-98
0.4081 	-1.28467e-98
0.4088 	-9.90483e-99
0.4095 	-6.96294e-99
0.4102 	-4.51558e-99
0.4109 	-3.29918e-99
0.4116 	-2.49375e-99
0.4123 	-2.09928e-99
0.413 	-1.70481e-99
0.4137 	-1.31035e-99
0.4144 	-9.15878e-100
0.4151 	-5.57226e-100
0.4158 	-4.12078e-100
0.4165 	-3.01708e-100
0.4172 	-2.53938e-100
0.4179 	-2.06169e-100
0.4186 	-1.584e-100
0.4193 	-1.10631e-100
0.42 	-6.28816e-101
0.4207 	-4.70502e-101
0.4214 	-3.34765e-101
0.4221 	-2.81944e-101
0.4228 	-2.29122e-101
0.4235 	-1.763e-101
0.4242 	-1.23478e-101
0.4249 	-7.06563e-102
0.4256 	-4.94863e-102
0.4263 	-3.43156e-102
0.427 	-2.89366e-102
0.4277 	-2.35576e-102
0.4284 	-1.81786e-102
0.4291 	-1.27995e-102
0.4298 	-7.42053e-103
0.4305 	-4.82486e-103
0.4312 	-3.33903e-103
0.4319 	-2.76129e-103
0.4326 	-2.2534e-103
0.4333 	-1.74551e-103
0.434 	-1.23761e-103
0.4347 	-7.29723e-104
0.4354 	-4.38379e-104
0.4361 	-3.09041e-104
0.4368 	-2.46193e-104
0.4375 	-2.01479e-104
0.4382 	-1.56765e-104
0.4389 	-1.12051e-104
0.4396 	-6.73373e-105
0.4403 	-3.72845e-105
0.441 	-2.67334e-105
0.4417 	-2.05945e-105
0.4424 	-1.69068e-105
0.4431 	-1.32191e-105
0.4438 	-9.5314e-106
0.4445 	-5.84371e-106
0.4452 	-2.9799e-106
0.4459 	-2.1701e-106
0.4466 	-1.62218e-106
0.4473 	-1.33614e-106
0.448 	-1.05009e-106
0.4487 	-7.64046e-107
0.4494 	-4.78001e-107
0.4501 	-2.24562e-107
0.4508 	-1.65892e-107
0.4515 	-1.20696e-107
0.4522 	-9.97559e-108
0.4529 	-7.88157e-108
0.4536 	-5.78754e-108
0.4543 	-3.69352e-108
0.455 	-1.6003e-108
0.4557 	-1.19794e-108
0.4564 	-8.50637e-109
0.4571 	-7.05524e-109
0.4578 	-5.60411e-109
0.4585 	-4.15299e-109
0.4592 	-2.70186e-109
0.4599 	-1.25073e-109
0.4606 	-8.19432e-110
0.4613 	-5.69287e-110
0.462 	-4.7384e-110
0.4627 	-3.78394e-110
0.4634 	-2.82947e-110
0.4641 	-1.875e-110
0.4648 	-9.20534e-111
0.4655 	-5.3227e-111
0.4662 	-3.69928e-111
0.4669 	-3.02871e-111
0.4676 	-2.43142e-111
0.4683 	-1.83414e-111
0.469 	-1.23686e-111
0.4697 	-6.39574e-112
0.4704 	-3.29048e-112
0.4711 	-2.33157e-112
0.4718 	-1.8461e-112
0.4725 	-1.48974e-112
0.4732 	-1.13338e-112
0.4739 	-7.77021e-113
0.4746 	-4.20662e-113
0.4753 	-1.93987e-113
0.476 	-1.39882e-113
0.4767 	-1.07502e-113
0.4774 	-8.71914e-114
0.4781 	-6.68809e-114
0.4788 	-4.65705e-114
0.4795 	-2.626e-114
0.4802 	-1.09262e-114
0.4809 	-8.005e-115
0.4816 	-5.99054e-115
0.4823 	-4.8828e-115
0.483 	-3.77507e-115
0.4837 	-2.66733e-115
0.4844 	-1.55959e-115
0.4851 	-5.88948e-116
0.4858 	-4.37795e-116
0.4865 	-3.19943e-116
0.4872 	-2.62035e-116
0.4879 	-2.04128e-116
0.4886 	-1.4622e-116
0.4893 	-8.83125e-117
0.49 	-3.04262e-117
0.4907 	-2.29211e-117
0.4914 	-1.64003e-117
0.4921 	-1.34946e-117
0.4928 	-1.05889e-117
0.4935 	-7.68314e-118
0.4942 	-4.77742e-118
0.4949 	-1.87169e-118
0.4956 	-1.15063e-118
0.4963 	-8.07933e-119
0.497 	-6.67787e-119
0.4977 	-5.27641e-119
0.4984 	-3.87495e-119
0.4991 	-2.47349e-119
0.4998 	-1.07203e-119
0.5005 	-5.5463e-120
0.5012 	-3.90086e-120
0.5019 	-3.17927e-120
0.5026 	-2.52875e-120
0.5033 	-1.87823e-120
0.504 	-1.22771e-120
0.5047 	-5.77187e-121
0.5054 	-2.57046e-121
0.5061 	-1.84248e-121
0.5068 	-1.45788e-121
0.5075 	-1.16695e-121
0.5082 	-8.76008e-122
0.5089 	-5.8507e-122
0.5096 	-2.94131e-122
0.5103 	-1.14681e-122
0.511 	-8.36213e-123
0.5117 	-6.44601e-123
0.5124 	-5.19092e-123
0.5131 	-3.93584e-123
0.5138 	-2.68075e-123
0.5145 	-1.42567e-123
0.5152 	-4.93109e-124
0.5159 	-3.65185e-124
0.5166 	-2.75085e-124
0.5173 	-2.22807e-124
0.518 	-1.70529e-124
0.5187 	-1.18251e-124
0.5194 	-6.59733e-125
0.5201 	-2.04562e-125
0.5208 	-1.53654e-125
0.5215 	-1.13412e-125
0.5222 	-9.23673e-126
0.5229 	-7.13223e-126
0.5236 	-5.02774e-126
0.5243 	-2.92324e-126
0.525 	-8.195e-127
0.5257 	-6.2362e-127
0.5264 	-4.52124e-127
0.5271 	-3.70173e-127
0.5278 	-2.88223e-127
0.5285 	-2.06273e-127
0.5292 	-1.24322e-127
0.5299 	-4.23719e-128
0.5306 	-2.44401e-128
0.5313 	-1.74431e-128
0.532 	-1.43535e-128
0.5327 	-1.1264e-128
0.5334 	-8.17451e-129
0.5341 	-5.08499e-129
0.5348 	-1.99547e-129
0.5355 	-9.25824e-130
0.5362 	-6.62526e-130
0.5369 	-5.38927e-130
0.5376 	-4.26075e-130
0.5383 	-3.13222e-130
0.539 	-2.00369e-130
0.5397 	-8.75168e-131
0.5404 	-3.39309e-131
0.5411 	-2.47224e-131
0.5418 	-1.96087e-131
0.5425 	-1.56116e-131
0.5432 	-1.16146e-131
0.5439 	-7.6176e-132
0.5446 	-3.62058e-132
0.5453 	-1.20414e-132
0.546 	-8.91747e-133
0.5467 	-6.91872e-133
0.5474 	-5.54509e-133
0.5481 	-4.17145e-133
0.5488 	-2.79781e-133
0.5495 	-1.42418e-133
0.5502 	-4.14116e-134
0.5509 	-3.11249e-134
0.5516 	-2.36898e-134
0.5523 	-1.91062e-134
0.553 	-1.45225e-134
0.5537 	-9.93895e-135
0.5544 	-5.35535e-135
0.5551 	-1.3812e-135
0.5558 	-1.05221e-135
0.5565 	-7.87649e-136
0.5572 	-6.39051e-136
0.5579 	-4.90452e-136
0.5586 	-3.41853e-136
0.5593 	-1.93254e-136
0.56 	-4.47066e-137
0.5607 	-3.44832e-137
0.5614 	-2.54455e-137
0.5621 	-2.07621e-137
0.5628 	-1.60787e-137
0.5635 	-1.13954e-137
0.5642 	-6.71201e-138
0.5649 	-2.02865e-138
0.5656 	-1.09639e-138
0.5663 	-7.99182e-139
0.567 	-6.55607e-139
0.5677 	-5.12032e-139
0.5684 	-3.68456e-139
0.5691 	-2.24881e-139
0.5698 	-8.13063e-140
0.5705 	-3.38456e-140
0.5712 	-2.47593e-140
0.5719 	-2.01326e-140
0.5726 	-1.5849e-140
0.5733 	-1.15653e-140
0.574 	-7.2817e-141
0.5747 	-2.99805e-141
0.5754 	-1.01511e-141
0.5761 	-7.55065e-142
0.5768 	-6.01561e-142
0.5775 	-4.77115e-142
0.5782 	-3.52668e-142
0.5789 	-2.28221e-142
0.5796 	-1.03774e-142
0.5803 	-2.95994e-143
0.581 	-2.23514e-143
0.5817 	-1.74987e-143
0.5824 	-1.39766e-143
0.5831 	-1.04545e-143
0.5838 	-6.93243e-144
0.5845 	-3.41036e-144
0.5852 	-8.39588e-145
0.5859 	-6.42766e-145
0.5866 	-4.95779e-145
0.5873 	-3.98625e-145
0.588 	-3.01472e-145
0.5887 	-2.04318e-145
0.5894 	-1.07165e-145
0.5901 	-2.31798e-146
0.5908 	-1.79701e-146
0.5915 	-1.36877e-146
0.5922 	-1.10747e-146
0.5929 	-8.46157e-147
0.5936 	-5.84849e-147
0.5943 	-3.2354e-147
0.595 	-6.232e-148
0.5957 	-4.88752e-148
0.5964 	-3.68408e-148
0.5971 	-2.99849e-148
0.5978 	-2.3129e-148
0.5985 	-1.62731e-148
0.5992 	-9.41717e-149
0.5999 	-2.56128e-149
0.6006 	-1.29401e-149
0.6013 	-9.67075e-150
0.602 	-7.91541e-150
0.6027 	-6.16006e-150
0.6034 	-4.40472e-150
0.6041 	-2.64938e-150
0.6048 	-8.94045e-151
0.6055 	-3.33693e-151
0.6062 	-2.50494e-151
0.6069 	-2.03811e-151
0.6076 	-1.59937e-151
0.6083 	-1.16063e-151
0.609 	-7.21886e-152
0.6097 	-2.83145e-152
0.6104 	-8.38583e-153
0.6111 	-6.38993e-153
0.6118 	-5.1208e-153
0.6125 	-4.04988e-153
0.6132 	-2.97895e-153
0.6139 	-1.90803e-153
0.6146 	-8.37103e-154
0.6153 	-2.05471e-154
0.616 	-1.58711e-154
0.6167 	-1.25594e-154
0.6174 	-1.00058e-154
0.6181 	-7.45214e-155
0.6188 	-4.89849e-155
0.6195 	-2.34484e-155
0.6202 	-4.91088e-156
0.6209 	-3.84066e-156
0.6216 	-3.00803e-156
0.6223 	-2.41297e-156
0.623 	-1.81792e-156
0.6237 	-1.22286e-156
0.6244 	-6.27808e-157
0.6251 	-1.14542e-157
0.6258 	-9.06049e-158
0.6265 	-7.03757e-158
0.6272 	-5.68213e-158
0.6279 	-4.32669e-158
0.6286 	-2.97125e-158
0.6293 	-1.61581e-158
0.63 	-2.60819e-159
0.6307 	-2.08486e-159
0.6314 	-1.60893e-159
0.6321 	-1.30703e-159
0.6328 	-1.00513e-159
0.6335 	-7.03234e-160
0.6342 	-4.01335e-160
0.6349 	-9.94359e-161
0.6356 	-4.68168e-161
0.6363 	-3.59557e-161
0.637 	-2.93787e-161
0.6377 	-2.28016e-161
0.6384 	-1.62246e-161
0.6391 	-9.64759e-162
0.6398 	-3.07056e-162
0.6405 	-1.02644e-162
0.6412 	-7.92395e-163
0.6419 	-6.45503e-163
0.6426 	-5.05315e-163
0.6433 	-3.65128e-163
0.644 	-2.2494e-163
0.6447 	-8.47527e-164
0.6454 	-2.19822e-164
0.6461 	-1.71927e-164
0.6468 	-1.38687e-164
0.6475 	-1.09443e-164
0.6482 	-8.01998e-165
0.6489 	-5.09562e-165
0.6496 	-2.17126e-165
0.6503 	-4.60061e-166
0.651 	-3.64127e-166
0.6517 	-2.91472e-166
0.6524 	-2.31752e-166
0.6531 	-1.72031e-166
0.6538 	-1.1231e-166
0.6545 	-5.25893e-167
0.6552 	-9.41386e-168
0.6559 	-7.53236e-168
0.6566 	-5.99442e-168
0.6573 	-4.80005e-168
0.658 	-3.60568e-168
0.6587 	-2.41131e-168
0.6594 	-1.21694e-168
0.6601 	-1.88427e-169
0.6608 	-1.52281e-169
0.6615 	-1.20688e-169
0.6622 	-9.7287e-170
0.6629 	-7.38861e-170
0.6636 	-5.04852e-170
0.6643 	-2.70844e-170
0.665 	-3.69116e-171
0.6657 	-3.01077e-171
0.6664 	-2.37983e-171
0.6671 	-1.93048e-171
0.6678 	-1.48112e-171
0.6685 	-1.03177e-171
0.6692 	-5.82417e-172
0.6699 	-1.33064e-172
0.6706 	-5.82532e-173
0.6713 	-4.59861e-173
0.672 	-3.7525e-173
0.6727 	-2.9064e-173
0.6734 	-2.0603e-173
0.6741 	-1.2142e-173
0.6748 	-3.68093e-174
0.6755 	-1.10382e-174
0.6762 	-8.76389e-175
0.6769 	-7.14997e-175
0.6776 	-5.58685e-175
0.6783 	-4.02374e-175
0.679 	-2.46062e-175
0.6797 	-8.97507e-176
0.6804 	-2.05011e-176
0.6811 	-1.6458e-176
0.6818 	-1.33639e-176
0.6825 	-1.05287e-176
0.6832 	-7.69345e-177
0.6839 	-4.85822e-177
0.6846 	-2.023e-177
0.6853 	-3.7354e-178
0.686 	-3.02924e-178
0.6867 	-2.45222e-178
0.6874 	-1.94692e-178
0.6881 	-1.44163e-178
0.6888 	-9.36341e-179
0.6895 	-4.3105e-179
0.6902 	-6.68289e-180
0.6909 	-5.47023e-180
0.6916 	-4.42115e-180
0.6923 	-3.53564e-180
0.693 	-2.65014e-180
0.6937 	-1.76463e-180
0.6944 	-8.79126e-181
0.6951 	-1.17533e-181
0.6958 	-9.73791e-182
0.6965 	-7.90607e-182
0.6972 	-6.40464e-182
0.6979 	-4.9032e-182
0.6986 	-3.40177e-182
0.6993 	-1.90034e-182
0.7 	-3.99402e-183
