0 	1
0.0007 	1
0.0014 	1
0.0021 	1
0.0028 	1
0.0035 	1
0.0042 	1
0.0049 	1
0.0056 	1
0.0063 	1
0.007 	1
0.0077 	1
0.0084 	1
0.0091 	1
0.0098 	1
0.0105 	1
0.0112 	1
0.0119 	1
0.0126 	1
0.0133 	1
0.014 	1
0.0147 	1
0.0154 	1
0.0161 	1
0.0168 	1
0.0175 	1
0.0182 	1
0.0189 	1
0.0196 	1
0.0203 	1
0.021 	1
0.0217 	1
0.0224 	1
0.0231 	1
0.0238 	1
0.0245 	1
0.0252 	1
0.0259 	1
0.0266 	1
0.0273 	1
0.028 	1
0.0287 	1
0.0294 	1
0.0301 	1
0.0308 	1
0.0315 	1
0.0322 	1
0.0329 	1
0.0336 	1
0.0343 	1
0.035 	1
0.0357 	1
0.0364 	1
0.0371 	1
0.0378 	1
0.0385 	1
0.0392 	1
0.0399 	1
0.0406 	1
0.0413 	1
0.042 	1
0.0427 	1
0.0434 	1
0.0441 	1
0.0448 	1
0.0455 	1
0.0462 	1
0.0469 	1
0.0476 	1
0.0483 	1
0.049 	1
0.0497 	1
0.0504 	1
0.0511 	1
0.0518 	1
0.0525 	1
0.0532 	1
0.0539 	1
0.0546 	1
0.0553 	1
0.056 	1
0.0567 	1
0.0574 	1
0.0581 	1
0.0588 	1
0.0595 	1
0.0602 	1
0.0609 	1
0.0616 	1
0.0623 	1
0.063 	1
0.0637 	1
0.0644 	1
0.0651 	1
0.0658 	1
0.0665 	1
0.0672 	1
0.0679 	1
0.0686 	1
0.0693 	1
0.07 	1
0.0707 	1
0.0714 	1
0.0721 	1
0.0728 	1
0.0735 	1
0.0742 	1
0.0749 	1
0.0756 	1
0.0763 	1
0.077 	1
0.0777 	1
0.0784 	1
0.0791 	1
0.0798 	1
0.0805 	1
0.0812 	1
0.0819 	1
0.0826 	1
0.0833 	1
0.084 	1
0.0847 	1
0.0854 	1
0.0861 	1
0.0868 	1
0.0875 	1
0.0882 	1
0.0889 	1
0.0896 	1
0.0903 	1
0.091 	1
0.0917 	1
0.0924 	1
0.0931 	1
0.0938 	1
0.0945 	1
0.0952 	1
0.0959 	1
0.0966 	1
0.0973 	1
0.098 	1
0.0987 	1
0.0994 	1
0.1001 	1
0.1008 	1
0.1015 	1
0.1022 	1
0.1029 	1
0.1036 	1
0.1043 	1
0.105 	1
0.1057 	1
0.1064 	1
0.1071 	1
0.1078 	1
0.1085 	1
0.1092 	1
0.1099 	1
0.1106 	1
0.1113 	1
0.112 	1
0.1127 	1
0.1134 	1
0.1141 	1
0.1148 	1
0.1155 	1
0.1162 	1
0.1169 	1
0.1176 	1
0.1183 	1
0.119 	1
0.1197 	1
0.1204 	1
0.1211 	1
0.1218 	1
0.1225 	1
0.1232 	1
0.1239 	1
0.1246 	1
0.1253 	1
0.126 	1
0.1267 	1
0.1274 	1
0.1281 	1
0.1288 	1
0.1295 	1
0.1302 	1
0.1309 	1
0.1316 	1
0.1323 	1
0.133 	1
0.1337 	1
0.1344 	1
0.1351 	1
0.1358 	1
0.1365 	1
0.1372 	1
0.1379 	1
0.1386 	1
0.1393 	1
0.14 	1
0.1407 	1
0.1414 	1
0.1421 	1
0.1428 	1
0.1435 	1
0.1442 	1
0.1449 	1
0.1456 	1
0.1463 	1
0.147 	1
0.1477 	1
0.1484 	1
0.1491 	1
0.1498 	1
0.1505 	1
0.1512 	1
0.1519 	1
0.1526 	1
0.1533 	1
0.154 	1
0.1547 	1
0.1554 	1
0.1561 	1
0.1568 	1
0.1575 	1
0.1582 	1
0.1589 	1
0.1596 	1
0.1603 	1
0.161 	1
0.1617 	1
0.1624 	1
0.1631 	1
0.1638 	1
0.1645 	1
0.1652 	1
0.1659 	1
0.1666 	1
0.1673 	1
0.168 	1
0.1687 	1
0.1694 	1
0.1701 	1
0.1708 	1
0.1715 	1
0.1722 	1
0.1729 	1
0.1736 	1
0.1743 	1
0.175 	1
0.1757 	1
0.1764 	1
0.1771 	1
0.1778 	1
0.1785 	1
0.1792 	1
0.1799 	1
0.1806 	1
0.1813 	1
0.182 	1
0.1827 	1
0.1834 	1
0.1841 	1
0.1848 	1
0.1855 	1
0.1862 	1
0.1869 	1
0.1876 	1
0.1883 	1
0.189 	1
0.1897 	1
0.1904 	1
0.1911 	1
0.1918 	1
0.1925 	1
0.1932 	1
0.1939 	1
0.1946 	1
0.1953 	1
0.196 	1
0.1967 	1
0.1974 	1
0.1981 	1
0.1988 	1
0.1995 	1
0.2002 	1
0.2009 	1
0.2016 	1
0.2023 	1
0.203 	1
0.2037 	1
0.2044 	1
0.2051 	1
0.2058 	1
0.2065 	1
0.2072 	1
0.2079 	1
0.2086 	1
0.2093 	1
0.21 	1
0.2107 	1
0.2114 	1
0.2121 	1
0.2128 	1
0.2135 	1
0.2142 	1
0.2149 	1
0.2156 	1
0.2163 	1
0.217 	1
0.2177 	1
0.2184 	1
0.2191 	1
0.2198 	1
0.2205 	1
0.2212 	1
0.2219 	1
0.2226 	1
0.2233 	1
0.224 	1
0.2247 	1
0.2254 	1
0.2261 	1
0.2268 	1
0.2275 	1
0.2282 	1
0.2289 	1
0.2296 	1
0.2303 	0.999995
0.231 	0.999985
0.2317 	0.999974
0.2324 	0.999963
0.2331 	0.999953
0.2338 	0.999942
0.2345 	0.999932
0.2352 	0.99942
0.2359 	0.997656
0.2366 	0.995892
0.2373 	0.994128
0.238 	0.992364
0.2387 	0.990601
0.2394 	0.988837
0.2401 	0.98311
0.2408 	0.953593
0.2415 	0.924075
0.2422 	0.894555
0.2429 	0.865035
0.2436 	0.835515
0.2443 	0.805994
0.245 	0.776472
0.2457 	0.709824
0.2464 	0.643176
0.2471 	0.57653
0.2478 	0.509885
0.2485 	0.443239
0.2492 	0.376594
0.2499 	0.309948
0.2506 	0.265735
0.2513 	0.225264
0.252 	0.184796
0.2527 	0.144329
0.2534 	0.103861
0.2541 	0.0633939
0.2548 	0.0229265
0.2555 	0.0102332
0.2562 	0.00864602
0.2569 	0.00705561
0.2576 	0.00546496
0.2583 	0.0038743
0.259 	0.00228365
0.2597 	0.000692992
0.2604 	1.04857e-05
0.2611 	8.89833e-06
0.2618 	7.30298e-06
0.2625 	5.70546e-06
0.2632 	4.10795e-06
0.2639 	2.51043e-06
0.2646 	9.12914e-07
0.2653 	1.51427e-10
0.266 	1.2907e-10
0.2667 	1.06556e-10
0.2674 	8.39528e-11
0.2681 	6.13499e-11
0.2688 	3.87471e-11
0.2695 	1.61443e-11
0.2702 	9.65694e-16
0.2709 	8.26083e-16
0.2716 	6.85691e-16
0.2723 	5.44518e-16
0.273 	4.03346e-16
0.2737 	2.62173e-16
0.2744 	1.21001e-16
0.2751 	5.66928e-21
0.2758 	4.86644e-21
0.2765 	4.0603e-21
0.2772 	3.24824e-21
0.2779 	2.43617e-21
0.2786 	1.6241e-21
0.2793 	8.12036e-22
0.28 	2.99223e-26
0.2807 	2.5771e-26
0.2814 	2.16089e-26
0.2821 	1.74072e-26
0.2828 	1.32054e-26
0.2835 	9.00361e-27
0.2842 	4.80185e-27
0.2849 	6.00078e-28
0.2856 	1.22235e-31
0.2863 	1.02986e-31
0.287 	8.35019e-32
0.2877 	6.40179e-32
0.2884 	4.45339e-32
0.2891 	2.50499e-32
0.2898 	5.56595e-33
0.2905 	5.21447e-37
0.2912 	4.41289e-37
0.2919 	3.60065e-37
0.2926 	2.78759e-37
0.2933 	1.97453e-37
0.294 	1.16147e-37
0.2947 	3.48414e-38
0.2954 	2.01657e-42
0.2961 	1.71353e-42
0.2968 	1.4068e-42
0.2975 	1.09906e-42
0.2982 	7.91318e-43
0.2989 	4.83577e-43
0.2996 	1.75836e-43
0.3003 	7.13262e-48
0.301 	6.08423e-48
0.3017 	5.02462e-48
0.3024 	3.95878e-48
0.3031 	2.89294e-48
0.3038 	1.8271e-48
0.3045 	7.61256e-49
0.3052 	2.32681e-53
0.3059 	1.99208e-53
0.3066 	1.65441e-53
0.3073 	1.31379e-53
0.308 	9.73176e-54
0.3087 	6.32557e-54
0.3094 	2.91939e-54
0.3101 	7.05283e-59
0.3108 	6.05922e-59
0.3115 	5.05911e-59
0.3122 	4.04727e-59
0.3129 	3.03544e-59
0.3136 	2.02361e-59
0.3143 	1.01177e-59
0.315 	1.99899e-64
0.3157 	1.72302e-64
0.3164 	1.44594e-64
0.3171 	1.16478e-64
0.3178 	8.83622e-65
0.3185 	6.02464e-65
0.3192 	3.21306e-65
0.3199 	4.01477e-66
0.3206 	4.60536e-70
0.3213 	3.88334e-70
0.322 	3.14864e-70
0.3227 	2.41395e-70
0.3234 	1.67925e-70
0.3241 	9.4456e-71
0.3248 	2.09865e-71
0.3255 	1.16229e-75
0.3262 	9.84259e-76
0.3269 	8.03139e-76
0.3276 	6.21782e-76
0.3283 	4.40426e-76
0.329 	2.59069e-76
0.3297 	7.77122e-77
0.3304 	2.78052e-81
0.3311 	2.3635e-81
0.3318 	1.94059e-81
0.3325 	1.51608e-81
0.3332 	1.09157e-81
0.3339 	6.6706e-82
0.3346 	2.42549e-82
0.3353 	6.3261e-87
0.336 	5.3963e-87
0.3367 	4.45651e-87
0.3374 	3.51118e-87
0.3381 	2.56584e-87
0.3388 	1.62051e-87
0.3395 	6.75173e-88
0.3402 	1.37273e-92
0.3409 	1.17483e-92
0.3416 	9.75467e-93
0.3423 	7.74632e-93
0.343 	5.73798e-93
0.3437 	3.72964e-93
0.3444 	1.72129e-93
0.3451 	2.84807e-98
0.3458 	2.44499e-98
0.3465 	2.04014e-98
0.3472 	1.63211e-98
0.3479 	1.22407e-98
0.3486 	8.16038e-99
0.3493 	4.08004e-99
0.35 	5.66213e-104
0.3507 	4.8747e-104
0.3514 	4.08577e-104
0.3521 	3.2913e-104
0.3528 	2.49684e-104
0.3535 	1.70237e-104
0.3542 	9.07903e-105
0.3549 	1.13436e-105
0.3556 	9.32883e-110
0.3563 	7.8501e-110
0.357 	6.36492e-110
0.3577 	4.87975e-110
0.3584 	3.39457e-110
0.3591 	1.9094e-110
0.3598 	4.24223e-111
0.3605 	1.71656e-115
0.3612 	1.44941e-115
0.3619 	1.1824e-115
0.3626 	9.15404e-116
0.3633 	6.48405e-116
0.364 	3.81406e-116
0.3647 	1.14407e-116
0.3654 	3.0417e-121
0.3661 	2.57618e-121
0.3668 	2.11321e-121
0.3675 	1.65094e-121
0.3682 	1.18866e-121
0.3689 	7.26391e-122
0.3696 	2.64119e-122
0.3703 	5.19758e-127
0.371 	4.4143e-127
0.3717 	3.6384e-127
0.3724 	2.86661e-127
0.3731 	2.09481e-127
0.3738 	1.32302e-127
0.3745 	5.51221e-128
0.3752 	8.57563e-133
0.3759 	7.30136e-133
0.3766 	6.04222e-133
0.3773 	4.79821e-133
0.378 	3.5542e-133
0.3787 	2.3102e-133
0.3794 	1.06619e-133
0.3801 	1.36778e-138
0.3808 	1.16709e-138
0.3815 	9.68879e-139
0.3822 	7.751e-139
0.3829 	5.81321e-139
0.3836 	3.87542e-139
0.3843 	1.93763e-139
0.385 	2.11026e-144
0.3857 	1.80428e-144
0.3864 	1.5013e-144
0.3871 	1.20935e-144
0.3878 	9.17407e-145
0.3885 	6.25459e-145
0.3892 	3.33512e-145
0.3899 	4.15645e-146
0.3906 	-1.35165e-148
0.3913 	-1.58584e-148
0.392 	-1.82086e-148
0.3927 	-2.05588e-148
0.3934 	-2.2909e-148
0.3941 	-2.52592e-148
0.3948 	-2.76094e-148
0.3955 	-2.30686e-148
0.3962 	-1.57707e-148
0.3969 	-1.30337e-148
0.3976 	-1.06475e-148
0.3983 	-8.26131e-149
0.399 	-5.87511e-149
0.3997 	-3.48891e-149
0.4004 	-2.10714e-149
0.4011 	-1.47821e-149
0.4018 	-1.17011e-149
0.4025 	-9.49515e-150
0.4032 	-7.2892e-150
0.4039 	-5.08325e-150
0.4046 	-2.87729e-150
0.4053 	-1.44074e-150
0.406 	-1.02948e-150
0.4067 	-7.87642e-151
0.4074 	-6.39928e-151
0.4081 	-4.92214e-151
0.4088 	-3.44501e-151
0.4095 	-1.96787e-151
0.4102 	-8.46725e-152
0.4109 	-6.15003e-152
0.4116 	-4.5687e-152
0.4123 	-3.72325e-152
0.413 	-2.87781e-152
0.4137 	-2.03237e-152
0.4144 	-1.18692e-152
0.4151 	-4.45622e-153
0.4158 	-3.28515e-153
0.4165 	-2.37777e-153
0.4172 	-1.94505e-153
0.4179 	-1.51233e-153
0.4186 	-1.07961e-153
0.4193 	-6.46889e-154
0.42 	-2.14212e-154
0.4207 	-1.60079e-154
0.4214 	-1.13209e-154
0.4221 	-9.29818e-155
0.4228 	-7.2755e-155
0.4235 	-5.25282e-155
0.4242 	-3.23013e-155
0.4249 	-1.20745e-155
0.4256 	-7.20176e-156
0.4263 	-4.98847e-156
0.427 	-4.11424e-156
0.4277 	-3.24001e-156
0.4284 	-2.36578e-156
0.4291 	-1.49156e-156
0.4298 	-6.17329e-157
0.4305 	-3.01602e-157
0.4312 	-2.09141e-157
0.4319 	-1.69823e-157
0.4326 	-1.34593e-157
0.4333 	-9.93629e-158
0.434 	-6.41329e-158
0.4347 	-2.8903e-158
0.4354 	-1.18291e-158
0.4361 	-8.36548e-159
0.4368 	-6.57689e-159
0.4375 	-5.24513e-159
0.4382 	-3.91336e-159
0.4389 	-2.58159e-159
0.4396 	-1.24983e-159
0.4403 	-4.36546e-160
0.441 	-3.14236e-160
0.4417 	-2.40053e-160
0.4424 	-1.92607e-160
0.4431 	-1.45161e-160
0.4438 	-9.77146e-161
0.4445 	-5.02687e-161
0.4452 	-1.52163e-161
0.4459 	-1.113e-161
0.4466 	-8.2873e-162
0.4473 	-6.68832e-162
0.448 	-5.08935e-162
0.4487 	-3.49037e-162
0.4494 	-1.89139e-162
0.4501 	-5.025e-163
0.4508 	-3.72952e-163
0.4515 	-2.7141e-163
0.4522 	-2.20279e-163
0.4529 	-1.69149e-163
0.4536 	-1.18018e-163
0.4543 	-6.68878e-164
0.455 	-1.57627e-164
0.4557 	-1.18561e-164
0.4564 	-8.45314e-165
0.4571 	-6.89785e-165
0.4578 	-5.34256e-165
0.4585 	-3.78728e-165
0.4592 	-2.23199e-165
0.4599 	-6.76697e-166
0.4606 	-3.58415e-166
0.4613 	-2.50903e-166
0.462 	-2.05804e-166
0.4627 	-1.60705e-166
0.4634 	-1.15606e-166
0.4641 	-7.05066e-167
0.4648 	-2.54073e-167
0.4655 	-1.03244e-167
0.4662 	-7.24113e-168
0.4669 	-5.86114e-168
0.4676 	-4.61218e-168
0.4683 	-3.36321e-168
0.469 	-2.11425e-168
0.4697 	-8.6528e-169
0.4704 	-2.83885e-169
0.4711 	-2.02926e-169
0.4718 	-1.59582e-169
0.4725 	-1.26496e-169
0.4732 	-9.34095e-170
0.4739 	-6.03235e-170
0.4746 	-2.72375e-170
0.4753 	-7.46234e-171
0.476 	-5.42644e-171
0.4767 	-4.15962e-171
0.4774 	-3.32007e-171
0.4781 	-2.48051e-171
0.4788 	-1.64095e-171
0.4795 	-8.01395e-172
0.4802 	-1.87778e-172
0.4809 	-1.38687e-172
0.4816 	-1.03925e-172
0.4823 	-8.34943e-173
0.483 	-6.30632e-173
0.4837 	-4.26321e-173
0.4844 	-2.2201e-173
0.4851 	-4.52858e-174
0.4858 	-3.39235e-174
0.4865 	-2.49144e-174
0.4872 	-2.0141e-174
0.4879 	-1.53676e-174
0.4886 	-1.05941e-174
0.4893 	-5.82069e-175
0.49 	-1.04778e-175
0.4907 	-7.95135e-176
0.4914 	-5.73655e-176
0.4921 	-4.66485e-176
0.4928 	-3.59315e-176
0.4935 	-2.52146e-176
0.4942 	-1.44976e-176
0.4949 	-3.78062e-177
0.4956 	-1.78779e-177
0.4963 	-1.26965e-177
0.497 	-1.03825e-177
0.4977 	-8.06841e-178
0.4984 	-5.75435e-178
0.4991 	-3.44029e-178
0.4998 	-1.12623e-178
0.5005 	-3.85951e-179
0.5012 	-2.74821e-179
0.5019 	-2.22228e-179
0.5026 	-1.74138e-179
0.5033 	-1.26048e-179
0.504 	-7.79587e-180
0.5047 	-2.98689e-180
0.5054 	-8.00652e-181
0.5061 	-5.80536e-181
0.5068 	-4.57745e-181
0.5075 	-3.61499e-181
0.5082 	-2.65252e-181
0.5089 	-1.69006e-181
0.5096 	-7.27594e-182
0.5103 	-1.59721e-182
0.511 	-1.17721e-182
0.5117 	-9.0789e-183
0.5124 	-7.22274e-183
0.5131 	-5.36659e-183
0.5138 	-3.51043e-183
0.5145 	-1.65428e-183
0.5152 	-3.06591e-184
0.5159 	-2.29354e-184
0.5166 	-1.73481e-184
0.5173 	-1.3897e-184
0.518 	-1.04459e-184
0.5187 	-6.99488e-185
0.5194 	-3.54382e-185
0.5201 	-5.6659e-186
0.5208 	-4.29642e-186
0.5215 	-3.19502e-186
0.5222 	-2.57617e-186
0.5229 	-1.95733e-186
0.5236 	-1.33848e-186
0.5243 	-7.19632e-187
0.525 	-1.00853e-187
0.5257 	-7.74337e-188
0.5264 	-5.67373e-188
0.5271 	-4.60304e-188
0.5278 	-3.53236e-188
0.5285 	-2.46167e-188
0.5292 	-1.39098e-188
0.5299 	-3.203e-189
0.5306 	-1.34341e-189
0.5313 	-9.71799e-190
0.532 	-7.9302e-190
0.5327 	-6.1424e-190
0.5334 	-4.3546e-190
0.5341 	-2.56681e-190
0.5348 	-7.79011e-191
0.5355 	-2.24461e-191
0.5362 	-1.62926e-191
0.5369 	-1.31771e-191
0.5376 	-1.02953e-191
0.5383 	-7.41359e-192
0.539 	-4.53183e-192
0.5397 	-1.65007e-192
0.5404 	-3.6131e-193
0.5411 	-2.66735e-193
0.5418 	-2.1123e-193
0.5425 	-1.6638e-193
0.5432 	-1.2153e-193
0.5439 	-7.66798e-194
0.5446 	-3.18297e-194
0.5453 	-5.60478e-195
0.546 	-4.2016e-195
0.5467 	-3.26715e-195
0.5474 	-2.59309e-195
0.5481 	-1.91904e-195
0.5488 	-1.24499e-195
0.5495 	-5.70937e-196
0.5502 	-8.38053e-197
0.5509 	-6.37065e-197
0.5516 	-4.87655e-197
0.5523 	-3.89822e-197
0.553 	-2.91989e-197
0.5537 	-1.94156e-197
0.5544 	-9.63234e-198
0.5551 	-1.20806e-198
0.5558 	-9.30112e-199
0.5565 	-7.02456e-199
0.5572 	-5.6532e-199
0.5579 	-4.28183e-199
0.5586 	-2.91047e-199
0.5593 	-1.53911e-199
0.56 	-1.67897e-200
0.5607 	-1.3079e-200
0.5614 	-9.76551e-201
0.5621 	-7.90904e-201
0.5628 	-6.05257e-201
0.5635 	-4.1961e-201
0.5642 	-2.33963e-201
0.5649 	-4.83157e-202
0.5656 	-1.77162e-202
0.5663 	-1.31016e-202
0.567 	-1.06746e-202
0.5677 	-8.24768e-203
0.5684 	-5.82073e-203
0.5691 	-3.39378e-203
0.5698 	-9.66826e-204
0.5705 	-2.31184e-204
0.5712 	-1.71678e-204
0.5719 	-1.38981e-204
0.5726 	-1.08346e-204
0.5733 	-7.77106e-205
0.574 	-4.70755e-205
0.5747 	-1.64404e-205
0.5754 	-2.90627e-206
0.5761 	-2.19176e-206
0.5768 	-1.74533e-206
0.5775 	-1.372e-206
0.5782 	-9.98677e-207
0.5789 	-6.25352e-207
0.5796 	-2.52028e-207
0.5803 	-3.51945e-208
0.581 	-2.69162e-208
0.5817 	-2.11369e-208
0.5824 	-1.67459e-208
0.5831 	-1.23549e-208
0.5838 	-7.96387e-209
0.5845 	-3.57286e-209
0.5852 	-4.10496e-210
0.5859 	-3.17977e-210
0.5866 	-2.46799e-210
0.5873 	-1.96965e-210
0.588 	-1.47131e-210
0.5887 	-9.72966e-211
0.5894 	-4.74623e-211
0.5901 	-4.6105e-212
0.5908 	-3.61337e-212
0.5915 	-2.77751e-212
0.5922 	-2.23197e-212
0.5929 	-1.68642e-212
0.5936 	-1.14088e-212
0.5943 	-5.95332e-213
0.595 	-4.98496e-214
0.5957 	-3.94908e-214
0.5964 	-3.01175e-214
0.5971 	-2.43592e-214
0.5978 	-1.86008e-214
0.5985 	-1.28425e-214
0.5992 	-7.08416e-215
0.5999 	-1.32583e-215
0.6006 	-4.14992e-216
0.6013 	-3.14518e-216
0.602 	-2.55942e-216
0.6027 	-1.97365e-216
0.6034 	-1.38789e-216
0.6041 	-8.02119e-217
0.6048 	-2.16352e-217
0.6055 	-4.19175e-218
0.6062 	-3.19212e-218
0.6069 	-2.58775e-218
0.6076 	-2.01379e-218
0.6083 	-1.43982e-218
0.609 	-8.6586e-219
0.6097 	-2.91897e-219
0.6104 	-4.06796e-220
0.6111 	-3.14047e-220
0.6118 	-2.51634e-220
0.6125 	-1.97495e-220
0.6132 	-1.43355e-220
0.6139 	-8.92158e-221
0.6146 	-3.50763e-221
0.6153 	-3.79101e-222
0.616 	-2.9633e-222
0.6167 	-2.35187e-222
0.6174 	-1.8606e-222
0.6181 	-1.36933e-222
0.6188 	-8.78058e-223
0.6195 	-3.86786e-223
0.6202 	-3.39053e-224
0.6209 	-2.68056e-224
0.6216 	-2.11131e-224
0.6223 	-1.68277e-224
0.623 	-1.25424e-224
0.6237 	-8.25711e-225
0.6244 	-3.97179e-225
0.6251 	-2.90807e-226
0.6258 	-2.32322e-226
0.6265 	-1.81903e-226
0.6272 	-1.45999e-226
0.6279 	-1.10096e-226
0.6286 	-7.41926e-227
0.6293 	-3.82893e-227
0.63 	-2.39011e-228
0.6307 	-1.92786e-228
0.6314 	-1.50279e-228
0.6321 	-1.21413e-228
0.6328 	-9.25477e-229
0.6335 	-6.36822e-229
0.6342 	-3.48166e-229
0.6349 	-5.95102e-230
0.6356 	-1.53049e-230
0.6363 	-1.18936e-230
0.637 	-9.66879e-231
0.6377 	-7.44401e-231
0.6384 	-5.21923e-231
0.6391 	-2.99446e-231
0.6398 	-7.69681e-232
0.6405 	-1.16136e-232
0.6412 	-9.07225e-233
0.6419 	-7.36596e-233
0.6426 	-5.72392e-233
0.6433 	-4.08187e-233
0.644 	-2.43982e-233
0.6447 	-7.97773e-234
0.6454 	-8.41507e-235
0.6461 	-6.65133e-235
0.6468 	-5.36254e-235
0.6475 	-4.20327e-235
0.6482 	-3.04401e-235
0.6489 	-1.88474e-235
0.6496 	-7.25478e-236
0.6503 	-5.81638e-237
0.651 	-4.64688e-237
0.6517 	-3.72653e-237
0.6524 	-2.94461e-237
0.6531 	-2.16269e-237
0.6538 	-1.38077e-237
0.6545 	-5.98848e-238
0.6552 	-3.83086e-239
0.6559 	-3.09081e-239
0.6566 	-2.46913e-239
0.6573 	-1.96585e-239
0.658 	-1.46256e-239
0.6587 	-9.59274e-240
0.6594 	-4.55987e-240
0.6601 	-2.40195e-241
0.6608 	-1.95551e-241
0.6615 	-1.55823e-241
0.6622 	-1.24944e-241
0.6629 	-9.40655e-242
0.6636 	-6.31867e-242
0.6643 	-3.23078e-242
0.665 	-1.43253e-243
0.6657 	-1.17603e-243
0.6664 	-9.3582e-244
0.6671 	-7.55392e-244
0.6678 	-5.74963e-244
0.6685 	-3.94535e-244
0.6692 	-2.14106e-244
0.6699 	-3.36774e-245
0.6706 	-6.72023e-246
0.6713 	-5.34573e-246
0.672 	-4.34225e-246
0.6727 	-3.33876e-246
0.6734 	-2.33528e-246
0.6741 	-1.33179e-246
0.6748 	-3.28309e-247
0.6755 	-3.6497e-248
0.6762 	-2.91908e-248
0.6769 	-2.37358e-248
0.6776 	-1.84232e-248
0.6783 	-1.31107e-248
0.679 	-7.79809e-249
0.6797 	-2.48552e-249
0.6804 	-1.88601e-250
0.6811 	-1.52341e-250
0.6818 	-1.23514e-250
0.6825 	-9.67144e-251
0.6832 	-6.99145e-251
0.6839 	-4.31145e-251
0.6846 	-1.63146e-251
0.6853 	-9.29746e-253
0.686 	-7.57828e-253
0.6867 	-6.13409e-253
0.6874 	-4.84268e-253
0.6881 	-3.55127e-253
0.6888 	-2.25986e-253
0.6895 	-9.68448e-254
0.6902 	-4.39264e-255
0.6909 	-3.61039e-255
0.6916 	-2.92071e-255
0.6923 	-2.3236e-255
0.693 	-1.72649e-255
0.6937 	-1.12938e-255
0.6944 	-5.3227e-256
0.6951 	-2.00406e-257
0.6958 	-1.66144e-257
0.6965 	-1.34629e-257
0.6972 	-1.08058e-257
0.6979 	-8.14873e-258
0.6986 	-5.49164e-258
0.6993 	-2.83455e-258
0.7 	-1.77764e-259
