0 	1
0.0007 	1
0.0014 	1
0.0021 	1
0.0028 	1
0.0035 	1
0.0042 	1
0.0049 	1
0.0056 	1
0.0063 	1
0.007 	1
0.0077 	1
0.0084 	1
0.0091 	1
0.0098 	1
0.0105 	1
0.0112 	1
0.0119 	1
0.0126 	1
0.0133 	1
0.014 	1
0.0147 	1
0.0154 	1
0.0161 	1
0.0168 	1
0.0175 	1
0.0182 	1
0.0189 	1
0.0196 	1
0.0203 	1
0.021 	1
0.0217 	1
0.0224 	1
0.0231 	1
0.0238 	1
0.0245 	1
0.0252 	1
0.0259 	1
0.0266 	1
0.0273 	1
0.028 	1
0.0287 	1
0.0294 	1
0.0301 	1
0.0308 	1
0.0315 	1
0.0322 	1
0.0329 	1
0.0336 	1
0.0343 	1
0.035 	1
0.0357 	1
0.0364 	1
0.0371 	1
0.0378 	1
0.0385 	1
0.0392 	1
0.0399 	1
0.0406 	1
0.0413 	1
0.042 	1
0.0427 	1
0.0434 	1
0.0441 	1
0.0448 	1
0.0455 	1
0.0462 	1
0.0469 	1
0.0476 	1
0.0483 	1
0.049 	1
0.0497 	1
0.0504 	1
0.0511 	1
0.0518 	1
0.0525 	1
0.0532 	1
0.0539 	1
0.0546 	1
0.0553 	1
0.056 	1
0.0567 	1
0.0574 	1
0.0581 	1
0.0588 	1
0.0595 	1
0.0602 	1
0.0609 	1
0.0616 	1
0.0623 	1
0.063 	1
0.0637 	1
0.0644 	1
0.0651 	1
0.0658 	1
0.0665 	1
0.0672 	1
0.0679 	1
0.0686 	1
0.0693 	1
0.07 	1
0.0707 	1
0.0714 	1
0.0721 	1
0.0728 	1
0.0735 	1
0.0742 	1
0.0749 	1
0.0756 	1
0.0763 	1
0.077 	1
0.0777 	1
0.0784 	1
0.0791 	1
0.0798 	1
0.0805 	1
0.0812 	1
0.0819 	1
0.0826 	1
0.0833 	1
0.084 	1
0.0847 	1
0.0854 	1
0.0861 	1
0.0868 	1
0.0875 	1
0.0882 	1
0.0889 	1
0.0896 	1
0.0903 	1
0.091 	1
0.0917 	1
0.0924 	1
0.0931 	1
0.0938 	1
0.0945 	1
0.0952 	1
0.0959 	1
0.0966 	1
0.0973 	1
0.098 	1
0.0987 	1
0.0994 	1
0.1001 	1
0.1008 	1
0.1015 	1
0.1022 	1
0.1029 	1
0.1036 	1
0.1043 	1
0.105 	1
0.1057 	1
0.1064 	1
0.1071 	1
0.1078 	1
0.1085 	1
0.1092 	1
0.1099 	1
0.1106 	1
0.1113 	1
0.112 	1
0.1127 	1
0.1134 	1
0.1141 	1
0.1148 	1
0.1155 	1
0.1162 	1
0.1169 	1
0.1176 	1
0.1183 	1
0.119 	1
0.1197 	1
0.1204 	1
0.1211 	1
0.1218 	1
0.1225 	0.999999
0.1232 	0.999999
0.1239 	0.999999
0.1246 	0.999999
0.1253 	0.999999
0.126 	0.999997
0.1267 	0.999995
0.1274 	0.999993
0.1281 	0.999991
0.1288 	0.999989
0.1295 	0.999987
0.1302 	0.999985
0.1309 	0.99998
0.1316 	0.999974
0.1323 	0.999969
0.133 	0.999963
0.1337 	0.999958
0.1344 	0.999952
0.1351 	0.999947
0.1358 	0.999942
0.1365 	0.999939
0.1372 	0.999936
0.1379 	0.999934
0.1386 	0.999931
0.1393 	0.999928
0.14 	0.999926
0.1407 	0.999923
0.1414 	0.999924
0.1421 	0.999926
0.1428 	0.999928
0.1435 	0.999929
0.1442 	0.999931
0.1449 	0.999934
0.1456 	0.999929
0.1463 	0.999925
0.147 	0.999922
0.1477 	0.999919
0.1484 	0.999916
0.1491 	0.999913
0.1498 	0.999909
0.1505 	0.999892
0.1512 	0.999875
0.1519 	0.99986
0.1526 	0.999845
0.1533 	0.99983
0.154 	0.999815
0.1547 	0.9998
0.1554 	0.999763
0.1561 	0.99975
0.1568 	0.999737
0.1575 	0.999724
0.1582 	0.999711
0.1589 	0.999698
0.1596 	0.999685
0.1603 	0.999678
0.161 	0.999679
0.1617 	0.999679
0.1624 	0.999679
0.1631 	0.99968
0.1638 	0.999681
0.1645 	0.999681
0.1652 	0.999707
0.1659 	0.999684
0.1666 	0.999649
0.1673 	0.999616
0.168 	0.999583
0.1687 	0.99955
0.1694 	0.999517
0.1701 	0.999457
0.1708 	0.999413
0.1715 	0.999338
0.1722 	0.999255
0.1729 	0.999172
0.1736 	0.999089
0.1743 	0.999007
0.175 	0.998896
0.1757 	0.998806
0.1764 	0.998738
0.1771 	0.998661
0.1778 	0.998584
0.1785 	0.998507
0.1792 	0.998429
0.1799 	0.998351
0.1806 	0.998175
0.1813 	0.998093
0.182 	0.998008
0.1827 	0.997924
0.1834 	0.99784
0.1841 	0.997755
0.1848 	0.997671
0.1855 	0.99763
0.1862 	0.997775
0.1869 	0.997962
0.1876 	0.998147
0.1883 	0.99831
0.189 	0.998472
0.1897 	0.998634
0.1904 	0.998996
0.1911 	0.999108
0.1918 	0.999257
0.1925 	0.999308
0.1932 	0.999226
0.1939 	0.999112
0.1946 	0.999034
0.1953 	0.999023
0.196 	0.999159
0.1967 	0.999318
0.1974 	0.9995
0.1981 	0.999698
0.1988 	0.999851
0.1995 	0.999902
0.2002 	0.999931
0.2009 	0.999964
0.2016 	0.999955
0.2023 	0.999897
0.203 	0.999799
0.2037 	0.999686
0.2044 	0.999669
0.2051 	0.999678
0.2744 	1.1792e-06
0.2751 	6.20736e-07
0.2758 	2.77375e-07
0.2765 	6.76039e-08
0.2772 	9.82945e-08
0.3269 	2.09404e-09
0.3486 	2.81451e-12
0.3493 	2.7941e-12
0.35 	2.76958e-12
0.3507 	2.64007e-12
0.3514 	2.47346e-12
0.3521 	2.1705e-12
0.3528 	1.83704e-12
0.3633 	4.78343e-14
0.364 	3.85343e-14
0.3647 	3.11639e-14
0.3654 	2.50148e-14
0.3661 	1.97817e-14
0.3668 	1.57839e-14
0.3675 	1.21229e-14
0.3752 	4.13447e-16
0.3759 	2.84413e-16
0.3766 	1.85887e-16
0.3773 	1.17873e-16
0.378 	7.49325e-17
0.3787 	4.2021e-17
0.3794 	2.59717e-17
0.3801 	1.25475e-17
0.3808 	7.08199e-18
0.3815 	2.96884e-18
0.3822 	1.29159e-18
0.3829 	4.19931e-19
0.3836 	1.52468e-19
0.3843 	5.32432e-20
0.385 	1.94217e-31
0.3857 	2.36491e-35
0.3864 	4.39442e-35
0.3871 	2.55526e-35
0.3878 	9.76754e-36
0.3885 	-2.54223e-36
0.3892 	-1.12364e-36
0.3899 	7.92256e-36
0.3906 	5.68762e-36
0.3913 	1.80333e-36
0.392 	8.9496e-37
0.3927 	2.3412e-38
0.3934 	-7.56092e-37
0.3941 	-7.83645e-37
0.3948 	-6.14888e-38
0.3955 	1.97204e-37
0.3962 	2.70512e-37
0.3969 	8.61926e-39
0.3976 	-2.47237e-37
0.3983 	-3.12084e-37
0.399 	-2.61486e-37
0.3997 	-3.13141e-39
0.4004 	5.9061e-38
0.4011 	-2.5868e-38
0.4018 	-4.19231e-38
0.4025 	-3.91971e-38
0.4032 	-1.65578e-38
0.4039 	-2.39805e-39
0.4046 	-1.93295e-38
0.4053 	-3.60217e-38
0.406 	-5.23948e-38
0.4067 	-5.49902e-38
0.4074 	-4.99275e-38
0.4179 	1.53697e-24
0.4186 	1.25086e-24
0.4193 	9.64159e-25
0.42 	6.77292e-25
0.4207 	5.24545e-25
0.4214 	3.87621e-25
0.4221 	3.08578e-25
0.4228 	2.40398e-25
0.4235 	1.86704e-25
0.4242 	1.43728e-25
0.4249 	1.06695e-25
0.4291 	1.52825e-26
0.4298 	1.05033e-26
0.4305 	7.33853e-27
0.4312 	4.81959e-27
0.4319 	3.4602e-27
0.4326 	2.28194e-27
0.4333 	1.6577e-27
0.434 	1.14687e-27
0.4347 	8.39889e-28
0.4354 	6.18559e-28
0.4361 	4.6147e-28
0.4669 	3.07835e-36
0.4676 	3.6904e-36
0.4683 	3.80723e-36
0.469 	3.72269e-36
0.4697 	3.27585e-36
0.4704 	2.66297e-36
0.4711 	1.92557e-36
0.4718 	1.3952e-36
0.4725 	9.21231e-37
0.4732 	7.3132e-37
0.4739 	5.58491e-37
0.4746 	4.48258e-37
0.4753 	3.52343e-37
0.476 	2.75518e-37
0.4767 	2.15593e-37
0.4774 	1.65055e-37
0.4781 	1.29986e-37
0.4788 	9.83225e-38
0.4816 	3.44078e-38
0.4823 	2.59577e-38
0.504 	8.17383e-43
0.5187 	6.79509e-51
0.5194 	2.53666e-51
0.5201 	5.88287e-53
0.5208 	2.54947e-53
0.5215 	3.73189e-54
0.5222 	2.83085e-54
0.5229 	2.14325e-54
0.5236 	1.61574e-54
0.5243 	1.25564e-54
0.525 	9.41232e-55
0.5257 	7.42157e-55
0.5264 	5.59018e-55
0.5271 	4.34355e-55
0.5278 	3.30355e-55
0.5285 	2.53904e-55
0.5341 	3.17597e-56
0.5348 	2.42398e-56
0.5355 	1.86879e-56
0.5362 	1.39232e-56
0.5369 	1.08023e-56
0.5376 	7.97005e-57
0.5894 	-2.36373e-72
0.5901 	-2.39068e-72
0.5908 	-2.4206e-72
0.6006 	-2.67713e-72
0.6013 	-2.66362e-72
0.602 	-2.64561e-72
0.6027 	-2.62713e-72
0.6034 	-2.60748e-72
0.6041 	-2.58844e-72
0.6048 	-2.57002e-72
0.6055 	-2.55338e-72
0.6062 	-2.53744e-72
0.6069 	-2.52453e-72
0.6076 	-2.51232e-72
0.6083 	-2.50296e-72
0.609 	-2.49467e-72
0.6097 	-2.48834e-72
0.6104 	-2.48329e-72
0.6762 	-4.14846e-79
0.6769 	-3.07252e-79
0.6776 	-2.12438e-79
0.6783 	-1.57571e-79
0.679 	-1.1171e-79
0.6797 	-8.20732e-80
0.6804 	-6.01899e-80
0.6811 	-4.41219e-80
0.6818 	-3.37521e-80
0.6825 	-2.49383e-80
0.6832 	-1.99876e-80
0.6867 	-7.00262e-81
