0 	1
0.0007 	1
0.0014 	1
0.0021 	1
0.0028 	1
0.0035 	1
0.0042 	1
0.0049 	1
0.0056 	1
0.0063 	1
0.007 	1
0.0077 	1
0.0084 	1
0.0091 	1
0.0098 	1
0.0105 	1
0.0112 	1
0.0119 	1
0.0126 	1
0.0133 	1
0.014 	1
0.0147 	1
0.0154 	1
0.0161 	1
0.0168 	1
0.0175 	1
0.0182 	1
0.0189 	1
0.0196 	1
0.0203 	1
0.021 	1
0.0217 	1
0.0224 	1
0.0231 	1
0.0238 	1
0.0245 	1
0.0252 	1
0.0259 	1
0.0266 	1
0.0273 	1
0.028 	1
0.0287 	1
0.0294 	1
0.0301 	1
0.0308 	1
0.0315 	1
0.0322 	1
0.0329 	1
0.0336 	1
0.0343 	1
0.035 	1
0.0357 	1
0.0364 	1
0.0371 	1
0.0378 	1
0.0385 	1
0.0392 	1
0.0399 	1
0.0406 	1
0.0413 	1
0.042 	1
0.0427 	1
0.0434 	1
0.0441 	1
0.0448 	1
0.0455 	1
0.0462 	1
0.0469 	1
0.0476 	1
0.0483 	1
0.049 	1
0.0497 	1
0.0504 	1
0.0511 	1
0.0518 	1
0.0525 	1
0.0532 	1
0.0539 	1
0.0546 	1
0.0553 	1
0.056 	1
0.0567 	1
0.0574 	1
0.0581 	1
0.0588 	1
0.0595 	1
0.0602 	1
0.0609 	1
0.0616 	1
0.0623 	1
0.063 	1
0.0637 	1
0.0644 	1
0.0651 	1
0.0658 	1
0.0665 	1
0.0672 	1
0.0679 	1
0.0686 	1
0.0693 	1
0.07 	1
0.0707 	1
0.0714 	1
0.0721 	1
0.0728 	1
0.0735 	1
0.0742 	1
0.0749 	1
0.0756 	1
0.0763 	1
0.077 	1
0.0777 	1
0.0784 	1
0.0791 	1
0.0798 	1
0.0805 	1
0.0812 	1
0.0819 	1
0.0826 	1
0.0833 	1
0.084 	1
0.0847 	1
0.0854 	1
0.0861 	1
0.0868 	1
0.0875 	1
0.0882 	1
0.0889 	1
0.0896 	1
0.0903 	1
0.091 	1
0.0917 	1
0.0924 	1
0.0931 	1
0.0938 	1
0.0945 	1
0.0952 	1
0.0959 	1
0.0966 	1
0.0973 	1
0.098 	1
0.0987 	1
0.0994 	1
0.1001 	1
0.1008 	1
0.1015 	1
0.1022 	1
0.1029 	1
0.1036 	1
0.1043 	1
0.105 	1
0.1057 	1
0.1064 	1
0.1071 	1
0.1078 	1
0.1085 	1
0.1092 	1
0.1099 	1
0.1106 	1
0.1113 	1
0.112 	1
0.1127 	1
0.1134 	1
0.1141 	1
0.1148 	1
0.1155 	1
0.1162 	1
0.1169 	1
0.1176 	1
0.1183 	1
0.119 	1
0.1197 	1
0.1204 	1
0.1211 	1
0.1218 	1
0.1225 	1
0.1232 	1
0.1239 	1
0.1246 	1
0.1253 	1
0.126 	1
0.1267 	1
0.1274 	1
0.1281 	1
0.1288 	1
0.1295 	1
0.1302 	1
0.1309 	1
0.1316 	1
0.1323 	1
0.133 	1
0.1337 	1
0.1344 	1
0.1351 	1
0.1358 	1
0.1365 	1
0.1372 	1
0.1379 	1
0.1386 	1
0.1393 	1
0.14 	1
0.1407 	1
0.1414 	1
0.1421 	1
0.1428 	1
0.1435 	1
0.1442 	1
0.1449 	1
0.1456 	1
0.1463 	1
0.147 	1
0.1477 	1
0.1484 	1
0.1491 	1
0.1498 	1
0.1505 	1
0.1512 	1
0.1519 	1
0.1526 	1
0.1533 	1
0.154 	1
0.1547 	1
0.1554 	1
0.1561 	1
0.1568 	1
0.1575 	1
0.1582 	1
0.1589 	1
0.1596 	1
0.1603 	1
0.161 	1
0.1617 	1
0.1624 	1
0.1631 	1
0.1638 	1
0.1645 	1
0.1652 	1
0.1659 	1
0.1666 	1
0.1673 	1
0.168 	1
0.1687 	1
0.1694 	1
0.1701 	1
0.1708 	1
0.1715 	1
0.1722 	1
0.1729 	1
0.1736 	1
0.1743 	1
0.175 	1
0.1757 	1
0.1764 	1
0.1771 	1
0.1778 	1
0.1785 	1
0.1792 	1
0.1799 	1
0.1806 	1
0.1813 	1
0.182 	1
0.1827 	1
0.1834 	1
0.1841 	1
0.1848 	1
0.1855 	1
0.1862 	1
0.1869 	1
0.1876 	1
0.1883 	1
0.189 	1
0.1897 	1
0.1904 	1
0.1911 	1
0.1918 	1
0.1925 	1
0.1932 	1
0.1939 	1
0.1946 	1
0.1953 	1
0.196 	1
0.1967 	1
0.1974 	1
0.1981 	1
0.1988 	1
0.1995 	1
0.2002 	1
0.2009 	1
0.2016 	1
0.2023 	1
0.203 	1
0.2037 	1
0.2044 	1
0.2051 	1
0.2058 	1
0.2065 	1
0.2072 	1
0.2079 	1
0.2086 	1
0.2093 	1
0.21 	1
0.2107 	1
0.2114 	1
0.2121 	1
0.2128 	1
0.2135 	1
0.2142 	1
0.2149 	1
0.2156 	1
0.2163 	1
0.217 	1
0.2177 	1
0.2184 	1
0.2191 	1
0.2198 	1
0.2205 	1
0.2212 	1
0.2219 	0.999999
0.2226 	0.999999
0.2233 	0.999999
0.224 	0.999999
0.2247 	0.999998
0.2254 	0.999997
0.2261 	0.999997
0.2268 	0.999992
0.2275 	0.99999
0.2282 	0.999987
0.2289 	0.999984
0.2296 	0.999976
0.2303 	0.99997
0.231 	0.999966
0.2317 	0.999917
0.2324 	0.999877
0.2331 	0.999849
0.2338 	0.999816
0.2345 	0.999719
0.2352 	0.999635
0.2359 	0.999583
0.2366 	0.998799
0.2373 	0.99792
0.238 	0.997459
0.2387 	0.996997
0.2394 	0.995177
0.2401 	0.993425
0.2408 	0.992701
0.2415 	0.983623
0.2422 	0.965611
0.2429 	0.954719
0.2436 	0.943828
0.2443 	0.914564
0.245 	0.880289
0.2457 	0.852497
0.2464 	0.817856
0.2471 	0.760974
0.2478 	0.710216
0.2485 	0.659457
0.2492 	0.588154
0.2499 	0.505437
0.2506 	0.422332
0.2513 	0.341859
0.252 	0.294272
0.2527 	0.236615
0.2534 	0.178958
0.2541 	0.140171
0.2548 	0.120255
0.2555 	0.0954279
0.2562 	0.0686364
0.2569 	0.0582759
0.2576 	0.0395228
0.2583 	0.0207698
0.259 	0.00846919
0.2597 	0.00778333
0.2604 	0.00645457
0.2611 	0.00464364
0.2618 	0.00395182
0.2625 	0.00264123
0.2632 	0.00121965
0.2639 	0.000103184
0.2646 	0.00010549
0.2653 	9.60187e-05
0.266 	7.0845e-05
0.2667 	5.98074e-05
0.2674 	4.25351e-05
0.2681 	2.05809e-05
0.2688 	1.96825e-07
0.2695 	2.26214e-07
0.2702 	2.30977e-07
0.2709 	1.74172e-07
0.2716 	1.43966e-07
0.2723 	1.10204e-07
0.273 	5.70308e-08
0.2737 	3.85787e-09
0.2744 	7.08186e-11
0.2751 	7.92515e-11
0.2758 	6.39314e-11
0.2765 	5.39677e-11
0.2772 	4.68707e-11
0.2779 	3.20163e-11
0.2786 	1.7162e-11
0.2793 	1.40916e-11
0.28 	1.42353e-11
0.2807 	1.45578e-11
0.2814 	1.46946e-11
0.2821 	1.43258e-11
0.2828 	1.43224e-11
0.2835 	1.4319e-11
0.2842 	1.37583e-11
0.2849 	1.28881e-11
0.2856 	1.22718e-11
0.2863 	1.16711e-11
0.287 	1.07641e-11
0.2877 	1.00401e-11
0.2884 	9.31603e-12
0.2891 	8.40447e-12
0.2898 	7.30539e-12
0.2905 	6.24436e-12
0.2912 	5.19855e-12
0.2919 	4.57918e-12
0.2926 	3.80734e-12
0.2933 	3.0355e-12
0.294 	2.43025e-12
0.2947 	2.12489e-12
0.2954 	1.74287e-12
0.2961 	1.30336e-12
0.2968 	1.10375e-12
0.2975 	8.06962e-13
0.2982 	4.91607e-13
0.2989 	2.41619e-13
0.2996 	2.3132e-13
0.3003 	2.02638e-13
0.301 	1.49444e-13
0.3017 	1.24195e-13
0.3024 	8.92776e-14
0.3031 	4.61993e-14
0.3038 	6.22399e-15
0.3045 	6.59124e-15
0.3052 	6.39611e-15
0.3059 	4.79504e-15
0.3066 	3.90364e-15
0.3073 	2.96545e-15
0.308 	1.55006e-15
0.3087 	1.34673e-16
0.3094 	3.64585e-17
0.3101 	3.78321e-17
0.3108 	2.87223e-17
0.3115 	2.25457e-17
0.3122 	1.82067e-17
0.3129 	1.00026e-17
0.3136 	1.79839e-18
0.3143 	4.08869e-20
0.315 	4.16641e-20
0.3157 	3.17941e-20
0.3164 	2.37493e-20
0.3171 	2.00465e-20
0.3178 	1.15481e-20
0.3185 	3.04983e-21
0.3192 	1.41302e-23
0.3199 	1.33473e-23
0.3206 	1.05027e-23
0.3213 	7.50275e-24
0.322 	6.56295e-24
0.3227 	3.93852e-24
0.3234 	1.3141e-24
0.3241 	1.86466e-27
0.3248 	1.8611e-27
0.3255 	1.54536e-27
0.3262 	1.10475e-27
0.3269 	1.00338e-27
0.3276 	6.23802e-28
0.3283 	2.44223e-28
0.329 	2.09041e-31
0.3297 	2.2014e-31
0.3304 	1.94876e-31
0.3311 	1.42338e-31
0.3318 	1.26768e-31
0.3325 	8.38603e-32
0.3332 	3.69098e-32
0.3339 	2.0171e-35
0.3346 	2.21951e-35
0.3353 	2.10368e-35
0.336 	1.56353e-35
0.3367 	1.34218e-35
0.3374 	9.55087e-36
0.3381 	4.59947e-36
0.3388 	1.71482e-39
0.3395 	1.95479e-39
0.3402 	1.98664e-39
0.3409 	1.49819e-39
0.3416 	1.2378e-39
0.3423 	9.4381e-40
0.343 	4.88244e-40
0.3437 	3.26776e-41
0.3444 	1.54e-43
0.3451 	1.67827e-43
0.3458 	1.28161e-43
0.3465 	1.01879e-43
0.3472 	8.29055e-44
0.3479 	4.54688e-44
0.3486 	8.03212e-45
0.3493 	1.10756e-47
0.35 	1.29345e-47
0.3507 	9.98719e-48
0.3514 	7.64134e-48
0.3521 	6.61099e-48
0.3528 	3.80662e-48
0.3535 	1.00224e-48
0.3542 	7.39807e-52
0.3549 	8.76397e-52
0.3556 	7.21344e-52
0.3563 	5.31614e-52
0.357 	4.8723e-52
0.3577 	2.92356e-52
0.3584 	9.74811e-53
0.3591 	4.65601e-56
0.3598 	5.5834e-56
0.3605 	4.90038e-56
0.3612 	3.57319e-56
0.3619 	3.3697e-56
0.3626 	2.09478e-56
0.3633 	8.19862e-57
0.364 	2.79322e-60
0.3647 	3.38655e-60
0.3654 	3.16931e-60
0.3661 	2.34414e-60
0.3668 	2.1439e-60
0.3675 	1.41964e-60
0.3682 	6.24732e-61
0.3689 	1.61182e-64
0.3696 	1.97458e-64
0.3703 	1.97015e-64
0.371 	1.47613e-64
0.3717 	1.28887e-64
0.3724 	9.19825e-65
0.3731 	4.42927e-65
0.3738 	9.00748e-69
0.3745 	1.11474e-68
0.3752 	1.18566e-68
0.3759 	8.98887e-69
0.3766 	7.50832e-69
0.3773 	5.7444e-69
0.378 	2.9715e-69
0.3787 	1.9859e-70
0.3794 	6.12606e-73
0.3801 	6.94508e-73
0.3808 	5.32249e-73
0.3815 	4.26125e-73
0.3822 	3.47872e-73
0.3829 	1.90782e-73
0.3836 	3.36913e-74
0.3843 	3.29103e-77
0.385 	3.97617e-77
0.3857 	3.0777e-77
0.3864 	2.36589e-77
0.3871 	2.05246e-77
0.3878 	1.18178e-77
0.3885 	3.11112e-78
0.3892 	1.73487e-81
0.3899 	2.10979e-81
0.3906 	1.74451e-81
0.3913 	1.28973e-81
0.392 	1.18462e-81
0.3927 	7.10806e-82
0.3934 	2.36991e-82
0.3941 	9.00761e-86
0.3948 	1.10237e-85
0.3955 	9.72876e-86
0.3962 	7.10942e-86
0.3969 	6.71494e-86
0.3976 	4.17432e-86
0.3983 	1.6337e-86
0.399 	4.62386e-90
0.3997 	5.69331e-90
0.4004 	5.358e-90
0.4011 	3.96912e-90
0.4018 	3.63928e-90
0.4025 	2.40587e-90
0.4032 	1.05872e-90
0.4039 	2.35554e-94
0.4046 	2.91734e-94
0.4053 	2.92504e-94
0.406 	2.19394e-94
0.4067 	1.91886e-94
0.4074 	1.3674e-94
0.4081 	6.58443e-95
0.4088 	1.19518e-98
0.4095 	1.48854e-98
0.4102 	1.58855e-98
0.4109 	1.20517e-98
0.4116 	1.0077e-98
0.4123 	7.69785e-99
0.413 	3.98196e-99
0.4137 	2.66073e-100
0.4144 	7.58819e-103
0.4151 	8.61081e-103
0.4158 	6.60171e-103
0.4165 	5.28802e-103
0.4172 	4.30932e-103
0.4179 	2.36333e-103
0.4186 	4.17341e-104
0.4193 	3.87674e-107
0.42 	4.67279e-107
0.4207 	3.61747e-107
0.4214 	2.78113e-107
0.4221 	2.40742e-107
0.4228 	1.38617e-107
0.4235 	3.64915e-108
0.4242 	1.99086e-111
0.4249 	2.40685e-111
0.4256 	1.98872e-111
0.4263 	1.47005e-111
0.427 	1.34652e-111
0.4277 	8.07953e-112
0.4284 	2.69382e-112
0.4291 	1.03079e-115
0.4298 	1.24937e-115
0.4305 	1.10005e-115
0.4312 	8.0358e-116
0.4319 	7.56409e-116
0.4326 	4.7022e-116
0.4333 	1.84031e-116
0.434 	5.39762e-120
0.4347 	6.5553e-120
0.4354 	6.14034e-120
0.4361 	4.5459e-120
0.4368 	4.15972e-120
0.4375 	2.74427e-120
0.4382 	1.20764e-120
0.4389 	2.8673e-124
0.4396 	3.48703e-124
0.4403 	3.4687e-124
0.441 	2.59963e-124
0.4417 	2.2684e-124
0.4424 	1.61242e-124
0.4431 	7.76432e-125
0.4438 	1.54939e-128
0.4445 	1.88564e-128
0.4452 	1.98829e-128
0.4459 	1.50699e-128
0.4466 	1.25688e-128
0.4473 	9.57107e-129
0.448 	4.95099e-129
0.4487 	3.30916e-130
0.4494 	1.03858e-132
0.4501 	1.15874e-132
0.4508 	8.87411e-133
0.4515 	7.08978e-133
0.4522 	5.75484e-133
0.4529 	3.15612e-133
0.4536 	5.57395e-134
0.4543 	5.82404e-137
0.455 	6.85785e-137
0.4557 	5.30731e-137
0.4564 	4.07455e-137
0.4571 	3.51003e-137
0.4578 	2.02106e-137
0.4585 	5.32085e-138
0.4592 	-5.24494e-140
0.4599 	-1.3863e-139
0.4606 	-7.7345e-140
0.4613 	2.38144e-141
0.462 	2.16876e-141
0.4627 	1.29984e-141
0.4634 	4.30922e-142
0.4641 	-1.64015e-140
0.4648 	-4.91981e-140
0.4655 	-3.51426e-140
0.4662 	-2.34621e-141
0.4669 	-1.5439e-144
0.4676 	-1.6003e-144
0.4683 	-1.6567e-144
0.469 	-3.35919e-141
0.4697 	-1.27604e-140
0.4704 	-1.14174e-140
0.4711 	-2.01605e-141
0.4718 	-6.37551e-145
0.4725 	-5.34957e-145
0.4732 	-5.19133e-145
0.4739 	-5.02811e-142
0.4746 	-2.847e-141
0.4753 	-3.18187e-141
0.476 	-8.37646e-142
0.4767 	-2.18343e-145
0.4774 	-1.39312e-145
0.4781 	-1.32736e-145
0.4788 	-3.81822e-143
0.4795 	-5.71032e-142
0.4802 	-7.99394e-142
0.4809 	-2.66533e-142
0.4816 	-6.3565e-146
0.4823 	-3.22822e-146
0.483 	-3.03761e-146
0.4837 	-2.847e-146
0.4844 	-1.0476e-142
0.4851 	-1.85324e-142
0.4858 	-7.25317e-143
0.4865 	-1.63724e-146
0.4872 	-6.8794e-147
0.4879 	-6.41138e-147
0.4886 	-5.94337e-147
0.4893 	-1.76667e-143
0.49 	-4.01443e-143
0.4907 	-1.7666e-143
0.4914 	-3.82654e-147
0.4921 	-1.36694e-147
0.4928 	-1.26436e-147
0.4935 	-1.16178e-147
0.4942 	-2.72947e-144
0.4949 	-6.97362e-144
0.4956 	-3.94197e-144
0.4963 	-8.23856e-148
0.497 	-2.53861e-148
0.4977 	-2.33536e-148
0.4984 	-2.13211e-148
0.4991 	-3.81405e-145
0.4998 	-1.14382e-144
0.5005 	-8.17054e-145
0.5012 	-5.46113e-146
0.5019 	-4.3622e-149
0.5026 	-4.00427e-149
0.5033 	-3.64634e-149
0.504 	-4.67182e-146
0.5047 	-1.77437e-145
0.5054 	-1.58761e-145
0.5061 	-2.80372e-146
0.5068 	-8.27389e-150
0.5075 	-6.18376e-150
0.5082 	-5.66429e-150
0.5089 	-4.60116e-147
0.5096 	-2.60497e-146
0.5103 	-2.91135e-146
0.511 	-7.66427e-147
0.5117 	-1.60033e-150
0.5124 	-7.83442e-151
0.5131 	-7.40584e-151
0.5138 	-2.41821e-148
0.5145 	-3.61797e-147
0.5152 	-5.06486e-147
0.5159 	-1.68863e-147
0.5166 	-2.4749e-151
0.5173 	-4.95352e-152
0.518 	-5.78328e-152
0.5187 	-6.61304e-152
0.5194 	-4.74503e-148
0.5201 	-8.39458e-148
0.5208 	-3.28515e-148
0.5215 	-2.44736e-152
0.5222 	1.46904e-152
0.5229 	8.6981e-153
0.5236 	2.70577e-153
0.5243 	-5.85282e-149
0.525 	-1.33021e-148
0.5257 	-5.85297e-149
0.5264 	1.6882e-153
0.5271 	8.46139e-153
0.5278 	6.21197e-153
0.5285 	3.96255e-153
0.5292 	-6.73558e-150
0.5299 	-1.72182e-149
0.5306 	-9.73133e-150
0.5313 	1.85493e-153
0.532 	2.90635e-153
0.5327 	2.21426e-153
0.5334 	1.52218e-153
0.5341 	-7.11871e-151
0.5348 	-2.13799e-150
0.5355 	-1.52699e-150
0.5362 	-1.01133e-151
0.5369 	8.4218e-154
0.5376 	6.50571e-154
0.5383 	4.58963e-154
0.539 	-6.67541e-152
0.5397 	-2.54611e-151
0.5404 	-2.27816e-151
0.5411 	-4.00319e-152
0.5418 	2.18868e-154
0.5425 	1.73779e-154
0.5432 	1.24287e-154
0.5439 	-5.0555e-153
0.5446 	-2.90475e-152
0.5453 	-3.24826e-152
0.546 	-8.50878e-153
0.5467 	5.33639e-155
0.5474 	4.38176e-155
0.5481 	3.16612e-155
0.5488 	-1.92052e-154
0.5495 	-3.16641e-153
0.5502 	-4.44235e-153
0.5509 	-1.47224e-153
0.5516 	1.26245e-155
0.5523 	1.06371e-155
0.553 	7.76112e-156
0.5537 	4.88512e-156
0.5544 	-3.28048e-154
0.5551 	-5.84133e-154
0.5558 	-2.26769e-154
0.5565 	2.9174e-156
0.5572 	2.5189e-156
0.5579 	1.85665e-156
0.5586 	1.1944e-156
0.5593 	-3.19395e-155
0.56 	-7.39298e-155
0.5607 	-3.2153e-155
0.5614 	6.64075e-157
0.5621 	5.87778e-157
0.5628 	4.37931e-157
0.5635 	2.88085e-157
0.5642 	-2.8452e-156
0.5649 	-7.63602e-156
0.5656 	-4.25427e-156
0.5663 	1.50111e-157
0.567 	1.36275e-157
0.5677 	1.02663e-157
0.5684 	6.90511e-158
0.5691 	-2.14089e-157
0.5698 	-7.46765e-157
0.5705 	-5.25859e-157
0.5712 	-3.51921e-159
0.5719 	3.15913e-158
0.5726 	2.40601e-158
0.5733 	1.65289e-158
0.574 	-8.94555e-159
0.5747 	-6.67193e-158
0.5754 	-5.97722e-158
0.5761 	-4.28446e-159
0.5768 	7.27143e-159
0.5775 	5.65694e-159
0.5782 	3.96204e-159
0.5789 	1.31932e-159
0.5796 	-4.7989e-159
0.5803 	-5.89097e-159
0.581 	-2.81519e-160
0.5817 	1.66057e-159
0.5824 	1.3358e-159
0.5831 	9.51627e-160
0.5838 	5.49686e-160
0.5845 	-8.32521e-161
0.5852 	-3.87018e-160
0.5859 	1.32148e-160
0.5866 	3.81076e-160
0.5873 	3.16482e-160
0.588 	2.28789e-160
0.5887 	1.41096e-160
0.5894 	7.55494e-161
0.5901 	2.63071e-161
0.5908 	6.46701e-161
0.5915 	8.76356e-161
0.5922 	7.50551e-161
0.5929 	5.4943e-161
0.5936 	3.48309e-161
0.5943 	2.56426e-161
0.595 	1.94338e-161
0.5957 	1.99494e-161
0.5964 	2.01288e-161
0.5971 	1.77654e-161
0.5978 	1.31467e-161
0.5985 	8.52801e-162
0.5992 	6.52099e-162
0.5999 	5.96495e-162
0.6006 	5.27802e-162
0.6013 	4.60333e-162
0.602 	4.18537e-162
0.6027 	3.12708e-162
0.6034 	2.0688e-162
0.6041 	1.52113e-162
0.6048 	1.48409e-162
0.6055 	1.30092e-162
0.6062 	1.05929e-162
0.6069 	9.79258e-163
0.6076 	7.38049e-163
0.6083 	4.96839e-163
0.609 	3.42278e-163
0.6097 	3.43689e-163
0.6104 	3.08745e-163
0.6111 	2.46534e-163
0.6118 	2.2461e-163
0.6125 	1.72639e-163
0.6132 	1.18067e-163
0.6139 	7.55138e-164
0.6146 	7.70312e-164
0.6153 	7.16218e-164
0.616 	5.69765e-164
0.6167 	5.02425e-164
0.6174 	4.00019e-164
0.6181 	2.77611e-164
0.6188 	1.64311e-164
0.6195 	1.69425e-164
0.6202 	1.63601e-164
0.6209 	1.3043e-164
0.6216 	1.11368e-164
0.6223 	9.18223e-165
0.623 	6.46112e-165
0.6237 	3.74001e-165
0.6244 	3.67779e-165
0.6251 	3.6946e-165
0.6258 	2.95828e-165
0.6265 	2.4478e-165
0.6272 	2.08941e-165
0.6279 	1.48971e-165
0.6286 	8.9001e-166
0.6293 	7.90361e-166
0.63 	8.27096e-166
0.6307 	6.6562e-166
0.6314 	5.34106e-166
0.6321 	4.71843e-166
0.6328 	3.40689e-166
0.6335 	2.09536e-166
0.6342 	1.68545e-166
0.6349 	1.77646e-166
0.6356 	1.48832e-166
0.6363 	1.15887e-166
0.637 	1.05914e-166
0.6377 	7.74094e-167
0.6384 	4.8905e-167
0.6391 	3.57509e-167
0.6398 	3.79476e-167
0.6405 	3.31411e-167
0.6412 	2.55334e-167
0.6419 	2.36785e-167
0.6426 	1.75104e-167
0.6433 	1.13423e-167
0.644 	7.56301e-168
0.6447 	8.08377e-168
0.6454 	7.36747e-168
0.6461 	5.72337e-168
0.6468 	5.22058e-168
0.6475 	3.953e-168
0.6482 	2.62099e-168
0.6489 	1.60054e-168
0.6496 	1.72254e-168
0.6503 	1.63983e-168
0.651 	1.28416e-168
0.6517 	1.13162e-168
0.6524 	8.93146e-169
0.6531 	6.05295e-169
0.6538 	3.40029e-169
0.6545 	3.68416e-169
0.6552 	3.66616e-169
0.6559 	2.89346e-169
0.6566 	2.4657e-169
0.6573 	2.02618e-169
0.658 	1.40173e-169
0.6587 	7.77282e-170
0.6594 	7.93889e-170
0.6601 	8.26226e-170
0.6608 	6.57031e-170
0.6615 	5.4202e-170
0.6622 	4.63142e-170
0.6629 	3.26684e-170
0.6636 	1.90226e-170
0.6643 	1.73044e-170
0.665 	1.88394e-170
0.6657 	1.50915e-170
0.6664 	1.20665e-170
0.6671 	1.07056e-170
0.6678 	7.69065e-171
0.6685 	4.67574e-171
0.6692 	3.83029e-171
0.6699 	4.19015e-171
0.6706 	3.51903e-171
0.6713 	2.73045e-171
0.672 	2.51128e-171
0.6727 	1.8353e-171
0.6734 	1.15933e-171
0.6741 	8.6397e-172
0.6748 	9.49246e-172
0.6755 	8.35655e-172
0.6762 	6.42516e-172
0.6769 	5.99653e-172
0.6776 	4.45328e-172
0.6783 	2.91003e-172
0.679 	1.99111e-172
0.6797 	2.19602e-172
0.6804 	2.02558e-172
0.6811 	1.57363e-172
0.6818 	1.44359e-172
0.6825 	1.10109e-172
0.6832 	7.41378e-173
0.6839 	4.69465e-173
0.6846 	5.19502e-173
0.6853 	5.01739e-173
0.686 	3.93576e-173
0.6867 	3.48526e-173
0.6874 	2.77698e-173
0.6881 	1.91956e-173
0.6888 	1.13225e-173
0.6895 	1.25655e-173
0.6902 	1.26969e-173
0.6909 	1.00494e-173
0.6916 	8.60437e-174
0.6923 	7.14136e-174
0.693 	5.05082e-174
0.6937 	2.96028e-174
0.6944 	3.10254e-174
0.6951 	3.27715e-174
0.6958 	2.6153e-174
0.6965 	2.17263e-174
0.6972 	1.93425e-174
0.6979 	1.51863e-174
0.6986 	1.10301e-174
0.6993 	1.16948e-174
0.7 	1.36743e-174
