0 	1
0.0007 	1
0.0014 	1
0.0021 	1
0.0028 	1
0.0035 	1
0.0042 	1
0.0049 	1
0.0056 	1
0.0063 	1
0.007 	1
0.0077 	1
0.0084 	1
0.0091 	1
0.0098 	1
0.0105 	1
0.0112 	1
0.0119 	1
0.0126 	1
0.0133 	1
0.014 	1
0.0147 	1
0.0154 	1
0.0161 	1
0.0168 	1
0.0175 	1
0.0182 	1
0.0189 	1
0.0196 	1
0.0203 	1
0.021 	1
0.0217 	1
0.0224 	1
0.0231 	1
0.0238 	1
0.0245 	1
0.0252 	1
0.0259 	1
0.0266 	1
0.0273 	1
0.028 	1
0.0287 	1
0.0294 	1
0.0301 	1
0.0308 	1
0.0315 	1
0.0322 	1
0.0329 	1
0.0336 	1
0.0343 	1
0.035 	1
0.0357 	1
0.0364 	1
0.0371 	1
0.0378 	1
0.0385 	1
0.0392 	1
0.0399 	1
0.0406 	1
0.0413 	1
0.042 	1
0.0427 	1
0.0434 	1
0.0441 	1
0.0448 	1
0.0455 	1
0.0462 	1
0.0469 	1
0.0476 	1
0.0483 	1
0.049 	1
0.0497 	1
0.0504 	1
0.0511 	1
0.0518 	1
0.0525 	1
0.0532 	1
0.0539 	1
0.0546 	1
0.0553 	1
0.056 	1
0.0567 	1
0.0574 	1
0.0581 	1
0.0588 	1
0.0595 	1
0.0602 	1
0.0609 	1
0.0616 	1
0.0623 	1
0.063 	1
0.0637 	1
0.0644 	1
0.0651 	1
0.0658 	1
0.0665 	1
0.0672 	1
0.0679 	1
0.0686 	1
0.0693 	1
0.07 	1
0.0707 	1
0.0714 	1
0.0721 	1
0.0728 	1
0.0735 	1
0.0742 	1
0.0749 	1
0.0756 	1
0.0763 	1
0.077 	1
0.0777 	1
0.0784 	1
0.0791 	1
0.0798 	1
0.0805 	1
0.0812 	1
0.0819 	1
0.0826 	1
0.0833 	1
0.084 	1
0.0847 	1
0.0854 	1
0.0861 	1
0.0868 	1
0.0875 	1
0.0882 	1
0.0889 	1
0.0896 	1
0.0903 	1
0.091 	1
0.0917 	1
0.0924 	1
0.0931 	1
0.0938 	1
0.0945 	1
0.0952 	1
0.0959 	1
0.0966 	1
0.0973 	1
0.098 	1
0.0987 	1
0.0994 	1
0.1001 	1
0.1008 	1
0.1015 	1
0.1022 	1
0.1029 	1
0.1036 	1
0.1043 	1
0.105 	1
0.1057 	1
0.1064 	1
0.1071 	1
0.1078 	1
0.1085 	1
0.1092 	1
0.1099 	1
0.1106 	1
0.1113 	1
0.112 	1
0.1127 	1
0.1134 	1
0.1141 	1
0.1148 	1
0.1155 	1
0.1162 	1
0.1169 	1
0.1176 	1
0.1183 	1
0.119 	1
0.1197 	1
0.1204 	1
0.1211 	1
0.1218 	1
0.1225 	1
0.1232 	1
0.1239 	1
0.1246 	1
0.1253 	1
0.126 	1
0.1267 	1
0.1274 	1
0.1281 	1
0.1288 	1
0.1295 	1
0.1302 	1
0.1309 	1
0.1316 	1
0.1323 	1
0.133 	1
0.1337 	1
0.1344 	1
0.1351 	1
0.1358 	1
0.1365 	1
0.1372 	1
0.1379 	1
0.1386 	1
0.1393 	1
0.14 	1
0.1407 	1
0.1414 	1
0.1421 	1
0.1428 	1
0.1435 	1
0.1442 	1
0.1449 	1
0.1456 	1
0.1463 	1
0.147 	1
0.1477 	1
0.1484 	1
0.1491 	1
0.1498 	1
0.1505 	1
0.1512 	0.999999
0.1519 	0.999998
0.1526 	0.999996
0.1533 	0.999995
0.154 	0.999994
0.1547 	0.999993
0.1554 	0.999993
0.1561 	0.999989
0.1568 	0.999982
0.1575 	0.999975
0.1582 	0.999968
0.1589 	0.999962
0.1596 	0.999955
0.1603 	0.999952
0.161 	0.999948
0.1617 	0.999936
0.1624 	0.999925
0.1631 	0.999913
0.1638 	0.999902
0.1645 	0.999891
0.1652 	0.999878
0.1659 	0.999882
0.1666 	0.99988
0.1673 	0.999879
0.168 	0.999877
0.1687 	0.999876
0.1694 	0.999874
0.1701 	0.999864
0.1708 	0.999863
0.1715 	0.999866
0.1722 	0.999869
0.1729 	0.999872
0.1736 	0.999875
0.1743 	0.999878
0.175 	0.999879
0.1757 	0.999856
0.1764 	0.999849
0.1771 	0.999841
0.1778 	0.999833
0.1785 	0.999825
0.1792 	0.999817
0.1799 	0.999816
0.1806 	0.999785
0.1813 	0.999785
0.182 	0.999785
0.1827 	0.999785
0.1834 	0.999785
0.1841 	0.999785
0.1848 	0.999792
0.1855 	0.999813
0.1862 	0.999827
0.1869 	0.999844
0.1876 	0.999861
0.1883 	0.999876
0.189 	0.999891
0.1897 	0.999907
0.1904 	0.999929
0.1911 	0.999942
0.1918 	0.999955
0.1925 	0.999968
0.1932 	0.999976
0.1939 	0.999983
0.1946 	0.99999
0.1953 	0.999994
0.196 	0.999996
0.1967 	0.999998
0.1974 	0.999999
0.1981 	1
0.1988 	1
0.1995 	1
0.2002 	0.999999
0.2009 	0.999998
0.2016 	0.999997
0.2023 	0.999996
0.203 	0.999996
0.2037 	0.999997
0.2044 	0.999999
0.2051 	1
0.2058 	1
0.2065 	1
0.2072 	1
0.2079 	1
0.2086 	1
0.2093 	1
0.21 	1
0.2107 	1
0.2114 	1
0.2121 	1
0.2128 	1
0.2142 	1
0.2149 	1
0.217 	0.999982
0.2177 	0.999693
0.2184 	0.998726
0.2191 	0.989423
0.2198 	0.971785
0.2205 	0.883852
0.2212 	0.767803
0.2219 	0.546102
0.2226 	0.327013
0.2233 	0.172362
0.224 	0.0632514
0.2247 	0.0361128
0.2254 	0.0223694
0.2261 	0.0186725
0.2268 	0.0169658
0.2282 	0.0137194
0.2289 	0.0114338
0.2296 	0.00840431
0.2303 	0.00583004
0.231 	0.0038627
0.2317 	0.00262499
0.2324 	0.00179252
0.2331 	0.00143683
0.2338 	0.00118797
0.2345 	0.00129192
0.2352 	0.00139987
0.2359 	0.00151784
0.2366 	0.00154073
0.2373 	0.00146851
0.238 	0.0013571
0.2387 	0.00123002
0.2394 	0.00106552
0.2401 	0.000890325
0.2408 	0.000667458
0.2415 	0.000488747
0.2422 	0.000389437
0.2429 	0.000420779
0.2436 	0.00055011
0.2443 	0.000562451
0.245 	0.000542912
0.2457 	0.000373
0.2464 	0.000222189
0.2471 	0.000141248
0.2478 	9.24725e-05
0.2485 	8.65845e-05
0.2492 	0.000101763
0.2499 	0.000128647
0.2506 	0.000143197
0.2513 	0.000153725
0.2527 	0.000120654
0.2534 	9.2499e-05
0.2541 	6.50849e-05
0.2548 	3.83906e-05
0.2555 	2.41387e-05
0.2569 	1.88377e-05
0.2583 	2.26679e-05
0.259 	2.02068e-05
0.2597 	1.40195e-05
0.2625 	4.69889e-06
0.2632 	8.63017e-06
0.2639 	1.28589e-05
0.2646 	1.81653e-05
0.2653 	2.28117e-05
0.2667 	2.87932e-05
0.2674 	3.01522e-05
0.2681 	3.01321e-05
0.2688 	2.99904e-05
0.2702 	3.49025e-05
0.2716 	5.52384e-05
0.2723 	6.67432e-05
0.273 	7.66535e-05
0.2737 	8.59261e-05
0.2744 	8.10859e-05
0.2758 	5.68321e-05
0.2765 	4.15645e-05
0.2779 	1.87618e-05
0.2786 	1.01738e-05
0.2793 	7.44306e-06
0.28 	6.30455e-06
0.2807 	7.61779e-06
0.2814 	9.2056e-06
0.2828 	1.35897e-05
0.2835 	1.43211e-05
0.2849 	1.07903e-05
0.2856 	7.42786e-06
0.2863 	4.01992e-06
0.287 	2.29758e-06
0.2877 	1.22374e-06
0.2884 	1.77117e-06
0.2898 	3.73141e-06
0.2905 	4.90945e-06
0.2912 	6.10914e-06
0.2919 	6.37975e-06
0.2926 	6.32319e-06
0.2933 	4.72805e-06
0.294 	3.15295e-06
0.2947 	1.61423e-06
0.2961 	1.95683e-07
0.2968 	5.27611e-08
0.2975 	2.45012e-09
0.2982 	1.09108e-09
0.2989 	2.09951e-11
0.2996 	8.18345e-12
0.3003 	7.11852e-13
0.301 	3.60262e-13
0.3017 	1.79033e-13
0.3024 	9.24181e-14
0.3038 	1.86221e-14
0.3045 	9.49718e-15
0.3052 	2.57556e-15
0.3059 	1.16213e-15
0.3066 	3.56636e-16
0.3073 	1.59125e-16
0.308 	7.20838e-17
0.3087 	2.92305e-17
0.3094 	1.58698e-17
0.3101 	5.97877e-18
0.3108 	3.2877e-18
0.3115 	1.32657e-18
0.3122 	6.79251e-19
0.3129 	3.06907e-19
0.3136 	1.40796e-19
0.3143 	7.06579e-20
0.315 	2.66835e-20
0.3157 	1.52932e-20
0.3164 	5.74856e-21
0.3171 	2.9677e-21
0.3178 	1.11369e-21
0.3185 	4.95458e-22
0.3192 	1.94194e-22
0.3199 	6.89547e-23
0.3206 	3.09068e-23
0.3213 	8.74534e-24
0.322 	4.17352e-24
0.3227 	7.79611e-25
0.3234 	3.30506e-25
0.3241 	7.93927e-26
0.3248 	2.61972e-26
0.3255 	7.033e-27
0.3262 	1.4813e-27
0.3269 	5.72163e-28
0.3283 	4.26592e-29
0.329 	1.01901e-29
0.3297 	7.1559e-30
0.3304 	5.23064e-30
0.3311 	4.13707e-30
0.3318 	3.31378e-30
0.3325 	2.5651e-30
0.3332 	1.95496e-30
0.3339 	1.37957e-30
0.3346 	9.33508e-31
0.3353 	5.90085e-31
0.336 	3.83516e-31
0.3367 	2.3137e-31
0.3374 	1.09655e-31
0.3381 	6.62116e-32
0.3388 	3.67676e-32
0.3395 	1.99784e-32
0.3402 	7.24032e-33
0.3416 	2.58015e-33
0.3423 	1.09334e-33
0.343 	4.98253e-34
0.3437 	2.59861e-34
0.3444 	1.3271e-34
0.3451 	2.89468e-35
0.3458 	1.35388e-35
0.3465 	3.04866e-36
0.3472 	1.42809e-36
0.3486 	1.32033e-37
0.3493 	3.61658e-38
0.35 	1.83787e-38
0.3514 	5.08504e-39
0.3528 	1.2474e-39
0.3542 	2.68048e-40
0.3549 	1.08015e-40
0.3556 	5.40696e-41
0.3563 	1.98168e-41
0.357 	1.16506e-41
0.3577 	5.20854e-42
0.3584 	3.07702e-42
0.3591 	1.66628e-42
0.3605 	5.88087e-43
0.3612 	3.21244e-43
0.3619 	1.93387e-43
0.3626 	8.72197e-44
0.364 	1.72959e-44
0.3654 	1.00059e-45
0.3661 	1.94706e-46
0.3675 	1.011e-48
0.3689 	2.58572e-49
0.3696 	9.43096e-50
0.3703 	3.60279e-52
0.371 	1.61503e-52
0.3717 	6.22638e-53
0.3731 	7.00773e-54
0.3738 	1.48217e-54
0.3745 	6.97711e-55
0.3752 	1.21329e-55
0.3759 	6.51299e-56
0.3766 	3.05246e-56
0.3773 	1.74921e-56
0.378 	9.77611e-57
0.3787 	4.18672e-57
0.3794 	2.1241e-57
0.3801 	5.45992e-58
0.3822 	1.53635e-59
0.3829 	1.71626e-60
0.3836 	8.42387e-61
0.3843 	3.66648e-61
0.385 	3.05966e-66
0.3857 	2.87997e-66
0.3864 	2.40964e-66
0.3871 	8.75028e-67
0.3878 	-1.94331e-69
0.3885 	-2.05514e-69
0.3892 	-2.04171e-69
0.3899 	-1.95862e-69
0.3906 	-1.84587e-69
0.3913 	-1.72707e-69
0.392 	-1.59375e-69
0.3927 	-1.4601e-69
0.3934 	-1.32565e-69
0.3941 	-1.19546e-69
0.3948 	-1.06954e-69
0.3955 	-9.53726e-70
0.3962 	-8.41952e-70
0.3976 	-6.52615e-70
0.399 	-5.00452e-70
0.3997 	-4.36688e-70
0.4004 	-3.80261e-70
0.4011 	-3.29337e-70
0.4018 	-2.86749e-70
0.4032 	-2.14718e-70
0.4039 	-1.84482e-70
0.4046 	-1.59668e-70
0.4053 	-1.37212e-70
0.406 	-1.179e-70
0.4067 	-1.0139e-70
0.4074 	-8.6437e-71
0.4081 	-7.44263e-71
0.4088 	-6.30983e-71
0.4095 	-5.4267e-71
0.4102 	-4.60341e-71
0.4109 	-3.92976e-71
0.4116 	-3.33728e-71
0.4123 	-2.82593e-71
0.413 	-2.40392e-71
0.4144 	-1.72038e-71
0.4151 	-1.4404e-71
0.4158 	-1.22308e-71
0.4165 	-1.02557e-71
0.4172 	-8.63695e-72
0.4179 	-7.25735e-72
0.4186 	-6.05708e-72
0.4193 	-5.1037e-72
0.42 	-4.21761e-72
0.4207 	-3.56632e-72
0.4214 	-2.95248e-72
0.4221 	-2.47585e-72
0.4228 	-2.05464e-72
0.4235 	-1.70731e-72
0.4242 	-1.42124e-72
0.4249 	-1.1692e-72
0.4256 	-9.77062e-73
0.4263 	-7.98564e-73
0.427 	-6.67473e-73
0.4277 	-5.4699e-73
0.4284 	-4.53026e-73
0.4298 	-3.05412e-73
0.4305 	-2.52162e-73
0.4312 	-2.04448e-73
0.4319 	-1.69652e-73
0.4326 	-1.3727e-73
0.434 	-9.20903e-74
0.4347 	-7.53186e-74
0.4354 	-6.14182e-74
0.4361 	-4.96712e-74
0.4368 	-4.07146e-74
0.4375 	-3.25187e-74
0.4382 	-2.68223e-74
0.4389 	-2.15013e-74
0.4396 	-1.75566e-74
0.4403 	-1.41359e-74
0.441 	-1.1414e-74
0.4424 	-7.36795e-75
0.4431 	-6.00212e-75
0.4438 	-4.74959e-75
0.4445 	-3.87484e-75
0.4452 	-3.08001e-75
0.4459 	-2.48501e-75
0.4466 	-1.98587e-75
0.4473 	-1.58259e-75
0.448 	-1.27283e-75
0.4487 	-1.00047e-75
0.4494 	-8.10812e-76
0.4501 	-6.36126e-76
0.4508 	-5.13163e-76
0.4515 	-4.04762e-76
0.4522 	-3.22564e-76
0.4529 	-2.5605e-76
0.4536 	-2.01298e-76
0.4543 	-1.61009e-76
0.455 	-1.24661e-76
0.4557 	-1.00609e-76
0.4564 	-7.83123e-77
0.4571 	-6.24494e-77
0.4578 	-4.89169e-77
0.4599 	-2.35492e-77
0.4606 	-1.87508e-77
0.4613 	-1.44022e-77
0.462 	-1.1499e-77
0.4627 	-8.88718e-78
0.4634 	-7.00381e-78
0.4641 	-5.45321e-78
0.4648 	-4.2353e-78
0.4655 	-3.32642e-78
0.4669 	-2.01638e-78
0.4676 	-1.53754e-78
0.4683 	-1.21418e-78
0.469 	-9.32568e-79
0.4697 	-7.26065e-79
0.4704 	-5.62416e-79
0.4711 	-4.30907e-79
0.4718 	-3.37122e-79
0.4732 	-2.00776e-79
0.4739 	-1.52113e-79
0.4746 	-1.18773e-79
0.4753 	-9.07308e-80
0.476 	-6.97524e-80
0.4774 	-4.06366e-80
0.4781 	-3.17005e-80
0.4788 	-2.36904e-80
0.4795 	-1.8558e-80
0.4809 	-1.07882e-80
0.4816 	-8.20265e-81
0.483 	-4.78349e-81
0.4837 	-3.55978e-81
0.4844 	-2.77205e-81
0.4851 	-2.05933e-81
0.4858 	-1.59562e-81
0.4865 	-1.19599e-81
0.4872 	-9.11646e-82
0.4879 	-6.90467e-82
0.4886 	-5.16663e-82
0.4893 	-3.96199e-82
0.49 	-2.90277e-82
0.4907 	-2.25879e-82
0.4914 	-1.66913e-82
0.4921 	-1.27859e-82
0.4935 	-7.18139e-83
0.4942 	-5.42336e-83
0.4949 	-4.00021e-83
0.4956 	-3.06331e-83
0.4963 	-2.23193e-83
0.497 	-1.71846e-83
0.4977 	-1.26394e-83
0.4984 	-9.5683e-84
0.4991 	-7.11708e-84
0.4998 	-5.28558e-84
0.5005 	-3.98384e-84
0.5012 	-2.89401e-84
0.5019 	-2.21539e-84
0.5026 	-1.60608e-84
0.504 	-8.9621e-85
0.5047 	-6.7019e-85
0.5061 	-3.64154e-85
0.5068 	-2.74175e-85
0.5075 	-1.95954e-85
0.5082 	-1.50126e-85
0.5089 	-1.08383e-85
0.5096 	-8.16096e-86
0.5103 	-5.96214e-86
0.511 	-4.40128e-86
0.5117 	-3.26009e-86
0.5124 	-2.35198e-86
0.5131 	-1.77073e-86
0.5145 	-9.55145e-87
0.5152 	-6.87249e-87
0.5159 	-5.11355e-87
0.5166 	-3.72743e-87
0.5173 	-2.71403e-87
0.518 	-2.00865e-87
0.5187 	-1.42649e-87
0.5194 	-1.07527e-87
0.5201 	-7.62195e-88
0.5208 	-5.71536e-88
0.5215 	-4.10117e-88
0.5222 	-3.01314e-88
0.5229 	-2.19307e-88
0.5236 	-1.57397e-88
0.5243 	-1.16531e-88
0.525 	-8.14014e-89
0.5257 	-6.1505e-89
0.5264 	-4.34622e-89
0.5271 	-3.22132e-89
0.5278 	-2.30672e-89
0.5292 	-1.21684e-89
0.5299 	-8.60294e-90
0.5306 	-6.37841e-90
0.5313 	-4.4403e-90
0.532 	-3.31918e-90
0.5327 	-2.33941e-90
0.5334 	-1.71303e-90
0.5341 	-1.22537e-90
0.5348 	-8.76374e-91
0.5355 	-6.38001e-91
0.5362 	-4.43877e-91
0.5369 	-3.29911e-91
0.5376 	-2.28975e-91
0.5383 	-1.6927e-91
0.539 	-1.19113e-91
0.5397 	-8.61356e-92
0.5404 	-6.16112e-92
0.5411 	-4.34263e-92
0.5418 	-3.1663e-92
0.5425 	-2.16502e-92
0.5432 	-1.61522e-92
0.5439 	-1.11874e-92
0.5453 	-5.7501e-93
0.546 	-4.10355e-93
0.5467 	-2.93755e-93
0.5474 	-2.03843e-93
0.5481 	-1.49026e-93
0.5488 	-1.01658e-93
0.5502 	-5.19326e-94
0.5509 	-3.7501e-94
0.5516 	-2.63764e-94
0.5523 	-1.85577e-94
0.553 	-1.33064e-94
0.5537 	-9.08196e-95
0.5544 	-6.66645e-95
0.5551 	-4.54011e-95
0.5579 	-1.14989e-95
0.5586 	-7.96947e-96
0.5593 	-5.73069e-96
0.56 	-3.84374e-96
0.5607 	-2.8362e-96
0.5614 	-1.92946e-96
0.5621 	-1.39215e-96
0.5628 	-9.62629e-97
0.5635 	-6.76833e-97
0.5649 	-3.25663e-97
0.5656 	-2.35126e-97
0.5663 	-1.57476e-97
0.567 	-1.14943e-97
0.5677 	-7.81472e-98
0.5684 	-5.5692e-98
0.5691 	-3.85523e-98
0.5705 	-1.89042e-98
0.5712 	-1.26833e-98
0.5719 	-9.20384e-99
0.5726 	-6.1572e-99
0.5733 	-4.44388e-99
0.574 	-3.02259e-99
0.5747 	-2.12675e-99
0.5754 	-1.47545e-99
0.5761 	-1.00755e-99
0.5768 	-7.15478e-100
0.5775 	-4.71335e-100
0.5782 	-3.44261e-100
0.5789 	-2.30282e-100
0.5796 	-1.64297e-100
0.581 	-7.7691e-101
0.5817 	-5.40621e-101
0.5824 	-3.63209e-101
0.5831 	-2.59241e-101
0.5838 	-1.70688e-101
0.5845 	-1.23371e-101
0.5852 	-8.2605e-102
0.5859 	-5.82184e-102
0.5866 	-3.97474e-102
0.5873 	-2.719e-102
0.588 	-1.89945e-102
0.5887 	-1.25437e-102
0.5894 	-9.01306e-103
0.5901 	-5.93718e-103
0.5908 	-4.24394e-103
0.5915 	-2.84605e-103
0.5922 	-1.97961e-103
0.5936 	-9.13186e-104
0.595 	-4.16053e-104
0.5957 	-3.01358e-104
0.5964 	-1.98742e-104
0.5971 	-1.404e-104
0.5978 	-9.43707e-105
0.5985 	-6.47588e-105
0.5999 	-2.95423e-105
0.6006 	-2.08908e-105
0.6013 	-1.35656e-105
0.602 	-9.72348e-106
0.6034 	-4.48481e-106
0.6048 	-2.04825e-106
0.6055 	-1.41706e-106
0.6062 	-9.2449e-107
0.6069 	-6.59012e-107
0.6076 	-4.28607e-107
0.6083 	-3.03957e-107
0.609 	-2.01496e-107
0.6097 	-1.38961e-107
0.6104 	-9.42377e-108
0.6111 	-6.28739e-108
0.6118 	-4.3799e-108
0.6125 	-2.8074e-108
0.6132 	-2.02043e-108
0.6139 	-1.31788e-108
0.6146 	-9.24664e-109
0.6153 	-6.15781e-109
0.616 	-4.19335e-109
0.6167 	-2.86104e-109
0.6174 	-1.8798e-109
0.6181 	-1.32023e-109
0.6188 	-8.48503e-110
0.6195 	-6.04876e-110
0.6202 	-3.96197e-110
0.6209 	-2.74889e-110
0.6216 	-1.84043e-110
0.6223 	-1.23647e-110
0.623 	-8.49489e-111
0.6237 	-5.49295e-111
0.6244 	-3.89511e-111
0.6251 	-2.51235e-111
0.6258 	-1.77281e-111
0.6265 	-1.16634e-111
0.6272 	-7.99328e-112
0.6279 	-5.38139e-112
0.6286 	-3.56318e-112
0.6293 	-2.46702e-112
0.63 	-1.56769e-112
0.6307 	-1.12293e-112
0.6314 	-7.26381e-113
0.6321 	-5.06521e-113
0.6335 	-2.25956e-113
0.6349 	-9.95236e-114
0.6356 	-6.93916e-114
0.6363 	-4.40903e-114
0.637 	-3.11928e-114
0.6377 	-2.01758e-114
0.6384 	-1.38599e-114
0.6391 	-9.16071e-115
0.6405 	-4.12407e-115
0.6412 	-2.62223e-115
0.6419 	-1.83736e-115
0.6426 	-1.16138e-115
0.6433 	-8.08255e-116
0.644 	-5.20504e-116
0.6447 	-3.50396e-116
0.6454 	-2.30853e-116
0.6461 	-1.49234e-116
0.6468 	-1.01126e-116
0.6475 	-6.21537e-117
0.6482 	-4.36662e-117
0.6489 	-2.72737e-117
0.6496 	-1.856e-117
0.6503 	-1.18302e-117
0.651 	-7.74563e-118
0.6517 	-5.06351e-118
0.6524 	-3.16028e-118
0.6538 	-1.28769e-118
0.6545 	-8.83765e-119
0.6552 	-5.42698e-119
0.6559 	-3.58782e-119
0.6566 	-2.25311e-119
0.6573 	-1.42273e-119
0.658 	-9.20148e-120
0.6587 	-5.48688e-120
0.6594 	-3.69267e-120
0.6601 	-2.17791e-120
0.6608 	-1.45427e-120
0.6615 	-8.76488e-121
0.6629 	-3.48156e-121
0.6636 	-2.11866e-121
0.6643 	-1.3668e-121
0.665 	-7.81527e-122
0.6657 	-5.31291e-122
0.6664 	-3.11802e-122
0.6671 	-2.0502e-122
0.6678 	-1.24452e-122
0.6685 	-7.88348e-123
0.6692 	-4.99505e-123
0.6699 	-3.03602e-123
0.6706 	-2.02763e-123
0.6713 	-1.21165e-123
0.672 	-8.37035e-124
0.6727 	-5.21292e-124
0.6734 	-3.52717e-124
0.6741 	-2.29568e-124
0.6748 	-1.51837e-124
0.6755 	-1.03366e-124
0.6762 	-6.65982e-125
0.6769 	-4.74275e-125
0.6783 	-2.20756e-125
0.679 	-1.48203e-125
0.6804 	-7.18122e-126
0.6811 	-4.91513e-126
0.6818 	-3.51147e-126
0.6825 	-2.34292e-126
0.6832 	-1.73446e-126
0.6839 	-1.18772e-126
0.686 	-4.38989e-127
0.6874 	-2.23839e-127
0.6888 	-1.14993e-127
0.6895 	-8.53165e-128
0.6902 	-5.92769e-128
0.6909 	-4.23296e-128
0.6916 	-2.9076e-128
0.6923 	-1.95144e-128
0.693 	-1.30666e-128
0.6937 	-7.86427e-129
0.6944 	-5.00977e-129
0.6951 	-2.54572e-129
0.6958 	-1.34897e-129
0.6965 	-4.61332e-130
0.6972 	-1.40336e-130
0.6979 	-1.33142e-132
0.6986 	-4.20912e-133
0.6993 	-1.30786e-133
0.7 	-2.53398e-139
