0 	1
0.0007 	1
0.0014 	1
0.0021 	1
0.0028 	1
0.0035 	1
0.0042 	1
0.0049 	1
0.0056 	1
0.0063 	1
0.007 	1
0.0077 	1
0.0084 	1
0.0091 	1
0.0098 	1
0.0105 	1
0.0112 	1
0.0119 	1
0.0126 	1
0.0133 	1
0.014 	1
0.0147 	1
0.0154 	1
0.0161 	1
0.0168 	1
0.0175 	1
0.0182 	1
0.0189 	1
0.0196 	1
0.0203 	1
0.021 	1
0.0217 	1
0.0224 	1
0.0231 	1
0.0238 	1
0.0245 	1
0.0252 	1
0.0259 	1
0.0266 	1
0.0273 	1
0.028 	1
0.0287 	1
0.0294 	1
0.0301 	1
0.0308 	1
0.0315 	1
0.0322 	1
0.0329 	1
0.0336 	1
0.0343 	1
0.035 	1
0.0357 	1
0.0364 	1
0.0371 	1
0.0378 	1
0.0385 	1
0.0392 	1
0.0399 	1
0.0406 	1
0.0413 	1
0.042 	1
0.0427 	1
0.0434 	1
0.0441 	1
0.0448 	1
0.0455 	1
0.0462 	1
0.0469 	1
0.0476 	1
0.0483 	1
0.049 	1
0.0497 	1
0.0504 	1
0.0511 	1
0.0518 	1
0.0525 	1
0.0532 	1
0.0539 	1
0.0546 	1
0.0553 	1
0.056 	1
0.0567 	1
0.0574 	1
0.0581 	1
0.0588 	1
0.0595 	1
0.0602 	1
0.0609 	1
0.0616 	1
0.0623 	1
0.063 	1
0.0637 	1
0.0644 	1
0.0651 	1
0.0658 	1
0.0665 	1
0.0672 	1
0.0679 	1
0.0686 	1
0.0693 	1
0.07 	1
0.0707 	1
0.0714 	1
0.0721 	1
0.0728 	1
0.0735 	1
0.0742 	1
0.0749 	1
0.0756 	1
0.0763 	1
0.077 	1
0.0777 	1
0.0784 	1
0.0791 	1
0.0798 	1
0.0805 	1
0.0812 	1
0.0819 	1
0.0826 	1
0.0833 	1
0.084 	1
0.0847 	1
0.0854 	1
0.0861 	1
0.0868 	1
0.0875 	1
0.0882 	1
0.0889 	1
0.0896 	1
0.0903 	1
0.091 	1
0.0917 	1
0.0924 	1
0.0931 	1
0.0938 	1
0.0945 	1
0.0952 	1
0.0959 	1
0.0966 	1
0.0973 	1
0.098 	1
0.0987 	1
0.0994 	1
0.1001 	1
0.1008 	1
0.1015 	1
0.1022 	1
0.1029 	1
0.1036 	1
0.1043 	1
0.105 	1
0.1057 	1
0.1064 	1
0.1071 	1
0.1078 	1
0.1085 	1
0.1092 	1
0.1099 	1
0.1106 	1
0.1113 	1
0.112 	1
0.1127 	1
0.1134 	1
0.1141 	1
0.1148 	1
0.1155 	1
0.1162 	1
0.1169 	1
0.1176 	1
0.1183 	1
0.119 	1
0.1197 	1
0.1204 	1
0.1211 	1
0.1218 	1
0.1225 	1
0.1232 	1
0.1239 	1
0.1246 	1
0.1253 	1
0.126 	1
0.1267 	1
0.1274 	1
0.1281 	1
0.1288 	1
0.1295 	1
0.1302 	1
0.1309 	1
0.1316 	1
0.1323 	1
0.133 	1
0.1337 	1
0.1344 	1
0.1351 	1
0.1358 	1
0.1365 	1
0.1372 	1
0.1379 	1
0.1386 	1
0.1393 	1
0.14 	1
0.1407 	1
0.1414 	1
0.1421 	1
0.1428 	1
0.1435 	1
0.1442 	1
0.1449 	1
0.1456 	1
0.1463 	1
0.147 	1
0.1477 	1
0.1484 	1
0.1491 	1
0.1498 	1
0.1505 	1
0.1512 	1
0.1519 	1
0.1526 	1
0.1533 	1
0.154 	1
0.1547 	1
0.1554 	1
0.1561 	1
0.1568 	1
0.1575 	1
0.1582 	1
0.1589 	1
0.1596 	1
0.1603 	1
0.161 	1
0.1617 	1
0.1624 	1
0.1631 	1
0.1638 	1
0.1645 	1
0.1652 	1
0.1659 	1
0.1666 	1
0.1673 	1
0.168 	1
0.1687 	1
0.1694 	1
0.1701 	1
0.1708 	1
0.1715 	1
0.1722 	1
0.1729 	1
0.1736 	1
0.1743 	1
0.175 	1
0.1757 	1
0.1764 	1
0.1771 	1
0.1778 	1
0.1785 	1
0.1792 	1
0.1799 	1
0.1806 	1
0.1813 	1
0.182 	1
0.1827 	1
0.1834 	1
0.1841 	1
0.1848 	1
0.1855 	1
0.1862 	1
0.1869 	1
0.1876 	1
0.1883 	1
0.189 	1
0.1897 	1
0.1904 	1
0.1911 	1
0.1918 	1
0.1925 	1
0.1932 	1
0.1939 	1
0.1946 	1
0.1953 	1
0.196 	1
0.1967 	1
0.1974 	1
0.1981 	1
0.1988 	1
0.1995 	1
0.2002 	1
0.2009 	1
0.2016 	1
0.2023 	1
0.203 	1
0.2037 	1
0.2044 	1
0.2051 	1
0.2058 	1
0.2065 	1
0.2072 	1
0.2079 	1
0.2086 	1
0.2093 	1
0.21 	1
0.2107 	1
0.2114 	1
0.2121 	1
0.2128 	1
0.2135 	1
0.2142 	1
0.2149 	1
0.2156 	1
0.2163 	1
0.217 	1
0.2177 	1
0.2184 	1
0.2191 	1
0.2198 	1
0.2205 	1
0.2212 	1
0.2219 	1
0.2226 	1
0.2233 	1
0.224 	1
0.2247 	1
0.2254 	1
0.2261 	1
0.2268 	1
0.2275 	1
0.2282 	1
0.2289 	1
0.2296 	1
0.2303 	1
0.231 	1
0.2317 	1
0.2324 	1
0.2331 	1
0.2338 	1
0.2345 	1
0.2352 	1
0.2359 	0.999999
0.2366 	0.999999
0.2373 	0.999998
0.238 	0.999998
0.2387 	0.999998
0.2394 	0.999997
0.2401 	0.999995
0.2408 	0.999985
0.2415 	0.999976
0.2422 	0.999966
0.2429 	0.999956
0.2436 	0.999946
0.2443 	0.999936
0.245 	0.999926
0.2457 	0.99954
0.2464 	0.999153
0.2471 	0.998766
0.2478 	0.998379
0.2485 	0.997992
0.2492 	0.997605
0.2499 	0.997218
0.2506 	0.989169
0.2513 	0.979837
0.252 	0.970503
0.2527 	0.961169
0.2534 	0.951835
0.2541 	0.942501
0.2548 	0.933167
0.2555 	0.895677
0.2562 	0.846905
0.2569 	0.79813
0.2576 	0.749354
0.2583 	0.700579
0.259 	0.651804
0.2597 	0.603028
0.2604 	0.548204
0.2611 	0.488889
0.2618 	0.429576
0.2625 	0.370263
0.2632 	0.310951
0.2639 	0.251638
0.2646 	0.192325
0.2653 	0.149516
0.266 	0.128715
0.2667 	0.107917
0.2674 	0.0871191
0.2681 	0.0663216
0.2688 	0.0455241
0.2695 	0.0247265
0.2702 	0.00949649
0.2709 	0.00815293
0.2716 	0.00680949
0.2723 	0.00546618
0.273 	0.00412287
0.2737 	0.00277956
0.2744 	0.00143626
0.2751 	0.000279845
0.2758 	0.000240043
0.2765 	0.000200242
0.2772 	0.000160443
0.2779 	0.000120644
0.2786 	8.08446e-05
0.2793 	4.10455e-05
0.28 	1.26869e-06
0.2807 	1.09106e-06
0.2814 	9.13552e-07
0.2821 	7.36031e-07
0.2828 	5.58509e-07
0.2835 	3.80987e-07
0.2842 	2.03466e-07
0.2849 	2.59441e-08
0.2856 	6.02718e-10
0.2863 	5.06861e-10
0.287 	4.10966e-10
0.2877 	3.15071e-10
0.2884 	2.19176e-10
0.2891 	1.23282e-10
0.2898 	2.73868e-11
0.2905 	3.88089e-14
0.2912 	3.27765e-14
0.2919 	2.67392e-14
0.2926 	2.07015e-14
0.2933 	1.46638e-14
0.294 	8.62606e-15
0.2947 	2.58834e-15
0.2954 	3.87077e-18
0.2961 	3.28242e-18
0.2968 	2.69341e-18
0.2975 	2.10422e-18
0.2982 	1.51503e-18
0.2989 	9.25835e-19
0.2996 	3.36643e-19
0.3003 	2.83641e-22
0.301 	2.41467e-22
0.3017 	1.99236e-22
0.3024 	1.56973e-22
0.3031 	1.14709e-22
0.3038 	7.24464e-23
0.3045 	3.01833e-23
0.3052 	1.90184e-26
0.3059 	1.6251e-26
0.3066 	1.34796e-26
0.3073 	1.07043e-26
0.308 	7.92902e-27
0.3087 	5.15374e-27
0.3094 	2.37846e-27
0.3101 	1.233e-30
0.3108 	1.05732e-30
0.3115 	8.81421e-31
0.3122 	7.05132e-31
0.3129 	5.28843e-31
0.3136 	3.52554e-31
0.3143 	1.76264e-31
0.315 	7.73054e-35
0.3157 	6.65093e-35
0.3164 	5.57109e-35
0.3171 	4.48779e-35
0.3178 	3.40449e-35
0.3185 	2.32119e-35
0.3192 	1.23789e-35
0.3199 	1.54589e-36
0.3206 	4.04504e-39
0.3213 	3.40378e-39
0.322 	2.7598e-39
0.3227 	2.11582e-39
0.3234 	1.47184e-39
0.3241 	8.27862e-40
0.3248 	1.83884e-40
0.3255 	2.37116e-43
0.3262 	2.00383e-43
0.3269 	1.6348e-43
0.3276 	1.26563e-43
0.3283 	8.96469e-44
0.329 	5.27306e-44
0.3297 	1.58144e-44
0.3304 	1.33635e-47
0.3311 	1.13386e-47
0.3318 	9.30533e-48
0.3325 	7.2697e-48
0.3332 	5.23407e-48
0.3339 	3.19843e-48
0.3346 	1.1628e-48
0.3353 	7.22099e-52
0.336 	6.15029e-52
0.3367 	5.07573e-52
0.3374 	3.99901e-52
0.3381 	2.92229e-52
0.3388 	1.84557e-52
0.3395 	7.68849e-53
0.3402 	3.73255e-56
0.3409 	3.19068e-56
0.3416 	2.64722e-56
0.3423 	2.10218e-56
0.343 	1.55713e-56
0.3437 	1.01209e-56
0.3444 	4.6705e-57
0.3451 	1.84335e-60
0.3458 	1.58121e-60
0.3465 	1.31851e-60
0.3472 	1.0548e-60
0.3479 	7.91081e-61
0.3486 	5.27365e-61
0.3493 	2.63649e-61
0.35 	8.69827e-65
0.3507 	7.4854e-65
0.3514 	6.27171e-65
0.3521 	5.05215e-65
0.3528 	3.83259e-65
0.3535 	2.61302e-65
0.3542 	1.39346e-65
0.3549 	1.739e-66
0.3556 	3.38856e-69
0.3563 	2.85206e-69
0.357 	2.31246e-69
0.3577 	1.77285e-69
0.3584 	1.23324e-69
0.3591 	6.93632e-70
0.3598 	1.54024e-70
0.3605 	1.46946e-73
0.3612 	1.24207e-73
0.3619 	1.01334e-73
0.3626 	7.84503e-74
0.3633 	5.5567e-74
0.364 	3.26838e-74
0.3647 	9.80051e-75
0.3654 	6.11744e-78
0.3661 	5.19128e-78
0.3668 	4.2605e-78
0.3675 	3.32845e-78
0.3682 	2.39641e-78
0.3689 	1.46436e-78
0.3696 	5.32318e-79
0.3703 	2.45013e-82
0.371 	2.08704e-82
0.3717 	1.72247e-82
0.3724 	1.35708e-82
0.3731 	9.91679e-83
0.3738 	6.26282e-83
0.3745 	2.60885e-83
0.3752 	9.4622e-87
0.3759 	8.089e-87
0.3766 	6.71146e-87
0.3773 	5.3296e-87
0.378 	3.94774e-87
0.3787 	2.56588e-87
0.3794 	1.18402e-87
0.3801 	3.53076e-91
0.3808 	3.02866e-91
0.3815 	2.52547e-91
0.3822 	2.02031e-91
0.3829 	1.51515e-91
0.3836 	1.00999e-91
0.3843 	5.04827e-92
0.385 	-4.41612e-96
0.3857 	-8.16294e-96
0.3864 	-1.15678e-95
0.3871 	-1.37153e-95
0.3878 	-1.58628e-95
0.3885 	-1.80103e-95
0.3892 	-2.01578e-95
0.3899 	-2.23054e-95
0.3906 	-2.08181e-95
0.3913 	-1.8847e-95
0.392 	-1.84609e-95
0.3927 	-1.80747e-95
0.3934 	-1.76886e-95
0.3941 	-1.73024e-95
0.3948 	-1.69162e-95
0.3955 	-1.48494e-95
0.3962 	-1.21079e-95
0.3969 	-1.12925e-95
0.3976 	-1.06253e-95
0.3983 	-9.95805e-96
0.399 	-9.29082e-96
0.3997 	-8.6236e-96
0.4004 	-7.41927e-96
0.4011 	-5.80987e-96
0.4018 	-5.13427e-96
0.4025 	-4.71335e-96
0.4032 	-4.29243e-96
0.4039 	-3.8715e-96
0.4046 	-3.45058e-96
0.4053 	-2.92225e-96
0.406 	-2.24931e-96
0.4067 	-1.89093e-96
0.4074 	-1.70732e-96
0.4081 	-1.52371e-96
0.4088 	-1.3401e-96
0.4095 	-1.15648e-96
0.4102 	-9.61014e-97
0.4109 	-7.35099e-97
0.4116 	-5.90393e-97
0.4123 	-5.26893e-97
0.413 	-4.63394e-97
0.4137 	-3.99895e-97
0.4144 	-3.36396e-97
0.4151 	-2.72862e-97
0.4158 	-2.08623e-97
0.4165 	-1.60728e-97
0.4172 	-1.42253e-97
0.4179 	-1.23777e-97
0.4186 	-1.05302e-97
0.4193 	-8.68265e-98
0.42 	-6.83646e-98
0.4207 	-5.24198e-98
0.4214 	-3.88857e-98
0.4221 	-3.42108e-98
0.4228 	-2.95359e-98
0.4235 	-2.48611e-98
0.4242 	-2.01862e-98
0.4249 	-1.55113e-98
0.4256 	-1.18252e-98
0.4263 	-8.4754e-99
0.427 	-7.42491e-99
0.4277 	-6.37441e-99
0.4284 	-5.32391e-99
0.4291 	-4.27341e-99
0.4298 	-3.22292e-99
0.4305 	-2.42081e-99
0.4312 	-1.71672e-99
0.4319 	-1.46888e-99
0.4326 	-1.25613e-99
0.4333 	-1.04339e-99
0.434 	-8.30644e-100
0.4347 	-6.17899e-100
0.4354 	-4.53608e-100
0.4361 	-3.25331e-100
0.4368 	-2.66997e-100
0.4375 	-2.27738e-100
0.4382 	-1.88479e-100
0.4389 	-1.4922e-100
0.4396 	-1.09961e-100
0.4403 	-7.83449e-101
0.441 	-5.68422e-101
0.4417 	-4.48825e-101
0.4424 	-3.82244e-101
0.4431 	-3.15663e-101
0.4438 	-2.49082e-101
0.4445 	-1.82501e-101
0.4452 	-1.25459e-101
0.4459 	-9.20733e-102
0.4466 	-7.01559e-102
0.4473 	-5.97066e-102
0.448 	-4.92572e-102
0.4487 	-3.88079e-102
0.4494 	-2.83586e-102
0.4501 	-1.87206e-102
0.4508 	-1.38929e-102
0.4515 	-1.02443e-102
0.4522 	-8.71802e-103
0.4529 	-7.19177e-103
0.4536 	-5.66552e-103
0.4543 	-4.13927e-103
0.455 	-2.61399e-103
0.4557 	-1.96096e-103
0.4564 	-1.40303e-103
0.4571 	-1.19456e-103
0.4578 	-9.86091e-104
0.4585 	-7.77622e-104
0.4592 	-5.69153e-104
0.4599 	-3.60684e-104
0.4606 	-2.59883e-104
0.4613 	-1.80865e-104
0.462 	-1.54128e-104
0.4627 	-1.2739e-104
0.4634 	-1.00653e-104
0.4641 	-7.3916e-105
0.4648 	-4.71788e-105
0.4655 	-3.24499e-105
0.4662 	-2.24967e-105
0.4669 	-1.87847e-105
0.4676 	-1.55527e-105
0.4683 	-1.23208e-105
0.469 	-9.08882e-106
0.4697 	-5.85688e-106
0.4704 	-3.82923e-106
0.4711 	-2.7007e-106
0.4718 	-2.16862e-106
0.4725 	-1.79919e-106
0.4732 	-1.42977e-106
0.4739 	-1.06035e-106
0.4746 	-6.90927e-107
0.4753 	-4.28089e-107
0.476 	-3.06749e-107
0.4767 	-2.3768e-107
0.4774 	-1.97649e-107
0.4781 	-1.57619e-107
0.4788 	-1.17589e-107
0.4795 	-7.75585e-108
0.4802 	-4.54499e-108
0.4809 	-3.30476e-108
0.4816 	-2.47852e-108
0.4823 	-2.06629e-108
0.483 	-1.65405e-108
0.4837 	-1.24182e-108
0.4844 	-8.29583e-109
0.4851 	-4.5927e-109
0.4858 	-3.38495e-109
0.4865 	-2.46413e-109
0.4872 	-2.05977e-109
0.4879 	-1.65541e-109
0.4886 	-1.25105e-109
0.4893 	-8.46692e-110
0.49 	-4.4257e-110
0.4907 	-3.30329e-110
0.4914 	-2.33999e-110
0.4921 	-1.96142e-110
0.4928 	-1.58284e-110
0.4935 	-1.20427e-110
0.4942 	-8.25701e-111
0.4949 	-4.47129e-111
0.4956 	-3.07732e-111
0.4963 	-2.12613e-111
0.497 	-1.78721e-111
0.4977 	-1.44829e-111
0.4984 	-1.10936e-111
0.4991 	-7.70442e-112
0.4998 	-4.3152e-112
0.5005 	-2.74168e-112
0.5012 	-1.89132e-112
0.5019 	-1.56069e-112
0.5026 	-1.27004e-112
0.5033 	-9.79387e-113
0.504 	-6.88738e-113
0.5047 	-3.98088e-113
0.5054 	-2.33996e-113
0.5061 	-1.64489e-113
0.5068 	-1.30806e-113
0.5075 	-1.06892e-113
0.5082 	-8.29782e-114
0.5089 	-5.90644e-114
0.5096 	-3.51506e-114
0.5103 	-1.91612e-114
0.511 	-1.37019e-114
0.5117 	-1.05368e-114
0.5124 	-8.64626e-115
0.5131 	-6.75575e-115
0.5138 	-4.86524e-115
0.5145 	-2.97473e-115
0.5152 	-1.50767e-115
0.5159 	-1.09505e-115
0.5166 	-8.16834e-116
0.5173 	-6.73032e-116
0.518 	-5.2923e-116
0.5187 	-3.85429e-116
0.5194 	-2.41627e-116
0.5201 	-1.14166e-116
0.5208 	-8.41115e-117
0.5215 	-6.10264e-117
0.5222 	-5.0486e-117
0.5229 	-3.99457e-117
0.5236 	-2.94053e-117
0.5243 	-1.8865e-117
0.525 	-8.33054e-118
0.5257 	-6.2188e-118
0.5264 	-4.39931e-118
0.5271 	-3.65384e-118
0.5278 	-2.90838e-118
0.5285 	-2.16291e-118
0.5292 	-1.41745e-118
0.5299 	-6.71981e-119
0.5306 	-4.43043e-119
0.5313 	-3.06261e-119
0.532 	-2.55347e-119
0.5327 	-2.04432e-119
0.5334 	-1.53518e-119
0.5341 	-1.02603e-119
0.5348 	-5.16889e-120
0.5355 	-3.0452e-120
0.5362 	-2.10425e-120
0.5369 	-1.72488e-120
0.5376 	-1.3887e-120
0.5383 	-1.05253e-120
0.539 	-7.16362e-121
0.5397 	-3.8019e-121
0.5404 	-2.02174e-121
0.5411 	-1.42417e-121
0.5418 	-1.12735e-121
0.5425 	-9.12551e-122
0.5432 	-6.97754e-122
0.5439 	-4.82957e-122
0.5446 	-2.6816e-122
0.5453 	-1.29793e-122
0.546 	-9.30322e-123
0.5467 	-7.1357e-123
0.5474 	-5.80628e-123
0.5481 	-4.47686e-123
0.5488 	-3.14744e-123
0.5495 	-1.81802e-123
0.5502 	-8.06582e-124
0.5509 	-5.87323e-124
0.5516 	-4.37806e-124
0.5523 	-3.58032e-124
0.553 	-2.78258e-124
0.5537 	-1.98484e-124
0.5544 	-1.1871e-124
0.5551 	-4.8567e-125
0.5558 	-3.58766e-125
0.5565 	-2.60594e-125
0.5572 	-2.14142e-125
0.5579 	-1.6769e-125
0.5586 	-1.21238e-125
0.5593 	-7.47865e-126
0.56 	-2.83598e-126
0.5607 	-2.12284e-126
0.5614 	-1.50606e-126
0.5621 	-1.24336e-126
0.5628 	-9.80668e-127
0.5635 	-7.17973e-127
0.5642 	-4.55277e-127
0.5649 	-1.92581e-127
0.5656 	-1.218e-127
0.5663 	-8.4578e-128
0.567 	-7.01384e-128
0.5677 	-5.56988e-128
0.5684 	-4.12591e-128
0.5691 	-2.68195e-128
0.5698 	-1.23798e-128
0.5705 	-6.78308e-129
0.5712 	-4.71179e-129
0.5719 	-3.84692e-129
0.5726 	-3.07485e-129
0.5733 	-2.30279e-129
0.574 	-1.53072e-129
0.5747 	-7.58655e-130
0.5754 	-3.66984e-130
0.5761 	-2.59831e-130
0.5768 	-2.05296e-130
0.5775 	-1.65112e-130
0.5782 	-1.24928e-130
0.5789 	-8.47434e-131
0.5796 	-4.45591e-131
0.5803 	-1.93054e-131
0.581 	-1.39058e-131
0.5817 	-1.06677e-131
0.5824 	-8.63029e-132
0.5831 	-6.59292e-132
0.5838 	-4.55555e-132
0.5845 	-2.51818e-132
0.5852 	-9.88297e-133
0.5859 	-7.23075e-133
0.5866 	-5.40119e-133
0.5873 	-4.39429e-133
0.588 	-3.38739e-133
0.5887 	-2.3805e-133
0.5894 	-1.3736e-133
0.5901 	-4.92954e-134
0.5908 	-3.65823e-134
0.5915 	-2.66753e-134
0.5922 	-2.18189e-134
0.5929 	-1.69626e-134
0.5936 	-1.21063e-134
0.5943 	-7.24997e-135
0.595 	-2.3962e-135
0.5957 	-1.80162e-135
0.5964 	-1.28532e-135
0.5971 	-1.05671e-135
0.5978 	-8.28097e-136
0.5985 	-5.99487e-136
0.5992 	-3.70876e-136
0.5999 	-1.42265e-136
0.6006 	-8.64424e-137
0.6013 	-6.04595e-137
0.602 	-4.99491e-137
0.6027 	-3.94387e-137
0.6034 	-2.89284e-137
0.6041 	-1.8418e-137
0.6048 	-7.90767e-138
0.6055 	-4.04402e-138
0.6062 	-2.8309e-138
0.6069 	-2.30577e-138
0.6076 	-1.83358e-138
0.6083 	-1.36138e-138
0.609 	-8.89176e-139
0.6097 	-4.16977e-139
0.6104 	-1.84608e-139
0.6111 	-1.31656e-139
0.6118 	-1.04011e-139
0.6125 	-8.32684e-140
0.6132 	-6.25255e-140
0.6139 	-4.17826e-140
0.6146 	-2.10397e-140
0.6153 	-8.22903e-141
0.616 	-5.96799e-141
0.6167 	-4.58741e-141
0.6174 	-3.69598e-141
0.6181 	-2.80454e-141
0.6188 	-1.91311e-141
0.6195 	-1.02168e-141
0.6202 	-3.58428e-142
0.6209 	-2.63932e-142
0.6216 	-1.97934e-142
0.6223 	-1.60435e-142
0.623 	-1.22936e-142
0.6237 	-8.54376e-143
0.6244 	-4.79388e-143
0.6251 	-1.52649e-143
0.6258 	-1.13974e-143
0.6265 	-8.35939e-144
0.6272 	-6.81455e-144
0.6279 	-5.26972e-144
0.6286 	-3.72488e-144
0.6293 	-2.18005e-144
0.63 	-6.36006e-145
0.6307 	-4.80963e-145
0.6314 	-3.45747e-145
0.6321 	-2.83387e-145
0.6328 	-2.21028e-145
0.6335 	-1.58668e-145
0.6342 	-9.63084e-146
0.6349 	-3.39487e-146
0.6356 	-1.98487e-146
0.6363 	-1.40118e-146
0.637 	-1.15441e-146
0.6377 	-9.07637e-147
0.6384 	-6.60865e-147
0.6391 	-4.14093e-147
0.6398 	-1.67321e-147
0.6405 	-8.01617e-148
0.6412 	-5.66614e-148
0.6419 	-4.60891e-148
0.6426 	-3.65113e-148
0.6433 	-2.69335e-148
0.644 	-1.73557e-148
0.6447 	-7.77783e-149
0.6454 	-3.17026e-149
0.6461 	-2.28139e-149
0.6468 	-1.80431e-149
0.6475 	-1.43955e-149
0.6482 	-1.07478e-149
0.6489 	-7.10009e-150
0.6496 	-3.4524e-150
0.6503 	-1.22852e-150
0.651 	-8.98497e-151
0.6517 	-6.92961e-151
0.6524 	-5.56583e-151
0.6531 	-4.20206e-151
0.6538 	-2.83829e-151
0.6545 	-1.47452e-151
0.6552 	-4.66739e-152
0.6559 	-3.4641e-152
0.6566 	-2.61208e-152
0.6573 	-2.11132e-152
0.658 	-1.61056e-152
0.6587 	-1.10981e-152
0.6594 	-6.09051e-153
0.6601 	-1.73941e-153
0.6608 	-1.30839e-153
0.6615 	-9.66789e-154
0.6622 	-7.86135e-154
0.6629 	-6.05482e-154
0.6636 	-4.24828e-154
0.6643 	-2.44175e-154
0.665 	-6.36133e-155
0.6657 	-4.8444e-155
0.6664 	-3.51496e-155
0.6671 	-2.87439e-155
0.6678 	-2.23382e-155
0.6685 	-1.59325e-155
0.6692 	-9.52686e-156
0.6699 	-3.12117e-156
0.6706 	-1.75935e-156
0.6713 	-1.25578e-156
0.672 	-1.03245e-156
0.6727 	-8.0913e-157
0.6734 	-5.85807e-157
0.6741 	-3.62483e-157
0.6748 	-1.3916e-157
0.6755 	-6.27041e-158
0.6762 	-4.4831e-158
0.6769 	-3.64438e-158
0.6776 	-2.87863e-158
0.6783 	-2.11288e-158
0.679 	-1.34714e-158
0.6797 	-5.81386e-159
0.6804 	-2.19416e-159
0.6811 	-1.59576e-159
0.6818 	-1.26457e-159
0.6825 	-1.00626e-159
0.6832 	-7.47952e-160
0.6839 	-4.89641e-160
0.6846 	-2.31331e-160
0.6853 	-7.5412e-161
0.686 	-5.56992e-161
0.6867 	-4.31468e-161
0.6874 	-3.45724e-161
0.6881 	-2.5998e-161
0.6888 	-1.74237e-161
0.6895 	-8.84928e-162
0.6902 	-2.54662e-162
0.6909 	-1.90753e-162
0.6916 	-1.44792e-162
0.6923 	-1.16778e-162
0.693 	-8.87648e-163
0.6937 	-6.07513e-163
0.6944 	-3.27378e-163
0.6951 	-8.44023e-164
0.6958 	-6.33538e-164
0.6965 	-4.66175e-164
0.6972 	-3.76434e-164
0.6979 	-2.86692e-164
0.6986 	-1.9695e-164
0.6993 	-1.07208e-164
0.7 	-1.75111e-165
