0 	1
0.0007 	1
0.0014 	1
0.0021 	1
0.0028 	1
0.0035 	1
0.0042 	1
0.0049 	1
0.0056 	1
0.0063 	1
0.007 	1
0.0077 	1
0.0084 	1
0.0091 	1
0.0098 	1
0.0105 	1
0.0112 	1
0.0119 	1
0.0126 	1
0.0133 	1
0.014 	1
0.0147 	1
0.0154 	1
0.0161 	1
0.0168 	1
0.0175 	1
0.0182 	1
0.0189 	1
0.0196 	1
0.0203 	1
0.021 	1
0.0217 	1
0.0224 	1
0.0231 	1
0.0238 	1
0.0245 	1
0.0252 	1
0.0259 	1
0.0266 	1
0.0273 	1
0.028 	1
0.0287 	1
0.0294 	1
0.0301 	1
0.0308 	1
0.0315 	1
0.0322 	1
0.0329 	1
0.0336 	1
0.0343 	1
0.035 	1
0.0357 	1
0.0364 	1
0.0371 	1
0.0378 	1
0.0385 	1
0.0392 	1
0.0399 	1
0.0406 	1
0.0413 	1
0.042 	1
0.0427 	1
0.0434 	1
0.0441 	1
0.0448 	1
0.0455 	1
0.0462 	1
0.0469 	1
0.0476 	1
0.0483 	1
0.049 	1
0.0497 	1
0.0504 	1
0.0511 	1
0.0518 	1
0.0525 	1
0.0532 	1
0.0539 	1
0.0546 	1
0.0553 	1
0.056 	1
0.0567 	1
0.0574 	1
0.0581 	1
0.0588 	1
0.0595 	1
0.0602 	1
0.0609 	1
0.0616 	1
0.0623 	1
0.063 	1
0.0637 	1
0.0644 	1
0.0651 	1
0.0658 	1
0.0665 	1
0.0672 	1
0.0679 	1
0.0686 	1
0.0693 	1
0.07 	1
0.0707 	1
0.0714 	1
0.0721 	1
0.0728 	1
0.0735 	1
0.0742 	1
0.0749 	1
0.0756 	1
0.0763 	1
0.077 	1
0.0777 	1
0.0784 	1
0.0791 	1
0.0798 	1
0.0805 	1
0.0812 	1
0.0819 	1
0.0826 	1
0.0833 	1
0.084 	1
0.0847 	1
0.0854 	1
0.0861 	1
0.0868 	1
0.0875 	1
0.0882 	1
0.0889 	1
0.0896 	1
0.0903 	1
0.091 	1
0.0917 	1
0.0924 	1
0.0931 	1
0.0938 	1
0.0945 	1
0.0952 	1
0.0959 	1
0.0966 	1
0.0973 	1
0.098 	1
0.0987 	1
0.0994 	1
0.1001 	1
0.1008 	1
0.1015 	1
0.1022 	1
0.1029 	1
0.1036 	1
0.1043 	1
0.105 	1
0.1057 	1
0.1064 	1
0.1071 	1
0.1078 	1
0.1085 	1
0.1092 	1
0.1099 	1
0.1106 	1
0.1113 	1
0.112 	1
0.1127 	1
0.1134 	1
0.1141 	1
0.1148 	1
0.1155 	1
0.1162 	1
0.1169 	1
0.1176 	1
0.1183 	1
0.119 	1
0.1197 	1
0.1204 	1
0.1211 	1
0.1218 	1
0.1225 	1
0.1232 	1
0.1239 	1
0.1246 	1
0.1253 	1
0.126 	1
0.1267 	1
0.1274 	1
0.1281 	1
0.1288 	1
0.1295 	1
0.1302 	1
0.1309 	1
0.1316 	1
0.1323 	1
0.133 	1
0.1337 	1
0.1344 	1
0.1351 	1
0.1358 	1
0.1365 	1
0.1372 	1
0.1379 	1
0.1386 	1
0.1393 	1
0.14 	1
0.1407 	1
0.1414 	1
0.1421 	1
0.1428 	1
0.1435 	1
0.1442 	1
0.1449 	1
0.1456 	1
0.1463 	1
0.147 	1
0.1477 	1
0.1484 	1
0.1491 	1
0.1498 	1
0.1505 	1
0.1512 	1
0.1519 	1
0.1526 	1
0.1533 	1
0.154 	1
0.1547 	1
0.1554 	1
0.1561 	1
0.1568 	1
0.1575 	1
0.1582 	1
0.1589 	1
0.1596 	1
0.1603 	1
0.161 	1
0.1617 	1
0.1624 	1
0.1631 	1
0.1638 	1
0.1645 	1
0.1652 	1
0.1659 	1
0.1666 	1
0.1673 	1
0.168 	1
0.1687 	1
0.1694 	1
0.1701 	1
0.1708 	1
0.1715 	1
0.1722 	1
0.1729 	1
0.1736 	1
0.1743 	1
0.175 	1
0.1757 	1
0.1764 	1
0.1771 	1
0.1778 	1
0.1785 	1
0.1792 	1
0.1799 	1
0.1806 	1
0.1813 	1
0.182 	1
0.1827 	1
0.1834 	1
0.1841 	1
0.1848 	1
0.1855 	1
0.1862 	1
0.1869 	1
0.1876 	1
0.1883 	1
0.189 	1
0.1897 	1
0.1904 	1
0.1911 	1
0.1918 	1
0.1925 	1
0.1932 	1
0.1939 	1
0.1946 	1
0.1953 	1
0.196 	1
0.1967 	1
0.1974 	1
0.1981 	1
0.1988 	1
0.1995 	1
0.2002 	1
0.2009 	1
0.2016 	1
0.2023 	1
0.203 	1
0.2037 	1
0.2044 	1
0.2051 	1
0.2058 	1
0.2065 	1
0.2072 	1
0.2079 	1
0.2086 	1
0.2093 	1
0.21 	1
0.2107 	1
0.2114 	1
0.2121 	1
0.2128 	1
0.2135 	1
0.2142 	1
0.2149 	1
0.2156 	1
0.2163 	1
0.217 	1
0.2177 	1
0.2184 	1
0.2191 	1
0.2198 	1
0.2205 	1
0.2212 	1
0.2219 	1
0.2226 	1
0.2233 	1
0.224 	1
0.2247 	1
0.2254 	1
0.2261 	1
0.2268 	1
0.2275 	1
0.2282 	1
0.2289 	1
0.2296 	1
0.2303 	1
0.231 	1
0.2317 	1
0.2324 	1
0.2331 	1
0.2338 	1
0.2345 	1
0.2352 	0.999999
0.2359 	0.999997
0.2366 	0.999996
0.2373 	0.999994
0.238 	0.999992
0.2387 	0.99999
0.2394 	0.999988
0.2401 	0.99998
0.2408 	0.999938
0.2415 	0.999895
0.2422 	0.999852
0.2429 	0.999809
0.2436 	0.999766
0.2443 	0.999723
0.245 	0.999681
0.2457 	0.998774
0.2464 	0.997866
0.2471 	0.996959
0.2478 	0.996052
0.2485 	0.995144
0.2492 	0.994237
0.2499 	0.993329
0.2506 	0.977094
0.2513 	0.958302
0.252 	0.939506
0.2527 	0.920711
0.2534 	0.901915
0.2541 	0.88312
0.2548 	0.864324
0.2555 	0.817367
0.2562 	0.759145
0.2569 	0.700922
0.2576 	0.642699
0.2583 	0.584475
0.259 	0.526252
0.2597 	0.468029
0.2604 	0.414118
0.2611 	0.363455
0.2618 	0.312794
0.2625 	0.262133
0.2632 	0.211473
0.2639 	0.160813
0.2646 	0.110152
0.2653 	0.0765504
0.266 	0.0656852
0.2667 	0.054821
0.2674 	0.0439574
0.2681 	0.0330938
0.2688 	0.0222302
0.2695 	0.0113666
0.2702 	0.00346507
0.2709 	0.00296367
0.2716 	0.00246231
0.2723 	0.00196101
0.273 	0.00145971
0.2737 	0.000958411
0.2744 	0.000457109
0.2751 	2.69467e-05
0.2758 	2.31003e-05
0.2765 	1.92541e-05
0.2772 	1.54083e-05
0.2779 	1.15624e-05
0.2786 	7.71664e-06
0.2793 	3.87083e-06
0.28 	2.55982e-08
0.2807 	2.20144e-08
0.2814 	1.84308e-08
0.2821 	1.48474e-08
0.2828 	1.1264e-08
0.2835 	7.68051e-09
0.2842 	4.09706e-09
0.2849 	5.1362e-10
0.2856 	1.97862e-12
0.2863 	1.6639e-12
0.287 	1.34912e-12
0.2877 	1.03434e-12
0.2884 	7.19561e-13
0.2891 	4.04781e-13
0.2898 	9.00009e-14
0.2905 	1.01354e-16
0.2912 	8.55928e-17
0.2919 	6.98268e-17
0.2926 	5.40603e-17
0.2933 	3.82938e-17
0.294 	2.25273e-17
0.2947 	6.76087e-18
0.2954 	5.78941e-21
0.2961 	4.90882e-21
0.2968 	4.02787e-21
0.2975 	3.14682e-21
0.2982 	2.26577e-21
0.2989 	1.38472e-21
0.2996 	5.03668e-22
0.3003 	3.3018e-25
0.301 	2.81035e-25
0.3017 	2.31866e-25
0.3024 	1.82685e-25
0.3031 	1.33504e-25
0.3038 	8.43221e-26
0.3045 	3.51407e-26
0.3052 	1.82229e-29
0.3059 	1.55676e-29
0.3066 	1.29109e-29
0.3073 	1.02529e-29
0.308 	7.59486e-30
0.3087 	4.93685e-30
0.3094 	2.27884e-30
0.3101 	9.56874e-34
0.3108 	8.20315e-34
0.3115 	6.83694e-34
0.3122 	5.4696e-34
0.3129 	4.10226e-34
0.3136 	2.73492e-34
0.3143 	1.36759e-34
0.315 	4.75797e-38
0.3157 	4.09262e-38
0.3164 	3.42709e-38
0.3171 	2.76073e-38
0.3178 	2.09437e-38
0.3185 	1.42802e-38
0.3192 	7.61659e-39
0.3199 	9.53024e-40
0.3206 	1.93707e-42
0.3213 	1.62936e-42
0.322 	1.32111e-42
0.3227 	1.01286e-42
0.3234 	7.04612e-43
0.3241 	3.96364e-43
0.3248 	8.81158e-44
0.3255 	8.73722e-47
0.3262 	7.38054e-47
0.3269 	6.02117e-47
0.3276 	4.66159e-47
0.3283 	3.30201e-47
0.329 	1.94243e-47
0.3297 	5.82854e-48
0.3304 	3.77303e-51
0.3311 	3.20001e-51
0.3318 	2.62591e-51
0.3325 	2.0515e-51
0.3332 	1.4771e-51
0.3339 	9.02699e-52
0.3346 	3.28297e-52
0.3353 	1.56537e-55
0.336 	1.33273e-55
0.3367 	1.09969e-55
0.3374 	8.66426e-56
0.3381 	6.33164e-56
0.3388 	3.99902e-56
0.3395 	1.6664e-56
0.3402 	6.25172e-60
0.3409 	5.34207e-60
0.3416 	4.43111e-60
0.3423 	3.51884e-60
0.343 	2.60657e-60
0.3437 	1.6943e-60
0.3444 	7.8203e-61
0.3451 	2.40473e-64
0.3458 	2.06201e-64
0.3465 	1.71891e-64
0.3472 	1.37513e-64
0.3479 	1.03136e-64
0.3486 	6.8758e-65
0.3493 	3.43804e-65
0.35 	8.9053e-69
0.3507 	7.66155e-69
0.3514 	6.417e-69
0.3521 	5.16927e-69
0.3528 	3.92153e-69
0.3535 	2.6738e-69
0.3542 	1.42607e-69
0.3549 	1.78334e-70
0.3556 	2.73813e-73
0.3563 	2.30369e-73
0.357 	1.86786e-73
0.3577 	1.43203e-73
0.3584 	9.96204e-74
0.3591 	5.60376e-74
0.3598 	1.24548e-74
0.3605 	9.40582e-78
0.3612 	7.94706e-78
0.3619 	6.48344e-78
0.3626 	5.01946e-78
0.3633 	3.55547e-78
0.364 	2.09148e-78
0.3647 	6.27492e-79
0.3654 	3.10434e-82
0.3661 	2.63337e-82
0.3668 	2.16103e-82
0.3675 	1.68831e-82
0.3682 	1.21559e-82
0.3689 	7.42865e-83
0.3696 	2.70144e-83
0.3703 	9.84393e-87
0.371 	8.38232e-87
0.3717 	6.91709e-87
0.3724 	5.44983e-87
0.3731 	3.98258e-87
0.3738 	2.51533e-87
0.3745 	1.04808e-87
0.3752 	3.00016e-91
0.3759 	2.564e-91
0.3766 	2.12697e-91
0.3773 	1.68906e-91
0.378 	1.25116e-91
0.3787 	8.13256e-92
0.3794 	3.75353e-92
0.3801 	8.79345e-96
0.3808 	7.54121e-96
0.3815 	6.28711e-96
0.3822 	5.02969e-96
0.3829 	3.77227e-96
0.3836 	2.51485e-96
0.3843 	1.25743e-96
0.385 	2.48056e-100
0.3857 	2.13437e-100
0.3864 	1.78789e-100
0.3871 	1.44024e-100
0.3878 	1.0926e-100
0.3885 	7.44954e-101
0.3892 	3.97308e-101
0.3899 	4.96632e-102
0.3906 	5.81792e-105
0.3913 	4.89551e-105
0.392 	3.96933e-105
0.3927 	3.04315e-105
0.3934 	2.11697e-105
0.3941 	1.19079e-105
0.3948 	2.64614e-106
0.3955 	1.52858e-109
0.3962 	1.2917e-109
0.3969 	1.05381e-109
0.3976 	8.15855e-110
0.3983 	5.77896e-110
0.399 	3.39937e-110
0.3997 	1.01978e-110
0.4004 	3.87401e-114
0.4011 	3.28672e-114
0.4018 	2.69728e-114
0.4025 	2.10725e-114
0.4032 	1.51721e-114
0.4039 	9.2718e-115
0.4046 	3.37147e-115
0.4053 	9.47715e-119
0.406 	8.07107e-119
0.4067 	6.66062e-119
0.4074 	5.24775e-119
0.4081 	3.83488e-119
0.4088 	2.42202e-119
0.4095 	1.00915e-119
0.4102 	2.23921e-123
0.4109 	1.91392e-123
0.4116 	1.58782e-123
0.4123 	1.26092e-123
0.413 	9.34009e-124
0.4137 	6.07101e-124
0.4144 	2.80194e-124
0.4151 	5.11252e-128
0.4158 	4.38501e-128
0.4165 	3.65617e-128
0.4172 	2.92493e-128
0.4179 	2.19369e-128
0.4186 	1.46245e-128
0.4193 	7.31207e-129
0.42 	1.12849e-132
0.4207 	9.71116e-133
0.4214 	8.13574e-133
0.4221 	6.55377e-133
0.4228 	4.97181e-133
0.4235 	3.38984e-133
0.4242 	1.80788e-133
0.4249 	2.25913e-134
0.4256 	2.07974e-137
0.4263 	1.75027e-137
0.427 	1.41913e-137
0.4277 	1.088e-137
0.4284 	7.56862e-138
0.4291 	4.25726e-138
0.4298 	9.45901e-139
0.4305 	4.20836e-142
0.4312 	3.53554e-142
0.4319 	2.86741e-142
0.4326 	2.19964e-142
0.4333 	1.53187e-142
0.434 	8.64107e-143
0.4347 	1.96341e-143
0.4354 	-8.56779e-144
0.4361 	-7.86211e-144
0.4368 	-7.88527e-144
0.4375 	-8.10721e-144
0.4382 	-8.32914e-144
0.4389 	-8.55108e-144
0.4396 	-8.77301e-144
0.4403 	-8.12749e-144
0.441 	-6.3246e-144
0.4417 	-5.41278e-144
0.4424 	-4.996e-144
0.4431 	-4.57923e-144
0.4438 	-4.16245e-144
0.4445 	-3.74567e-144
0.4452 	-3.22593e-144
0.4459 	-2.44793e-144
0.4466 	-1.95616e-144
0.4473 	-1.75061e-144
0.448 	-1.54506e-144
0.4487 	-1.33951e-144
0.4494 	-1.13396e-144
0.4501 	-9.25405e-145
0.4508 	-6.98182e-145
0.4515 	-5.29636e-145
0.4522 	-4.66705e-145
0.4529 	-4.03775e-145
0.4536 	-3.40845e-145
0.4543 	-2.77915e-145
0.455 	-2.15001e-145
0.4557 	-1.62538e-145
0.4564 	-1.18101e-145
0.4571 	-1.03122e-145
0.4578 	-8.81422e-146
0.4585 	-7.31629e-146
0.4592 	-5.81835e-146
0.4599 	-4.32042e-146
0.4606 	-3.23228e-146
0.4613 	-2.26342e-146
0.462 	-1.96534e-146
0.4627 	-1.66726e-146
0.4634 	-1.36918e-146
0.4641 	-1.0711e-146
0.4648 	-7.73017e-147
0.4655 	-5.6434e-147
0.4662 	-3.91287e-147
0.4669 	-3.31111e-147
0.4676 	-2.79617e-147
0.4683 	-2.28124e-147
0.469 	-1.7663e-147
0.4697 	-1.25137e-147
0.4704 	-8.81351e-148
0.4711 	-6.19739e-148
0.4718 	-5.01557e-148
0.4725 	-4.22494e-148
0.4732 	-3.4343e-148
0.4739 	-2.64366e-148
0.4746 	-1.85302e-148
0.4753 	-1.24803e-148
0.476 	-8.90022e-149
0.4767 	-6.91665e-149
0.4774 	-5.82004e-149
0.4781 	-4.72344e-149
0.4788 	-3.62684e-149
0.4795 	-2.53023e-149
0.4802 	-1.61911e-149
0.4809 	-1.17054e-149
0.4816 	-8.76731e-150
0.4823 	-7.37693e-150
0.483 	-5.98655e-150
0.4837 	-4.59617e-150
0.4844 	-3.20579e-150
0.4851 	-1.94028e-150
0.4858 	-1.42114e-150
0.4865 	-1.02932e-150
0.4872 	-8.66692e-151
0.4879 	-7.04061e-151
0.4886 	-5.41431e-151
0.4893 	-3.78801e-151
0.49 	-2.1621e-151
0.4907 	-1.60331e-151
0.4914 	-1.12632e-151
0.4921 	-9.49553e-152
0.4928 	-7.72781e-152
0.4935 	-5.96009e-152
0.4942 	-4.19238e-152
0.4949 	-2.42466e-152
0.4956 	-1.69018e-152
0.4963 	-1.15469e-152
0.497 	-9.75076e-153
0.4977 	-7.95459e-153
0.4984 	-6.15842e-153
0.4991 	-4.36224e-153
0.4998 	-2.56607e-153
0.5005 	-1.67273e-153
0.5012 	-1.13981e-153
0.5019 	-9.42532e-154
0.5026 	-7.71074e-154
0.5033 	-5.99616e-154
0.504 	-4.28157e-154
0.5047 	-2.56699e-154
0.5054 	-1.56048e-154
0.5061 	-1.0842e-154
0.5068 	-8.60816e-155
0.5075 	-7.06408e-155
0.5082 	-5.52e-155
0.5089 	-3.97592e-155
0.5096 	-2.43184e-155
0.5103 	-1.37712e-155
0.511 	-9.73888e-156
0.5117 	-7.45237e-156
0.5124 	-6.13578e-156
0.5131 	-4.81918e-156
0.5138 	-3.50259e-156
0.5145 	-2.18599e-156
0.5152 	-1.15324e-156
0.5159 	-8.28847e-157
0.5166 	-6.13335e-157
0.5173 	-5.06706e-157
0.518 	-4.00076e-157
0.5187 	-2.93447e-157
0.5194 	-1.86818e-157
0.5201 	-9.18977e-158
0.5208 	-6.70322e-158
0.5215 	-4.81096e-158
0.5222 	-3.98844e-158
0.5229 	-3.16591e-158
0.5236 	-2.34339e-158
0.5243 	-1.52086e-158
0.525 	-6.98531e-159
0.5257 	-5.16511e-159
0.5264 	-3.60493e-159
0.5271 	-2.99911e-159
0.5278 	-2.39329e-159
0.5285 	-1.78747e-159
0.5292 	-1.18165e-159
0.5299 	-5.75827e-160
0.5306 	-3.80093e-160
0.5313 	-2.58579e-160
0.532 	-2.1588e-160
0.5327 	-1.73181e-160
0.5334 	-1.30481e-160
0.5341 	-8.77822e-161
0.5348 	-4.5083e-161
0.5355 	-2.67698e-161
0.5362 	-1.8195e-161
0.5369 	-1.4903e-161
0.5376 	-1.20173e-161
0.5383 	-9.13168e-162
0.539 	-6.24601e-162
0.5397 	-3.36034e-162
0.5404 	-1.80797e-162
0.5411 	-1.25422e-162
0.5418 	-9.88372e-163
0.5425 	-8.0104e-163
0.5432 	-6.13709e-163
0.5439 	-4.26377e-163
0.5446 	-2.39046e-163
0.5453 	-1.173e-163
0.546 	-8.28848e-164
0.5467 	-6.30715e-164
0.5474 	-5.13703e-164
0.5481 	-3.96691e-164
0.5488 	-2.79678e-164
0.5495 	-1.62666e-164
0.5502 	-7.32265e-165
0.5509 	-5.26119e-165
0.5516 	-3.87831e-165
0.5523 	-3.17399e-165
0.553 	-2.46968e-165
0.5537 	-1.76536e-165
0.5544 	-1.06105e-165
0.5551 	-4.40508e-166
0.5558 	-3.21331e-166
0.5565 	-2.30107e-166
0.5572 	-1.89198e-166
0.5579 	-1.48288e-166
0.5586 	-1.07379e-166
0.5593 	-6.64698e-167
0.56 	-2.55704e-167
0.5607 	-1.89131e-167
0.5614 	-1.31897e-167
0.5621 	-1.08938e-167
0.5628 	-8.59791e-168
0.5635 	-6.30201e-168
0.5642 	-4.0061e-168
0.5649 	-1.7102e-168
0.5656 	-1.07434e-168
0.5663 	-7.31247e-169
0.567 	-6.066e-169
0.5677 	-4.81953e-169
0.5684 	-3.57307e-169
0.5691 	-2.3266e-169
0.5698 	-1.08013e-169
0.5705 	-5.8974e-170
0.5712 	-4.0132e-170
0.5719 	-3.27006e-170
0.5726 	-2.61469e-170
0.5733 	-1.95932e-170
0.574 	-1.30395e-170
0.5747 	-6.48578e-171
0.5754 	-3.13223e-171
0.5761 	-2.17579e-171
0.5768 	-1.70837e-171
0.5775 	-1.37431e-171
0.5782 	-1.04025e-171
0.5789 	-7.06198e-172
0.5796 	-3.72141e-172
0.5803 	-1.61145e-172
0.581 	-1.14027e-172
0.5817 	-8.65765e-173
0.5824 	-7.00528e-173
0.5831 	-5.35291e-173
0.5838 	-3.70054e-173
0.5845 	-2.04817e-173
0.5852 	-8.03914e-174
0.5859 	-5.78432e-174
0.5866 	-4.25997e-174
0.5873 	-3.46611e-174
0.588 	-2.67225e-174
0.5887 	-1.87838e-174
0.5894 	-1.08452e-174
0.5901 	-3.89284e-175
0.5908 	-2.84376e-175
0.5915 	-2.03694e-175
0.5922 	-1.66616e-175
0.5929 	-1.29538e-175
0.5936 	-9.24603e-176
0.5943 	-5.53825e-176
0.595 	-1.83137e-176
0.5957 	-1.35652e-176
0.5964 	-9.47261e-177
0.5971 	-7.78773e-177
0.5978 	-6.10285e-177
0.5985 	-4.41797e-177
0.5992 	-2.73309e-177
0.5999 	-1.04821e-177
0.6006 	-6.285e-178
0.6013 	-4.28768e-178
0.602 	-3.54218e-178
0.6027 	-2.79667e-178
0.6034 	-2.05117e-178
0.6041 	-1.30567e-178
0.6048 	-5.60162e-179
0.6055 	-2.83112e-179
0.6062 	-1.93172e-179
0.6069 	-1.56901e-179
0.6076 	-1.24758e-179
0.6083 	-9.26156e-180
0.609 	-6.04729e-180
0.6097 	-2.83303e-180
0.6104 	-1.24102e-180
0.6111 	-8.64232e-181
0.6118 	-6.77314e-181
0.6125 	-5.42178e-181
0.6132 	-4.07042e-181
0.6139 	-2.71906e-181
0.6146 	-1.3677e-181
0.6153 	-5.29833e-182
0.616 	-3.75798e-182
0.6167 	-2.85146e-182
0.6174 	-2.29707e-182
0.6181 	-1.74268e-182
0.6188 	-1.18829e-182
0.6195 	-6.33906e-183
0.6202 	-2.2049e-183
0.6209 	-1.59e-183
0.6216 	-1.17151e-183
0.6223 	-9.49438e-184
0.623 	-7.27366e-184
0.6237 	-5.05294e-184
0.6244 	-2.83223e-184
0.6251 	-8.95067e-185
0.6258 	-6.55228e-185
0.6265 	-4.70006e-185
0.6272 	-3.83095e-185
0.6279 	-2.96183e-185
0.6286 	-2.09271e-185
0.6293 	-1.22359e-185
0.63 	-3.5468e-186
0.6307 	-2.63236e-186
0.6314 	-1.8425e-186
0.6321 	-1.50997e-186
0.6328 	-1.17744e-186
0.6335 	-8.4491e-187
0.6342 	-5.12379e-187
0.6349 	-1.79847e-187
0.6356 	-1.03186e-187
0.6363 	-7.06182e-188
0.637 	-5.81729e-188
0.6377 	-4.57277e-188
0.6384 	-3.32825e-188
0.6391 	-2.08373e-188
0.6398 	-8.39202e-189
0.6405 	-3.94974e-189
0.6412 	-2.70415e-189
0.6419 	-2.19188e-189
0.6426 	-1.73602e-189
0.6433 	-1.28016e-189
0.644 	-8.24302e-190
0.6447 	-3.68442e-190
0.6454 	-1.47742e-190
0.6461 	-1.03208e-190
0.6468 	-8.0817e-191
0.6475 	-6.44658e-191
0.6482 	-4.81146e-191
0.6489 	-3.17634e-191
0.6496 	-1.54122e-191
0.6503 	-5.4042e-192
0.651 	-3.84411e-192
0.6517 	-2.91753e-192
0.6524 	-2.34291e-192
0.6531 	-1.76828e-192
0.6538 	-1.19366e-192
0.6545 	-6.19038e-193
0.6552 	-1.93435e-193
0.6559 	-1.39861e-193
0.6566 	-1.03177e-193
0.6573 	-8.33825e-194
0.658 	-6.35879e-194
0.6587 	-4.37933e-194
0.6594 	-2.39987e-194
0.6601 	-6.77923e-195
0.6608 	-4.97496e-195
0.6615 	-3.57624e-195
0.6622 	-2.90751e-195
0.6629 	-2.23878e-195
0.6636 	-1.57006e-195
0.6643 	-9.01327e-196
0.665 	-2.32761e-196
0.6657 	-1.73147e-196
0.6664 	-1.21551e-196
0.6671 	-9.9385e-197
0.6678 	-7.72185e-197
0.6685 	-5.50521e-197
0.6692 	-3.28857e-197
0.6699 	-1.07192e-197
0.6706 	-5.90051e-198
0.6713 	-4.0531e-198
0.672 	-3.33186e-198
0.6727 	-2.61062e-198
0.6734 	-1.88939e-198
0.6741 	-1.16815e-198
0.6748 	-4.46907e-199
0.6755 	-1.97015e-199
0.6762 	-1.35404e-199
0.6769 	-1.09604e-199
0.6776 	-8.65587e-200
0.6783 	-6.35131e-200
0.679 	-4.04675e-200
0.6797 	-1.74219e-200
0.6804 	-6.44931e-201
0.6811 	-4.52106e-201
0.6818 	-3.53946e-201
0.6825 	-2.81602e-201
0.6832 	-2.09259e-201
0.6839 	-1.36916e-201
0.6846 	-6.45722e-202
0.6853 	-2.07096e-202
0.686 	-1.47784e-202
0.6867 	-1.12253e-202
0.6874 	-8.99336e-203
0.6881 	-6.76144e-203
0.6888 	-4.52952e-203
0.6895 	-2.2976e-203
0.6902 	-6.52684e-204
0.6909 	-4.73309e-204
0.6916 	-3.49772e-204
0.6923 	-2.82073e-204
0.693 	-2.14374e-204
0.6937 	-1.46675e-204
0.6944 	-7.89753e-205
0.6951 	-2.02241e-205
0.6958 	-1.504e-205
0.6965 	-1.10066e-205
0.6972 	-9.04447e-206
0.6979 	-7.0823e-206
0.6986 	-5.12014e-206
0.6993 	-3.15797e-206
0.7 	-1.1963e-206
